32 3.0 0.0 1000.0 3 160 240 100

192.05637990661995 248.4785264108612
190.73358266037584 119.80490618160717
132.110706261251 158.23985342407488
26.800311184181968 160.2874308058998
92.08503476831243 75.48936450790411
194.32132045059873 176.79448011193065
29.64336925482397 198.16789154267389
214.34267258852796 234.94184028442012
50.16218091680397 106.45887280675798
189.28484471918438 20.6618384518594
109.54487448464818 151.16961292585643
149.59129732122526 117.40611441380503
200.39899255048536 144.99908483374307
244.03755073500835 79.99217696908819
198.8708962182476 151.36915350251996
51.226084938206654 226.9973014655623
159.93642771448643 24.431441853860065
137.95874593288795 239.85122850068413
77.06895880715473 19.164223099748494
37.17871017851404 218.6577549494019
107.04483835661713 249.40025767901747
232.95796317919329 76.00492099087452
54.73122305142641 150.44245451703426
198.27998022649356 129.64552964918045
103.9035612431487 149.91203720142033
231.71111030291743 46.83356898813937
105.58310889637806 145.3850136947043
246.81509586690743 235.28400196854022
85.6583632529287 21.87611906969203
41.38708415268627 67.23191547343879
206.45653653329816 248.8499213633245
12.349066120390855 241.26860991623158

197.57979985598288 249.15648151108064
194.5574254553987 113.21845154943617
134.99572253122324 150.44618857724475
24.283313804565722 165.61431702619666
92.81558150309374 81.63983314750492
193.21050185838473 177.24669313113165
35.26277835059757 201.6065012107736
210.69522260312112 232.86093961547112
50.73833029274702 111.87935348168388
183.287716225844 19.335281636335022
113.22673513300258 153.6198436132642
146.32180843453676 121.30696447036657
195.62200501419554 151.09302462417003
236.34733584578532 79.96818468822167
193.25257354141414 152.7739173034611
49.45969273775649 226.7741168253059
157.30957322755611 31.80894685641483
132.16160773705454 245.39154438431646
84.12722891774938 19.111973260963644
31.11137181284468 223.69098506262787
105.71023061273449 248.61701415568365
234.90761351122617 78.89577689099048
55.738011251748375 154.21524103808525
196.76050430669585 132.23149219157685
107.48754201530645 155.3029621936285
229.97832781697957 49.893338892781856
102.0482274137704 147.4469874828902
244.7970768878741 234.82180811107244
92.87062165403259 19.181772334644297
45.274086897357265 74.09825090033387
210.16871815216115 241.76699862397837
6.788370013063677 239.79087210762248

216.2
17.2
129.0
34.4
288.2
576.5
108.1
114.7
8.6
576.5
216.2
17.2
720.6
258.1
576.5
960.8
288.2
576.5
34.4
114.7
34.4
216.2
77.4
576.5
206.5
103.2
154.9
137.6
68.8
600.5
36.0
154.9

8.6 17.2 36.0 72.1
17.2 34.4 72.1 144.1
25.8 51.6 108.1 216.2
34.4 68.8 144.1 288.2
51.6 103.2 216.2 432.4
68.8 137.6 288.2 576.5
77.4 154.9 324.3 648.5
86.0 172.1 360.3 720.6
103.2 206.5 432.4 864.7
114.7 229.4 480.4 960.8
129.0 258.1 540.4 1080.9
143.4 286.8 600.5 1201.0

2 5 8 11
5 8 11 14
7 10 13 16
10 13 16 19
14 17 20 23
18 21 24 27
19 22 25 28
20 23 26 29
25 19 31 34
27 30 33 36
30 33 36 39
32 35 38 41

