32 3.0 0.0 1000.0 3 160 240 100

15.513522012645693 22.82336010080868
219.10753918372313 225.92274071581372
210.72596039963122 111.84830764113615
161.442813229217 163.14650629409178
154.64437300964266 91.10683972166592
89.05127637842955 77.016868057663
130.92768340908648 179.99016892405666
241.58628591000527 23.267332552133812
105.44752924981951 145.25480589949535
177.6494859354516 128.13427753810262
203.36635503767317 163.9996615417483
182.8153005543173 110.72837631785653
1.0543599635075007 42.977475283155655
208.10936884698936 206.45981727538356
219.4309219058658 236.39447131705748
43.43872008420871 202.66139266731847
70.2919996303491 22.164164385286096
146.82686039485452 32.45791683121571
188.34490338662297 93.26013176851039
23.04028154969201 63.48299010243785
242.67280650061772 61.6321529161479
53.82669555696029 95.97666841348048
232.3987211166706 129.2597870641104
68.84577141332134 71.8042828149838
168.1506879038904 75.3052287150331
51.087496723063396 26.419838149896403
204.14368040647676 41.59788358522717
185.43051006986497 223.32364680782493
74.68445486575975 185.47381199123296
7.352378516765789 135.23682337255636
137.7153529782503 192.5936491693602
111.18452133618491 86.13517388011874

18.528413570500362 15.665024293422231
220.14086257236195 218.9902046166285
214.81242964650716 109.43954904483483
167.59058638263923 164.60616495628025
150.318215162512 87.48287532459251
91.58511332186848 84.81208274854332
127.71896413787853 182.2994705471363
240.12215385640528 19.050887326900913
105.5836501347292 146.62228785241817
182.64262572712738 122.74062817996715
197.34920136365426 169.10146460932552
189.63957071244403 114.79579249288405
1.4204854717025373 40.1640426009022
207.7557558971708 212.8254558290072
225.723917490224 231.35438960045346
50.848138913314465 202.18752267910864
76.58529300300556 19.924179978134447
151.7929398088192 37.3392803968956
189.87952228775012 85.61952460184688
22.245318372449447 71.55790708773554
244.40990695588494 66.67567343348537
52.442950176973454 93.01562719082682
234.77616984823473 129.82968375237658
61.15854475390684 69.26660704968668
169.01000903640727 75.35284046482288
57.8821529977569 27.512865358293475
204.26161330162552 49.588306236453604
192.186344543219 222.82113079601385
71.64475713749543 190.17022411138421
8.538735756893374 127.21973105125556
134.79418625652912 185.91382614001256
114.17359048848633 92.57350179962509

72.1
68.8
324.3
480.4
720.6
172.1
172.1
36.0
600.5
86.0
600.5
34.4
103.2
288.2
129.0
260.3
864.7
960.8
72.1
51.6
72.1
77.4
648.5
86.0
17.2
51.6
17.2
1080.9
72.1
172.1
432.4
154.9

8.6 17.2 36.0 72.1
17.2 34.4 72.1 144.1
25.8 51.6 108.1 216.2
34.4 68.8 144.1 288.2
51.6 103.2 216.2 432.4
68.8 137.6 288.2 576.5
77.4 154.9 324.3 648.5
86.0 172.1 360.3 720.6
103.2 206.5 432.4 864.7
114.7 229.4 480.4 960.8
129.0 258.1 540.4 1080.9
143.4 286.8 600.5 1201.0

2 5 8 11
5 8 11 14
7 10 13 16
10 13 16 19
14 17 20 23
18 21 24 27
19 22 25 28
20 23 26 29
25 19 31 34
27 30 33 36
30 33 36 39
32 35 38 41

