32 3.0 0.0 1000.0 3 160 240 100

141.00967887881157 242.17864405368366
109.46766854238155 159.2271114531325
121.25946691806224 216.20462019530706
147.37076843479653 68.55199000518736
129.6751099152415 51.134112825192034
129.8155117533503 122.17792890937818
171.7598592743686 224.38776402183646
34.70839102629866 214.19595559792836
119.98625509671729 176.0684666030996
191.7645887806978 132.90989375641806
118.51657832739428 0.016004617031772916
95.1920793564027 44.48441047039384
93.013751814853 82.77811854785661
197.65660065084856 229.53438640432964
239.38844034351493 217.45704791898467
211.89972664910934 234.18181173007778
85.83728196723553 100.9607298513574
33.54572518618335 187.4060641324579
226.33827884117153 173.78373357604218
183.92884473498214 246.98721189422182
11.307565941894332 35.08266413626895
180.45546551602587 196.7927195556995
205.6948708798313 148.053653848623
107.40245428306814 5.066951531235819
122.15914749957213 13.921525719586992
121.67294954621455 18.667133644491408
28.617653920174096 179.7065954672068
240.0578087378585 216.84945491857547
199.28269467910826 77.30031101239351
151.75932648471715 129.53743097058936
203.83808006309047 44.30430939978427
84.48883192125062 116.47789334217757

145.82163647249723 243.18065071898585
109.75252777346347 151.90062821742075
118.66379281455794 210.90792829938124
146.370962884631 68.83571336807661
122.23376824925336 54.00968956128663
125.54654402188572 121.80615350336113
168.5616189958853 219.64614095058295
29.310874475106274 210.90893937911713
120.39942019355237 176.3384097187327
197.1975965840994 136.31915489690104
119.0548304458337 0.8136528442756752
96.7490913620955 52.79831652116896
87.66660004062166 86.60797796579212
195.73360565109803 229.1953196611158
238.14134162336035 223.47171967585749
217.84881028076066 239.1073071901489
90.82116313965314 101.39190853948315
30.419827874574118 182.61310872363714
225.65990774538042 165.52367853949954
189.00833030213485 249.6718457475931
11.653506842635608 33.7482352494218
183.99828845527455 196.90367945471488
207.05971928795714 152.03818190051823
104.30463141366619 1.9271826453479135
125.00067593224534 19.896837613703198
124.52869024533561 11.165886857448626
32.37054631530137 185.76277826191284
237.0376484340132 219.41051609675344
196.5011923767114 77.56802949158708
159.1797193792052 129.16749317093456
206.39070953499507 50.022679998606016
88.21566380613774 114.81279390316065

68.8
206.5
51.6
34.4
324.3
17.2
576.5
143.4
864.7
68.8
286.8
648.5
286.8
68.8
77.4
864.7
216.2
960.8
86.0
480.4
216.2
576.5
86.0
72.1
144.1
216.2
1201
432.4
1080.9
206.5
258.1
432.4

8.6 17.2 36.0 72.1
17.2 34.4 72.1 144.1
25.8 51.6 108.1 216.2
34.4 68.8 144.1 288.2
51.6 103.2 216.2 432.4
68.8 137.6 288.2 576.5
77.4 154.9 324.3 648.5
86.0 172.1 360.3 720.6
103.2 206.5 432.4 864.7
114.7 229.4 480.4 960.8
129.0 258.1 540.4 1080.9
143.4 286.8 600.5 1201.0

2 5 8 11
5 8 11 14
7 10 13 16
10 13 16 19
14 17 20 23
18 21 24 27
19 22 25 28
20 23 26 29
25 19 31 34
27 30 33 36
30 33 36 39
32 35 38 41

