32 3.0 0.0 1000.0 3 160 240 100

110.39042406475511 93.19434407785724
248.81445089691508 185.0681373946133
3.539108025625376 210.2038673567434
227.21830800631815 233.31838097431898
55.60686087372274 183.48578602588313
241.9507917792297 247.43675456135134
195.84779226373598 237.25902800142637
114.15905372306304 108.8189673982165
247.3313266680738 5.05105293243413
230.7982406795865 217.17379656113508
172.02268307856127 39.98489292104371
192.2461070084055 24.23854841694237
235.38819861762778 81.41103062571636
190.5654350618577 41.270067979822635
54.47105897367041 150.62024952257244
47.06547615415449 118.01757105276161
27.451353262769874 136.59422558883125
85.30671634660769 180.00273394288476
90.69442812377454 54.11187431435274
152.48695318840817 189.6230174119305
229.292529815211 223.97629449927567
59.09232796086991 89.61914475980976
168.75099517948047 33.317330568192496
66.83307816660566 28.725455449092856
249.30607763894085 11.137882863037547
80.16587334468159 209.88052228298497
239.66716707140247 174.6216306826657
240.01748550649242 158.88717547030663
215.0114470428135 22.221815602234408
40.08648270323756 46.40214983680213
60.389469403005855 132.02427847897675
87.1760121016291 85.17646336682749

109.35501742988698 95.21643590374804
248.80384942023196 177.9760939000692
10.19926452848524 208.65793051515553
224.0789881828797 226.91396933411414
60.37745160051464 182.4993885372823
236.4016816973517 242.34036101979234
198.549675240791 232.3741912380168
107.4980051573812 110.19358280994085
244.38341160066693 4.046546551279562
225.6450830894876 212.54953732302084
177.93814483595835 45.09031598861665
185.2390665507036 20.24133561768529
231.50240244822683 82.88055985562681
184.06784683477755 39.15442428140098
54.09315259501932 151.36383563690538
45.758020658230926 123.06928219472616
31.83069448384579 143.21564390458758
84.00453360403434 179.71870523519746
87.43772549726164 51.56949805710504
157.8498005563758 188.47079103479365
231.45719429125373 223.38897061681288
60.33685232305938 93.89642563757103
168.3754645755516 41.585680547677775
71.06228851882085 21.717481834884563
242.92954971464465 13.32250071318411
75.34975805726695 212.7068585904062
241.99714956450268 172.77483107481294
246.62387315411397 163.4923672382358
215.17869291619934 20.126549241508947
42.52797969303043 50.362298516717836
59.56188618661387 132.52389390302213
90.7317204204123 83.31787176943298

720.6
68.8
51.6
432.4
432.4
600.5
260.3
144.1
1201
108.1
648.5
600.5
216.2
260.3
137.6
68.8
154.9
51.6
72.1
17.2
114.7
51.6
720.6
144.1
72.1
72.1
576.5
1201
206.5
114.7
144.1
144.1

8.6 17.2 36.0 72.1
17.2 34.4 72.1 144.1
25.8 51.6 108.1 216.2
34.4 68.8 144.1 288.2
51.6 103.2 216.2 432.4
68.8 137.6 288.2 576.5
77.4 154.9 324.3 648.5
86.0 172.1 360.3 720.6
103.2 206.5 432.4 864.7
114.7 229.4 480.4 960.8
129.0 258.1 540.4 1080.9
143.4 286.8 600.5 1201.0

2 5 8 11
5 8 11 14
7 10 13 16
10 13 16 19
14 17 20 23
18 21 24 27
19 22 25 28
20 23 26 29
25 19 31 34
27 30 33 36
30 33 36 39
32 35 38 41

