32 3.0 0.0 1000.0 3 160 240 100

201.29773876495068 141.9249802357648
215.50850283711523 41.215672409116635
40.24391661006044 116.9831123248552
222.4104103164276 98.63777763573222
135.34457397614437 188.44721927013262
42.44517359441063 234.98615658858137
100.88270970212113 89.9407623353295
39.25557026484264 42.099115220417204
236.17171288095298 50.33689835140817
243.81768204961807 50.595769122828486
126.73922788917984 242.68694912775265
64.87128041383336 103.17525730609518
158.5005653701 145.2638741499906
188.26810507492274 169.28685204433754
89.20134216964554 38.44254334999012
16.97494162208482 124.01690231729171
145.0780010343095 11.554992729839618
208.8329519539475 108.38115268373016
172.1088940706823 80.45652770788581
97.80048192952023 43.519973246219315
184.82901754146812 204.90550040376385
196.56888645455408 210.8381969113432
221.7186815772771 64.38344669927467
25.69392486892791 192.86388605526724
211.55541226577776 23.571411949544206
80.12359337062425 25.94857542285961
242.49379747535522 165.1676237113678
60.29625262992677 223.7908954602129
80.47217737464943 190.52841430610445
25.86636281397109 108.06104187511781
111.43800319032337 45.78004092057236
247.83086578563064 88.38167485588205

195.04216670073558 145.05169420017603
219.9259627114161 41.50840727620961
37.487405809392996 121.88026025814614
221.95744816371615 104.38820338410135
127.33156701709255 186.67775809475808
48.60578788084047 232.4105012794112
105.83433212402923 92.90906239130287
31.831354630444313 44.26591092786966
235.45598759699985 42.1407801364263
248.11384337740597 50.06310146386786
129.83653727903004 248.53726691698458
65.41352659755795 105.12243719106229
166.3706978991857 145.06449584116288
189.68316150543535 172.05136077717734
87.17630178284183 35.82592243325089
12.08999393445101 121.26967660008722
142.36066284576953 10.347586368618405
208.23676159470878 112.10511687149256
164.99280865819193 79.31292076606006
92.2717974169256 42.67090569642051
186.4005103858133 212.8722024673821
192.8070946728702 208.6243294238097
221.11081449542112 65.75712044368584
31.62698104162187 195.0470770663313
218.0953696555386 25.14223376888758
83.81431399517594 19.640064595350864
245.42497212592275 170.95330459487516
57.17947978318102 230.09615237570026
73.41188635503958 194.78692576673595
24.720345260423134 103.36408446681652
106.95920179767676 46.71059493884394
248.48613776611322 82.44086913936613

77.4
34.4
129.0
286.8
216.2
68.8
68.8
1201
17.2
8.6
17.2
864.7
25.8
172.1
72.1
172.1
103.2
103.2
68.8
36.0
480.4
288.2
154.9
432.4
108.1
172.1
77.4
286.8
258.1
172.1
17.2
324.3

8.6 17.2 36.0 72.1
17.2 34.4 72.1 144.1
25.8 51.6 108.1 216.2
34.4 68.8 144.1 288.2
51.6 103.2 216.2 432.4
68.8 137.6 288.2 576.5
77.4 154.9 324.3 648.5
86.0 172.1 360.3 720.6
103.2 206.5 432.4 864.7
114.7 229.4 480.4 960.8
129.0 258.1 540.4 1080.9
143.4 286.8 600.5 1201.0

2 5 8 11
5 8 11 14
7 10 13 16
10 13 16 19
14 17 20 23
18 21 24 27
19 22 25 28
20 23 26 29
25 19 31 34
27 30 33 36
30 33 36 39
32 35 38 41

