32 3.0 0.0 1000.0 3 160 240 100

49.261942842931646 80.71293515635547
231.4272800221542 173.23765265888028
149.09730919601975 9.695728582116592
167.5298354372667 62.961914989595606
28.671348160111936 177.85070305497925
222.14078910322084 119.55127530855036
51.375881512189245 121.80087341465581
216.70599695321457 220.54642989727242
37.02783072606758 102.21545121909273
164.70735879131058 245.68619375304993
57.194969090424706 47.61416880554106
160.485318357882 226.0872415313129
80.19996675153102 183.2390350809698
176.54295147536706 163.04342417873715
97.6014392247911 29.334298230842798
189.58411084917392 59.74104504144007
70.72946955232995 84.88308898000133
66.8532890023546 235.04498174800278
19.77961581520246 196.02019789552452
189.35557091882862 65.34038487562502
93.6725567665009 32.34145855489767
125.1501967024486 216.91387740876348
179.26270520428537 50.95586650216843
56.04659605161713 109.38951477594944
120.79257558039278 0.8375341460446772
23.14860215325032 75.5816082886382
155.69201481440288 41.654163952695775
155.59001771425068 213.86412160846828
194.56071014746044 198.63442287836497
61.558763013591864 96.39517942020417
20.96175177441631 30.83751734974363
27.483234463987984 117.16476817716645

53.15816012184216 85.18352509674035
236.66773027984928 170.91519573601232
156.49993853533184 7.722758855728817
159.75605368253426 64.46170841379781
29.883203198655924 181.6462822488838
219.14143960914745 126.92855402732825
50.126242209646485 121.65122501026582
223.4073219541861 218.44186286833806
43.6037722490073 97.71904505911228
168.16928926750472 244.8099331639423
56.888832891431846 51.002104017011106
155.95430357368974 230.08154056953242
83.09011743496397 189.66700383880027
168.23061871351837 161.4922055612881
98.6961123265728 31.173954936876775
194.44001966026977 59.385806311465785
69.92627294297418 84.96424242812631
66.45322456509129 232.23021396006644
24.080147641012434 202.9960977795279
188.56737959717486 71.73933353282666
97.01110185772707 31.554297469424146
128.8158728332839 218.11783786208593
182.24515611297025 51.72417093562903
56.62901977638693 106.10430210717026
118.35832935965924 6.097402982563727
27.62109846942426 75.53339731684147
155.1083631066009 44.52358312101406
161.41237513602377 208.58295363245713
200.92602626392656 193.85884411467316
65.6315873808482 93.47299892606392
20.77942271868938 29.55643041324518
26.559946549654267 121.9468692332604

68.8
720.6
648.5
143.4
648.5
34.4
8.6
600.5
600.5
68.8
8.6
540.4
103.2
600.5
216.2
103.2
143.4
154.9
36.0
68.8
576.5
129.0
1080.9
288.2
258.1
480.4
1201
288.2
86.0
51.6
144.1
103.2

8.6 17.2 36.0 72.1
17.2 34.4 72.1 144.1
25.8 51.6 108.1 216.2
34.4 68.8 144.1 288.2
51.6 103.2 216.2 432.4
68.8 137.6 288.2 576.5
77.4 154.9 324.3 648.5
86.0 172.1 360.3 720.6
103.2 206.5 432.4 864.7
114.7 229.4 480.4 960.8
129.0 258.1 540.4 1080.9
143.4 286.8 600.5 1201.0

2 5 8 11
5 8 11 14
7 10 13 16
10 13 16 19
14 17 20 23
18 21 24 27
19 22 25 28
20 23 26 29
25 19 31 34
27 30 33 36
30 33 36 39
32 35 38 41

