32 3.0 0.0 1000.0 3 160 240 100

108.5075139289065 115.40285334722716
231.64750000453228 21.102150182397526
131.11548461291204 40.96827320800439
45.91305967659784 221.9340496939738
237.76723641821158 88.04276686576726
0.2845785823000213 71.12300389873819
220.31174434912631 210.89403226121976
134.22429250468 32.04620959909935
198.7225143447902 65.78330696423626
231.83071058087467 165.4169317732186
113.04414589817999 185.79970777341907
107.8737025205411 29.644267743208523
109.22723412893828 7.448849328378665
87.70862299466577 223.0340901302859
226.6772234334826 229.98811070988776
71.92676580997437 100.93094712880219
154.41832938299808 246.10061777888995
160.13836414569616 188.18409110467326
70.06549851306774 216.0513291239882
215.29182133906986 190.43004342488342
120.09553329436734 107.50633797530467
248.35851912817134 40.90126287606749
126.96401008775837 39.92854722977057
55.08646561038216 196.4973538634173
96.13636391898962 150.99757091077603
23.493643466014706 185.0441396712127
244.65097219271797 237.42831792755402
192.45585915414404 18.166639758794123
171.4743238383402 20.660752415877866
248.96477077310152 136.2564518463312
164.86898743047053 54.12303907840871
139.61396154918705 237.4319356933958

108.02584380530625 114.50718979852118
231.83800833926728 20.88462993245316
133.23664517633858 40.756607914802565
51.76003027745216 217.4320817249333
237.2884271383354 96.08122472827083
6.210263058220367 75.50300739806934
226.81525262614713 215.07758275218742
138.84961879928932 26.913640232734153
204.67491636811639 68.7993735621808
238.39584248100863 166.46595977019942
111.72587190384104 187.58899446836026
114.49963114064751 34.419362574800964
110.13381661436536 1.41569950071474
95.58051986543883 220.47146425994555
228.0806589674672 224.1529549931496
64.55850685598053 96.90045352339646
148.2785183550852 243.43788975702387
156.44560616244388 195.58328071340608
70.16724988376477 218.25528290039955
215.3324942834498 192.8815688712078
122.69860388405712 109.7737796535104
246.89501327029728 47.08530898435714
130.08065255198312 43.08317240796722
59.647692048573035 192.08746982217946
90.42641021941408 151.5881631767784
26.707030828883067 184.6869189295905
243.03556125434312 236.15705952393705
195.99016755632033 17.640314964437437
175.46026154949854 20.054992288906227
247.77158914924465 143.5398273709188
159.54376717605786 52.05624692825167
143.53593343112485 238.4789572242549

540.4
324.3
324.3
960.8
51.6
137.6
540.4
216.2
288.2
720.6
324.3
17.2
720.6
216.2
229.4
103.2
720.6
72.1
8.6
72.1
216.2
129.0
324.3
68.8
576.5
154.9
172.1
154.9
68.8
432.4
34.4
172.1

8.6 17.2 36.0 72.1
17.2 34.4 72.1 144.1
25.8 51.6 108.1 216.2
34.4 68.8 144.1 288.2
51.6 103.2 216.2 432.4
68.8 137.6 288.2 576.5
77.4 154.9 324.3 648.5
86.0 172.1 360.3 720.6
103.2 206.5 432.4 864.7
114.7 229.4 480.4 960.8
129.0 258.1 540.4 1080.9
143.4 286.8 600.5 1201.0

2 5 8 11
5 8 11 14
7 10 13 16
10 13 16 19
14 17 20 23
18 21 24 27
19 22 25 28
20 23 26 29
25 19 31 34
27 30 33 36
30 33 36 39
32 35 38 41

