32 3.0 0.0 1000.0 3 160 240 100

128.7396005802634 147.62393817883478
45.39032639758944 127.68797224176448
18.821861405880853 158.20785563802883
228.0648840483085 197.47185463561163
49.59745796724802 32.38247183869586
91.65426317941666 75.13280961853563
171.83839163864727 142.80342462677254
242.9456853048338 3.181600117263983
23.003054179982275 111.44147777739342
33.24759591026416 34.48497320871385
8.149049641313633 169.02366649430482
107.06329328977118 104.75671125194644
159.76248373140447 126.8554939691579
226.34826095903117 161.37498687231928
88.06782223012297 222.98480156892754
195.62210162448199 57.90320935482615
222.29639787758086 42.31672232867834
131.61917217494155 208.10328869061507
19.35282047224099 185.13989410596648
116.58052196389384 145.11074816539886
232.28493902293815 43.089611922433214
226.24622519453615 133.4340263007932
144.32250847221383 173.09280542178283
101.27487789542289 76.12253304443716
234.6686345379086 197.1389091542708
25.71139355168897 207.81819940437936
153.43196622475773 187.10391151454309
104.39689429491278 94.80866109262429
70.78428790101971 201.0908197125083
146.17055752872827 249.46754596150507
94.47457898007092 112.36732965920115
123.254108779713 124.98464383563993

129.94022862436856 141.16630765107323
42.661378457827084 131.49893602256589
16.818365515344908 153.09698084528674
229.85995920037323 196.91966334373583
46.834841886936125 37.618594284340475
99.7578604713114 77.61658174317196
175.8309565559345 143.54783120995873
245.44318507453585 5.831794186663963
21.73488905860327 119.66574499136374
30.290695462047907 39.375889664937716
7.898485727887095 169.41101357474355
110.33657904332603 108.09873860915853
153.52870063375013 132.14859271641785
230.91648209827002 168.18219851746798
94.87501608082275 227.0145753443895
196.17486174981735 55.123558613379195
227.03276615649352 47.88797966599381
132.6900409447121 214.0675573086255
15.03069197579493 186.41049392901425
114.25860290874517 148.38715078898247
229.9814894302865 50.4782864683522
224.96179588059158 126.43567554018561
146.3093225282909 172.077572477623
100.82554343841748 81.24449174621489
239.81046610009113 199.4131438565211
33.41403386692895 206.68465963123657
153.74715078033432 187.10714127557196
106.40159179851949 87.8357133342085
72.07686751159939 203.1270510190815
146.97902241213788 242.03466433514112
98.04181855674096 116.7484932884191
127.68347689350493 126.11255225383492

137.6
154.9
144.1
960.8
36.0
172.1
25.8
324.3
1080.9
1201
68.8
172.1
229.4
72.1
864.7
72.1
648.5
324.3
600.5
51.6
258.1
72.1
260.3
154.9
172.1
288.2
144.1
324.3
25.8
216.2
216.2
480.4

8.6 17.2 36.0 72.1
17.2 34.4 72.1 144.1
25.8 51.6 108.1 216.2
34.4 68.8 144.1 288.2
51.6 103.2 216.2 432.4
68.8 137.6 288.2 576.5
77.4 154.9 324.3 648.5
86.0 172.1 360.3 720.6
103.2 206.5 432.4 864.7
114.7 229.4 480.4 960.8
129.0 258.1 540.4 1080.9
143.4 286.8 600.5 1201.0

2 5 8 11
5 8 11 14
7 10 13 16
10 13 16 19
14 17 20 23
18 21 24 27
19 22 25 28
20 23 26 29
25 19 31 34
27 30 33 36
30 33 36 39
32 35 38 41

