32 3.0 0.0 1000.0 3 160 240 100

42.6920906423198 115.78562995487759
137.9746336358625 79.7139829196127
129.7616233318026 183.6260097105003
236.41244287400266 211.3915982482166
93.65450850085143 197.66993792670425
71.22436142037908 76.00722740685417
129.7184077057714 218.55680369380232
99.86522307123232 7.436756129607092
139.2726725773004 155.68441534040517
87.71070802530804 127.71778654940549
115.84989476252173 85.60944926820142
221.81270929878733 135.19372683729233
40.23351207710754 121.82065039282469
23.944269340834907 149.10445988238374
48.98921627369443 185.7811991904885
5.554702767863712 200.09728452479118
175.91482110671222 195.92829408731183
35.35086782934674 195.70404360305275
63.577098139519755 127.73611265231452
115.69978519711499 162.1010662415691
157.15618755519571 69.66591869741859
238.44112090549876 42.23707255323361
178.46399775650937 50.48052833211403
239.88995457140098 203.53769156883308
1.3918742562051278 131.97089852907635
169.9008029355792 174.90506247469057
211.73575790795957 13.70476321165176
28.366256270500266 229.17321221129598
196.28013830464064 11.879670640437629
12.534526410286517 84.8047936126661
176.0006798117656 135.76634215212334
130.1957093363417 39.75172142747846

35.09326360347475 115.02629713047361
134.05295993745875 80.8911227893194
129.8816713488645 191.7647538961567
238.96424399292425 208.52604840972322
97.33359786736357 194.13885342509738
78.74536673581522 76.24985869398861
124.63599140136844 218.74490044261648
104.57949041031745 9.130759810406952
140.1862654343183 163.31232781688533
85.10158986189778 127.43940208126337
121.85290342742606 89.76770478828169
223.2562559223374 142.96908430636594
43.77022058617511 116.06114453150826
19.682964257160428 152.13410035487635
49.906030009724155 184.95717253891772
1.931974884575971 207.30997046728984
180.80858029318443 200.12460997718367
37.71528695193932 196.8443884379514
58.937385790731796 126.94194002886685
109.62764479296675 165.53585406864858
154.47585389872282 68.41569916444745
240.6551451419541 38.62090914333729
174.18401021088354 47.94831141092348
237.09380106857515 196.9023802769628
7.179626166498671 130.59767188254568
164.770398196385 179.62623791729897
213.17167425322177 19.81769346197071
22.947884462110267 225.58141789313277
192.93575795279187 10.157922067926956
5.272464505823693 86.90865481917778
176.19618149484435 134.58618478216337
134.15440527683424 39.889497299259894

36.0
172.1
34.4
648.5
51.6
25.8
86.0
324.3
216.2
324.3
172.1
51.6
68.8
216.2
1080.9
216.2
25.8
324.3
1201
229.4
36.0
540.4
143.4
154.9
600.5
432.4
103.2
86.0
17.2
229.4
17.2
144.1

8.6 17.2 36.0 72.1
17.2 34.4 72.1 144.1
25.8 51.6 108.1 216.2
34.4 68.8 144.1 288.2
51.6 103.2 216.2 432.4
68.8 137.6 288.2 576.5
77.4 154.9 324.3 648.5
86.0 172.1 360.3 720.6
103.2 206.5 432.4 864.7
114.7 229.4 480.4 960.8
129.0 258.1 540.4 1080.9
143.4 286.8 600.5 1201.0

2 5 8 11
5 8 11 14
7 10 13 16
10 13 16 19
14 17 20 23
18 21 24 27
19 22 25 28
20 23 26 29
25 19 31 34
27 30 33 36
30 33 36 39
32 35 38 41

