32 3.0 0.0 1000.0 3 160 240 100

156.75086058979198 44.33818057665981
220.69664845200418 154.12679739834897
65.8940187982669 218.18589574246488
183.49832272013967 40.82340825318673
85.63166137596437 13.057250347227711
240.5921818430016 159.12931438251823
213.15441407948708 169.41095538252435
31.406149373352093 203.23567438398175
108.03112938742792 95.59269638506373
189.5746443840108 97.16632884852808
46.56060708032972 95.34055874710862
13.86227067064727 88.3058538465099
209.8648560325212 157.42314116785792
94.08852150437869 25.063735871114517
192.64244871171758 249.2991190113238
118.77008457818167 77.8208966881124
227.6287938820799 245.7693485443508
202.72893884092326 54.64736831384201
155.97280823106775 186.90196668083354
205.3731076912192 145.4481741296424
89.12686729812799 195.4527326792546
204.53433717311995 41.42672941125508
4.27421450189247 224.54164073005134
197.9442914785837 249.3018613105988
52.942038961028615 125.8922726266464
207.66129041294474 47.68529968798238
187.18287617361622 173.91330306971307
4.50604395769838 5.5593912379669765
202.7793269479203 111.79511176445803
217.63334505389437 120.41536262140879
66.23255942396244 30.76728945256538
52.71164541474124 150.151903476816

152.63981160430612 41.68149981249447
222.06133665552792 162.24902716905515
63.626258510025984 216.1196548285317
179.45409169737383 35.22215547972205
84.97067728325453 20.275528008316474
248.70974219287723 161.59718697923853
212.83223021536045 165.16358990139582
27.93050561070315 198.31169840923027
107.25778410711762 96.29205860037752
192.69409883865177 94.59566975863173
50.50808882935229 101.32160333711774
11.44608922149401 90.16163396820647
216.03676549652815 157.88488363144623
96.4683673642173 22.77471772505027
195.1560706925374 243.16330178245724
121.52172418818455 70.60307437464725
220.64581430746887 242.09594065765933
199.0421824142233 55.22016554258757
157.22306436446777 188.3285878178186
204.88234075704813 141.76419498163804
94.4803126173776 198.8674139504264
206.50820607045725 34.49110770003919
1.6027728504298122 231.44824877433703
202.3331780747626 242.09249422716186
49.99597094727171 119.60293896412172
210.91616038807226 46.298337177983704
186.13904160884044 180.10780030708952
4.545888134272119 8.773574974121123
200.594857190722 119.88832820248408
214.40781046950318 119.24937131181224
65.301046066813 32.84132695949102
50.42619031358808 156.81142191410405

143.4
288.2
144.1
432.4
34.4
144.1
600.5
137.6
137.6
216.2
576.5
258.1
72.1
432.4
34.4
432.4
154.9
216.2
172.1
324.3
600.5
260.3
108.1
36.0
103.2
129.0
1201
143.4
68.8
480.4
432.4
25.8

8.6 17.2 36.0 72.1
17.2 34.4 72.1 144.1
25.8 51.6 108.1 216.2
34.4 68.8 144.1 288.2
51.6 103.2 216.2 432.4
68.8 137.6 288.2 576.5
77.4 154.9 324.3 648.5
86.0 172.1 360.3 720.6
103.2 206.5 432.4 864.7
114.7 229.4 480.4 960.8
129.0 258.1 540.4 1080.9
143.4 286.8 600.5 1201.0

2 5 8 11
5 8 11 14
7 10 13 16
10 13 16 19
14 17 20 23
18 21 24 27
19 22 25 28
20 23 26 29
25 19 31 34
27 30 33 36
30 33 36 39
32 35 38 41

