32 3.0 0.0 1000.0 3 160 240 100

190.92111663062076 101.42904863476635
57.28443775628838 117.6224567085995
233.64574866768262 187.80326123013143
64.34628164235451 0.3905865276991327
243.20058481533147 236.66302634625418
70.20061770350644 215.27618710559057
229.89560293697423 14.850247234838964
111.10173004406259 145.04940323879845
104.64730189734226 168.04631805237793
114.4050312229562 53.890445472973006
69.39160641207728 193.30535649648635
127.78105557158115 130.10558977229988
218.0689886504531 211.71217582468478
167.53044847074096 163.17278790118039
52.02427334990309 125.83286266837816
243.97019021350272 112.9665334344778
149.49385080417161 153.1283359398395
84.83604435990844 189.2175343980843
185.2170075399338 236.1972805961415
236.07678100968283 114.84631646283103
80.51399473440912 1.0207852334188916
13.363002354762898 88.33021006910118
120.51818333848863 68.06094717716377
152.88598014774834 163.53625182914132
158.07495089237193 125.99232236309774
32.44466569660434 100.82340655246011
94.18590357476272 78.13778681915204
149.30394493577234 137.68755773486583
24.502195405282727 68.38970947663026
235.37439731855372 194.0804771996294
104.90580555565232 134.7615217633855
128.43173306389917 31.16144875066315

187.3089567973015 100.7601976500894
56.07038364345321 123.57801115746057
241.14582795681724 188.60372130952885
57.814609335370996 3.4656394121659604
240.12658641147547 229.08756526500363
75.18717752121121 211.6133211452129
223.50945205647588 18.876087975541715
104.77733232730301 146.37885935964522
109.52936349365989 171.7847159273038
121.26814813265835 51.777407672127545
66.36191962106247 199.02452942591896
123.91923923404724 134.41223694959527
216.37336916371748 217.2021901596094
169.23628051392348 157.785329703992
48.81264188363429 119.87015571859472
245.9665704714812 120.30563695445856
143.55832160913135 150.02520202571057
84.53102449451593 188.42557059091342
180.97609605454187 243.37464364266611
235.8339629453418 120.42955485413107
82.85718159883967 1.1081420898580163
15.064950289099432 89.76076377180364
119.41796068307723 59.98606489608288
155.58884741154597 160.7626484173075
156.13101153066378 125.57965303483704
32.030913446326274 92.73772895605417
86.2978806004899 77.39473997660978
148.60276859950824 140.01159479981288
23.083281927011118 69.08335423677312
238.19649450785997 188.8658892873867
103.61004033270513 128.46126443867345
122.32074809171762 37.04612320892289

540.4
36.0
600.5
216.2
108.1
216.2
1080.9
17.2
229.4
648.5
72.1
1201
77.4
216.2
432.4
68.8
216.2
72.1
576.5
114.7
114.7
68.8
1080.9
432.4
143.4
17.2
103.2
432.4
17.2
144.1
51.6
72.1

8.6 17.2 36.0 72.1
17.2 34.4 72.1 144.1
25.8 51.6 108.1 216.2
34.4 68.8 144.1 288.2
51.6 103.2 216.2 432.4
68.8 137.6 288.2 576.5
77.4 154.9 324.3 648.5
86.0 172.1 360.3 720.6
103.2 206.5 432.4 864.7
114.7 229.4 480.4 960.8
129.0 258.1 540.4 1080.9
143.4 286.8 600.5 1201.0

2 5 8 11
5 8 11 14
7 10 13 16
10 13 16 19
14 17 20 23
18 21 24 27
19 22 25 28
20 23 26 29
25 19 31 34
27 30 33 36
30 33 36 39
32 35 38 41

