32 3.0 0.0 1000.0 3 160 240 100

70.99302647868541 225.83411929902127
58.27754047006395 162.23667758932186
202.67950525677236 243.91899252248973
113.257221429486 230.5534650887235
60.076346553407156 155.255166309307
7.648024874055414 163.08018728760027
163.12590941959354 80.64411678382466
230.91110522783626 49.94033620322089
78.98299644097528 64.08052071071477
195.6310276846575 167.2531543756083
19.147394715971988 27.058897087242904
134.3369046235885 221.5216564339366
185.29860794507482 9.955315611796994
75.39616685951778 240.14202739965248
161.22356400467459 181.72208409803903
230.90862209620104 227.0077492221557
214.87882166220717 182.9038205252682
5.714571517516337 195.00860402562742
143.99310566566675 12.797928716931112
9.583424424939507 83.35507946330475
70.01390831043267 107.52749123596922
56.66375760918849 197.03082300059015
50.88855948474899 110.3852331834407
5.769595377786263 193.92416254536994
236.58859029127763 56.90518952409321
42.451461199315865 29.257234518404008
111.32885068882561 166.979901566458
123.57697188991995 208.2032673438429
211.8134138057056 167.5686692084537
187.83797336544112 6.068830677623121
211.600359959214 66.85918740688767
101.76436334135444 195.620150680333

71.18903749103275 232.30890606491522
58.4009982307736 156.61743082469502
208.88706124925068 246.45912997624572
109.83403129966734 224.82361281573034
56.3977024870386 161.21039368962735
4.871548317318341 170.76494055332492
168.91908470448777 76.78775466497012
229.53083429767304 45.51428739107555
80.67830692231628 62.99097216366617
187.73551350447383 170.3019425934521
20.014408867240235 19.19354546699095
126.38883699972833 221.1897962408791
190.4026418908624 6.642820317603048
82.90872677082362 242.42575835277188
154.03003163410693 179.1129274774922
228.13221234628216 230.89890313212226
222.23946097728015 179.01880304840284
6.198253787019659 190.12007271106586
147.9273565687997 8.530042350343187
10.960314025877382 75.61025999169551
64.30582277684069 104.98004171069087
53.10357524360293 193.62611211307748
56.49702947327981 115.78782059752047
0.8557052493371742 191.70024356510228
232.6467538647679 55.5879377053122
49.42055232167866 32.01883455383792
112.41299436903861 168.80493373136872
121.85058152191507 213.15324709088137
211.0626045594336 172.1460860854981
195.92868022011254 5.949197811531776
211.7439070753714 65.80154340405095
105.20984673242737 199.97352667125224

77.4
103.2
260.3
143.4
144.1
172.1
36.0
77.4
720.6
432.4
129.0
25.8
103.2
108.1
17.2
432.4
229.4
172.1
72.1
324.3
144.1
288.2
72.1
324.3
68.8
34.4
216.2
17.2
108.1
720.6
154.9
144.1

8.6 17.2 36.0 72.1
17.2 34.4 72.1 144.1
25.8 51.6 108.1 216.2
34.4 68.8 144.1 288.2
51.6 103.2 216.2 432.4
68.8 137.6 288.2 576.5
77.4 154.9 324.3 648.5
86.0 172.1 360.3 720.6
103.2 206.5 432.4 864.7
114.7 229.4 480.4 960.8
129.0 258.1 540.4 1080.9
143.4 286.8 600.5 1201.0

2 5 8 11
5 8 11 14
7 10 13 16
10 13 16 19
14 17 20 23
18 21 24 27
19 22 25 28
20 23 26 29
25 19 31 34
27 30 33 36
30 33 36 39
32 35 38 41

