32 3.0 0.0 1000.0 3 160 240 100

229.65376763650383 236.65050430007832
230.3604264740234 176.1305946814329
11.59447344464687 153.69852169479717
22.203571242169122 188.16935881980942
2.7313616842096486 238.04910706635619
174.23057121981532 124.76396273583926
229.51808472020596 60.889829642811335
244.27617300106857 136.50677690139966
44.77635481189618 91.43992440484627
31.799668411703063 241.27279755834223
86.10305939804533 227.2257279542642
181.09044519849624 214.70463870874835
5.2350283113013205 87.73850765120389
27.08828301914662 183.34437391001504
35.11023539807939 217.60676557244287
37.21618582181579 164.10086597374126
87.02797906819961 197.35068162167974
99.76077303007247 61.50706259873617
77.32432799615238 65.30644680353804
244.58592559365457 190.63343499607333
144.7084712058025 145.1357563255771
60.814553529009665 0.8390522087662611
46.90827559300928 108.76646692467237
45.72657431722843 82.12153165073025
129.47717122085712 238.08589881190477
139.97382910057092 36.07768549275972
52.368298241250834 33.01338875773999
3.6497441039453626 193.35212988621365
30.521017660130155 179.2224808931531
75.95487937368442 122.18833857810415
27.34038731918523 215.66134664767608
224.03483132774835 108.92940804317702

226.67235571133426 239.2568747581864
222.42568585410433 173.48993194893697
10.521920613079189 149.55108459618003
22.890345959689057 187.36634912458703
1.7561517169757679 245.34287621594981
172.82316756695235 117.78841113225299
225.78088477343323 59.91071965774089
248.688269640785 133.4096362672465
46.88028991780296 89.13582805554735
35.883237320116 245.94920856195185
82.27802221717545 227.50883845975133
176.60548508524636 214.06779589889018
8.7723251518321 81.80213092317992
26.022377655839477 184.33647412633138
39.87049165750872 221.507271359273
39.62177038391554 163.85284672323897
85.49538926784054 192.04598188328356
93.13776117744627 61.36027901499316
72.21615085612609 71.41271050299459
244.5885681856161 194.56613134152758
142.45968261089828 143.92490441030074
64.18448859778394 5.801879671577137
49.01673863048075 108.71788447380348
52.72425996486074 81.76253170836951
124.2891933728207 238.3865447076734
135.72984615259028 40.034908639213356
54.75222364330004 25.349638569950372
9.34198046121204 193.19914186641
31.190765518487567 171.5601182555008
79.23892220818743 115.54414691657247
27.287039353523696 214.86302851417054
222.55056986357172 109.07951978884941

648.5
720.6
480.4
34.4
480.4
600.5
17.2
1080.9
72.1
34.4
206.5
72.1
17.2
229.4
144.1
206.5
540.4
216.2
286.8
960.8
288.2
216.2
154.9
288.2
540.4
114.7
72.1
103.2
51.6
51.6
137.6
432.4

8.6 17.2 36.0 72.1
17.2 34.4 72.1 144.1
25.8 51.6 108.1 216.2
34.4 68.8 144.1 288.2
51.6 103.2 216.2 432.4
68.8 137.6 288.2 576.5
77.4 154.9 324.3 648.5
86.0 172.1 360.3 720.6
103.2 206.5 432.4 864.7
114.7 229.4 480.4 960.8
129.0 258.1 540.4 1080.9
143.4 286.8 600.5 1201.0

2 5 8 11
5 8 11 14
7 10 13 16
10 13 16 19
14 17 20 23
18 21 24 27
19 22 25 28
20 23 26 29
25 19 31 34
27 30 33 36
30 33 36 39
32 35 38 41

