128 3.0 0.0 1000.0 491.4910968030517 3 160 240 100

203.85648581772844 92.75451526806289
222.95594858176793 33.953865066749245
160.97935165900088 157.69816689322852
199.53137429754457 139.24792565202094
125.0192572521837 46.19975578823532
168.1030918739483 113.55865820356473
30.048504322013557 186.77156585579442
111.78844878504943 47.848292215942585
207.79060921663262 138.43326382605983
115.19220213342545 47.16102226335922
147.15140910273905 90.30424109783792
134.86939059310038 46.97389099530855
240.21978873601597 4.554644739867969
95.7066825838411 131.81807607355663
224.4550797218176 167.66920129861393
142.97166253528647 159.0546413964077
22.150431528488586 149.34481348765803
77.13237325171224 55.195036791897245
45.5354705665921 103.6606172557214
171.84272703750202 175.7317910094796
190.29032148157984 167.09868872918827
37.757707771485514 36.327903587106526
101.38953500606046 139.95935879819498
159.5831500475184 197.65847621881778
243.542250041793 164.9888612930088
135.66972035614802 70.23294955911375
175.1779970259469 129.49181543188504
126.07955466632839 234.5662467873492
249.79489997582135 170.79905090895224
117.73841473271173 73.43220109496166
162.24391537808862 54.64730510487015
109.91251464466448 189.083725178077
170.33305844869219 54.33501664144752
2.7708586302934712 175.11238564426012
67.55434371289162 188.63407668650072
91.42817909764712 195.1494577938529
197.5886330906878 43.7882805676923
149.3284690184937 31.605113645070904
58.438434814372776 3.045173917005317
22.5626110729438 60.327969110055584
110.68343109605149 38.537396212716985
210.9710020843587 32.476831732070806
188.93121738569513 80.41869438595572
71.98494302579999 238.1428518396325
40.65268714712369 205.32093510421257
31.07408362978922 100.56753396326515
208.69476003639556 133.2511779187928
110.11646175111109 14.881654190779525
105.35208717508415 43.133615716587194
6.453610549332578 77.71387727378215
190.23784131260382 203.88993178146282
32.898296198430984 99.78437748270241
22.199714810789168 148.66680769466478
82.55594222532997 133.6291165436958
94.36226870042883 176.50790938235806
44.52422648671944 171.41019736999147
5.05161108222571 212.23757717053923
62.55985946872164 239.61320698981
75.09935973552983 200.04352195112224
76.6743450427111 240.83422046665783
222.3306280418621 68.08248904950543
110.51865254854442 102.5640684762634
55.50907093054694 73.78588252534954
177.24391315820952 191.81516826496537
107.59212134224 55.06923678636372
224.58559893067638 172.65440072147473
181.26553730035243 43.7304983388288
58.84113352296219 246.15492968762655
80.12685184982111 217.0478168798916
9.22444377248835 123.12820549907241
29.463957367474897 32.02819022338102
84.21310365506251 44.00891877030319
30.601781852538785 164.83269854273368
162.04390495632393 49.99950612698442
45.93010122660549 21.145616795873234
89.48971738359435 123.77415824702392
111.14547810842903 85.29748369014314
135.14410064359063 8.969053121691356
171.68214537433497 91.10057622069418
79.10112137367187 112.28764172042263
69.35697789387116 164.19084826555036
148.28965307642474 61.54448032498319
79.18325653191344 84.885437663157
38.36920638751781 215.59204856229573
174.78988478260854 57.873499882999255
240.52941781130232 144.021405366128
47.67670997871612 46.35892263019939
131.5959761681337 168.99890472499405
94.11059459660734 84.93908411423071
231.76488788927497 3.4859719022670155
67.22286665345162 100.61350231871174
98.9285238051435 207.11885196380632
35.974191902821666 151.38699284649226
15.72199104935526 226.92074826410632
45.87644098223934 222.7249390878413
48.97304311253647 126.31251448642789
44.350157854886966 85.21270671733855
104.87625922829602 161.36704741362436
155.72775964243507 113.07966463955397
213.86538812873212 208.59876168752004
216.25524659775056 64.541926621563
189.53220680742848 182.90034725986018
89.11614764231842 178.6626042996742
163.02037792601502 121.38459823228828
128.27716975365115 134.69998660426094
49.05645004082596 67.68213394032655
95.51895871875726 31.66829831890297
42.568542811661615 224.13796633733722
139.894946663322 17.32181402038685
110.71291002740772 195.88800351879632
59.55138553236983 169.84903957034817
127.29375383156786 150.9716786002529
74.1548859852941 225.01793095969416
7.000726508449379 227.69433292555613
185.19059630975244 144.34199792236586
45.75881656584757 242.00563226359085
99.67750994826258 219.71007310403309
11.223403423091 234.7752695313548
36.43813096871565 5.8683188080211615
127.06121782736498 186.08931149734974
15.424480330484796 172.2355704316407
13.45394282833734 76.47583783556422
5.055609967365454 124.83028499832852
63.43441929274571 117.67987709221381
182.74189578869422 76.7155883451767
178.46176191212191 227.55978230920715
179.4548696210341 204.40778276049943
3.089523109304465 233.99817746714015

205.69187179579464 86.88105395450016
219.59850859067873 28.359686764849624
163.91067929367986 158.67728915981252
199.92601500535133 144.99928504770034
131.59050848263374 44.983494160629746
171.1842318076994 116.5968117031957
30.747263493251214 188.27866487867414
105.08651194794227 52.502273284412844
210.5331270352243 135.19636707819666
117.31767552338162 48.94260699810965
154.46768310033886 93.829993820402
138.67364937635918 44.95874464446639
244.53451064940347 9.991186734809226
100.61316076865775 132.7448252591475
229.28523288613113 171.36546576045683
136.84387256800144 157.4529811279444
15.27791909647852 147.380332610326
82.23460002321315 58.23876062773839
47.58669680819774 105.17782703185294
164.7353544861194 179.05183318171368
184.84956110112464 166.93823131495114
38.62942889930951 33.84339616516627
101.87531219790894 146.32143757931576
155.80081336016522 199.59761200773767
236.8286578853719 166.7745123713731
134.98547291591282 74.37967523288427
169.2030957329251 133.7462262636357
120.20515588380304 231.54725803748602
241.542812016939 171.2637137862649
117.82828147124985 67.8245184613157
164.60923727005502 59.92575418388202
108.4375025083803 193.76339042061247
168.99470488303257 56.568686615568716
5.547661086943878 168.0381843898086
67.83494443353452 191.1068761796265
88.56797949894252 198.9550753134807
191.35043996960093 38.380242535362264
154.89708862636255 26.32820192575841
64.07084318339636 5.314410283093568
17.351154969327876 64.76336948836902
114.9753302152223 34.11257829678011
212.3173620185445 26.49053210008809
195.75063100777837 82.80867403940879
71.87263471053778 239.55549390968278
35.53110062700346 208.28764132397882
30.372177272719792 99.37978607853692
210.2373940795482 125.65427990349501
103.28566620699078 18.1589526465199
104.54760316547726 43.38766151987028
13.857767501490843 79.9825520999592
191.50154837396897 198.4315601847929
35.935656076016066 94.80893422783416
29.84401826908631 145.46366908406165
88.2264308980874 133.73503385600714
101.30617189669236 174.68255285503375
41.83042563990252 169.33100490778403
4.825353137260791 214.14360596030176
60.20877232872673 242.0225869292933
80.55312319993249 206.07499827164554
78.08285096759384 242.41615237216695
229.7085138520302 70.45895836708408
110.35761111708362 108.01105956563023
58.67146100032536 67.25082555014752
172.52141324845854 188.40061865710777
102.31787385169017 61.51648958357686
218.48170030587016 167.78552657397336
185.20604304979574 47.79407877270972
64.93613628736375 243.79327486653384
79.93581275399438 223.89107961019772
2.143558691101055 124.86574313981453
24.60673599557958 28.95911331110257
80.86933496125057 37.50114367905844
30.759525180706625 158.33249381167013
169.83315325474058 50.86395434442004
43.5983273575718 20.14351219038335
86.24499937371766 119.09810582094171
113.85264504717682 82.6087541007522
140.85631380119813 6.751280133992371
173.4519250372648 96.74244205990901
83.25144444685361 117.86140857674535
70.9310137092395 165.25828262647457
144.892212455232 54.588374128103524
76.60745240317281 83.09595295963518
39.44123446111614 213.24027769370605
181.29247185826765 58.442720369237946
238.2993231919015 136.580037925851
47.79823174411737 48.961175804362014
133.93319752787198 168.237317173004
94.69956239213568 87.9119398411122
232.2406730375594 3.325977584039963
74.29089768563296 104.42865309119867
95.41082547408877 201.25343447101156
40.106153986700086 144.42714224206782
19.124336760050515 229.81425530453276
42.4504202704836 223.26284494840544
41.785826096932375 127.99595185801161
48.871467813963676 91.86648837796605
109.12078341092246 161.46823515014452
152.8714435149788 106.01637085083235
217.77925858453776 215.7501212275149
211.94191364498536 66.20613505860443
184.39354674550367 181.8019302983179
91.76380037471701 175.37603908299818
161.64884701370164 120.57197346701295
127.31003418940179 136.15266033454856
42.712789417828326 62.58157089335564
101.72068364792875 31.075112040016034
43.77452520099051 228.50677164987647
140.15149433034145 22.94477988414323
103.85363717226933 192.1984630373601
65.13976784248126 170.71393437080764
119.33730330650272 148.07603462407738
75.108211331952 218.4376865598991
14.085744195487859 223.84996874422157
187.41617270715105 148.41105398427234
51.15624725096976 237.9946207616161
105.87291044056136 223.74055894809493
12.540947340024228 230.41795190809162
36.01840284383953 6.7537934668846225
125.48376815126183 193.28587037906192
12.459321297056764 178.2061733583791
17.666498456798408 73.81113192456206
8.398068173191248 117.18240061348148
67.31746788901377 113.27475976012965
179.34487780727616 80.10007999776566
173.42118405103093 222.65393523228997
182.06993067189202 204.03298881986035
0.89662103545049 230.8819159656057

8.6 17.2 36.0 72.1
17.2 34.4 72.1 144.1
25.8 51.6 108.1 216.2
34.4 68.8 144.1 288.2
51.6 103.2 216.2 432.4
68.8 137.6 288.2 576.5
77.4 154.9 324.3 648.5
86.0 172.1 360.3 720.6
103.2 206.5 432.4 864.7
114.7 229.4 480.4 960.8
129.0 258.1 540.4 1080.9
143.4 286.8 600.5 1201.0

2 5 8 11
5 8 11 14
7 10 13 16
10 13 16 19
14 17 20 23
18 21 24 27
19 22 25 28
20 23 26 29
25 19 31 34
27 30 33 36
30 33 36 39
32 35 38 41

