128 3.0 0.0 1000.0 397.00996033675784 3 160 240 100

156.2847279018911 144.200827371397
57.58842876721598 110.7380138508177
216.44716918609046 179.92700558880486
179.91399171220982 91.7240356975155
186.03528792514015 32.04229134301367
189.68796118071197 85.86936168452044
132.47828699362165 62.084577630744455
160.3401567328695 201.92162643780966
99.55561127053628 87.52655414925556
180.70097584063012 138.5483456570174
87.82073506953947 84.40955134532724
203.03849937574293 104.59550614984231
81.0044106021503 171.0929542961422
231.4741900656618 51.040257862936365
144.79749353690065 194.8723365059895
171.49187334310173 213.7493970715857
52.18320698457685 20.018339093211406
113.83723541851387 44.176595717438985
98.93424787406738 41.08147770865686
15.786236338078103 246.30434141373686
216.38217406330952 154.39400613392067
147.27802377822152 96.0133591099361
85.21199425292114 198.47069313515968
219.6263250958922 96.04734710988586
1.7295028876427032 105.65443828301191
208.26091296589072 75.29006974002283
41.03542820153491 69.49755294376165
140.9559782012289 19.125960814981607
23.092585663045952 187.48467014302236
57.65740739355346 35.98988763705793
202.57867414617678 111.2437573440796
153.1738970762921 69.27442664569908
65.91346702108972 19.892403993310324
147.90861043338458 182.38686450935288
207.70085311883864 193.56777163433085
205.40094026461253 39.907450328959314
222.94038909445953 97.04692810288316
165.50536516419393 203.8098496096115
168.20684866836723 172.41531543202723
147.10647849951613 75.98406933116095
233.81819836168333 136.64307047360012
131.8709671097955 195.1064441678416
61.4161303916615 161.86799237408485
189.78166852598827 86.15190325842661
101.8281714612348 168.91716359869216
239.40319475582737 53.02143904056694
199.47639254336863 198.0762236834409
101.77567336725122 157.85999625500094
59.701804556748726 56.47110820253068
47.39255184062238 124.05496103605613
80.8103520198386 71.88096979476566
87.0029677331951 60.82670648862582
152.25917740416742 138.1218272825425
17.58105893938597 149.40630775098236
151.10707406624536 57.41657445472331
44.95368464927269 84.71741399437163
75.08915865066895 155.14022921118288
6.715837465364361 37.940212247538575
207.97343604997502 81.12566773451523
93.86780376952791 3.38289675731665
62.10200863046866 58.442828949121115
145.00007749614605 170.13815170121185
218.9850737346939 161.98165603848147
206.6379259757879 40.11402410345452
29.397716427871423 195.4442683924327
187.82739535234236 150.8978165623264
41.86979132726279 160.97639584457883
37.38481869191326 183.96461677479454
68.90881550508752 123.56865752290031
131.67466012645755 112.93277176063651
64.60471968256803 199.99325247250226
46.12362686460561 124.20144390218596
46.18170958684001 64.74962434137349
15.911937389277902 226.64314871193847
184.23886115713702 144.82077871510043
208.20175044884544 162.89619446302046
30.5877585053439 10.731540339149664
60.321719285253565 248.7852224358155
145.32697137314997 128.59662272165923
98.68033348953847 77.79613413990222
234.5142731195454 211.65448618534757
150.65648722835766 38.350467675657725
190.84389319262368 86.3597090892676
51.22568046574605 194.87325743317663
160.9821986763803 70.85278281888479
225.1489271024555 37.93025815690931
77.05450466460768 201.90794218519238
196.6547466577987 146.07439200546082
245.8910054697975 118.99014521379331
87.58648079258649 246.86988087301452
146.60213431963294 234.2670494730202
197.72372865544168 146.69359049001065
228.53078400086125 71.28444907033776
109.5092385659031 78.08453643604894
199.6978950168768 165.29959187441585
165.1088629691555 114.17006129333504
84.53183161589928 174.64534604657538
100.59082061092 84.42023980384006
30.72422839811262 15.05214991651782
142.73349816307245 249.7700470890295
32.05749240582276 117.61611335510672
223.76372355792532 25.326317142738112
122.36450885651165 54.28159947309355
206.5595961763014 34.31512340115686
243.62331546307752 151.57255140301623
128.4502700139852 23.143184178538917
153.3990950609141 10.086344751709387
178.8315441404461 98.94450042411962
57.34179482915694 15.075528876533795
59.37026233649104 54.570120021535246
187.84943349251503 60.779636448912214
84.08528040093447 206.18515123953225
202.14779400013032 60.66275368713256
149.36937404976575 27.066012242570103
211.2554666556328 131.31433490730475
207.65366114680756 95.65745802261493
177.7254780038806 57.85314985937817
115.66568670138777 223.16239664833708
144.67980607953675 214.30838451406981
55.27204396325358 172.90880513317043
57.91112424310146 33.0332030437229
82.19059220897942 225.71659865114455
52.03957034702597 115.92006641761924
173.38541806185768 227.48610545839392
237.09675267175268 205.23351167055458
191.97772800614732 221.63663770568445
203.71924772965647 64.59573145052899
134.57566532482468 146.43009540359367

157.6233339009415 143.00339407242623
59.391889019857786 119.0081247606238
214.46428571099742 176.38730972743895
182.23640667927052 89.6719296634933
182.56452456516988 30.17402055662355
187.03236212050479 88.61049150072905
134.45818040284905 54.10642987915032
166.14968885238204 199.1374258249269
96.84680299552514 87.46330095984605
180.53047738812606 134.44537230578825
86.85804093286414 81.81631282610854
198.64212055508824 101.74393965508446
79.95349108631459 177.4205298094204
231.3545119037396 53.92864193631466
143.1514410956677 194.32868157088026
163.57170463655456 210.96123648546697
47.04682032289495 16.684397191219226
115.28986339440497 47.919111005575026
99.59572657740442 39.10918392779228
12.47984891671225 247.7624491919813
212.8702609915388 150.64391728121282
151.42938303719757 101.65679181160169
90.96322090096193 198.98765836301126
215.39338068233448 90.674204099139
0.7671825768167384 112.1332771311545
209.54774976880051 72.44700875988799
42.54081097479032 61.18659942454133
135.23248819659813 16.423443193705673
29.370671947575534 182.26048827586357
56.14535019931047 36.28917264884202
197.94726939337605 117.99161518428805
157.7476096460078 76.3974830738403
71.35000080006313 26.382936127531202
146.3893840644118 183.71062410327454
211.40925268699183 186.38446712587552
206.14601517784388 34.47470212635387
228.54616590017426 93.74117423126307
158.01872513227423 202.74953925534243
159.74852220054166 172.69434660076726
145.8309122411034 81.2899654190774
240.41753982207703 133.55460884242808
134.7478472038601 198.87027264338454
60.46611953429698 155.81117273168294
187.3538579650934 88.19578496594954
105.07547032183948 168.7770813207224
237.98772916989535 54.84553928057151
196.0660691731814 196.94036406732644
97.94039332588059 160.9140187927361
61.28795446004584 49.46828119126448
47.17376741291096 129.6621818570671
75.72663138680042 75.52793620080456
83.54891237046944 55.833787882870496
153.08282101084822 136.19104921110485
21.7560860470645 154.89114511837997
152.05090320421505 51.08354491032471
41.66935428075058 88.69833147786314
71.47148742025061 159.12707218325036
7.457089816908541 37.19378740863527
206.74615276706396 88.51723923077853
95.79018621142929 6.529123141074095
64.52210062015095 61.478403373102395
146.44705897173176 170.23620629006177
213.45694403768653 162.16254314268255
204.78611654969887 41.66343239700118
23.0549901245371 194.78395293757023
193.7911939794505 147.64528399612064
37.951757091195724 164.7221159392949
41.3036690247382 178.0525181936311
62.30704226629469 123.87154254002186
125.08617053595597 108.4307821832625
67.31516190456688 197.29875532700777
43.19798965178725 119.10182078731185
44.020719667868136 58.63758724295576
8.151461768395125 229.18830774228883
191.012819481331 145.55862424565774
208.39292770645963 158.12997704835976
31.44674364476463 13.536773777516498
51.94544948592694 249.9757010175818
152.40793104503095 125.85555461133139
99.6162557341456 84.38424688286725
230.14279818210446 207.17688918578406
150.96403429284962 45.43889352376143
184.65986900674318 86.91846678901268
52.17862598924258 200.84490994391436
162.57772346855592 70.97578253884585
229.18156326388336 37.11181883324643
81.62884922772216 206.71495776084967
194.8797559391773 151.20650625778535
247.07536000175693 112.17350745791593
84.75962118138858 239.63038124639544
150.61925117685115 233.80731842029311
193.6348754223512 150.6079025014281
231.38178495130938 70.07627619503351
103.31532568588295 77.70698669813075
198.56551314177673 162.59929244717372
166.15135759284166 121.06641279566863
87.3952129492074 167.7340596351691
97.00162095435064 81.80588185512391
29.710524696044878 7.945415912305687
137.89918815268578 246.05740987810825
29.47395724202051 113.0497140341814
218.64595570441008 27.894251539351906
125.92649379224346 53.563989624011235
208.74724993981374 34.10789983874893
247.77110556770913 155.2443752559341
121.85252036760168 28.10238022218939
150.26905212508927 13.582282219381902
176.3529844946104 92.48860486373472
53.00753947306469 15.375701520201845
59.971013727611435 61.20221364208137
192.02989130391666 54.93327827722286
85.05771091951841 197.81540805511946
195.82351212424817 60.077056513800244
149.31387949339725 31.453926221911537
205.8419025564948 134.37966072200788
202.5577394253528 95.79536377325392
185.80846669338501 56.71727072320412
120.70493816521247 225.4552060106926
151.17266935525473 209.5156933212095
61.801523120947444 173.78359142250608
53.16891454060499 39.56573051667231
75.33932927647507 223.63228995240598
56.092054925330565 121.69360708492805
175.45779730264957 230.93389534443236
235.52693449940287 202.0235916941471
188.81001235675396 221.36475932744236
201.12479923033166 62.08947934674566
130.25776192375085 148.71168301844202

8.6 17.2 36.0 72.1
17.2 34.4 72.1 144.1
25.8 51.6 108.1 216.2
34.4 68.8 144.1 288.2
51.6 103.2 216.2 432.4
68.8 137.6 288.2 576.5
77.4 154.9 324.3 648.5
86.0 172.1 360.3 720.6
103.2 206.5 432.4 864.7
114.7 229.4 480.4 960.8
129.0 258.1 540.4 1080.9
143.4 286.8 600.5 1201.0

2 5 8 11
5 8 11 14
7 10 13 16
10 13 16 19
14 17 20 23
18 21 24 27
19 22 25 28
20 23 26 29
25 19 31 34
27 30 33 36
30 33 36 39
32 35 38 41

