128 3.0 0.0 1000.0 116.33833590453634 3 160 240 100

24.118194110840484 157.0894556758771
151.93757370925243 70.39467570982599
84.53658720568855 157.64465122723425
72.0188161961511 59.17644250081519
51.54359871927952 190.18648778657158
66.94351395141312 50.188530729543075
76.8254713329353 202.64264634115332
141.47052349634046 226.16720750163802
149.7513265324901 6.813575995929799
21.231254487744128 126.48947861812748
11.07316310164988 192.11795651670394
156.14356449229157 104.74027963897176
66.04169592057002 204.97162135905197
123.7755655933706 194.1677645367636
109.61860426154362 182.15957512190036
231.12062800245855 127.04683261999809
124.96054578836868 170.31087157727467
245.64557453215565 221.84235542129326
152.54060528440394 20.527665263937678
146.75829746254206 19.468800809327085
14.27425544839539 32.54553254802911
157.22839284220612 116.90967377693198
92.40703255393912 162.08695112591676
97.11856369972364 104.39827632773469
71.5594767080385 22.244697896953326
195.79087830724208 133.4166465796879
123.91373550586027 53.553207340735845
55.8970387056052 46.94673317571218
146.90646337331123 54.13257772080266
60.27815118322208 23.618945366550875
104.70313785660512 138.95946542868919
176.4380848374008 27.665706363153102
87.50231384817495 40.91245817082656
28.09160095062649 118.61855785855884
101.9736806521068 100.51655305409399
165.60153784221032 82.08688068031516
179.9770253630662 148.69644871565762
1.5668547130871513 215.0698608976784
118.44723943489832 105.57266974706839
41.48678366424902 188.64754838333482
170.18838696780313 123.27827543129908
32.41767920660752 219.5893340247091
170.47049739123668 86.20070325721318
218.283298644762 192.59388764576687
169.6060432779075 133.8410915356309
90.2082034305065 47.31934751209207
219.14999580292198 12.716806533162234
244.92755700595228 211.9380451803941
23.41949590817924 213.4262674230791
101.41452098909257 237.44660837680973
29.53480941652434 9.115432975207533
214.57090062125795 222.5522100131764
112.24377887625225 197.58510490449893
170.2621770347802 170.56321116987604
113.00447338119612 34.95554607957069
44.6216267101589 129.3698642777216
73.19755144542073 28.264540629658885
54.79008567110982 227.23343812862137
32.08463627073363 99.03952410596489
216.92132456085218 177.65346835136452
43.64054903352221 37.579772934722506
80.18229792492242 231.5785584524485
125.041231947229 193.7371683055766
31.840548491188226 78.02311607400614
141.06811528424316 230.91934565931766
42.540499776984404 127.6732735430802
235.63073537378767 177.4906498026555
121.17093677047939 6.314818947563195
49.992694867208364 162.13089824339363
15.327591729105583 127.9720084255471
87.36409356205968 42.418950056680366
82.86345099326714 178.7587769331251
175.97593450166463 55.06241953675781
2.3674272500822657 15.879017554830954
71.65409401630194 158.62546682373502
234.1533410899173 222.06484048584426
14.987842440273457 138.89914174481615
121.91008774804368 159.345070715232
170.90999006880466 33.79297706902065
174.7679085371624 172.09405698177764
108.88822209251445 121.54522760051064
241.75514775178104 231.06039375597427
229.8586095993405 188.55296065215438
7.361768376565131 181.75132252489922
248.6474275394347 51.22960659376813
30.53478464727788 122.75218248205478
99.48536558888519 153.31351533322402
68.40719223837482 193.32067621784452
84.08044950318592 125.81793551886533
46.28873860294594 136.55162518611104
46.31451115724225 127.98388423066406
190.42123196671784 175.25225968927043
245.39613154303495 218.66458364247393
11.727376216890907 29.784015991973167
210.21696973235143 74.47167162667847
96.75735726837964 214.53195042436172
50.69435106530368 41.71096254906481
133.83619005825966 109.12638726991113
44.87698969546167 90.74999809030254
10.851046082956422 185.2059774308956
162.08466506298066 61.72131924318511
129.20248165135285 227.49759651257523
245.96836773877234 247.9100072384949
45.477112349101375 6.989259989954117
183.26067941917356 107.32515566379233
149.6117913288301 74.59869005955389
192.5814875581196 187.25682349529282
60.55997148367964 42.45184302937422
172.22409955830386 3.5545391645624425
102.54238171878296 17.164466935498336
163.760011424633 230.43824963696014
80.86260123970185 148.07550559444866
88.98793123195148 229.93197892600853
71.20726948558331 170.43826540684023
216.87394420066414 87.01804624393667
161.42986050396564 19.01473581697241
81.11621115301612 181.21827802772142
192.99138528425235 190.07613849350753
180.64021330841882 47.03553666593166
135.73868381027958 121.51719784346169
12.22532240352303 88.00206031491234
105.25756506892463 74.87965884142636
124.70163451938512 144.1737395655265
115.5568852422393 52.82482304269584
124.53449013650173 234.84613570910622
97.72008501165577 116.02670458965244
170.62420620161583 160.55102899069968
38.30649597020372 211.3260953765924

25.179883985173873 156.47194494930378
146.7424218660976 70.66031893261169
86.60576315037919 160.14144396152966
68.13068822066445 61.95026321913139
48.750891269982446 190.37639605101893
65.86862669434207 43.88807416102336
76.26605533505443 198.51633374531974
138.57802916739172 224.92793917510775
153.10687196207542 7.062517855167205
15.815639565351812 127.03791743239317
12.54231002183409 192.25694344945612
151.35038014840808 101.93584978218675
69.37783093764457 203.74943830434773
130.31264746893444 195.41226914932085
108.06278511328168 174.9086730719606
224.48288382616306 132.2999567600227
125.06073201785998 173.60021476428693
249.1284094683914 217.0814852170344
149.1949497541796 13.840554858412652
145.5725671639198 12.394820446292808
22.066457180592913 35.13081922425593
153.06460367179247 110.55916109598581
91.72549960609444 156.79340095969303
99.37806090656758 100.59833881115257
73.87494701305793 29.53599555172473
198.41764781350884 133.25929621015123
124.42123382471337 60.99199382973633
50.76411115823273 40.647105038836536
138.88860974769784 53.64016661977672
58.62878494142218 30.387833524313873
100.91339762353287 139.75355253607913
178.48316396132566 33.568247297334516
86.06899943496937 47.45966865409357
34.18697891138603 123.19431050409067
98.04291314279925 101.50896017119577
169.87444253134024 82.48463610344933
176.58442787172527 152.12469208418025
4.718846946724558 208.39260843947142
119.78811551264084 102.32427765905489
34.049908721258824 187.64492805775848
164.63835142927877 126.13469387690671
35.02544040469349 222.48561033909354
177.3402430723499 84.98551395296339
216.2413750677505 190.29590718061294
165.39955215906622 136.14167443721246
98.57780963026386 48.40843911898607
217.06125620000302 19.286409036449264
241.1787846358265 210.53219038449643
19.01153799084926 208.62528306743886
106.23704557031105 241.5244745128981
31.49491647024319 15.737017817147509
214.89243566699102 216.3155175938143
116.15581333988445 203.72093603242106
167.10965926152176 164.83160326833774
112.95886472556747 29.619361609374867
41.89471667310113 121.61449733824858
65.09568078714581 28.71505013120587
55.10841449174955 235.64779958489896
24.457015976562108 99.89648182167905
216.688806152577 171.77248379088488
45.091507355006584 41.24138857254536
74.07269149673998 229.44003037779484
125.37821410489971 191.93564574661687
28.26799426637891 76.30380295688092
139.36395724450915 236.78623910707643
41.60877836126001 134.64404122376297
243.77603124929047 177.45459058972403
126.50720542601648 9.493770314436489
54.2167497370982 161.65137202002575
15.75535976719722 122.09387038330688
93.86715454220557 37.574845389043574
79.23861754995946 183.2560151822257
170.16367157590042 54.22733471094923
5.852387621008787 14.906038098022211
70.13315519742588 160.27345754471975
232.3302535200204 225.16017201562968
22.41352816041095 135.9723506252563
125.79078089845405 163.69771023482895
177.39981595575972 34.293134825946034
175.98429115195816 179.85217362001666
107.48781004755656 120.27181574239069
247.80534626510976 236.38300964402399
232.95270973073505 194.76815818271538
8.602762645158856 189.33863529199957
243.31119348622485 52.87993441410443
29.318050208749668 122.87233936863157
104.74020351121302 157.46424397407685
76.21151725943132 192.62013079665542
78.31675848281024 131.89694923921206
50.19195734629395 138.7575022490469
53.46398894980392 125.16617271961242
184.77648293222657 176.84424959857407
240.09684504173003 218.8468922928012
18.48867998424669 32.73389058583856
206.25584156286658 78.64167184405078
99.52648373058584 211.14805080766783
52.545311206868284 34.529391822394786
135.16308601714078 110.85959850698812
47.262027044401464 95.66316948509213
10.506315960938679 177.21856968758763
166.95759127538048 61.93373186976331
130.6789264660133 234.47322109861406
245.26945790097713 244.51541171822404
46.916264542149506 4.645786887090608
184.55067513672543 112.10085165501523
150.94615503515823 82.10777022549173
191.05746682648123 192.61647313402182
64.3750473069962 45.1656238231436
173.36966343679768 7.4044137295417585
109.81592838625065 15.94290747685198
171.26548512474918 228.79025801335132
83.92997637217987 144.56015885065102
82.16733980305341 230.10484103781926
74.1335458199554 164.92346320565704
222.59664554865665 86.22639260871917
166.0707392317437 25.449013379264834
80.62215024683336 176.3999659763439
196.0856960164526 185.9829508804286
188.21695719041563 46.84601600000676
140.6697283234018 122.18827974885052
7.660338918387133 92.27116245430797
106.70315613332137 77.8905824753543
121.83516247305279 139.30590404119073
118.31588467227871 46.957981449341794
125.91797738078392 236.45072942514398
97.31214463465656 112.92992781111158
172.66957093434823 159.90444501297802
41.05163806311482 204.26491476045288

8.6 17.2 36.0 72.1
17.2 34.4 72.1 144.1
25.8 51.6 108.1 216.2
34.4 68.8 144.1 288.2
51.6 103.2 216.2 432.4
68.8 137.6 288.2 576.5
77.4 154.9 324.3 648.5
86.0 172.1 360.3 720.6
103.2 206.5 432.4 864.7
114.7 229.4 480.4 960.8
129.0 258.1 540.4 1080.9
143.4 286.8 600.5 1201.0

2 5 8 11
5 8 11 14
7 10 13 16
10 13 16 19
14 17 20 23
18 21 24 27
19 22 25 28
20 23 26 29
25 19 31 34
27 30 33 36
30 33 36 39
32 35 38 41

