128 3.0 0.0 1000.0 653.6149984069756 3 160 240 100

48.899238002732965 229.09081837099552
186.56118074095681 8.202839574291465
12.415800587703696 29.909129462588695
182.19262878290252 167.91271249973798
220.18416608283945 94.39139125548654
94.03987356316377 125.5275863696347
221.66319110762922 206.98538841994701
21.394987976053965 229.25202450318366
243.2233854203072 152.77564200167166
128.94491703995817 126.06957141923591
50.967570721082325 40.32104923049115
80.04563687467537 181.0018355403669
173.24598833092404 73.62541278935167
210.75765901711122 232.94134263652245
45.82744537753089 62.4931821782258
2.0341241572913726 4.010919136664626
225.69603453651226 82.79935908696237
127.42672932257429 45.72474851253955
108.7414173420061 132.6536136513682
234.26162577521993 50.5552362849698
247.79362584420403 18.4745113249562
133.25097429798672 15.195883061125237
154.3045734046803 208.0840435577297
91.03252897501504 150.95611487470512
79.84361629583006 216.37307261132068
141.8173807655509 246.89452604194642
183.28815732654394 208.56790040511774
19.4877469491026 185.3494101258045
196.49851906959393 231.26278091330394
94.29691341794289 146.28070687527827
63.784259584311584 126.18733046905258
40.24391144248951 229.70876594383154
163.7724767507474 204.06710159310123
184.58392009209967 35.43670936162888
125.76597723939503 157.415460417802
47.676549382445174 247.9358490973616
211.99572716803186 61.64085008753003
68.0061637231806 207.12017139610975
39.15070482265903 113.5995826494966
171.25264821567433 131.2684313311842
124.20305981736921 22.568587686932208
74.63172257885975 97.40628812726868
70.67216206147984 26.784297238636125
81.67948857346188 206.83383637859325
17.864101385371285 163.00020414338553
141.52640115198074 19.520867398375746
50.413338837361124 98.32164145482942
165.087883855921 79.81378431111052
162.76569063017521 72.72469515009631
68.81333957488972 26.82086110855994
240.79898090517935 86.5352569564679
75.33381083352516 105.9291911018418
34.18158205900129 114.94744997840417
20.646292437407315 146.98061042375497
142.61064892213633 37.03889870584295
155.49716880658303 99.14548090506001
142.98316150674674 118.81537566806941
31.501825768780105 85.03721374097128
54.055215849423355 166.5487427776701
69.52565318969108 11.947960046919754
85.22323391406911 237.51027492397705
151.8023543129834 12.674632651536315
218.15859530252465 241.80202885519407
164.43788616203972 14.02966805068348
212.77215999766665 142.912410725838
210.68332441508082 48.353963660658806
60.175230464180274 70.87773378675091
132.5134871929467 45.261720370512904
123.17152551717184 176.08202360942005
104.91694065150351 123.32695713209286
22.07197290586116 153.99278479448984
152.49797091922184 158.9770961705154
3.069731498638512 20.503409620782758
17.375099625146635 164.19125400646703
2.1113854352457215 155.228537608436
134.07078357513538 124.41371812698901
0.7064219687360207 52.01190002732359
181.89278292828234 39.075881621883276
53.872018004363056 159.28423918860648
199.68206867698896 123.28212645122296
112.56505035952478 12.133381565227669
145.85510073242742 78.66220271939822
197.00710566226263 184.96149624466884
60.424855565492955 79.6356221988569
187.4717105390852 102.04509791926955
23.7275389986272 92.08963600789066
64.36906666995951 137.258074114429
209.04592223371213 4.763862421020643
164.75911264919534 57.56687047705539
24.48172129594975 175.80133527389987
76.83293567053722 26.910458983921025
206.7414176529709 180.63678708770374
38.14609547304298 196.6666627886593
202.60227984249624 73.77971282721929
192.48917686860796 196.5508449340856
2.616505332245306 108.4856646927993
28.602096138450744 36.25511211233173
193.41158843748903 167.5441008759471
190.11850711394737 180.23758480576814
81.99501052184849 121.71464769481256
182.9779559780074 100.4241352183648
51.77965642400381 194.95896097840833
90.65093431334739 234.81075337868384
165.70116931366354 160.0842721263003
200.8945644988421 120.18068690408538
115.00552292246105 51.54945013150003
126.6070840493558 112.0171351149837
159.3901331853803 49.878707806965295
167.72298697783935 154.27170176987747
232.4344285682113 189.22832695177362
169.5752294403589 235.4531582631085
157.9421210215212 16.646713207621346
215.86955576993762 177.38851949229658
156.05185466642297 36.01847281817944
246.20009095753363 89.91112080309475
57.940617069098785 149.71710726509696
106.48519712766694 126.58480267855948
97.5324670407766 159.03290377139882
225.73338787012756 124.81471727046231
147.62982303881245 86.00438998677676
51.98133435415153 228.24326238085067
68.37700188470718 73.21050596420395
246.04522782833055 245.41205893319585
43.50266274259509 245.5622191262363
141.87437105396373 164.20073028808554
102.78311841630932 31.7675065474943
68.63023148740824 117.01375453683166
177.36989795122707 249.66365437858977

52.3409690431221 228.37710923314341
189.47850949505164 4.372235053337004
9.913716486897261 23.115835451403026
184.23487927372145 164.74034862110204
213.0583806689124 95.58995377428339
94.3280507956504 119.97710581842058
224.86513758444164 214.49001717609954
24.55059562428305 232.47839663860321
236.5112313884748 148.04908914648996
124.73438463144501 124.59621717116227
57.80133250659883 41.7984576863161
76.94319131671595 181.36111880071252
172.48659911709015 81.17770433367829
209.90138629339236 239.8667974668825
42.43786813072495 66.03982929963084
4.5832677470281915 9.745579227714435
232.28171694147173 85.46298895622745
129.87242720240585 50.31067439827919
109.39302521502827 128.25362142132215
226.28701017287247 48.78086162646406
249.74043494345457 11.287462682245925
138.54081266109282 18.530261818960227
158.11407014097438 201.8516433686495
97.73797741177057 155.6896312404079
79.26932104532305 221.28220180962057
135.200666133766 242.5715910958734
188.01368105730575 213.75886053343012
26.5466762994217 186.91589864940033
188.6146640539399 232.23226876858885
97.59809516080395 140.80202952997035
69.49073022297586 131.83730267137096
39.127112866723266 223.94271377062333
161.86798342700268 201.25686459899512
191.16306874853234 35.451727326638235
129.44561408673383 158.60034648869043
47.955493700887644 242.13291006024468
215.32290993019583 63.69359494444124
73.81608676176754 208.49848563103808
43.17179478576674 106.63743887921099
170.21585444421459 135.6909824445331
124.86250686910658 29.934144647702805
74.22028070392791 89.78051743730053
77.75423883734489 24.23161198486945
78.64959847918162 202.0758692602302
16.325035712974945 158.48622937588763
142.682637800182 18.756910998444564
46.54357991403546 103.99310052402768
169.23732375253454 73.32887651076084
155.6049327792907 70.56132099838364
73.20576970981185 22.44727080497849
249.01546308127797 85.93438369912859
81.00400271427324 108.06096512200445
38.09516284005826 117.88340955136623
12.627073268124928 146.8792089320956
137.30140684746203 39.086895910071526
149.69098632202574 99.54640097563592
137.4782132396197 121.73891928610786
32.596926089048544 84.04553139241577
52.242479793002836 171.39236429925225
74.95987747675706 14.724124703218934
86.2345093109081 232.82529139390877
147.76566653646208 19.787013650072765
216.28671608394077 249.14141584134794
158.7442478839144 8.409297096986567
216.16107088358748 140.1487322770804
213.65024686060625 51.5078157201079
59.14050500916057 76.90751043226959
132.1026750164431 50.87380738965056
125.62953125576296 175.41938574263273
97.63595963382954 123.7284807811345
25.92152552760582 159.64263417068602
153.76511035710996 151.2518759056507
5.088591742090781 22.486769108027577
24.192440486908414 159.6923731355039
7.441680061840595 155.56280244265952
132.89068563011867 118.17091079024253
1.8544875019740614 60.06840343548883
179.6747316506318 44.5657331597166
54.408774457743256 166.1069894339131
204.34855114383157 123.58074787973297
108.48948304199111 8.516149739698553
146.6024216920908 86.8521591419537
198.97903112916134 182.69593267335387
63.59723374186971 87.1280215742859
191.44467889793307 98.94306453101417
28.627094919230572 92.32887398408687
64.84823371127102 137.62166100404826
203.4344028306251 9.525341738673864
162.5160211455401 64.70627065639637
25.957695916691254 169.30166928207962
78.26284531334807 29.741601122565438
201.41557990957676 181.6864033607432
38.70050394785171 194.4063634314927
207.07156942753147 77.49625921414096
188.86119345512938 195.6832173580095
5.341213012441698 110.96742954412944
31.353434451063812 37.12306043809519
193.05219999731017 166.2012040990965
187.63525649264565 180.0946773951563
76.78825585699467 124.85790524660678
181.75178953888306 92.50107875939092
44.91008187291987 190.88237837213856
89.14164489099183 229.20975532311945
161.2412805820147 156.87333713612898
200.21568864627426 124.00219707479926
107.69532296301904 47.776217879482274
122.91667251258137 108.8092751275927
158.32235341690975 55.281102999494344
174.260531474615 153.97556067159366
226.8612637746162 190.30051768674497
167.42341359356348 235.40087310597033
157.52572466023088 16.067702120978133
222.00540319341636 179.9976506119109
159.9835367426069 29.13008402253511
239.33628247751963 88.61682950335775
57.56617225105373 156.02923255744753
108.78774379403838 118.9405879267972
94.61934097191211 163.42907821350974
226.5314088049374 123.49892164511175
152.24812783175227 86.78757201455161
56.43417119644351 226.7069662184432
62.57271722709873 71.6389340665796
248.6127303641576 237.4820604259797
49.543587538534304 245.69208176816093
140.82106767551883 168.01832895000223
99.88047558571984 33.93542976975364
62.30675242135439 116.34528220344504
179.83792306998077 248.44826920653952

8.6 17.2 36.0 72.1
17.2 34.4 72.1 144.1
25.8 51.6 108.1 216.2
34.4 68.8 144.1 288.2
51.6 103.2 216.2 432.4
68.8 137.6 288.2 576.5
77.4 154.9 324.3 648.5
86.0 172.1 360.3 720.6
103.2 206.5 432.4 864.7
114.7 229.4 480.4 960.8
129.0 258.1 540.4 1080.9
143.4 286.8 600.5 1201.0

2 5 8 11
5 8 11 14
7 10 13 16
10 13 16 19
14 17 20 23
18 21 24 27
19 22 25 28
20 23 26 29
25 19 31 34
27 30 33 36
30 33 36 39
32 35 38 41

