128 3.0 0.0 1000.0 451.1568447985093 3 160 240 100

109.85785580748417 60.28781972661218
207.92956343924686 155.56199677888748
173.45640545720198 168.18098038435588
63.27537978777792 123.10969114376368
48.372342377923786 147.37820742462523
235.52399694322656 100.68570096340065
90.14107123769271 142.60597995741935
151.319379687605 27.56263894637398
204.34840631220092 111.40337814490076
144.01775288848359 196.95127592562363
76.04839557352567 88.70742654701014
157.56032145470263 36.345334105405804
181.66615860412784 66.20987418970547
228.92564397400005 162.07464624304004
203.72422315820015 142.4486670934259
119.16693296632491 211.68596466799923
196.38778839055112 114.68881468263181
200.7850759171125 172.04013122268486
139.40896579840557 59.87918835886916
130.43675955562958 95.48916319863399
79.2803113753284 172.89383890742525
63.7099484204485 185.80334696898413
70.36637505378646 92.08701956767199
78.37849178645234 91.59351228739354
153.3096463889568 185.3809831249085
114.08287006109352 189.30101268868052
123.4044882919468 26.654693678885483
243.92580463631478 87.77633621806064
147.2583574781966 176.51193158783013
139.22786033636075 147.84414662675556
177.70093042042143 91.71547688334594
209.4423202349584 143.67970247623083
232.21481301318195 80.88905143573305
57.14065346461605 199.55436782469667
165.58060104376122 42.17291348314642
180.62697291974612 124.99857345696941
152.2343456195796 14.508524308841503
130.7373172751701 41.80921798244599
169.46597508048967 76.92569341105879
213.74049290046332 169.27868754214808
220.272326902023 91.6429584592012
155.5445320118707 152.48489947332888
212.1982398080557 230.2170208156637
19.425044242351085 189.70837218289958
80.49329835141982 173.19753077850586
80.13334200786926 18.2794791263568
244.03943049657116 101.26165943353224
210.1237747325983 109.72216530792878
199.74094754516008 33.480205932205905
101.44768902623628 50.92016997514959
210.67060998967233 148.8600866422979
239.1151026514809 82.10278835810477
56.74509701933714 70.9013234740852
199.93159799685583 170.64621091967322
11.842684811573607 198.37061305372006
73.52378327899945 150.8914587878205
21.960997950847798 199.14304268139088
33.791591592227746 151.0909155483036
199.69782078574767 41.942083097322694
168.82605456795105 138.70170543925377
38.11195584478766 114.2767695419497
36.10475259916862 40.33058955805552
205.839921557555 69.03490385623302
247.89358415796025 38.91657351041894
104.2340599028666 186.86734977805375
245.14996871841493 196.19600739127742
22.36289049774748 51.9726122607097
65.88208268561971 173.58713170626848
209.118840386745 173.0180841066537
50.78595312765677 74.12427942206898
102.77814378423764 140.15871822355996
44.026439232616426 230.53842113142395
24.585089747875237 233.07379088303975
235.69678820214216 133.7060288138501
55.49994597133448 112.36062463329652
128.739916094502 159.17003237829275
140.00445675739925 93.43848311259728
179.58248202119722 8.88429323389109
42.76108222233435 135.81640889292922
55.9288862850576 218.66161311482023
224.47362988791176 249.33223350774279
172.28349669665724 152.69120047433196
60.14509942730004 172.26804483420173
217.9002012277934 144.23591201803308
212.43801686001513 20.93619763423596
223.19804410923783 149.46297908923924
140.35152303157835 138.46296235541342
139.42260417983107 48.056139764207416
213.73435084754064 229.0026508826229
189.75866163970528 37.41504857326935
48.806703474123246 191.9035272322244
81.18719194432187 197.64832521462608
199.0741061334477 50.97162853909809
180.58879887364935 88.76521993479913
13.998940393681131 19.65086604042654
72.96348200226147 132.6274732289898
243.36176379269713 171.27677092401962
195.6223352958188 0.015752082975301063
51.358764048966584 186.78644007866583
37.838123239807395 147.89655754389966
138.21713107355257 182.45862253469227
162.12964790065521 103.2733357173341
98.11771390928963 129.8152522460751
158.62545387513578 29.148318639701827
170.81402565854722 16.282671126312042
70.32903308763824 4.728135957864005
167.92625671803543 139.29041950209856
45.45813796190162 223.3916245011584
224.93666016995476 46.76335856300104
199.44818994746856 37.546741107158915
154.62461869635294 26.996890066295688
95.17482165826566 53.85842312938583
107.75797486544597 66.33461887790934
212.18068829400195 182.70836864832324
188.2689105368429 216.62962342710765
197.73048451856187 174.5478268600058
79.38330792924944 38.323637669726544
170.63150522243458 187.36636548266307
109.39801916395156 97.5691023752056
31.123701439965263 61.39041873776474
174.83655595300755 7.684732225089391
143.614777055307 60.3783788495176
23.018830249610932 158.7720790938563
191.57186678193148 228.4983452183014
188.13452249829686 8.027384083950928
15.916580305562977 21.634671680267697
75.70040841907257 175.10777544122396
197.86015211452388 102.82349947012148

104.59989104223685 65.2583501508675
211.44434953864658 152.29305858033035
170.28854578684016 165.74285170870564
65.65055938333239 115.04262242721589
45.44663503765015 141.35660410768278
234.9393302142794 104.07557303687443
83.92162277695095 138.07377898148533
153.6509970529196 22.36557964674285
206.92259522174103 105.19523178831194
142.30459487219417 194.97180121953207
70.01873111289176 91.48543826225178
152.44032130650857 39.70264261470202
176.06160216076665 60.22588723187608
229.0818001909465 165.50361470174207
207.69827485447874 145.69848296299773
118.08086965933903 208.15148503715034
194.22186961368027 111.35457910552987
197.63893707905711 164.77754790297996
140.3609595651591 55.94057614539444
136.58572246149043 101.22630774902811
84.53622324356205 169.2494270385538
60.31642102296647 190.01981001822594
65.05481555869066 95.71313972909145
86.53175886000233 90.40838281888941
148.18612391806317 184.45886966595742
108.18330265449252 187.52451122793204
122.27633966097792 33.70754573870705
247.9854721220571 86.99832050267511
148.38838613588183 183.63672553544603
133.9176602453167 149.28618145594447
178.34721714109372 89.81930118189484
212.03443924400204 136.04955773498276
234.22909150618065 78.35840560260456
52.00988548312072 200.2468863304271
165.26599055932647 39.85194735995592
188.3214557973434 121.47662596403013
154.4256702711639 19.114388664165872
139.13400961029214 41.10836020280989
167.83658152375736 72.0620254646647
213.81032566070124 173.24772774674167
219.1897343061989 99.74509812194812
157.6145542469254 160.35460398031367
218.8656008229413 225.38640011305523
24.741951921035316 191.1000453216448
74.49361874158444 178.76385024664015
76.7595154357826 25.763312041361953
247.91967060206787 94.4971699200684
212.04487108224433 109.59495736168265
191.6189296170992 33.93852428523306
104.9894491666092 52.70891451683352
211.0590892009685 143.33680723803525
241.16551188863158 77.92975836996425
55.09151211851951 73.30238444469877
202.1301385342818 175.08842391499982
11.315882861337528 198.53974166975974
65.55166606371627 151.1311182564543
23.52137855094427 203.1401539145742
36.25296431372127 155.8392599522978
193.87084788253242 39.438683174778085
175.71502843689217 141.87917643724995
33.93473357581719 110.6909952697329
39.54737976320133 40.37745979124593
212.32376633368187 67.96404092669489
241.38570949440793 34.43248456919459
99.2787588612448 191.55670205124218
241.50414549528296 198.3424354815041
23.596182511012863 48.89606007280181
64.31868581494673 169.89516963160125
209.5221092765609 169.83150328382254
46.827687949053455 66.91450137268917
103.33171551106437 148.39612636884468
50.87445417014627 226.9289373235853
17.980376752460003 228.17486406142666
238.57134777830123 138.33079113761633
58.824648034004916 113.30986149255307
122.0867476278545 164.25870387976212
137.69274250594117 98.94341935577359
179.382906476008 4.799649919858151
35.57543727379123 136.89224612406878
58.96564983682293 225.09617305735566
229.13821605806618 245.1419156832894
167.15497692496837 148.5320156753108
63.32426750762893 171.16212841022397
214.38583079166588 148.95489963704117
208.7414217659247 25.802451031008587
224.10370374143736 148.82586089622703
141.7556384012283 135.85947601421915
136.12451789678516 44.34164929896103
207.21521205610242 228.43611762437854
195.19617956695592 31.509895906883024
46.962825679153966 186.07465314727648
86.61260401330543 192.4576779069513
196.88072959105423 47.176089247165685
174.56873410777203 86.01678814136618
9.018606631558706 23.112345352747006
68.2165866290004 138.9657684902068
238.04059486391907 172.99928995942108
197.7114042838376 4.494081323959842
49.63750816668097 191.6814312870532
43.286888799591885 151.6076329366042
141.09020692006928 188.96352066440411
157.0459374424661 98.74863624276931
91.5789274323357 134.71358646494144
162.0092124473314 29.125389717358424
173.89186187483602 21.973560495375132
71.13302515501817 9.145249629161857
169.22697832280426 139.0104667096205
40.65268680161929 227.2227098145322
223.5622196554505 51.962783770497566
196.83473370002497 45.26356033166423
154.66022178541044 19.754419808998254
95.9117631133228 50.44566388141269
111.71903982937334 63.18786027858395
211.8344261026465 187.13969520330724
189.94779310131767 215.6091114381033
197.6690397904055 179.1927503579877
82.60404495984716 42.244887231837865
175.98327968839868 188.30227755596422
111.8329954619167 103.01553608720154
27.653319131007354 56.92146496458822
167.43061308798138 5.6216450600529155
147.8803472805607 63.098434892777725
21.576268494274714 159.99324394083567
194.59777788866128 228.87510058988536
188.369858746639 0.9288929635811183
16.61033716644289 24.95762216984987
80.34843746338102 175.4542817960275
197.07425776652101 105.783268094302

8.6 17.2 36.0 72.1
17.2 34.4 72.1 144.1
25.8 51.6 108.1 216.2
34.4 68.8 144.1 288.2
51.6 103.2 216.2 432.4
68.8 137.6 288.2 576.5
77.4 154.9 324.3 648.5
86.0 172.1 360.3 720.6
103.2 206.5 432.4 864.7
114.7 229.4 480.4 960.8
129.0 258.1 540.4 1080.9
143.4 286.8 600.5 1201.0

2 5 8 11
5 8 11 14
7 10 13 16
10 13 16 19
14 17 20 23
18 21 24 27
19 22 25 28
20 23 26 29
25 19 31 34
27 30 33 36
30 33 36 39
32 35 38 41

