128 3.0 0.0 1000.0 3 3 160 240 100

4.456806948963054 175.15859179161316
196.6959137496086 136.50286001072874
9.421759578960298 111.60723991247367
50.78395519383827 129.36877556184905
35.879869696653884 189.42859507086163
92.29597010287013 124.23490770787332
40.73905014460807 132.74799056566738
170.5792727998772 63.035528167733226
2.9618579292752245 147.6259189889041
165.6593939364985 41.12628881600122
150.25548633409437 3.955264909379641
189.43560082772711 53.9467570369927
174.10068342461466 28.530221255371107
103.75269384902417 130.14984818527282
130.28510177900907 196.40907662109547
76.45206663019657 140.26259874326274
19.767883186172284 38.0594063281893
33.3184102408286 20.347681008408447
25.85388447682163 27.46704819193796
100.95790799562171 26.032137043917686
227.45633803423806 158.2370715627137
170.4231297063306 61.500015055574785
12.37468053480989 69.36769527645703
140.29562396643615 111.89436478648426
217.84132451472766 71.69297899682326
164.09348618579827 207.16767776378296
41.29744954469036 232.81571871618647
217.7371911290413 144.54331323475384
144.84604424935557 83.04351835067239
117.97765328537393 171.98699665287285
143.79837433399385 59.09252878951573
237.87355216514078 48.88559218885319
212.96557091289404 1.9242999210115352
102.68097185171187 75.06401580819522
169.37543548928969 108.42536784193533
12.056481293005794 1.4269511161960347
57.063893894501064 54.06233504918134
125.21333305561177 157.1995975195153
226.76925906980452 93.66934272746103
35.761189952298125 54.03018711910384
57.7181522365465 103.39771452342671
26.251350092026172 181.7316348045918
129.09339288207752 57.43107795767469
99.5699663341377 161.92394567430236
113.32161463310949 45.61069206289242
161.11459900762773 149.39647787261657
59.70583601109272 204.85075902628668
213.60999415245325 86.56417946701318
88.54640500161584 100.63025135454728
68.57593047450652 80.89562484504573
144.706798628683 105.97289045436447
164.49722546921723 61.61079570654948
178.93068177919488 239.42997200581976
70.53167812412414 48.66341540946168
169.1312016835996 24.222508684376447
99.16311634065688 223.4054227014675
134.40356588349215 99.80127658237734
176.9511535381485 95.32481961278272
71.04284128248692 106.25450155446708
202.13615270445925 84.5060592125601
51.8373536000521 24.670722205652083
76.93788331561791 233.48127780883928
32.81712877425841 246.9428668153828
116.39534265220036 138.2837416996655
96.68907261774073 242.15692349851
89.74206143707181 65.37958249079553
6.679582126772443 208.39290770413027
90.9901796671396 32.75270238548994
58.14242528941932 81.9526110465193
246.50702407660174 129.9278640329036
104.8086371899399 168.42213332190963
172.77427398084043 194.7806880559184
97.8719444999252 36.23251986150408
183.7431708367466 179.46643871326984
51.84203331175011 157.11735680416984
240.17159163247342 147.63628623360867
82.18018192012231 117.79675008682344
118.58906093186717 38.909934604257984
219.01252393728265 125.84259614220502
86.91497105498102 175.71533997371014
220.99617421777597 181.36925024540875
24.719203004284957 192.26901718809768
168.79237719156947 6.945729448633142
175.25583641578072 48.95007935343587
13.711095188680716 61.25408389787071
130.26751003413835 162.80823245695606
39.31752147019196 84.09816093519466
120.42933046657858 81.01010928190314
32.304190227436806 106.15114404517001
27.649987754178124 176.64875967855264
99.8374136325558 70.32247088280644
127.94251294678152 54.973399341461004
7.269428488489965 130.15897410695115
193.0710330580635 227.73378649626247
210.99025960631613 135.6493327183067
51.364680395423356 221.44840360804264
208.77384292056632 131.13089432736538
181.9382663901567 120.25789560695007
152.03742873302895 144.44593879945364
243.23161857182438 223.433303241572
57.63871907889306 214.25475161443347
76.85039369271132 116.31282279541955
241.6508806144266 142.3184944243728
176.43362842020417 23.25987272888691
229.58821037436766 220.5542463013762
36.46926934319103 52.37635342414951
92.969484731732 240.8136615594512
23.108294753245467 16.011298922925825
159.41779999679113 147.49832579225128
138.10440101676042 187.68842902754008
52.704754738458234 182.9191150536492
83.54761438375898 135.74241659309484
27.719223701366342 60.482914765916966
51.02344937137665 205.98307677694373
204.4511169315718 225.45023513518407
128.02411576881863 149.5803237100214
123.57751365882159 245.31566126090976
239.1373129062438 245.31763388433208
161.47945324093615 32.441807445410504
94.29487568234993 48.64903093127829
30.574496965174557 127.94945766094989
215.91086838097743 209.5277409027884
19.588645240279202 157.82493041812316
188.43675411911627 69.61366949667052
128.5080643440158 15.391085653046698
128.98019157460598 163.01644658603226
223.41858765462246 181.30279629612298
52.86385316304762 18.985336833180185

5.061130199072172 175.36780847228414
193.55623273672785 143.01560793575388
5.07188439783568 108.70571207330521
44.69011743140297 128.71733253847935
40.38368521665889 191.38655093432445
92.68161024198959 117.88971821806987
43.47213687769841 136.7014053384476
168.73600207867392 63.25815191005532
2.698060674703795 155.1319049213167
168.6192279104156 44.42031974502431
152.1029645051188 7.338443471169242
191.60237022697623 52.63899868225541
178.0968290721619 28.4333348744471
99.48956190024467 133.95237608639107
136.97999420088053 200.30942344248322
79.8336676415312 137.29088079827108
23.556642641684554 42.68499278563187
41.38790594402855 19.731365126904294
29.47701968859451 22.18084003858614
104.1122941812194 29.078233540482586
228.37508363317258 162.13865119792783
172.06425571119536 58.23595773585913
15.482905935847196 62.65106551607577
133.1010824113233 107.78762773528145
215.89766823521782 69.26485072484014
160.20637739935103 207.66466284978853
37.41167856710265 234.59805217413322
217.19700681479605 140.62401439442988
142.830744918516 85.02759165632254
124.52179661064413 171.64227893433855
144.70375604171386 50.85384756884978
241.27386229260765 49.34049911182353
218.9585584488102 3.4947019797097467
99.45637180135446 69.45680318026982
161.81601784424464 104.5725667226478
14.681584112338635 6.5412628319991
54.00777932481898 52.99822013721842
120.52803883488339 153.85525528707197
220.99474089979375 97.53574121051442
30.84550336882627 57.154537728306614
61.9415933892806 108.51568680629883
31.703955637589683 178.8195228344072
136.19932284150673 58.86146989774965
95.56718300432934 169.19478105331635
117.14736623865593 47.20546372954482
157.60735224166018 152.75707672861088
63.42400749342364 205.0048501165613
208.3653092802032 92.34190789234567
87.66826979111711 106.26018395946376
70.58974242129773 75.34526511098966
140.33735594373414 101.52132674965914
160.29318498937295 65.16692892602505
180.19430740986294 243.02951883966847
70.53689607833341 50.82404626584111
174.59232993238672 29.12558106917257
94.99905511762708 217.65402918643113
130.22553093568183 103.46156617285845
170.09479139777818 91.42357457100935
76.67251229538776 111.3249304136926
206.9701533593372 83.32886589136432
53.521432050558595 31.308349320428334
76.4806999118765 225.30411587939818
37.88559139402156 246.02233398597565
118.15075095996072 138.6423208032718
101.01529914080731 237.83790585363272
92.37123606477812 71.45927165992342
8.806881175195375 206.13532991985514
92.37093473184358 29.199209720804753
60.65930886578019 89.48516376032032
246.02499580619164 122.4614656088448
102.94394649701289 172.9750672288714
174.09447283300884 190.1585306359412
98.39118712191197 43.11243583020849
188.49309168616404 181.341248824407
50.13626436483362 162.77694632836642
235.9736121436577 141.0706077672791
79.60014168826049 110.77048118378863
113.99493935865098 33.1100311448459
213.6615056109341 125.4169900619166
88.70379133865353 173.8647082190089
215.22264279649042 181.47090989115034
22.957267857061204 193.95683591217923
168.92337095522754 11.833164053668883
173.7282675606681 44.07103814869989
17.887431347773873 56.04767226647211
134.07646411087197 168.36211297384875
41.42107129856781 88.92506699175439
128.12778324157338 84.01765157675156
28.842224430730727 103.79990285202831
31.163797513161924 172.4113481861752
102.04392506290361 71.26486636343749
122.81016352462923 51.95551071566623
0.0342742279128283 131.3121254362569
187.5032277544122 227.14793930558326
206.29674642243668 142.31318485933585
48.24151011108271 229.08583942947553
200.8761192473546 133.3508269500978
179.05109155690823 125.06967596385213
148.9444829969217 139.8346724124612
249.16645085604935 217.52997658887557
60.520920698617005 213.46832049514163
83.93643383268473 120.97307159040072
249.6568068270414 142.17079788319245
175.56364016132457 27.613006819756592
228.33125860995116 212.17923219253657
43.96118639375366 53.784874775505
92.60335505907 242.44873885509733
18.495444864466858 15.331185004020837
164.47325155763878 149.52023684378673
140.80920377878587 195.52570446770824
47.310509439016215 185.0576554471782
83.60198187707019 134.30554269779208
35.33720845828112 63.91877502507565
46.02863521471773 205.8832144394727
200.44228138925865 231.12391130746462
131.4694183004057 153.6951827251605
123.3324597013885 244.5912740799352
240.27955249271494 236.98642077838463
164.69251840821448 32.180271651593564
91.04962699133779 43.326652106139036
38.96352797952291 126.99442063980435
210.85026237767806 214.08421122223334
11.794929543523153 156.20283528944566
187.70965444637403 64.09240929527616
122.80441551945894 21.205777971391864
125.62547352587858 165.03400900449364
227.78209971638591 182.15681277983919
51.108830795059454 21.727765499728907

8.6 17.2 36.0 72.1
17.2 34.4 72.1 144.1
25.8 51.6 108.1 216.2
34.4 68.8 144.1 288.2
51.6 103.2 216.2 432.4
68.8 137.6 288.2 576.5
77.4 154.9 324.3 648.5
86.0 172.1 360.3 720.6
103.2 206.5 432.4 864.7
114.7 229.4 480.4 960.8
129.0 258.1 540.4 1080.9
143.4 286.8 600.5 1201.0

2 5 8 11
5 8 11 14
7 10 13 16
10 13 16 19
14 17 20 23
18 21 24 27
19 22 25 28
20 23 26 29
25 19 31 34
27 30 33 36
30 33 36 39
32 35 38 41

