128 3.0 0.0 1000.0 322.84069008545356 3 160 240 100

212.9361283649614 33.73539567869147
137.2615840253991 244.15341256831923
168.4352864049733 25.38301166364418
168.23111215269125 106.90143238161454
16.776961808776775 45.19894057043267
152.65482697276673 130.12143630972136
173.53736458472096 234.63664648028862
141.29708102964887 176.32354880234513
126.98562864901236 149.0772247333198
171.89004111619906 214.22183478417548
109.26815712748066 177.29935914735614
159.82934473449149 53.39014039630613
69.44393454925115 144.91989894870562
92.74220352870613 60.44948591974736
83.54576926675536 48.429650532340276
71.56379398620305 132.35665534641984
82.79398007548097 202.46585663961676
186.44212226500844 33.579450635281866
20.89763907092826 220.55443852106913
115.11618954792304 2.289283519896018
238.04921550965227 46.79552867735845
6.374073281101983 187.44915404545924
237.51594346431824 67.00608576480921
151.38500001530682 151.25429738556042
87.61713833656783 10.587588839831408
183.34689921525504 200.53210415906224
248.25195099579705 235.17832442013963
242.25920215954372 221.7655510894728
222.90736600769924 71.78474433583875
144.72126362425018 67.86859106488733
176.94018267569788 95.50383522680778
11.229970031580327 62.49596765715487
13.925595999337876 76.72594542312744
107.63128457352497 135.83784634392734
68.59521118806336 15.974365372595223
144.60519825799693 125.78549816123174
186.11094793227022 90.27826104305522
226.6136502146847 213.34216998657556
174.2654427674513 65.49201458443434
201.46855182816748 135.53174153161166
185.70798173777465 219.17174146741286
102.72573878545887 70.27906343071658
45.562792867192755 198.2268955693608
77.4636851184915 182.76212157984494
227.91054001922865 23.148144567181035
179.81319795775937 92.97092741371985
127.26161044673182 122.62713450415738
232.68578324974743 249.06249759626434
39.75129291076499 171.51688931428328
229.7440566284366 81.38531950826052
178.56802998935441 41.803554412380485
202.8023122692304 107.77104732151483
216.89036222021383 144.4793909751262
23.700740841640393 60.08004876750469
245.64626621999128 114.29209650743056
10.410466906919853 43.59265494556405
245.00892678143396 22.778568514158604
17.444242334664324 246.76235824340174
217.40770801022782 135.33950152446542
14.466261592192525 213.54358752649006
168.98940063543085 129.33679455102555
100.25288681169222 112.93082133759702
103.24763003895238 31.64440486333814
130.0957516685414 36.18035389349561
29.072022740057186 242.1357515898855
125.65143960757558 143.88071656721712
4.913918340507695 190.79832315331984
78.93779624755898 109.72740719076218
48.44592209939111 249.0974192317599
116.64650618219532 195.04170327740815
58.26037812758819 212.00514154726764
90.03033672725549 35.233336581260154
246.98680163626852 50.14268690962162
225.38729390078785 101.18777574797939
119.56867798716841 215.49748944290462
113.54162670719164 2.955065371785248
6.762582311454518 229.5910436866031
130.0789803857295 41.788270059229305
126.9402078057612 103.31247094750296
86.8823818534154 68.33787500844468
185.5984473761309 197.7337060107848
200.91846028190457 174.9630755437024
184.17075576425918 199.87334489546257
50.58793092336039 42.82187491691203
239.9618323791106 65.239589897205
224.60172939290837 130.3884622638805
100.52377994999695 230.4739512380507
158.3683385282596 216.30029523357092
165.42693649824545 48.04365201219113
200.73769994410537 79.92720332797118
114.12636127332762 104.76875730704275
9.413896605322048 131.52296738550214
89.75063625646604 80.74032559293953
126.2742283734033 8.449939806149276
57.09573758277617 106.89980807876125
205.58904358076677 5.0639817884415015
27.33936408789686 180.8493122314884
246.7468375253534 79.79638346333678
226.19258404381992 57.17891175088549
57.714051946315095 210.0263154427628
79.62899770067372 73.72860431129838
115.6335134273466 76.54623114299758
15.284681542513473 85.41447183386808
218.20311998431106 148.59019664880032
74.79480394090321 97.82446302193243
67.1014503590697 125.1624528120407
3.223914439151432 83.32091790506976
49.57439744713482 212.7989859694641
116.19845106450732 138.1347896049476
24.631988705331064 15.116863100370553
66.83901567536257 178.5267710846551
14.245677043829813 159.5737689472945
101.56374192105486 109.438534305628
42.5308455749373 133.92619744102154
19.6169961603877 210.01367952853775
83.8960374816527 102.70516214956221
178.58812634366976 105.10873538740739
33.386354297686324 187.46342540018253
84.03129641792407 195.41005563929662
28.25993942261093 12.091783883346974
138.09646841644536 52.918371554161624
156.2472289441267 196.81819674111165
170.88685285055794 133.31452884129547
177.3003261660061 5.390590868139533
72.90771538337357 170.58860799503594
102.98187300289047 191.23109605867714
237.0340096200826 185.40707524871726
76.30650296732824 27.10762624107041

211.60183402914134 31.91367941511994
136.39491099292948 246.66957045527502
174.0157813499404 21.416326107258577
164.35738348070944 109.29308821402282
11.85553242460502 48.75513176674182
149.67094382983336 126.90588840999725
175.8443520886927 235.66815440734018
142.5614555361824 181.31351521053287
132.27341575979693 152.88180703216864
173.29155876131966 213.11042207761224
104.27027528264968 183.8136504469802
162.93314069764912 55.528774795949474
63.16444562936965 141.28885352780367
95.4788284006295 66.51541223138477
75.85216435369219 47.942869604494646
68.35122017460569 140.15596515877095
87.92470423935808 198.09942556701418
189.0187242833762 34.60803958670605
15.702608415190056 220.99426174127217
112.70575856792483 8.18550107323826
236.5768778856507 53.382160965111616
0.862667002944767 185.65226743028003
230.51900332631757 68.91303446460236
150.25739779225268 157.69930896257637
83.91365992311806 15.897111215240622
189.2883425825457 194.68114196221367
241.20430606614374 238.05440652364294
242.7477412480271 218.05936134448334
219.40416035996742 79.25869154007157
147.9857743070714 72.19101080422
178.3580861001868 89.23502640354553
12.927570005222961 54.37171576723696
13.231853632321904 68.70013985024462
113.46125696362292 134.53448627221178
62.33176318298922 16.029136713684277
152.37483294192936 124.40193734131213
180.79171095005083 86.771660236864
225.90354368030106 215.89025187562945
166.10747780942972 66.7847375708701
195.36250694848314 135.70087694637382
187.16134020953587 212.23481193503736
99.35404122072403 62.697118444116796
39.65235465186165 200.8128746945934
73.76027077804947 184.7759574956558
234.81858609938794 18.862205437302993
174.62042356654197 88.25849216761509
126.6745842275955 123.8520672849966
240.23068094028545 247.07450235302235
36.96963817822435 176.90063619958218
235.93874540786913 87.08950159115014
175.85347478244373 43.4349169913146
201.48570589708874 110.77865394407115
221.5388225132456 146.52705651965317
29.54440156012142 56.31798071966651
246.3964627722723 114.61307387955894
10.409667644045161 40.6396639106498
247.09577132696685 24.036256106959726
15.013134764255254 245.52252219838888
216.66045742372975 130.81151815379644
21.06906861525179 215.06940456952128
170.6489454478212 133.58597619031676
93.41554377921646 109.4422288086151
106.37262317428959 37.87710541502387
136.18813959265484 32.3252651711933
34.5383592438771 240.4061810315663
121.06331838830464 140.97438098037557
5.663073483267306 191.36114542335454
84.87027459505111 104.9179711266952
42.786145872617226 246.2875524065195
114.14710232697422 199.52819622511913
50.84193532135167 213.25455962110442
96.83153721117677 39.740111090556304
240.68270438476935 49.526751925240085
219.0757844861531 99.80796129813679
114.92066805515513 216.08751704015359
108.24366593324916 1.7952685281235892
12.388881476934955 228.52880645047117
133.1850781476235 41.99255055173859
132.8358041396039 102.89403623808569
90.8683067960519 67.27016819242132
183.36868600289102 191.53670379478103
196.67823022573836 175.7021826252797
184.7754234941719 205.67396990690656
51.523627203180155 38.36788588567655
238.6934560210658 70.62062693569193
219.05815487031754 132.60054802415115
99.15689045448761 223.22354225355988
153.71018944515603 220.58647325974644
173.16815468782278 47.144939650445004
203.71944057822103 73.68240710656634
109.69110907824783 102.22186239365533
7.824409311645741 137.98681805754353
91.33934152439221 87.1587203745576
117.96774437284441 7.34449949027044
51.79818066662731 104.1976598538542
205.63287258822 7.304732559521493
32.44813091816145 185.88757750558463
240.35648070588763 78.15518407893374
221.13540501201265 56.752063775864585
54.9049988143285 218.0201700893799
77.36845435965454 72.87312366302118
110.51831247008087 81.60298812245134
10.967173503926453 87.9897216518783
214.22234910653708 142.6376621603001
80.7059156318277 100.11717717983781
61.4726766517466 122.03024022226374
4.591051587970601 82.6338543668261
46.735185918492796 216.36816433911486
110.04516712676146 142.76738826586592
18.905305844878345 16.350645086138705
63.714635609943976 176.02258094888566
12.434125355369114 156.5175771977442
101.00774057583418 103.07119124699452
48.9932576267034 129.6885411627477
19.914699348339838 212.1944757512369
86.28123123880732 108.21716500050663
173.47762291975226 104.35820565379062
34.624521296197976 193.54211686937361
85.44744963180439 188.19422513834158
31.90265678942425 15.793345451781015
145.61177274989575 53.98815263632745
150.8770381102615 198.48456964180863
164.37418700242839 130.46040521816587
169.9552744405083 9.2262013542381
77.7677008881713 166.54666946121299
99.27025185712272 198.0727523971913
238.3656901625305 193.7379433028459
78.78746748741194 19.60384300363008

8.6 17.2 36.0 72.1
17.2 34.4 72.1 144.1
25.8 51.6 108.1 216.2
34.4 68.8 144.1 288.2
51.6 103.2 216.2 432.4
68.8 137.6 288.2 576.5
77.4 154.9 324.3 648.5
86.0 172.1 360.3 720.6
103.2 206.5 432.4 864.7
114.7 229.4 480.4 960.8
129.0 258.1 540.4 1080.9
143.4 286.8 600.5 1201.0

2 5 8 11
5 8 11 14
7 10 13 16
10 13 16 19
14 17 20 23
18 21 24 27
19 22 25 28
20 23 26 29
25 19 31 34
27 30 33 36
30 33 36 39
32 35 38 41

