128 3.0 0.0 1000.0 3 3 160 240 100

111.80488723727461 155.45432250925253
177.72444075617676 118.03174913209097
154.66077512794774 53.863238744249756
7.414863250830905 172.38295390516663
183.19695631895823 187.63720483415244
173.97918895633504 12.782641886079027
207.96110644722506 68.09629740850964
236.65795064554516 7.851452315876861
190.62994504278146 54.30208301036748
180.86527371481452 238.14978373288852
51.89449433734203 39.60050902714812
123.1305702667948 106.21420436849066
227.48071871780928 69.82125367709402
100.47484931246493 50.22907249015932
75.88728330026709 179.11416152871038
141.92402501849526 169.83077725323182
148.64614334259454 150.95724032610553
240.90814813776768 184.8396518579808
49.0827803128544 19.090436693571327
89.69060323619979 18.935661603954905
168.40803481614665 228.97619948073185
17.726497872684654 0.5020986996719379
228.32510952565283 140.65654684459642
231.8318391366107 48.74639735933256
43.91973280527969 109.7796517328658
182.90283030991992 40.22396067172524
131.03236102469688 87.25205571352362
193.44719477021198 111.64509498338498
23.586385224537405 242.16683345195457
231.26082018429986 35.81016335701895
236.89594361438338 208.81668740601674
112.14229260689362 39.66750673439351
150.22861679897878 173.32353802405896
2.662169521680524 5.873585678863257
155.7217284767207 111.04591604345357
86.05456153725142 136.9702168997402
57.85664831491949 165.75115888722482
166.33076328484904 77.34124263215544
104.67953710678867 242.705181946155
4.90715928267324 32.35360909955015
182.98672452885077 29.86207055529
58.78537854319649 227.1166613968601
127.6518711567487 1.974035842371269
243.71280441090983 34.857095770565756
244.63572336443332 120.31777611261619
14.544708720490462 85.7284653849118
213.47185513269366 123.74350916479379
162.96168090991983 81.28734841387919
6.0782152446280655 119.44244459258202
96.50200235572088 55.65670595611669
153.95514511658467 195.22432172674974
103.76893961976066 226.67332060550993
209.8774439805749 143.51237209275874
198.47362500884023 167.95909440937595
107.2237478939872 109.41821353641102
47.52415212789457 28.96072638150268
97.64257909019864 163.3311078173747
149.25474269230926 60.704498790422804
181.0815908919583 45.95506455573278
238.39676196630722 87.9979860764718
186.620927247044 131.3599063902271
224.6931611613909 209.24391790800294
201.52346146873853 82.58446411873923
7.061086300625546 13.928499103870923
158.15943799824885 176.00094954842837
228.44854464885495 114.47159063015435
124.0938272766657 192.96948938362834
243.66756473724016 78.45185546709607
44.54621936913952 55.2077385972804
239.3057233668064 124.15440780382941
101.0262662735407 119.01102886352325
228.23302265309698 129.76010128054662
94.23245084611739 177.7660280497339
49.020255297374554 17.368982192217107
4.888917999964187 92.87263745350765
33.13216852209894 132.43083208154812
144.90902790790813 19.147770025008253
98.8626097133441 41.515493963847376
196.7461376970416 172.05409750452324
244.36997477752297 19.726048122436197
240.06856782747815 64.55708541662524
157.62086461334485 168.03631603987537
184.7837655854462 221.50049641123076
187.1549698077472 215.77102867545597
127.44531806053728 226.04454046383958
48.40255334119681 216.44232083889895
229.95732803965774 142.97049727821647
193.67401993789585 222.47495740358372
198.13960068568647 96.7682197752266
204.17971517165722 19.13213510230147
222.73537173441096 132.00077906429644
157.75401037321032 41.16511398974071
183.9149606695286 102.27545486483267
29.966519613490146 188.15533584252472
5.280437298385038 32.863448034236434
145.70415262595185 169.09509725171148
185.5264187866981 110.93455301634158
240.00419236311726 88.19141066734984
29.30786952603301 5.46364616375758
95.06248668112165 80.38527847249766
249.2969554299583 167.84203911496095
45.072850497916704 128.83029606396454
13.308778491889688 109.53344047373726
157.97240966025507 88.70295413865887
32.68331632333354 148.3793715039988
229.4436926904767 188.95705956239286
244.29050486505741 212.0464969954894
201.1282151601306 166.7614191508227
208.5944993770856 3.174160601266629
232.70656175656066 168.25812540233306
172.47278400452447 216.02947050869528
185.5565069863326 27.178737404234738
123.59561778886987 144.3711739009702
1.2183874000876727 98.71692260278378
213.61264565024234 99.06937101353316
199.4025612822533 204.21733993031646
60.207903844092165 218.27730090610112
235.80606032435577 211.42879834028386
148.26549673280647 170.77702625837455
8.117630366565376 68.76884048807466
7.493201747394984 210.17277868312487
235.96322382755906 185.00324144520388
155.68525763393524 74.13437626614567
18.50604456680441 137.94229408142024
192.02309362290666 180.16747393987384
197.58463039334754 156.6992860877642
170.23908134442544 23.77432215673808
63.909732546457015 137.6730268896295

118.88536418248 153.85086473440734
182.44458765478788 111.8884151468216
152.04037884183808 55.26455482350182
9.428678347102537 170.1183434291539
189.59201879405387 191.1834355694833
177.6548807791026 9.387462368729837
209.37609709597814 68.06633239940199
231.76448757386876 7.105854118932137
183.72722271545598 51.416628567028916
187.35592070814698 239.7849255384451
55.184802454157136 37.44847648678973
129.53778483794204 104.92931792389301
229.05015574235242 62.947733754462085
98.83601760523713 42.963745707113674
80.85721423311607 184.86983718187838
141.17485185307046 169.61340342310464
147.55909530312115 150.37137440202045
238.36595866715547 177.81204807204597
53.21139525646287 13.012898373982978
91.64555214846747 18.06449957715886
166.87627776135037 229.98268643275
21.138086480548463 2.1668867271243397
223.23016847929176 138.54666838501015
231.59859539655525 42.63561850015843
49.545532812394015 114.93651470581959
179.10216484457413 35.74850130686416
125.9442252052494 92.20470265850186
189.10497296461838 105.6090673909687
29.362199635141085 239.23122938843903
236.85390747965587 34.61065268291777
240.58989476177572 213.6991807126266
109.4959291882612 40.180384876566336
150.26776551219805 181.56942764842267
9.09936760061103 9.390388929894245
151.41205746090583 118.02545684396104
87.15974939619517 143.4889701503178
59.03196081556231 167.30185674880647
167.1207912668332 78.74233259388113
104.57173508047448 244.29327044049415
2.8160748467446206 28.562440074639984
182.69621794049732 32.30518264179921
60.99214212592868 232.10076134277685
125.60577231949479 0.22861752735164886
243.00796938982788 31.846311871476352
245.92350885897213 118.86134276413424
18.22238098378656 81.08552173707079
220.1915646622214 128.2140047451607
159.7918204587655 87.53838571265693
2.4816976957255097 112.15972170038025
89.08091652146219 56.163038309808954
148.52492194094862 189.5554415437823
107.47086745890996 233.19192369400307
213.9513252000761 136.3717795522241
201.6100898465269 172.51150894254022
111.71078721701949 113.40305682398086
43.38336607641047 30.650460413122303
97.60627820911166 156.71362089505774
151.63029971584587 54.77644969722964
178.30894869310737 51.08099321107079
244.29174683823416 85.24098809593161
189.02317278013513 128.84126556961795
225.9667261386163 215.00870926786712
201.4521091465891 87.34739356943105
8.45392430353728 20.9033965075201
161.2216383241722 169.1629814578125
226.0777866495526 120.82919045651194
117.69540510442263 189.936675902195
246.87024602053359 74.93606273284063
44.51548237494848 61.70506685125976
235.0557840044074 123.70845934551808
106.79905205075191 119.8225307007847
225.80587118469768 132.91955163333301
96.78226959909014 175.7390093293522
48.81427747801983 12.508256382734423
8.946631557163103 93.60030956016129
33.224974023612326 125.42698491059697
150.07717050810822 17.923726606192957
101.32749539217176 46.28518908717222
191.36324207184066 170.91498218653322
246.6339608560837 13.121136526684035
235.51642373566904 62.13404259325142
157.56622080234348 161.48989419718626
192.5655189011983 221.57567183126488
180.61933784900808 214.2846687369269
120.68437604025198 231.07985829018543
49.37054225914639 212.95288566331294
234.56551951607298 143.4841907243157
191.43023301186795 223.73482432484042
203.7341958216695 94.0761236628042
206.82542550591046 25.036376474008303
221.79223550470576 128.20262446373204
158.8389163863517 35.052474543509376
186.9957364350537 107.01205983889278
27.138124582575056 195.84309010976463
1.5207045938386843 28.08522568447083
143.47002516930044 171.64254005479606
179.99404327611344 112.89505656069623
238.00640763669992 88.53110870072648
23.314461471405757 10.91373922410016
99.70334545444636 85.72382457650951
249.162896349059 164.81860007155805
40.48483564750449 129.67632247573567
14.422396454759262 110.8537054617893
156.3812482949144 82.41960882311011
34.69241229620557 140.81127589839124
225.99860247172975 194.68412726094658
242.56910307140237 219.59767500868693
196.29390068721068 169.5541843406143
214.0858030749168 3.6437382330420376
231.1204028224935 168.09188796267574
180.05285955948466 216.3260765335547
180.9827659212512 23.265421884355348
117.20238839522051 149.361539114025
2.5074798658204225 94.02270288941672
209.7615317102619 96.87731558517926
205.35120027056348 205.26628614480853
61.95345410740663 217.52094766219898
238.44568264305437 215.35296845180076
144.77549946615338 172.8305577760341
4.091771077452178 74.28236057855858
4.484018451797661 216.48819215084575
235.33242537323127 187.76592304486215
160.74414196576996 69.09552620149437
13.094047615583666 136.03763140767862
197.89288224498813 182.12576436008834
194.86781742448662 154.9647940139459
163.79887129632942 26.6324178144525
64.72628262790813 134.36898420066495

8.6 17.2 36.0 72.1
17.2 34.4 72.1 144.1
25.8 51.6 108.1 216.2
34.4 68.8 144.1 288.2
51.6 103.2 216.2 432.4
68.8 137.6 288.2 576.5
77.4 154.9 324.3 648.5
86.0 172.1 360.3 720.6
103.2 206.5 432.4 864.7
114.7 229.4 480.4 960.8
129.0 258.1 540.4 1080.9
143.4 286.8 600.5 1201.0

2 5 8 11
5 8 11 14
7 10 13 16
10 13 16 19
14 17 20 23
18 21 24 27
19 22 25 28
20 23 26 29
25 19 31 34
27 30 33 36
30 33 36 39
32 35 38 41

