128 3.0 0.0 1000.0 3 3 160 240 100

201.10183647691827 10.911118770147333
25.85407490998956 83.1423274887543
214.1320216979268 241.99393672415502
221.93198872653787 45.084025021613876
178.1181873764101 48.970861002033544
35.46125168684128 62.89161614456368
116.59772376656 243.62557055540447
174.11486078897104 189.45266973219543
8.040321098826798 27.229093606715217
127.10626550927418 83.70037642709518
75.31189336672256 162.0135902856387
183.08926106916647 51.211491324176656
180.1663059479759 0.22601312300876697
174.79201136515962 7.707334905224933
86.54384599972234 173.16156399404292
41.06352210276229 0.588796095894295
83.48254334933172 3.7051049141072214
132.9870447097532 19.56228627630724
17.75332373323213 238.07286323194435
28.039429485368224 47.367416732524894
68.50684678631086 182.3598679031062
196.92782040151553 230.66013596110264
55.725586004551516 113.44130343121623
69.88248465758123 243.5018507269348
114.79864114648872 90.09286017014678
78.21464303551926 157.26885676917067
7.298010270853777 189.61771406968862
223.07370597510297 14.784332746020507
175.0557432804091 104.56042484349743
91.5561903662215 115.39008619332195
237.6280595337647 216.55963577632613
190.79493838995975 197.92800255179915
26.03637774763201 82.60577458616788
133.9910324809081 109.17147912907737
198.0262664035772 48.30249385281565
119.02231034886567 76.67416413972606
234.06652043784317 86.1557183846337
21.047043375790498 195.32347141212537
112.38472837106056 232.1124334514249
223.0967320488755 20.391251725840387
207.28932131878548 148.25604303232333
170.11503417260357 9.218521552827125
227.39907197884432 166.58314859688332
106.72754424840222 207.33734772438643
47.44928129358281 126.56520433605704
206.6734012860451 240.72830826221406
56.65178248026726 151.6634591868212
20.482908535322085 4.79911943246103
123.36516794622013 189.38493701346408
216.29784788354897 134.76672552725302
111.14397370658668 199.0357864007017
105.32760836233277 212.78502387518427
109.11455612955397 217.19974260287486
221.0469466506228 38.94678253883743
200.21277819722346 176.7698253533531
55.41201796542655 41.479972491008155
87.99455824884805 208.88756526935495
119.55021476817468 188.83973454562977
34.613873227134995 55.5054676162105
124.56207208887402 173.45864880374518
244.76954951258165 218.5794950274373
97.74256094767675 42.036968660378896
115.06738432635463 127.48562566369736
23.98573055966563 83.03074678087654
43.38784735802059 84.48193452077052
191.6533271473503 5.409101279071682
62.14592612846281 42.549940674630385
83.39736339423226 136.4595920646308
112.33836243081241 213.11617444631082
152.52685975726266 152.9900593601923
96.44736574729978 38.033709116972126
182.5199324874161 156.56591440628455
60.83421141987877 175.55331871050643
184.46941489057627 181.2209631408642
34.00350412620606 223.01216625406911
176.60703505604562 168.50632268762905
135.98760643642586 75.89555149309163
63.69289385922042 23.373257725752634
137.30334628012207 30.009466664463357
205.74443246328119 122.26911657913777
53.94787793862077 171.1392063279342
221.90472650394204 217.56512109497646
223.25983283776924 193.70937169884857
65.7297975150711 207.3059797119203
185.9947426273364 186.42805819944394
202.1951979267102 165.8941162136907
202.88157586688067 204.47234761743064
119.22001136892082 114.28544694856268
199.17231374813727 195.92512163423004
71.74306465761521 143.54437602567796
127.80255207932615 23.307946317273952
118.67841063291377 213.01774700202512
61.67096606923961 228.23969663451257
98.71416811603653 26.18929307440554
36.50308731940305 121.13097925261435
203.6011280621446 161.84153946144656
247.7509784341219 24.803286083696918
190.06120291623296 33.74860774188576
35.79823702498708 201.0264969479201
200.13343205755658 34.52891965604954
90.9297809067696 193.59354455517334
170.54428524726148 44.18632355033383
245.16045122895744 25.817195807563753
232.09747273962117 18.211854679687168
178.48965056011338 168.03529931365674
7.3216307136179655 227.19239175040053
161.39778535729175 134.95931934554136
152.00290432082656 202.78541138213782
188.6321944955865 134.97049385857008
40.23365470413123 195.192470513005
161.02922419368136 17.021332001037585
233.62508086820512 189.8573849603166
212.47629857759404 147.41466111319727
27.222117631594962 231.42512763396599
76.05421334044956 27.456449282043327
8.106148320671025 64.53695383224317
122.19379763021804 30.323582870675047
100.30490052833882 145.0686542018994
93.27925177523164 249.15589690558008
121.10214295694516 119.58143999910892
95.55717326142282 107.62857933317093
188.2408160535442 158.84006626725227
106.3941411286685 169.30969912467646
62.841064465955974 187.01096892821542
73.63147927182345 179.2425743243091
107.1558916495837 64.85931285672889
63.275949243941476 146.90952573843188
115.38260852638327 154.31052532211632

205.05507673498082 8.936072727805472
18.423449373241112 80.58437360244555
216.03666310864264 249.4497668536681
228.71972412136364 47.864134754383116
175.6482396675392 52.75165243340846
28.907297564752714 62.56895287741091
123.37852412665117 244.2258027443876
169.64829925235955 193.9458982635861
11.1087183723598 20.923392940206565
122.10863573606309 81.28064028320692
72.4320947783626 162.2619218778873
179.760368282039 46.423964079807675
176.94762848115258 3.0106136945372564
172.46480718836554 9.278091235051189
86.09011483360354 167.4102967829375
34.504623106881155 0.9713916028651626
76.0187423952452 5.251015345117599
138.91028420337588 23.36023159304962
20.03863052659238 236.06028054110118
20.836147071704087 48.88772540477304
71.64324056866114 188.55184355555258
192.19441582045127 236.6855529806276
48.03951615600849 114.44928677226196
75.57510293106701 248.01309054880753
114.43335986113065 83.62757684601696
84.15781240323884 161.4975728161711
3.5608252714002253 192.50088792445126
216.41542520415481 19.988704409431122
171.3805368926064 108.89840737887432
97.59193995285797 112.77697832457795
234.58451530720356 213.92770497358376
187.25653895201216 203.9291590512727
23.31890217141555 77.07511120187338
137.06261028536488 105.24807600060288
191.9517120225378 44.358388014118596
122.8970564772743 71.55179027154176
228.49675234454344 81.12277114433886
13.618770429689564 195.41364513204636
117.4898118741772 225.504360128245
230.6384040477768 20.82796131743675
199.63615462689188 149.99257900625452
166.7673936504914 16.309319368144752
233.72644290669794 163.49406008200708
111.18177632292588 203.45217779075097
43.70136322022511 120.60422891894825
205.1278736240636 237.94863007857577
58.1431360670564 158.18490334203366
27.405642081633346 4.202812127024752
124.78895052096986 183.79626560788182
213.21662213540577 141.78342824355985
108.83510405177854 201.35754938009782
109.24437325379647 207.66091130856975
107.81062997135373 221.19810509963378
214.47379303911646 41.82551800706397
205.6481529294494 176.13071374495712
52.071992592745005 33.91218465306853
84.93209587095379 203.5360121791537
126.23889335741595 189.88560213542073
39.19056653345096 55.5423925462597
128.38362333976892 165.99021061706748
242.43194596813225 211.60918309252057
98.57458430674981 44.945742763555394
121.8579112963282 131.2115267905774
18.453997062584993 84.27401041135293
43.0535947860258 87.4019171548171
187.30137406877964 8.843613881789475
62.90174639951698 49.43103057886963
76.80870272459408 133.80518876866245
118.28252554208673 211.28868208029508
150.9348315274039 151.99557860829282
94.22104894207348 43.49435191686207
182.54898050136447 164.41871252602434
57.6271120124929 172.4432164121505
189.14374312238618 187.92320955127948
36.97164256985499 216.08280575714832
181.67480536453408 167.19691973878383
135.6704365383429 78.73551302890478
65.46363236077966 16.986597053826518
142.18068018301796 28.346300866572026
197.53265191220248 123.47238471791161
50.033382569341676 170.04976020942266
225.14676000661433 224.70922708694525
221.77155617285317 190.85981674426725
60.09431936731749 206.95750316472152
192.1124923181899 187.8796217491676
199.53287726714456 167.99866618922454
200.9743195913076 202.22759367792702
115.21194957852013 116.56082427789255
202.86158436230062 195.81710877022545
72.33494680557173 150.3348912692139
126.70902571869999 24.894172162292506
123.49845938907828 217.69830225967436
65.46333588975739 233.31865482459963
94.70675903906955 29.492661258086944
29.161483916690628 118.097335780813
208.7575465220093 163.48988459529477
245.6107347312231 27.51182565782559
191.65560826852553 28.860014317851874
40.01948139026834 205.05729457621004
205.21998180490982 41.009400534087554
88.24352355653089 190.52930116340082
176.56893855588757 41.40581751002048
241.23299008444505 22.445272387328323
228.63411827662057 15.755863873997688
186.23444434864368 169.34603999741208
4.240470842518551 232.9663531588446
158.9861361529712 142.48843781028484
155.90049762758758 198.06727512730674
186.7344297149654 131.02032903300807
40.578065574405436 193.2663171419499
165.72308262629835 20.625782124206378
227.98029793853843 184.5473240465342
208.3842212776232 151.57135994844575
34.7805747020834 228.78929366278706
80.66358194527929 32.759411086207116
5.776769279547872 70.35549231561019
120.25620151851082 33.508677223567375
93.98290731085632 144.200080869275
89.23854148353219 246.2353732441347
118.33425690925631 122.41123614931698
88.1007474507618 108.01775470182382
194.28401290427013 154.30843084833865
101.14429037670958 170.14068271882132
67.2707013766884 184.0391301835798
65.67165516997481 179.60999106691273
100.51394624665994 66.77737184881342
64.53868830603659 143.99426174459586
120.68998348301335 147.70091931417417

8.6 17.2 36.0 72.1
17.2 34.4 72.1 144.1
25.8 51.6 108.1 216.2
34.4 68.8 144.1 288.2
51.6 103.2 216.2 432.4
68.8 137.6 288.2 576.5
77.4 154.9 324.3 648.5
86.0 172.1 360.3 720.6
103.2 206.5 432.4 864.7
114.7 229.4 480.4 960.8
129.0 258.1 540.4 1080.9
143.4 286.8 600.5 1201.0

2 5 8 11
5 8 11 14
7 10 13 16
10 13 16 19
14 17 20 23
18 21 24 27
19 22 25 28
20 23 26 29
25 19 31 34
27 30 33 36
30 33 36 39
32 35 38 41

