128 3.0 0.0 1000.0 154.5199928382697 3 160 240 100

30.613815783994248 202.89793742056256
240.8552212166619 46.65972379868419
31.177034267785007 210.48279372036447
166.8459884027038 81.16752272640248
133.37552888606538 156.20789066573073
46.63061337271149 196.76930169450628
236.60788480740212 168.25091795636945
2.9247465432795385 95.45202501305747
182.46636584770408 184.41095958156788
9.395063614025839 31.195656273930254
157.71795151893704 248.55120854894705
206.69126111835172 32.63064526600545
169.92678544354874 13.74318352671286
46.93254346960826 217.83631507407335
131.45965385212386 200.42054897547126
66.48631221249494 161.23002782463877
21.355573088573358 160.41540538498998
69.06025083163821 237.106519318034
31.0474228196507 78.29604998923786
29.517363000363478 34.96342239012456
66.75443774448617 46.45589162836422
37.715583331734024 145.79528387926968
123.0781514893752 226.94599887427518
213.76619109271226 155.7836037428893
203.79740458555213 25.86867141797655
112.46398292591172 213.3033428421321
198.80536322666094 154.2263479494266
167.71561739323022 156.4819097194892
83.42063377243258 88.65639308537129
183.77193137817534 134.3707929040323
200.9902324235267 165.52894829022344
186.02325176694362 246.28642773177395
140.50709635689117 117.86163678993358
33.36823501513717 172.5628158118156
122.81400360148814 38.85481294207682
68.60348201164179 13.877723269274666
165.11213719233314 203.89887561566655
190.2834662776795 221.43005147747365
141.0446947542757 115.57100486813482
30.317087678479098 240.23714136888586
106.36318555659874 217.36364293664633
119.11413012429395 243.4354318828324
125.12149014231707 77.89322779389893
30.17470330499203 29.474216521061802
126.36115043329086 41.792541285526646
148.71669799771956 224.31837407759133
94.82397970802967 29.871103715460563
238.11342454153282 42.44934926347849
171.46647495918282 104.40166733875265
135.00854296900428 233.9103113201226
138.0984442426221 12.216972084853062
35.289754476719835 162.43815821946788
207.07232754624502 125.88039082772107
76.75661027982328 100.69556755664577
41.41105879328 235.88534531317288
134.52367883176677 204.76747809872123
142.3879053685129 129.2774644622897
80.64618190282825 208.38110125365424
207.68889104430178 133.62487463637183
57.48094905259982 64.63397094982004
74.73956929402792 234.608153850742
41.68416528023941 11.72211390549477
202.3063210881762 26.059960152684386
182.82076210298408 119.23626568492674
167.5617682741526 114.41916522347356
114.71176881167445 207.78690506637605
220.16292445738966 197.0426913188083
63.71850419781125 80.14844709851066
240.64892940986383 106.37402292774658
139.69535142412073 130.22665051463295
141.6542716635848 226.2552463219496
122.89295736826031 106.3893772522129
211.36265235115175 229.18353972911825
77.28619482317167 178.4374101900233
79.16299987765626 117.30136781116335
20.016072532893364 7.927596814297666
38.91050398409443 162.71311909149503
108.21446763126141 85.11134243136537
246.4388853311422 41.74895068858958
190.11412525985594 14.248170469173676
224.72552140571068 160.51076254167216
39.797304116347604 20.35832274317445
6.0007147596616575 29.35538444740493
142.41137150789154 215.48396685277484
190.92773288499143 138.73351498940312
56.998980007559595 60.27406326131793
138.65323289389053 84.54332935197351
135.9386981949549 95.695593067709
3.999982941444685 143.50437768350537
42.31642204434871 134.21370745980707
216.2713955140507 214.85057634643837
200.65347927591299 181.768024473359
245.24991403439424 77.11176607602322
56.916135362785006 119.3832733761411
67.17905389706821 5.991471212342253
15.671574227042795 67.36780534464346
35.366910735366744 193.6408163418586
232.26615590003712 109.7849920995372
217.5631477660833 146.2826432934014
15.064103875286229 61.235078619781504
174.6592875984042 233.65548867049608
194.81352804522078 122.41597946972291
181.75085737099465 208.5530960028008
144.9926641496347 42.3932647438712
72.39173510657551 160.0764489462257
149.9773294329347 243.17099808409387
48.0527141116584 195.78415187163975
42.12973533096287 134.7373221754407
128.3757006815007 15.19963273309588
193.34152539977083 235.90385926719588
204.9924590682631 187.01418795313447
27.633721526943546 181.39113264301466
27.49353738585947 139.39289204088863
102.40386216867367 140.2611988074515
185.4779808561081 159.33240494387488
244.65733541414735 53.64174174173611
37.96509918577165 161.6655444555045
175.11558511374315 165.50858249805665
211.13409989920126 190.8539952245647
134.2693649311571 72.0147504694599
32.56161086235559 6.913838840684444
65.95663542694521 43.816905514186985
57.10400355396572 108.73458580666451
11.056026364546472 197.34942483212217
220.03439335940615 217.36019401309144
201.25753958376671 182.61589280053641
26.740828441272846 125.71892973901194
163.13086424503686 238.69483298825463

27.74393409077447 197.7755212366607
236.88464717500403 53.914753592531675
32.28489894645897 205.45595356820422
161.61325200191692 85.53242625448748
134.47376099585094 147.88258363621114
39.610299894935864 193.91294508891315
238.19971027945385 173.743413994961
5.176994082869313 101.76927663122684
179.49702617713461 187.6941401474649
14.29992940105032 33.51342942027136
159.37363845047196 244.27053710561225
200.49280569810753 33.264450523449064
172.42936046890472 10.849148820582494
48.443260758899875 221.5854635822546
131.95898750979018 199.97702631215566
66.7634036182892 153.6762697194383
26.72514122333411 166.15539884156073
73.56256295131541 232.04804685033622
32.246693006208496 86.40054531161057
24.83973533219047 30.355579941736487
71.29248893523766 51.180479987698035
40.47531063637375 152.73085890076703
124.70639644265461 226.43749407950386
213.87074777303803 157.50697777661358
208.05114485228208 30.176626164545862
114.14956511651586 216.05717864783549
195.35842631053268 161.79816786343565
164.22434401697626 149.98794211040038
81.3900514276571 95.7369357610639
184.82425849472364 131.47531001925043
197.14816967908294 159.17778323144827
179.76283508340487 241.79179342807927
148.43234390644915 119.94478257833677
39.28723794727057 173.71437176367198
123.11039417328287 33.26923482372487
71.09435888430318 6.622585322407698
161.01645603833867 211.09664591412096
184.59437637000073 226.89054203860886
142.75369596690027 118.36759830509824
28.301955314929156 237.17886758854962
109.78215820131484 224.71238647455837
116.48640486339168 236.88914531293898
118.68992083245136 77.2789635772965
28.54212216225413 29.973252511018455
118.50079484469245 40.98980707318031
153.41782396071827 224.97502251606875
92.863772959281 26.10611072700106
231.79164683217675 47.07964821998778
169.040809756722 105.53483015197592
141.89953594762142 229.17994025884622
139.66931189352408 5.045974532283115
32.29710735308169 161.51376553586934
204.72463371487328 123.39156101840035
79.65498729827341 103.24570338877753
36.83111028353364 241.02866742550606
133.356452167484 199.84516605647164
147.2033776765495 134.0485414534584
83.74514034526709 209.34069161017155
212.86401790624228 129.79765386887505
60.12666691795404 69.35825965895653
73.95101238201902 232.16199144670077
42.09304455150406 18.706302359119547
204.27256062694346 30.25746867034404
190.62134643520173 117.80243059923764
166.4375655296762 115.61601984509592
116.302948469485 206.5062884625462
221.00827377794968 192.69297008916314
71.28621727212489 79.19760757021749
245.68083128554875 104.45356669283773
136.444728474844 129.4556759037248
142.92646137919084 224.74701623083376
128.41323270935814 101.9777920527594
205.79240586715696 228.8579618576702
71.39640833365208 173.21954165645965
75.16968418560042 123.05919577756447
21.61716884592188 5.964089356471803
45.5532644148775 164.58608889577624
112.23682835881304 88.18348768237477
239.41179933300737 43.37440760730726
189.2279452953903 6.636485279330085
227.02788983618697 156.373272509502
34.35345687668392 19.601732903051616
3.2082317402484515 21.425473588024797
146.73184937642347 220.73009505509938
188.26220592381804 138.56003429035633
57.87037102268333 58.1940327620174
144.21048134639148 86.68861096302102
132.2935126559827 99.96534687123393
3.4279844593119724 139.37516398227578
44.295017097850774 132.43475666820615
223.69956158045073 211.84485484708554
207.65845990658298 179.42177006571725
244.9096053758857 73.35702060262894
57.0552758946648 123.18454168323456
67.02215274598188 9.55463528363501
9.431496910547565 70.93239082801378
32.86571753332523 185.70173227748214
236.2548400059832 113.86030555105697
224.7531273563629 142.60262364241615
16.46373431343051 63.649474319699
178.466561300834 229.42732312838567
191.00293664800157 128.56375537227063
187.5886778932423 211.27752194486135
150.66865679380055 40.15807729994203
78.12868921754473 158.88291772618797
154.29792672668967 237.23245207161898
40.916508293827505 198.6530407052072
39.354975122774945 139.07130313007312
132.7837439286796 12.596529497375442
196.86617275229722 242.7057296804541
206.20890424957418 189.5827756535939
29.17438646733772 183.2566876983877
21.088450485986147 141.78247617009742
106.57978827637793 133.93634729449565
188.69835025638184 157.22174384920896
243.77604564136706 47.41084693746672
35.26694552090082 162.00731926849997
167.8241490053149 166.57081867930833
211.13516521751015 194.28712083029072
130.9026848571874 73.1230939945856
38.06037285657041 0.7584329755839503
61.670616812261045 45.984766747161956
61.40666708756812 114.17345221719044
8.95169162071252 199.3580178005375
212.5127170082029 216.75954012376278
202.8246508777103 179.83037446817912
19.234299104229468 128.3471570893869
161.24111984795053 235.84586030064764

8.6 17.2 36.0 72.1
17.2 34.4 72.1 144.1
25.8 51.6 108.1 216.2
34.4 68.8 144.1 288.2
51.6 103.2 216.2 432.4
68.8 137.6 288.2 576.5
77.4 154.9 324.3 648.5
86.0 172.1 360.3 720.6
103.2 206.5 432.4 864.7
114.7 229.4 480.4 960.8
129.0 258.1 540.4 1080.9
143.4 286.8 600.5 1201.0

2 5 8 11
5 8 11 14
7 10 13 16
10 13 16 19
14 17 20 23
18 21 24 27
19 22 25 28
20 23 26 29
25 19 31 34
27 30 33 36
30 33 36 39
32 35 38 41

