128 3.0 0.0 1000.0 174.74223665402602 3 160 240 100

138.59810573648898 112.39980685343659
21.775038014057362 195.85737838543363
127.75499007478003 39.44540780642078
220.7517008955074 7.618956456987597
126.12871531881243 25.2378473838486
9.525887774667897 48.99312039567866
187.8949845547652 103.44123569399463
65.98283582205494 112.65038976179132
91.49033900883727 87.52732718524322
153.873391412463 240.43072720503412
246.34452176360472 201.8402122338616
138.68886385223493 80.78721541820231
210.4316473173097 119.78710143916658
72.73931277533572 76.1317500611941
22.336374006802163 130.78783385481466
118.19803063626294 214.75542901651022
135.83993187945796 204.3020043165716
49.19134159571145 70.15010191944151
47.213331360569875 113.98305747763402
52.130774850006695 30.652403398113453
124.5301460031043 39.26627405137173
228.73672553943797 169.7669965125341
63.161349039173196 82.37712070007738
170.21093545819838 174.11626137874435
127.65979462880541 120.76586950170167
97.43170387103098 19.88248448447971
49.06343793906459 33.69378786865146
239.25577483204466 165.12292254404707
186.81396734879507 177.56107246289653
194.06382347407163 162.980509931305
109.76836734592452 209.82236878797227
235.3832514101884 65.40427182322034
36.506366304483926 183.44988494625903
13.389219522188355 187.2805474595536
225.26623229976437 128.25384793118718
7.334723168792273 174.9590353239922
228.83957932803838 10.592014950331407
8.93872031198667 101.21038770109236
242.99492525187074 67.75729987649743
182.57160092297877 53.35512350760102
61.74449559755296 227.9781160545997
53.89424563793596 175.697381362719
81.4366274056646 173.15917873839786
108.88125180733994 149.50074390786534
199.9346314132919 154.0451819193641
245.61527543344783 73.50543746581162
27.35785219244566 160.76726908256364
140.08230544294517 238.75432794106368
74.37704183881274 167.73117044455492
235.2624011859494 64.78129356662204
36.12904373250888 247.6589486353031
184.1801093444222 166.42119066924454
232.27802749175527 25.595946568180317
5.746182285754325 65.70822552544078
149.83592333228128 165.50192992240378
66.02185904722415 154.37346822213186
51.06598094388734 217.75384535306384
13.058897644391553 113.11287604789874
170.28147179466862 148.2573532595705
107.28394041117062 71.56673820517543
183.90023806464208 154.90911565465916
124.96230759318627 40.69682021906848
247.54732810094197 243.2997622293838
227.45026327956342 175.2918187293101
23.408426597271713 49.343605240749575
24.8281287271363 31.186857264963564
218.96190504752278 234.67087360546597
91.7111842937045 112.9865573896591
244.09642795091239 28.16316372202629
44.4458013487859 220.97881872468696
126.55732821351351 113.46133514939632
25.61436214114485 211.35212006343752
144.48374787310124 108.48468797172636
143.0573678716949 10.485028593687911
70.70397352170241 5.436797554945749
17.594717500858113 87.87647695493109
181.61461528588163 153.13962938877472
146.26834376362143 18.006759448543825
198.5877831421982 142.91697099427148
210.06293988981932 219.2160470017132
17.323882209430874 216.15584680395617
71.14790269644573 212.49338901588
13.81772905135678 58.092612713759344
3.2810803802441892 120.29527568017303
74.30549669482487 173.86378129792485
87.48864399217638 155.46318996173517
225.55873702731228 105.6078670476811
197.88277285106545 194.2277407199156
180.9843967275165 239.96182314919827
157.5244148275979 206.47062186491337
208.86871643723154 221.01705086533667
29.01203184371251 28.487575318854567
70.88193291865235 90.66059452571443
40.257870959807626 80.4094058244411
248.5410539182762 238.43187349726313
101.67156532856669 200.58415248497678
61.20859743196688 131.7390737917704
155.88051302623995 161.55392728671964
232.12512531002668 81.17366830385322
95.89314241947878 211.50986769976137
106.49783046670744 120.47847616522469
181.00176468001854 172.64655381014026
155.63738782640448 127.93258603998869
47.15994526514194 97.79416694023854
68.84241499988916 10.695237039053119
223.07466181532692 47.211132736583615
114.84776628983518 50.91782289257177
10.97093290325349 64.6227735829504
164.71208702459967 34.006837851305676
151.35750255730014 18.786890021949304
173.9925652541833 17.48749832405491
221.58024454259996 233.34973886224313
239.08938424096135 147.43096987335957
34.396352237709124 192.4595439501877
69.09043935734918 92.50688001994817
185.35090954431908 71.29918111976691
8.301171450784766 209.7787336030031
56.886315113753724 245.14209730484515
49.04990552312996 194.11120854208897
39.12986958377329 247.9326550835985
101.69572095733514 75.67915213272991
126.34033684793269 83.3825835056555
5.015399119421643 176.13255095322677
106.80717150661769 14.518558690044342
146.06601767753136 149.12612369775184
211.8932042064476 183.77218711367306
20.73866706360439 81.74905742887739
178.7303780004566 112.9404103879611

133.5165826029113 106.87767579050356
17.607934094414162 194.1593201294984
127.68791587526934 35.89826501931401
220.7018231453478 15.94694124804935
118.7719903187697 22.18855327599073
11.447686699280062 56.12127660008839
186.0548692947875 110.10307912523878
60.88195547389563 113.96423124467813
87.11913187275618 82.3875844951989
160.7443981859564 235.7639504253957
244.3477004640571 197.27466418956035
140.606206488554 84.01088316271166
209.23075478046547 121.64315644766852
66.5695237395956 70.89145202108458
19.925331757829927 126.84026615551602
113.43981540891807 219.76183111263367
140.1406025502104 208.17231005817
55.621992012084675 64.64602694215746
53.82482457167889 111.50652947130344
58.41952280787061 34.929223787489335
126.44432907821398 42.8655254373885
221.82317718306456 171.88663967988145
71.21932486047055 84.6321746719057
167.98052392344493 179.02767717324338
122.46089636755735 125.79312446838034
95.5996295272917 27.38737126305915
47.97914293771138 31.66381830103729
237.80108321081283 165.71868283819182
187.05748148125176 169.77468427702803
186.29938591515588 162.67863160850905
113.45209992157052 205.49033825491387
237.69178673922326 60.99357584452411
35.75640443317107 187.4347067614568
9.737966235388251 194.43413532342595
224.92921298861182 125.40791668399301
15.296216877683344 176.1879313970593
229.3548771983053 5.647695979640183
13.292021943198979 104.26245447151416
245.97668004270548 60.06822238950063
177.21128228165443 59.349476273072796
57.52564144703923 228.2608972387591
61.5035182174013 175.72511656554485
77.81441808932243 171.89877239887565
112.38452153486413 143.22762173085613
199.99141514085017 154.07031003748153
244.00970973802 75.1759901344145
28.769860743937752 156.3534249080011
134.54178382979143 235.35359456991966
73.1423465082394 167.960247960524
235.45412480474906 57.68959792179346
28.921230473945236 248.2226035749999
181.03527498073228 164.98312772165642
230.86699730023898 23.57245193413593
6.8656721817930695 62.18186248601901
144.8786441252417 169.50747978544652
64.17615871938654 147.86329505225788
50.951186758585564 216.83608696763213
5.40975497140947 110.22596792326539
174.19300204610937 141.04078554452144
113.10270694484379 66.36324067185976
184.48296660051878 146.79687390542344
121.52164540882605 37.00749604302101
246.1324277182803 245.73971631289322
220.35735838338712 175.11293907127902
23.436413468653743 57.488274948542475
18.870145020453755 34.56253627951825
215.16074695287492 233.53173548518816
99.55417024440203 113.2516603598562
249.65619257032392 29.695045825108235
38.8740277209314 216.4536672995916
124.72656280548142 117.06830840707322
21.477350316766646 214.41914028231417
142.62024847810395 104.05658475608983
145.45235420055653 6.0929626067214855
71.09241088287233 10.981974665636773
13.978407523056374 95.20308536940125
175.83712420158744 158.96338008317474
142.15094776953154 17.44262402862551
195.85282831094455 144.961367158657
213.09056234547967 211.94692363878835
10.912388497386043 217.58507809345602
72.58169914698313 206.96552079996943
10.73754890889203 59.46028194643818
4.151566744455298 117.5590311395699
81.2554514352201 175.10553456936148
85.50622579915837 150.98032439054043
220.15373933787936 99.78928247494609
195.34364474623584 190.4847004309642
178.6929780366842 234.47583652788845
153.70228726406177 208.82495840609826
214.7885394698973 222.90307165086858
26.502710988001194 30.410400751975956
77.44457958031184 88.42700737479683
40.78514509673553 80.8698298721365
243.641652140315 244.44821104486007
108.38834898368113 201.66568477406636
60.26743256762826 128.15473722376265
157.98481231149242 161.4165900522654
236.75804868359862 79.62475407426211
101.54475112691976 212.33775095251403
103.38183748957123 120.21881387485745
183.23814123783063 166.34807463313626
163.7214602350817 128.72636995554
53.933653258334935 93.8984996771979
76.2774084032798 12.324532545511858
220.70652367360506 39.44220186186248
108.69379414523195 45.73121354468054
6.092046956938379 61.11290338205086
158.02436265049195 32.07523865710779
147.14769410989507 20.32202242772535
166.86336977823996 19.840616256514316
216.73238390926932 228.1581879247821
241.63759630941829 145.2081855017695
33.321895558651974 184.87291779649857
72.00961299494696 91.38462203066355
186.26080796959795 65.88118258074113
9.064041055149463 203.24996951796513
56.19535340976833 243.45674153123744
44.21124784186764 188.50953546341714
40.34845618195043 243.96048655340144
94.80310370009865 77.61430683341852
126.35849600606075 89.55452525365915
6.1545462626360905 171.1260467527681
109.7841791375711 13.52014352829567
151.1049810314889 144.09885361305288
211.27142598794 181.00815129976823
13.159761629543103 82.84639713692019
171.40302950525725 109.20436425240041

8.6 17.2 36.0 72.1
17.2 34.4 72.1 144.1
25.8 51.6 108.1 216.2
34.4 68.8 144.1 288.2
51.6 103.2 216.2 432.4
68.8 137.6 288.2 576.5
77.4 154.9 324.3 648.5
86.0 172.1 360.3 720.6
103.2 206.5 432.4 864.7
114.7 229.4 480.4 960.8
129.0 258.1 540.4 1080.9
143.4 286.8 600.5 1201.0

2 5 8 11
5 8 11 14
7 10 13 16
10 13 16 19
14 17 20 23
18 21 24 27
19 22 25 28
20 23 26 29
25 19 31 34
27 30 33 36
30 33 36 39
32 35 38 41

