128 3.0 0.0 1000.0 3 3 160 240 100

93.19722414726166 24.948893006269262
120.85768499885418 203.8526715444968
30.305414523335156 58.62550925809501
200.63056108324673 244.68828230912675
82.30548190056125 93.92911398786887
156.90994016248632 66.65928628355466
56.31388397765666 83.74410231118978
35.56781835246547 215.84893283747766
6.317729904479124 228.28129656512917
169.65040193680156 13.311223017525354
127.49795934078942 145.55896623869262
84.33310665065066 100.60656206487303
70.69469607059553 65.48099667983972
169.41496681987337 147.75935597275384
22.343919829037272 230.7954861573045
132.69871397324914 143.21843525498878
224.42661470767047 158.3476210561663
153.1901238239026 100.28042938701174
185.7837721586092 171.0523525935882
147.7340543799726 164.38512274123386
226.8417987000083 197.74976823918772
10.108508047470128 178.42374755329288
185.80026750308502 227.95503278403126
48.177305486601014 222.2196464420176
219.73910991489836 236.66232148305667
154.0222055610685 112.40776633641018
205.24021308988173 53.16764879115135
76.8187384086591 62.73653618236089
236.29090068049652 222.08842770672405
17.47439376258489 87.95869604922495
180.86122447841908 104.41603515389968
236.76376191019492 72.31154808337124
16.310301688802653 232.05878247052578
129.60554752885673 147.56804835352318
77.8605407637254 244.87717260968427
125.29311941434185 7.9506827993115206
101.99975377985108 192.96080388164052
112.67192682372823 100.62823293234615
132.41069782641094 128.88029950281265
67.91680741814606 225.79607697209195
25.40797399643363 230.37089482146942
206.77959909887494 90.09111966467559
146.5203316185779 215.674405450522
87.44429187699492 61.90101572383441
218.44995919591656 211.325568777525
49.08432079598957 42.14964915547878
153.17479730151183 119.94927553055987
158.2962635605151 232.28159451918566
95.3686560210166 195.63726964782123
84.26394283693361 50.780816341006094
150.1124827570476 12.946398980266395
101.49441838822634 201.2192705783881
50.766020424018095 212.83926096836757
39.500216216696224 5.305546455657506
73.49777575148083 194.52138121621974
195.61195353765692 32.72159572490688
21.099928572869768 131.02675148911857
166.02815789271088 164.78595694594526
224.97319919744618 198.6198923341158
202.6359193948944 131.74808554079908
239.55550735404097 154.2908955701783
87.5736165860335 131.78043834098708
152.87285660378575 5.249541591984292
28.9246391570214 45.98588126147959
9.567014635132875 233.18839053271736
173.68144509017407 34.85694986533766
83.92017515068642 233.58810206102095
46.363664241565985 110.05464419025601
96.75416560188508 28.908597600929674
201.17346517862347 98.85215227999458
80.91767366901811 19.031042421645633
56.205365736116505 182.01577695400863
145.05650579271676 172.53548995014427
64.1507684900016 95.34648730316964
90.63356720574947 150.47375456577117
51.239213496529764 236.0742845811323
57.47897210583011 198.5422867595286
61.36026940810918 108.46551204563058
51.32905493548184 129.63684652749728
160.86722026435177 216.7724227036298
201.2199782935113 27.360237244224482
108.17301914687755 119.40335277190067
26.58274246080336 203.9897785156674
8.61562354538606 130.33214244378206
166.40924880645886 178.69316948578333
232.2961910537727 176.6093948710902
76.25664156059159 16.122212781533086
224.40954416128693 89.56324737113103
222.98308543796097 97.81770751596419
4.327668914892335 9.1102071650275
104.36967252081466 145.32579218412008
68.32891433812443 60.55983818220745
28.21890182426101 195.31021090737073
235.56815303520517 162.1256193755847
43.77872223631274 130.45355043530878
0.695281542918369 109.31455241632432
8.983874218194854 194.65646592948522
63.11830291456974 235.39246808116496
247.30171142124357 161.1184108382518
238.81594207023997 71.14736100568642
138.25822163717444 78.61130245708311
225.1935096922788 140.12483707934092
234.93091571187668 156.82128760075818
31.63794837854003 44.04174130393637
72.90315998241448 189.0059304093537
151.4842955401139 30.561715296211155
75.06218796773683 50.64383336775916
206.08051636519056 56.74897830522421
167.6545635340693 28.840083075829497
223.0009797427132 132.1707543419785
215.06628993455897 192.2068021488214
42.39123640922365 61.552888288993856
176.2686723990169 141.31544670824186
149.13213068292754 249.8805336142152
7.639197395503339 167.16571957629992
134.01905974613612 213.86805153255315
231.4065205990984 6.128509544382626
202.3991941002503 10.325029297230337
2.555054261468237 86.05404389359158
71.39523537748482 94.31945784249227
60.6392593479233 90.11279549602402
25.91072482574233 60.741939295265446
53.338154238237344 168.30551840391612
232.11819492301484 16.276886143396922
233.59341799551285 112.31161416639837
92.74563860680351 91.26676357568464
72.83790538308429 227.04495080363878
244.9966483980796 76.29452982333751

89.3461344242475 24.88023039819301
122.88807904764296 208.92721121590642
34.08030421290584 57.97559795542989
199.43887033692212 238.17487990520968
85.10253252803801 96.96910751831464
149.2852538289479 64.2713879582261
57.09001723545054 77.09705582086002
32.95664149487704 214.18427477378285
12.469477312216231 229.8809829452206
166.69853580636556 5.865118061443519
132.30094013773106 145.51317239969222
79.98933194936752 104.83255669814743
73.36237472017577 58.55706687170531
168.22489281321415 142.9187214698764
28.659195938035758 232.04079790302097
130.49321839532988 146.8267475019826
225.8649859462509 153.54598476194275
151.66077003070876 99.63600681824408
184.55727712486456 171.60960417034076
144.90167081766683 170.8811343013845
223.2861355958392 203.71436542393954
13.572777675623065 173.66291519384367
187.1247184611984 234.8018019339788
51.61066066400183 216.62112043281243
223.21271192815863 239.1326398093027
158.1490581555741 118.54587163694974
212.40381585121418 54.601766241395204
77.2649748024983 62.76330102903141
233.40347043257262 217.88503152978348
23.24417646472851 88.88366160011992
175.66175930839412 107.12060161916062
242.65686666518823 74.37053040831393
11.43593857009273 233.11913004802065
135.24404434256292 145.33157605857954
74.56885527505392 239.26869792341947
120.23743347979612 3.52976510314626
100.12579008045708 191.38215861534377
107.9299343298542 107.39838328498489
129.16862277684268 133.31593266400918
74.17036398997104 230.97959157497974
31.094738710447796 224.4870508407809
212.0721750943639 94.56456029221796
140.2637022927961 215.24310239012547
92.75684388723185 64.56478717007735
215.62038327572301 207.00558778343284
52.005127256886965 39.514661924177794
154.99456779547376 127.36574552672883
160.88728354323334 234.20510437351362
99.00734689515322 196.97765139933506
77.73708353783299 48.99790865009226
154.68214076841042 7.474215111065052
97.29632050396577 206.55019610053574
58.35771862520628 210.8782122465313
33.894707372659454 9.947839650081558
72.86254423020883 190.5854265517417
190.41931528453864 26.4975131203751
15.150431891923223 132.11106251718533
170.86920624079715 168.20680937802462
229.75295857433224 198.5026720731104
197.94373298696294 134.26854106995
240.95108637679783 154.31731900793153
90.1901030177937 133.45858328452823
145.93204412807003 2.9107283400248427
36.50486670989236 46.521445898905974
6.155454003010485 233.0730280695198
171.9739161778393 30.23562389883347
87.45479714593202 240.40070041170563
39.452206328759814 113.19479193498059
99.42731255810241 32.31229695884072
197.2732216420923 98.1792316185352
89.20066450498074 17.697710483064565
60.21240790186189 175.12659499608395
137.3218025451343 175.96138557712047
64.70253887043923 103.28590179366415
87.85474845454469 153.56247754794205
49.45106728962628 238.30851109220222
55.3124367605034 194.60423875479032
68.36665551499298 110.05751658527801
44.314919734281006 133.49311742266548
167.79017913946007 213.20903281626636
204.0774755682593 34.584951932852825
111.86386016726063 113.51121836084884
26.569833360155116 204.81518919207028
7.589657958112034 124.13821717976595
172.965714107406 174.5029921622899
234.1580246964726 173.63367771771425
68.6777919589242 15.915309735273969
217.32668922234498 93.46781088975459
227.34834843483713 98.01827442819874
0.46166260106378365 10.145685872015614
108.69323676607185 150.16518134090964
73.21308318541952 66.72700779624482
35.928001098582854 194.69437937406377
237.79572685226913 159.3210975409919
47.386918807691245 130.56811255227325
6.856893765761013 107.29140452510904
1.1733783894619099 193.58530269099003
62.750976642302504 235.74202835692097
248.42270937618662 168.5887310868137
235.62750267577087 63.92128760665791
132.00791387527136 83.38206133322362
225.15425162508473 142.917845823756
238.46243370610733 150.64543925914376
25.91922698281862 41.71015756755825
74.98443527293192 194.78041495311743
147.76453254307376 27.15951727483673
76.43652240754129 50.536902553991794
200.08281719268356 56.023478334033264
171.84765342489575 34.725025926417544
218.76330022143486 131.97049588203666
222.61825322114646 192.54267500895384
44.152220459878684 67.80073017471028
173.71674472386007 141.19707223527217
148.62653801184058 248.21804947938094
6.644651831477388 158.78042315663376
133.96204936577314 213.98190560418405
225.62862477879497 6.5614018033473
197.10897614338893 9.972126566942352
0.4727346369785834 85.69922321096496
68.79422277543374 98.65032250615877
56.276598197844585 83.18665270266746
18.29610137035059 59.45086688640411
50.570458475601235 174.9471491888212
233.03835095367154 24.55358515575942
236.5215337948757 110.23389786473074
93.65266377766591 85.21362011419578
68.77413758444794 222.4484257388193
246.65457216808298 71.83786632957268

8.6 17.2 36.0 72.1
17.2 34.4 72.1 144.1
25.8 51.6 108.1 216.2
34.4 68.8 144.1 288.2
51.6 103.2 216.2 432.4
68.8 137.6 288.2 576.5
77.4 154.9 324.3 648.5
86.0 172.1 360.3 720.6
103.2 206.5 432.4 864.7
114.7 229.4 480.4 960.8
129.0 258.1 540.4 1080.9
143.4 286.8 600.5 1201.0

2 5 8 11
5 8 11 14
7 10 13 16
10 13 16 19
14 17 20 23
18 21 24 27
19 22 25 28
20 23 26 29
25 19 31 34
27 30 33 36
30 33 36 39
32 35 38 41

