128 3.0 0.0 1000.0 3 3 160 240 100

231.54465013365024 17.088316277739242
222.09460488605353 114.23437115813937
14.099516475120005 213.86548215346562
154.3595314383231 5.202461170883577
165.98742010622885 136.0212752680335
165.80289920484742 147.11326183730296
244.25433174762586 192.38853768531095
50.58492191237646 101.06710888152637
73.2236256803355 57.9283756512661
122.64111933789404 114.30545509013804
89.41111879350261 151.5217315954009
105.06836649980842 76.76629666236407
140.19885998042454 23.99981256407402
181.3502449166381 37.351778283690074
135.92416993703236 70.87127063290893
35.15007827909844 217.2389473546783
223.50775749542726 75.16154013012519
19.85110265121126 186.53071872204745
102.51833984218969 141.71678184839902
114.50971243702054 126.42392380800302
170.56427486798285 115.96610555243778
122.00864475284939 4.2776893525667266
234.304956347531 228.90848829240588
4.936731892448115 123.36893848347455
234.9068516079408 229.76609306862184
230.85781653762086 152.22910125072178
21.342718343941524 94.43903419928785
172.5161219870227 94.0421913615552
19.755984843713907 16.687546895297
159.77181061309048 193.49461460638366
115.86301382839609 219.40259688675116
241.93790646224332 40.48440404794407
248.19898734113423 167.41009001647947
37.28633803654802 226.47731619226664
65.96682368371631 32.23404240652727
73.70544601145801 153.37952909137553
6.798515774957631 181.36248575540412
134.9307727041701 37.20131155369227
94.5675041672532 125.19409404090925
108.85151363995065 239.33343864517977
144.04520220638932 145.8354588706898
130.87050985538167 4.263226319083213
59.31278494482897 121.47163686202522
61.0152503811606 223.72779966304196
35.9985560865719 151.12469798225467
127.03338573639323 98.77271780349479
103.30185823652042 243.64172954871302
208.8839657508049 84.07665805787379
60.004210135774976 31.70696776558471
151.30905579929413 160.3530829082419
17.84968188711977 73.06791962116408
212.99635493594374 223.16189705329182
184.84787782422697 19.21141868795559
27.65371881360179 205.13137004870214
12.021444870682602 85.59379292311539
58.08251789610344 145.93302541265297
146.52411030815304 225.48115896111065
163.99427445129388 152.41736788619514
219.29012890038314 34.68493871910605
246.7053003567934 210.26333905354792
188.42615750390684 41.31121563200127
47.71528883156176 51.38353229360087
157.23793239232796 6.657226900131624
74.0795004102423 101.85864456890396
134.93788747241445 13.163804168872916
116.13803293792391 122.23573369506033
224.52791781437313 156.52648833629078
86.86155815694485 144.69047802679722
76.46002194617995 59.5618763385368
194.7010642503287 245.67929650360915
149.1127046005949 8.263843701523694
82.08719923727011 118.10699941185587
151.54075978902668 229.323865046241
112.67375845467278 125.44576453205377
85.24705524503948 146.5346489121595
97.2688547003174 176.41448876137383
47.4771861880329 196.05108060357156
88.36756572802012 227.7326938905858
5.1016692851569285 186.2140622562911
108.37933413346329 155.53509677864676
185.60850695712313 61.17599486212977
211.60886486967195 226.45609067369642
117.00748138193748 200.41383458246514
236.19519089233572 33.77868357361255
17.876184503233805 59.416665628811955
233.24307364510065 244.78918635267982
17.5134535726065 9.682612741839902
240.58305236508855 59.065493149693474
13.424318777619181 79.66754705371582
3.784965193225298 14.994677628562131
229.21345889908233 199.51883690643697
152.74158044439721 119.23469746801807
183.24138577903602 44.329634892293775
42.802506016685 34.43720320281948
128.2310002607168 89.07527506632773
233.09128567379352 95.88593613847677
225.89673797663963 157.03847354486135
99.84553398290969 229.61291024158186
162.00132834045195 126.22136685423443
153.93762570502471 246.4825731213417
215.8495464811651 135.68582999844705
242.1500345261157 219.20490680200666
45.28608967582551 203.21066860873304
223.6164881256764 149.7151793409473
131.908698111921 210.6121960658
21.483126851954776 181.08304910832652
9.632505840676874 141.3804600777607
89.79620415095457 197.5639330536268
121.15805471693058 187.40724378569547
39.69153479883825 111.06514148530685
139.6676513266013 64.65178785325828
109.65794223430808 218.05645369842807
80.64756209241483 238.29039907344517
99.17081638023015 197.7490311909693
74.54625483832042 229.1191279924689
222.20426532882882 244.19959073793504
146.04251391731898 148.23690408723692
193.61104857223796 101.10646326803696
239.6164142755338 74.17625279264925
131.98908862409613 171.97824780133135
40.5125480735887 97.8276418017845
152.27360640991213 220.1773465493197
155.24866000186321 20.11018559406058
19.408290324997967 17.120420085541543
113.42850470245902 175.74923192896406
178.0881650589254 215.3682876705483
22.049067628652107 31.7641734262242
7.006332788961816 171.36115725694418

226.8268903236168 14.298016234425864
225.53521582533338 118.59221206506292
13.669076183599248 207.4447959175953
153.95651651820432 6.283390674209327
166.70639310835315 131.43576905935828
164.6569251215046 152.3240094207529
242.56343717747342 185.01949387098657
50.37096320668702 105.60990785319558
80.17360224495351 57.37519653427744
119.44532213014652 119.1405713629149
85.64719716558983 155.37970119578694
110.36827567052477 81.21297761050495
138.00598105898658 27.385292244831383
173.40373173049187 34.88886829403032
139.65518517052834 76.02992315139781
35.95853831508672 222.437395459414
230.85813698622297 71.41017811020284
20.08530918140941 184.21924433829216
103.04047979518171 146.41797244856588
119.45350914594205 121.36749935860891
165.92119520751984 116.15124402426014
123.0167114137594 0.47896917304229847
238.7389206187883 229.6388689657854
10.818375288936144 122.73015720219843
240.44724398965803 230.15453024579398
236.94510328778648 151.11558486925713
28.811486084617062 97.84792257372091
168.64671741724123 89.44078190851512
19.208081457523257 20.168253286920873
164.1814180365657 197.422163626514
122.77213619002913 222.61355819883653
247.67836575278918 45.482598812186
246.68008633601846 173.7451868202754
38.51632417642531 232.0768469225096
62.04060806328931 36.10323591085893
71.28281835053838 157.1594467348046
11.402150819383227 177.09065848370844
139.12582194641664 35.43304949515061
96.95493346408365 122.9547289735129
115.03396698244664 236.52152069649108
150.60337747617982 146.371620745544
132.7512910234338 11.000991204361599
66.17621751895122 118.06016928191795
58.93015763380957 224.51583539683645
36.958572280109905 156.83556780100145
123.8605641203423 103.33883306040035
101.74782931752144 241.6474339787238
209.64982805946937 92.05479988830537
62.29881889318162 33.740055537811955
152.9890374602887 156.7861815483382
13.048337565614132 76.74674835098136
210.39500555004906 226.2881896513994
185.01867703675777 11.783196832984233
30.449591686418838 208.63432371441658
16.488964995153317 87.09602999308852
53.35283128879528 150.23658983317085
140.59927597320075 229.72912909935545
170.1481659005787 146.79969225030703
218.94955825504175 27.504723564758223
248.07359663065316 212.46065927971978
192.6965097206195 36.763092985984514
50.3979145106365 46.8301232557449
164.7364806646917 6.962955656802161
75.58535459926347 100.75849455726157
136.2029657733284 15.796375503280501
115.41502792733021 129.95122799217543
229.02600961546932 157.37658175605193
90.0595414609996 150.20225771451922
80.34401291631471 66.3456950156027
191.1732206843545 240.52521617453087
156.29049375113593 9.837004705281204
86.69855331441767 114.40185513422804
146.26975295614392 223.15435393131656
116.28844548648246 128.1692159502728
78.68180106341529 149.75723605793831
96.7786074549456 174.26691982404378
44.720588167658285 201.48961488375505
81.91432521585907 226.01674362774997
6.744452519364675 184.19211907752776
110.41168399430477 161.63671383816194
187.86044307543654 66.632769852007
211.1202906345891 230.68882745049183
123.21973753381918 205.37580967734036
230.5506182387275 36.2268983743228
21.71496598635328 56.38888975896209
225.50422931588986 247.2317037044568
16.38330013399944 4.655959303498158
241.53408366707117 60.8512198447847
6.909883110480686 84.79768231698073
4.814149843450771 9.576603133853002
231.13552838590067 200.98007409507647
145.58652730697202 119.78695841792147
179.4433606403993 50.758647377491585
37.691676503107566 35.43206964108922
132.02174854817187 95.41208469648063
233.37134085340915 94.16128567823864
228.80231582137515 155.28557707749553
99.21574680336734 226.66661136860878
160.46932926502768 122.16179297530793
149.86130919490364 242.5968702612169
214.8230634977414 136.35999871587393
237.3204252782407 216.44618216758798
45.96461855250858 207.43551299068034
218.4379184964121 151.96368309232201
138.63391021352035 212.6854230371739
20.81865903822844 186.95344105559798
10.236794515154967 142.51193355340783
94.96397754685393 196.97336933985406
127.0523693152232 187.03610422757419
35.91846555441502 116.0079418953488
146.57206658125506 62.286251001607425
106.00576690330271 213.6093045378792
85.79549965957459 240.75237061180792
98.47060984419981 201.07237916493793
72.66162226119194 232.6096600927034
217.37933953166362 247.89930994419302
146.30811587099407 155.74410363514627
192.66552745328534 103.59748470326744
245.13758239028755 77.64513580532336
127.8263918173031 171.62814048125145
42.33637117127037 94.50132193910873
154.15905728831248 223.54312503697918
156.0078325056831 16.901565157385306
18.67440781081356 22.206014290486326
113.3297546369024 180.8070774956112
177.88805577832846 220.66265403267994
20.126672874294428 24.77582192462449
11.72709297232552 164.63136373400647

8.6 17.2 36.0 72.1
17.2 34.4 72.1 144.1
25.8 51.6 108.1 216.2
34.4 68.8 144.1 288.2
51.6 103.2 216.2 432.4
68.8 137.6 288.2 576.5
77.4 154.9 324.3 648.5
86.0 172.1 360.3 720.6
103.2 206.5 432.4 864.7
114.7 229.4 480.4 960.8
129.0 258.1 540.4 1080.9
143.4 286.8 600.5 1201.0

2 5 8 11
5 8 11 14
7 10 13 16
10 13 16 19
14 17 20 23
18 21 24 27
19 22 25 28
20 23 26 29
25 19 31 34
27 30 33 36
30 33 36 39
32 35 38 41

