128 3.0 0.0 1000.0 637.7906353875854 3 160 240 100

109.20337157747015 66.80081634902857
185.07704143829156 120.10043348386965
28.504398223834908 54.077975061414904
184.0907461789301 111.73040664637546
14.945227818802643 46.01576198749221
189.83458614911197 237.5437885844281
69.15596227570067 239.41210967223702
97.87596746981461 215.21277957883777
205.77792462670033 8.437787380687928
80.79945229825461 175.3206825597116
13.018318688661518 128.21891707925442
79.07782638424962 203.62595259695692
11.09279711893188 45.76162643420284
168.98502522733136 35.598382659980885
156.4670298899889 227.88517087304925
160.51297818096805 100.56641177991199
109.96555707841333 14.866585614101869
132.98618201101166 211.83742576271345
110.46310184715566 122.76063514776197
161.26317190944314 164.3811459089936
167.04839465833487 73.12012222507755
38.48282090156166 193.65145264181035
231.02897803899336 71.84976676124694
218.0973151778311 192.25121571789396
125.29200715640532 96.85927989012885
34.261321286095686 164.84892162800446
56.541158093834035 35.32544407886118
203.3379651636184 200.5233936232
1.2920670574458892 237.36437870778767
144.87889876915324 242.24259828046027
7.290013837620846 34.25928426497305
28.762471909035582 38.85935032911
61.633835930480636 39.774245549695415
1.8804029981822068 7.834742077287016
200.07337120102815 68.31192134781786
134.954751194758 222.75413949058694
108.46942965826844 241.50541107909075
141.36047885193324 248.03857108281397
204.22401572343833 131.48963520703202
190.43043815034753 53.76579592641506
29.478960014765356 159.36189833469598
113.79174533394465 56.88926076772524
187.45586196008884 244.0025166270688
56.636597213966496 51.74017855675661
214.7476828741085 152.10369376831073
147.42500748491798 144.90117912056135
193.50879972444307 37.2590934657856
35.285240555205846 8.254433554149593
93.5360521864729 43.25122815624116
193.13262006607752 195.60745401799448
244.26427244531496 67.04545959715408
84.71004538475965 139.6545010801763
19.923154877491385 66.26558373826272
225.77468578891947 245.49740321074657
43.674136929311544 88.05766749446
105.1703395865981 235.52101364708483
133.0871965845536 131.98520424280974
83.29156359479406 102.3098692292942
239.95621488643852 84.33979868300118
58.436266631962305 43.61222614655566
36.12289221932469 128.84044295015434
89.0422092632146 60.897732975686345
199.0945926241464 19.073050442361545
149.24716768083772 138.45136060626567
199.87583254190605 66.6912936770733
157.70733510872927 70.5720730355835
213.24948674816864 104.80053209616277
106.70250230845427 3.68152107821626
200.35872771668258 114.53691445370886
69.20795034060589 16.747729842620213
204.6602039088088 186.62097423002612
30.589149434578022 136.71758623730332
29.559313120865237 20.02557025729981
244.53360848406163 192.79312077551265
101.66663945471626 174.4160901075089
26.42405614853477 21.163428725347572
50.28286641480112 5.332129600795516
112.38156174289665 143.4358895440965
139.0302082030009 80.38470762574259
118.65355155747942 135.27800797571945
40.899648888148036 87.97647476714293
63.147427727947594 173.473647603868
85.316903067183 139.99520331189697
65.18827758947025 173.23657199407577
92.00963630911393 7.675449296879883
40.75134265966957 199.19240372394125
70.40859998522645 183.608852599526
191.6158504333837 183.34578874230903
86.63678563058608 246.16144000953142
236.20330100679817 37.610890990426995
177.07447848214227 219.34852148532664
243.99887799680377 135.0586591180298
223.7214853637971 201.2386553653541
126.73021213832058 38.91702902063282
52.04039937834773 11.725095016127895
65.42595838213047 92.52455846823013
66.7958094673868 40.50029985265569
24.18220519217229 92.9127328891792
86.0207754270651 53.36526781224435
140.86261038073908 157.16862154569432
54.12207226278434 28.254401246299466
187.26599614661055 143.73002590933174
151.55588244772483 122.47670719027256
210.69723149942132 175.49180476487206
171.442591136519 72.0638100448084
25.033101158779854 140.19367062649457
50.74343860798331 35.98940108480192
4.471495493153816 165.6123494812984
14.74204560454967 179.6500120245025
53.63516032725168 195.02675227047385
10.819288413843442 216.7885939688438
117.01342374191084 51.539751913824425
241.42569980278162 33.32425837523867
105.67264257003347 79.62136513047142
137.5607283633619 160.57429419720063
58.5502072536635 34.19377919029657
179.56022039921282 85.38479978626465
10.250063680899062 105.39303097698661
3.8451122208211785 55.96344448030971
71.60998603769728 114.83293840911618
180.28599136597595 23.184525445248433
150.37977777289822 193.60396609374692
117.16732553028575 62.59752304592178
74.38025517382324 167.82991156721513
74.94423264656753 52.38645634161429
208.28175945578863 244.68495606623657
192.38654890389972 42.00629180917439
3.8599509096327314 223.12845262381123

105.9351531540686 73.30457254233416
184.9304330560402 127.3638780925287
27.932967833855958 59.281047273995526
188.3207374115873 114.7753057713519
10.684223646905245 47.579159487728674
191.06326172036398 239.79279425335085
74.84057951038986 239.16601235692522
99.02649602819113 220.05218341916742
208.09154483491145 5.361237959022047
78.62778229037104 170.47791350432757
20.83984847509565 129.2561631236357
83.86544565577128 205.53256598166814
16.958435292995816 50.24724121146032
168.3504439246284 27.917722180439032
164.0716191769466 230.6715263650819
153.04104411890143 104.22960735259876
103.88733969569437 17.937297407714105
133.03679951629692 215.56990397535063
104.58266253916673 127.92405937189739
165.70235107980588 166.14984111207838
170.0669677029836 69.87335384883592
32.940974780226675 194.78619381721967
232.03555011353194 67.96674770706854
221.8737929198543 197.25380259355816
128.41255374864443 96.04574997682374
39.76661451092692 164.44364394253992
58.72996410818637 34.09322715207405
196.0473279742892 202.49802716431748
3.9739415738280215 240.11385045866916
142.75595441728578 249.3934922941584
6.6416053961073365 31.351095224451036
23.197230035329113 42.426080811708985
61.467501722283906 40.342244920950506
4.593179963448324 11.061232875625409
201.04981413425256 71.99289072904253
137.37858304755716 229.98866449817822
102.60804405412726 243.53486479265362
140.04314291350053 244.06062095808653
202.80512883429594 136.81049751601387
194.95220157625764 55.38746417003926
23.410696597751024 156.33429660030598
111.43700635501268 49.28962478833693
181.9375876381459 242.21858418015762
64.71128168880786 51.36865465151705
213.31940065909666 155.17326325469898
152.75347739679273 142.80767679403044
187.23715228507984 32.43251397338642
37.51804013505189 15.613870008981262
100.96449610907332 43.27849557506977
191.9284525660405 188.76144868125346
249.58241153137732 70.27678214174746
79.6876512227698 136.67282781007705
15.154454724316313 66.91397568950777
230.77643842222977 243.82447568723288
42.5792888915808 87.39698484525685
108.9364394754375 231.46188169861446
137.33877789612606 126.13636101273113
78.13592071035535 104.4871337577592
243.70628263790292 88.72228514574145
64.99624372550156 39.91179169227374
29.57654344002228 124.77786660564644
86.33676221369113 56.26072974464854
198.44621755933466 23.39127371343053
144.3126944727277 134.92016366201662
205.43804036781816 68.29911468252561
165.49609847889923 72.53585634956482
211.52388623296434 100.93227415352473
114.63326865983173 6.081816173033772
199.62865565496352 110.83605304442523
62.628635049137905 21.163928661563027
209.85422340759175 180.9701795641697
35.52341355542563 137.71968601992566
25.429190457391616 25.491143965139575
240.82003422948605 199.98128427943482
97.38792545694203 174.67492526957196
33.847474295260916 22.279245070271266
43.381315105959054 3.0385132850352656
117.24964587049391 143.10538130492466
135.77219700895125 80.88734453801494
120.9588322181365 133.04553153358611
48.773486307625014 89.03392468251207
65.92703089836289 170.69112294042378
84.78481928363826 144.79741204512902
67.74070747933133 167.30004108406484
93.23056582013106 2.158248129338347
38.814243940188035 205.43797431812314
69.01320335494546 183.2875663613967
190.64177086385 187.0616893989401
85.88047630263252 248.73880886132054
229.75639439405668 33.17469922125921
175.73362423105118 225.5282116776159
249.77950915304933 139.98973048142065
217.65616350981958 201.73852542083532
124.00524919049968 36.5120212633383
46.11181623452007 10.5398388741815
66.03355047298568 100.79814732476267
70.63054711948979 34.178218085719884
21.829386045363275 94.16364434310125
93.19659110611805 56.09725712690286
139.16677126095382 162.11852516926336
56.18449672970516 20.321935067429713
186.2530668934925 135.72518786683847
145.61981535160857 125.21928178951735
206.62420001258297 173.33782421255816
177.08473569210005 68.65378434818733
29.707670134113464 140.6789425931146
56.186582880178804 37.8329303761831
1.2420050198542754 173.21922010906954
14.392493431982095 176.82852480953406
53.677362763651175 191.02059289778109
6.256471480965281 211.9549539271574
122.91732075645453 49.10445517089052
244.5573576582694 37.940937578917534
110.31883428543726 84.33699207791747
134.00959459478952 156.467479014156
56.427981467009474 33.609812087157046
178.3759853833339 91.32924162739464
11.491329595541444 107.5519777268809
8.13847668123524 57.699701345094
73.56362360757373 122.16431076120796
175.11673164413165 16.494562072367575
146.50846249876315 190.77987934978617
111.67597077589723 62.29105681877661
77.28280320689146 161.5711193123378
68.80141875800558 57.794271848855075
210.7066066491609 246.70572995406192
190.27766626358562 47.203832184513104
8.782472387647704 225.2053786508101

8.6 17.2 36.0 72.1
17.2 34.4 72.1 144.1
25.8 51.6 108.1 216.2
34.4 68.8 144.1 288.2
51.6 103.2 216.2 432.4
68.8 137.6 288.2 576.5
77.4 154.9 324.3 648.5
86.0 172.1 360.3 720.6
103.2 206.5 432.4 864.7
114.7 229.4 480.4 960.8
129.0 258.1 540.4 1080.9
143.4 286.8 600.5 1201.0

2 5 8 11
5 8 11 14
7 10 13 16
10 13 16 19
14 17 20 23
18 21 24 27
19 22 25 28
20 23 26 29
25 19 31 34
27 30 33 36
30 33 36 39
32 35 38 41

