128 3.0 0.0 1000.0 438.64511128172904 3 160 240 100

20.74310069107563 148.28454675672918
52.13370238783671 221.0265457156721
173.90953985510822 230.2863771776228
140.2360573328879 110.55503139770096
30.865893347000213 107.42371188174282
65.00091397837029 75.05650718938878
109.67257186407281 155.6218426997807
213.52630839929847 197.04911182027016
233.5705057822919 60.469533114486914
12.727391298616636 216.0547001036264
116.85082251798995 158.40185649394772
187.90754415517688 74.71603886078599
137.3594619741406 116.9939460510377
118.91255702161358 11.070504509366447
65.20037985773556 222.5597794980576
176.76364483043392 79.00804227381322
120.2196801869486 31.90997758877784
201.02263688936745 112.61895920017919
108.60780862537031 112.22117229274085
140.3847435131934 71.8367723396672
30.850952797935122 240.9562800056315
216.8998718908719 126.38759662705634
195.17412594460862 49.07956011169523
193.4398754723069 88.25789708265062
47.380259236060375 43.17806911181016
193.00673612761915 57.6384259441354
111.152876004944 19.36769294654067
85.78414587401434 21.461621465689834
158.2269880960609 195.0118390020083
46.12527325761786 194.10193155679357
74.48298678728082 10.231938119196732
242.17385321568128 50.02819003800624
120.36047322043997 224.7438215666093
239.04771675529796 8.382071379695683
89.19651295498262 135.14903674529194
240.85021360543675 39.415692873611604
28.171566221116635 45.49648452010524
92.19634474543315 75.54306972170826
120.31860779264863 116.38564722443581
178.95559403672075 217.6018650872804
89.01692951898862 161.58397895527418
161.92694724175155 235.88108726386005
176.476213271667 117.36664476479064
157.21098497904805 15.486535578743993
148.51103845019512 84.96304172642671
2.017019229954342 84.38508477919521
63.39997090553137 213.72549673038964
201.92913998076693 229.63983311665075
43.652200206037996 198.72379868004347
210.17665578619253 248.0178383177691
236.3900285315011 48.17868196825831
3.3231790311336606 213.74712980557425
128.25612714981077 80.35265080866607
219.4775345582727 124.01559654891336
78.2524330783204 214.19577857112844
79.545048012568 65.23113831372102
90.74405169056818 7.675351113697825
208.90174869779742 128.0071525705752
133.1161455821144 33.38580482332515
70.64662337671793 143.9536036635744
56.29640282057946 130.63112293117956
5.921460876775642 123.4724817139064
167.59649219289753 196.23399969385636
132.06837172877655 187.73332717746658
129.4346868014611 244.46750809533316
178.50725345919207 134.25230377817064
62.41429652570987 148.54061146781112
128.83006708975427 124.990806372896
234.11547890239046 217.5052287183768
170.99021724186156 201.27680185528084
198.3164506470453 150.19301668061303
51.39947397138095 139.59380490926088
215.67208854994954 38.583036458874844
153.48881677040083 87.74006646008233
48.821523352884505 246.60651639450097
170.2702284848744 24.896211009373502
75.20774649837966 129.54789997491054
114.92332487702875 85.44628661784606
38.42140827764126 177.2643621466788
224.25545602509146 136.33083995146512
141.48161448923577 14.332536687929554
180.29784872855015 118.64980921470413
223.03464019304428 61.835800439455745
167.49131518646945 220.91199329134156
155.23192860557666 75.99207206361724
157.93126126002318 179.64702217797335
122.37883865187304 173.26533157263373
200.29913098190096 1.861074046357325
64.17081172998681 44.87829116529623
233.50538937530814 133.215113142958
15.808658798266206 73.06462825073629
248.2298732875713 111.65558941923886
167.7596379919809 151.44876281640697
130.73037133216235 195.97379465387104
110.03250879467669 133.21769576694936
177.2905012905383 72.80213960009172
246.9394486088188 23.45230997850428
111.09686998400664 23.297260260156467
94.84519776077161 16.22060661784708
227.44855476446986 91.20149704900327
231.89832954234203 119.0451035754258
29.214143144919962 116.8212906914288
2.959870234728157 20.46665022493607
242.46435492391956 233.5879845413069
181.54162583570064 228.5402724389769
150.0585669198405 42.83443344724036
75.88681218535623 164.09373669637696
82.2989763782839 219.69397228229505
58.16962813870377 131.4935505413494
25.500277230006112 177.64344652523064
130.30094678540405 61.6737587941393
65.92486841299922 87.55208111994526
152.26813631905836 33.00556612529829
32.77805515341758 157.11127733465167
157.70973969096 154.2285718774601
162.7326430070914 244.3765797080207
61.29777019151772 104.6156370672078
8.485350562171423 190.82239889851292
75.98102359510031 27.847573886571634
142.6892647486557 19.260835854726988
75.17677336816911 199.8035047238971
121.54999475632192 156.5925735200982
45.64544023091388 21.51525668233581
231.33097815705284 233.07842905598625
176.07402932651425 52.25528353354403
184.60270114844062 234.6931062508944
69.5481102144721 18.38748609342747
136.21494938296703 235.09813474096998

24.571691129981893 142.6832272152741
54.4820833902947 213.51649066113131
176.94099091625202 238.14295400449615
141.84802147716664 116.40497621150173
26.567531541752036 111.47934480332673
60.68852681534806 78.32937969268541
105.50353118940023 155.83127754281338
209.94831638256233 200.99828295636814
237.30486929769026 58.19587445782592
18.868753362956486 220.37793746561505
120.53028249883747 154.78888401971474
195.11025420220832 76.29570342427003
128.89440912655496 116.45041951691631
120.73362002757918 18.291107876129033
57.30297876148791 219.82631076216586
173.94592438576612 75.6856207177566
119.4404164824105 37.45418170233503
206.25643880642508 113.7222726133634
113.90624278018316 117.48760053955732
137.21879658781947 70.83275331312115
25.760785627466255 244.58244959016255
222.1871892517262 127.735167080544
190.85769923621285 46.206617084814134
189.27261497720872 85.37343296913033
54.90360231632818 44.470255057947135
197.88454570059594 62.22985083767196
116.93983020970362 22.609499874827048
82.03408957229708 21.553963064189468
151.54596240483176 198.96478673896075
45.97904944222447 193.7206897922891
70.21499319729368 4.207446084978167
248.05700653347384 44.87187535827034
121.21996564313739 216.60367508927965
235.73831107533147 10.607902764993959
94.48896138877721 141.62843390306597
243.42922002558564 46.298165915046596
27.921117118259758 38.607024295674
92.24161638493966 73.48959911356704
118.25486860673625 120.19447820182403
176.04110311729877 210.1573946740034
87.70591241376977 164.89812718861924
161.08423372538755 239.56072849698862
180.91198526905822 113.79260413964771
159.72733308597384 19.05888450255211
156.124909020136 82.73622773536482
5.5975865414913395 77.0242763627722
62.17471924608617 216.50973047848467
199.12540526932054 224.8124381301768
52.08478372876013 199.31292385457704
217.93348595134654 245.0705994190299
228.39789964325692 49.89818173633276
1.1085552110682295 208.50530041106683
120.96942449557999 78.94142556053558
214.32784118480097 130.6203733097976
80.33933933980248 212.00486599435044
81.04476122691209 71.65896117787274
85.92977438877361 3.5357740364349577
202.65503257452465 123.19935826090253
135.93062563554585 31.33986468122771
74.93617141166689 141.27056720357876
60.75154426214363 123.78110931131161
1.2448937941714477 118.51623620595647
166.43031654331068 189.04947095131934
133.57160954601883 188.53737221854513
130.53142564821133 241.2681680445996
178.9446988932158 137.64232207469783
58.115492953152135 141.23290575273626
121.25975634565265 125.27296691407352
234.77219338261543 222.91956907674611
174.8904335253674 203.8331155249447
198.26019215206298 141.87106462904413
52.67421026125316 133.30755816863552
209.24048977684936 39.10871080745928
160.99056926363127 83.93820189659684
47.868001371458384 240.1082511020851
171.15779592422598 32.18698665928374
75.80183368119329 130.91418672622157
113.72803938965875 80.04563735848336
31.893822321291427 180.41545255075908
230.41535781742166 138.84388101571093
142.59390214468468 12.901331019217643
186.3213208422651 118.51151080341829
228.98816360868219 64.69578519751579
164.27625245133183 228.5942115495525
159.05951253011267 72.15223267775781
154.51429707422872 177.96784819293768
117.15132981026113 168.35153994334996
198.84202084690457 3.3453550671878327
67.88463536955014 41.0179775484231
234.1084443466843 137.1651660543127
19.165838388529476 70.34670418482273
247.22133586638 111.43493748438551
161.29745454255325 154.4600006797007
127.81045923278985 197.12758543854025
111.97502801540892 125.09580369290369
180.1247351266499 72.42757425118349
247.99266986836065 22.462063050571828
104.23894861184647 19.241190650980123
93.6633858804556 20.777541789630234
221.9033632727449 87.71515181233316
226.7240094841521 124.65575795435558
28.790222358498983 115.78850103964822
4.058245258889981 28.85106625201386
241.86461102814775 241.81435620269764
181.16224628156982 233.4243290142776
157.1077599283614 38.13673774478946
73.15992836339916 168.2635622981698
77.72713038141862 217.9025914435287
52.98272282820618 135.915005306848
30.239332994661194 178.93379940370377
132.63459618472476 55.84636109668062
66.35589436187395 94.85819701414053
148.37841833406162 31.215007458248067
37.56211557222516 150.3855727477781
161.19550895689727 150.5229360717704
160.5346454612093 240.59348800794237
56.9259941671858 107.08071772781256
10.322830630753565 189.60065739850586
77.95607151059502 21.64128608687632
143.68574485564383 11.768431388639561
71.39486007565691 195.9222346454253
128.064238765636 160.4883667399129
52.43028881616452 20.3995422416324
234.26725100444796 232.83404757689135
177.36617486780278 49.518511227570976
186.28331955982964 237.76068392858707
67.08154091752111 23.180595565328005
137.60516348142733 233.28086777074688

8.6 17.2 36.0 72.1
17.2 34.4 72.1 144.1
25.8 51.6 108.1 216.2
34.4 68.8 144.1 288.2
51.6 103.2 216.2 432.4
68.8 137.6 288.2 576.5
77.4 154.9 324.3 648.5
86.0 172.1 360.3 720.6
103.2 206.5 432.4 864.7
114.7 229.4 480.4 960.8
129.0 258.1 540.4 1080.9
143.4 286.8 600.5 1201.0

2 5 8 11
5 8 11 14
7 10 13 16
10 13 16 19
14 17 20 23
18 21 24 27
19 22 25 28
20 23 26 29
25 19 31 34
27 30 33 36
30 33 36 39
32 35 38 41

