128 3.0 0.0 1000.0 3 3 160 240 100

74.48465218751576 207.1126542785222
77.23987480044461 241.12757441472516
209.23489763859098 135.40412064229474
227.2330280118901 222.02710943992264
134.5903491482087 124.15719069962766
164.60665991214344 76.08286241450091
174.68104768905457 39.433071508180596
204.94837829075584 146.47209881728267
18.847280421476846 227.37318432976403
197.99091444496605 26.623932013587453
197.39406412704696 59.78485914014867
125.67347422833453 10.27910547242858
134.6572778793191 71.30617589834937
148.3658091079834 10.287578877476971
217.32888557434285 57.14838493214322
41.71934570331343 178.15889853646937
90.02170256565198 108.47230956427883
89.64606499118186 243.1349931383378
63.18146223156668 125.82506184362596
238.22141283437008 67.82260486559736
241.37634682439403 247.34150595223272
101.92972296919062 216.8602729249617
114.41813881249097 139.40420147078487
240.77511941396665 43.50996099761112
13.076734824655462 157.57785957125682
189.85096827946566 163.53177270866823
63.49960396204074 50.38385183045013
99.29551121644414 88.12012724432309
164.4618974122557 175.01649490333014
130.19980193252056 1.617492675277693
169.2450412113828 41.31139805609188
165.20107893050007 25.674667313983797
86.1578733228451 229.6884551027277
216.66691225522442 30.759768407646824
222.4139034535016 114.62604745760108
57.4426052234901 85.23073378775922
224.91935671061654 104.77589777453004
59.55264092758228 12.947873869675137
104.00929056687286 38.802707716280665
232.43003726195107 232.68288064006495
162.4849532559219 141.3712794225476
171.57720468806852 206.7880444249036
114.79813042080178 162.76939773877018
234.02698397765812 200.33354692308936
105.44937830072648 182.28073796598423
176.02333320425723 205.4387439258465
193.30808894555364 99.28110395455758
149.66723108840256 119.61483721169449
219.8087061826905 54.40662098064081
214.37594271268503 113.17758517740839
34.14903043619921 179.35194663807144
50.63093989371595 116.21956070543094
244.4821532572545 223.79212547830335
152.5611080723145 162.6759124760705
42.98966287396136 99.77000903953973
96.80595387451332 77.29221574992084
208.2539089776002 65.40081922301123
184.4652337134195 184.28079556607403
113.23758801361622 43.96909698809484
76.92557289481839 193.9704414996477
219.12509483320773 132.57818219021544
77.55451337931851 73.6198484767604
6.28112723996993 193.04887676489403
194.78337231110004 42.98541978093276
37.921201762351146 30.678724104416354
201.24794515238764 130.21587233428363
45.13515470831611 85.0713757347947
29.429487066843564 240.42543630706152
188.3554915291246 102.81039074900971
194.99110950666588 83.28054423328263
17.571112821517882 171.7216187022366
105.10999526437433 90.78323178559906
80.42564692980392 211.3742549945831
178.78675064511413 170.29338801613724
33.154450354277664 152.45068160555462
25.610098954728628 189.8826891778157
39.25838700471651 42.550330262947824
65.40055399334548 97.52756120408692
0.1096662533313919 143.0719462148868
247.0934475965828 232.09534823718238
143.0098859961044 183.3863313910293
82.70335348780733 39.388816334695235
206.1388705813647 148.55331985654433
178.34793474919252 242.27550765900173
112.74345455987658 108.5946511208852
9.38716190810035 191.7164818445586
19.952992346821937 80.69932521074777
111.27019452642541 113.93611002734843
53.88717752653074 60.64989632310147
212.82133702459328 135.9052043547962
108.8162775908291 92.71772899209246
98.35123415638064 125.30739985765254
198.44750878701126 137.67548799323978
211.0867260451584 162.46815989966012
68.04770501547272 172.6058679009471
99.10679327454642 26.18042561832007
132.9142502132578 162.06970376209327
59.48114261464771 245.12090549765261
126.37611525934278 131.05579850231277
100.9603603697687 141.83778517648386
23.985779613222984 48.67172465076361
244.0661712111628 16.180641657206646
198.25966686603545 62.64847971439941
204.10233498204244 129.20748354914502
55.884759588247206 165.0064698769688
228.14789897112598 185.18200803195256
60.47170226370338 4.802816519124536
75.09613655155833 115.20784425684927
24.09320800656073 87.9180673088712
46.505539857900764 233.6870256509795
205.01391683510747 121.95990158452268
237.0402817975116 238.88207077235018
146.17098074189738 142.55603472057572
233.42632368593354 119.72888224836767
61.217962685165276 216.44301406111538
115.3210717510896 9.436396375650663
127.75627855478697 47.3489159299611
183.10231937436873 18.432516349440014
98.99692958828294 82.92799778401624
74.43505558191796 197.75127570982733
137.4881123858691 0.5053276827030051
121.16887651765434 60.97395270690139
123.81596485277078 46.97725387140933
123.65146466117422 34.512410077023546
224.4299180796235 229.38810981129527
218.85537353581134 207.20880317601498
206.2833579831236 157.6452673587216
153.9148798884917 213.31173245656694

77.99033351974421 213.7832540455592
72.78265850034605 238.3433947819659
207.4292868803366 128.61934198765158
224.11128926048997 226.18925295857042
130.83393319710632 129.22417008088885
163.9716071456156 78.6253955502581
179.61911794220896 44.464446680841625
197.47883987424746 149.56309363930035
25.927015375631022 224.66057532616935
199.05081815694825 18.577889191810026
197.62526684334009 60.58013775184265
120.60853719267378 8.175478548109211
133.80545750680764 68.07709697388634
155.42097371908827 13.348272385247773
215.4241051912107 63.444754597829615
39.01912642146746 179.7748796504285
89.06563888006674 108.49126686993121
84.82865965617162 248.02498549484915
70.32739773435881 123.81241273469104
243.72645167860185 67.32996362708182
238.28447946933431 241.05756024368188
107.51500339351544 220.4713390095311
115.52950919628746 131.8748173591052
234.52258911164614 42.22687023367572
19.525410386128566 154.6754450969621
195.07776911536627 162.66484441898538
65.45119309101288 49.11607561361872
100.20917436886833 84.55473505982364
170.8883581374581 174.98359224572593
125.26090202225926 0.8529866300965583
164.95146371396933 46.9545290390048
172.92529243672124 25.89191481883954
79.0144855084444 233.1001894037462
216.79296402498693 35.373322238317265
226.69024787311542 115.01152486599744
54.82113768957789 84.46462593104751
223.59046317527154 111.91529415534087
56.20022650303827 10.368555742279128
97.20989024279191 36.33892175939737
231.6249742958103 234.96277403499437
154.54754787400768 138.8551942035807
178.92333882516098 204.1252783621776
122.88762982049803 163.72478167332318
233.0979528367856 204.31975718253332
101.3845257037167 177.83936793412053
172.1677360485871 202.463597037293
200.1919498142676 102.41650644502276
155.38374297285822 121.45996866223658
216.51374177696786 59.2303451782997
210.16432009460456 118.94537111340833
35.215306228803975 176.8075989996745
48.75426301959099 110.09657983644816
241.42230035156322 219.9450211385818
146.70993662774762 161.38915284611284
45.30554441691081 104.48611206163349
90.16431528532806 77.78704109182138
204.20211536948233 63.913507686311156
183.9371936992309 179.4766851795429
115.92325538297665 50.2033520241911
79.17380656266032 188.20349868094917
214.16693741552953 137.27134529293818
74.51204659817826 74.13912191696154
13.273900837798337 190.8417443344801
197.5948751609874 42.71733697027463
45.34956220729958 34.11872184547185
208.6637463739469 129.78622475608609
42.48531948883341 92.69757826201416
28.032609133631954 232.58604347085466
190.06482557140183 103.94913847777593
191.10910361709176 89.02040669769818
19.80858206136493 177.97753744232392
109.4053457272326 93.5023069453023
79.67184872932128 217.67461328213392
176.05808121814286 176.85281236642595
33.17401702716671 149.16617087090168
28.916460487497158 188.38290061147188
45.67208849759502 46.97494375276892
64.23340199605678 99.61301894640299
7.048700601082119 143.37627694384577
248.17913378382698 238.07191668233352
146.4767135166502 183.61017703066366
81.45566562194905 36.616389835726984
199.46209422660849 143.46637062881308
184.1933377170371 238.78895289704667
111.451422016464 101.24486274971673
14.73803663131354 192.77789452976467
20.36731766736771 78.88272897310286
108.45763296283717 118.61788380630885
59.71274642547198 57.007509381866605
212.921354953125 130.87549003735523
102.01750418132785 97.18685134728739
103.93780317761787 127.52469963003763
202.48324787333345 133.6794749487335
207.96315813411235 170.05605220251238
63.65620861784721 168.9911712487903
94.74488097048759 29.005319876969416
134.0544021101608 154.19213979987478
67.84245518139012 243.70622327169895
129.11447354502798 125.65332604594906
97.73302454573849 143.58825545887484
28.387215329821274 47.59358612820175
239.97807017467468 11.501015839283424
205.10317708283787 61.33682219828829
208.5041382560109 131.1000694416701
54.032149680276056 158.5246322310324
231.1579837163318 182.06278300537628
64.77094978467768 10.824517805820749
70.86228803444783 112.16093625542895
18.190367301065518 89.69299291256256
44.99450575483696 227.8125819711561
203.47735661500064 121.97408360554915
241.30832476518563 240.9792604770469
148.65780228538193 136.33909955851658
240.35840291976888 118.66601491830284
61.774386502900846 211.27866437541127
123.02916092155375 11.73875718497111
123.94785072099285 45.27429274904196
181.8827054952841 19.45475518038836
98.35724915517605 86.7843673681969
69.0994113181864 192.90215149687967
130.1272624402088 0.4878201569182561
126.90989816708237 66.15929042079394
130.9165604990514 45.3461493851183
124.59134456514684 26.26778526139492
225.22147279794166 222.9787310362856
213.06949307144632 209.27948314287977
213.40188792777914 157.55509118129294
149.94426211074168 206.31146991185412

8.6 17.2 36.0 72.1
17.2 34.4 72.1 144.1
25.8 51.6 108.1 216.2
34.4 68.8 144.1 288.2
51.6 103.2 216.2 432.4
68.8 137.6 288.2 576.5
77.4 154.9 324.3 648.5
86.0 172.1 360.3 720.6
103.2 206.5 432.4 864.7
114.7 229.4 480.4 960.8
129.0 258.1 540.4 1080.9
143.4 286.8 600.5 1201.0

2 5 8 11
5 8 11 14
7 10 13 16
10 13 16 19
14 17 20 23
18 21 24 27
19 22 25 28
20 23 26 29
25 19 31 34
27 30 33 36
30 33 36 39
32 35 38 41

