128 3.0 0.0 1000.0 248.67618975190447 3 160 240 100

58.34390813946227 59.67493360854959
54.42098685033878 90.78421308584697
28.851248458488048 147.03180634415065
105.65849648595172 201.12757305790424
43.309811000232095 193.6939568547825
219.18744243084612 10.32519396128312
151.31423915658948 249.56369398756186
111.3455739553743 215.5433259630643
79.66692015029838 69.86562970891767
247.25699770114022 110.23123781191582
220.02578713630248 174.10600312423648
178.84299779265285 184.6335011297406
107.1805509851505 190.157949372464
58.410899690008286 105.39397314842131
164.63569589514816 106.16864217669314
121.06683232327048 174.0378243021052
21.79670518288293 113.57513417407128
100.44271113570866 177.70706238526896
105.01387433927484 18.543776023219827
249.80316111744122 34.20011984486737
87.63545796291413 180.42845407613825
216.45363228974705 89.04346864214982
173.73875371195064 116.66298157360161
222.36145177472807 86.1626140909067
81.93428537957692 241.4142180802949
48.89431454541749 121.20688765203683
240.91084538601433 72.80437450941606
67.91379622901744 213.62157857941614
5.996086151500046 154.24899293856294
57.08637085267068 143.9962553163389
183.9380307609677 195.69935975215355
243.84955181203884 101.30469680697229
174.89221021717034 29.91757428969613
163.13853131998934 165.8686067753172
239.30616230218806 21.832823246027367
90.8886054308853 101.66200866698979
202.3643442847271 173.4512589566301
249.0097673635324 94.68583876141459
193.27581202423653 220.55186440097503
39.36668391707745 170.7014441127385
179.6211311530936 150.48224625218342
5.274612293248632 5.314242023533977
12.94472568859667 202.30772998719192
113.77567326685026 101.96985092794222
107.72867025859298 79.37308174635372
149.13989390064583 76.06430788958949
15.773275530298058 163.0783700098483
171.97918279300805 201.5049550505343
160.07168886604958 188.82838418384227
235.44056903202573 230.30151403630575
26.6071897914808 32.3081709012121
233.08516789143545 230.6393736557951
153.11202390579587 178.41817117644328
192.74899478963448 45.22795044580594
14.805460816393278 215.72542601433645
139.20379498203155 150.7765533825829
2.1861525519003555 157.76161337068314
171.59589644365184 205.82801930695393
186.8673177375407 40.10393941041968
43.326190663589145 79.35049685343165
205.5980685143848 222.22690698887305
145.6209524116854 134.18374674995323
204.0408791561386 177.27148354140473
161.75182454827467 242.82208215802294
189.49134964746818 235.84095894379266
10.105243258521135 80.1384485093829
233.6540441174539 143.72549282941037
92.78832273785287 66.79728881721516
206.66083196673696 9.300083135192095
223.9397743771237 4.337067009878598
176.15108427918688 107.34614931085845
102.97766189815857 186.95508243864566
49.50226632964999 242.99358939102402
194.6784743139099 66.77308504778598
118.15913022220353 114.85304115719788
49.985425028265055 185.6508420685682
139.2865457420118 121.36914938778004
133.92674943809075 12.139512920018747
19.742251162804703 88.34354400659095
30.27279082055598 75.23539343467375
73.01262715491904 151.23124895914322
146.44723890553655 212.4710447959669
186.35682328377663 40.50482730774016
68.54746601584161 102.90008284796286
215.5452015719025 130.33458519316974
176.35409412632922 127.89926064842538
21.505587380424934 50.77817966784143
124.29091432912604 14.462864873302117
117.1833677365223 186.32094510919515
169.90277661954516 99.93084867700519
19.56919817742489 123.95531099953189
46.97117863105002 133.16880483071373
221.36309899656746 64.27270340602553
245.18373607905332 119.98536420509114
27.196739012445708 2.4030410191580867
60.34088949671349 27.277779813001917
16.423265653593116 21.142147066368967
4.061771050778818 88.95503148207781
195.56648831660047 41.30740658619631
114.91256711515379 155.408445500252
213.90234631916962 80.87968038197104
180.44408528266138 29.243633974262494
237.7838458492553 138.36112716012124
61.28077405891649 57.69456636464729
183.6593173650183 133.42652011316284
148.15022243619026 244.02669159565832
39.00893521972884 238.77302839169712
10.869281108994432 26.104849322179046
249.77299378090188 149.47829776464383
42.22015949585855 11.893197107159498
47.08016482640354 148.3525225773532
58.59689955065017 226.6617532842354
244.2069685870508 105.11804499862754
25.258181984102237 234.534628524465
98.02498819232913 146.31357061246186
66.21990528315891 144.25294358339556
18.711044052760084 61.97925280638034
38.2686103368132 196.5856984013505
137.3593919080712 188.17072348835845
176.89089242673296 186.25490166798664
63.392518482785434 239.93792500587193
24.504794387211344 196.33529943705938
70.47778503224775 15.311491315420145
102.01414104691372 38.50588491116225
144.45501249561323 241.3519506347653
229.67273855435647 154.4750130103617
157.0005595652101 122.2344434339091
16.707757719492317 32.77479484911641

60.03621283349833 60.279235250195185
56.05772547110127 90.39928560850943
31.99422219822523 144.84047800874234
99.10421057721447 197.99163765651014
40.341552494894515 201.15545241410865
215.5959383393022 11.156112610240548
144.4191866244549 247.10411026150834
114.4548231020607 209.80092076450663
85.542301848023 67.93556280686211
241.61563153830036 114.35044957740351
220.6918698325094 172.79936480807964
177.79839065343486 186.15957921587133
101.81325342438255 183.9454573313469
57.74440597947495 105.53730089491958
157.18880063807526 104.17684507660721
126.12646925352236 171.63251169701576
15.982836596665106 119.6543309730041
105.30866566492591 172.13316145165388
105.1526158260086 15.085669292874638
248.9308378468697 38.14198753130718
92.78167292487827 179.1030065999985
219.8113259467963 96.63107734033058
175.6837953614636 108.609281616395
222.60410815728153 94.14225893819616
75.81440665479278 243.63476885654623
53.77239945838666 123.92786184520752
244.01090964224312 80.26033039212483
70.42581631349485 217.09685195532023
2.8578228657732407 156.36558262154034
58.804599978190375 140.53731962298014
181.68533367351955 190.54886394857013
243.71465163712813 101.83346309356783
179.1872077928274 25.88195673619506
154.87838669114288 165.4816965939864
238.29446117594787 28.852134837888705
94.42022703617967 106.22473670768636
197.89760971969042 169.49172434364672
247.7619440118496 87.77733091014012
196.60002791509987 216.05032263663614
33.50788997621859 171.48097554557265
171.71645160112905 148.6752250186361
11.855491406787626 7.472205942321203
10.659363952962464 198.71739977035497
116.98564269883433 102.10802990800966
104.70370838001317 74.08601594034265
148.13904936868116 73.17842041177586
16.961626310509097 161.4784142243086
164.7806073873131 201.79249210912164
164.29745980679903 192.1320483275692
239.0195515793579 228.0677039846955
22.10166345532935 28.271004370958725
233.94309408624778 232.4349896964974
160.67723979465228 180.3406012181238
197.33608614923642 38.95138243018689
8.11283055605222 217.66809649577522
132.91005862456427 148.36818110382077
1.7954209758272721 157.54688447551626
172.75303731076627 210.54196900809183
188.90806981248755 33.65464843850582
42.14337526690562 72.41273031339135
204.543588108104 228.50741752223993
146.02039954014722 140.55171521539316
203.3563065295908 171.99506578048616
160.98607630121512 237.2823617490757
189.91929876434446 227.68180050874594
3.9782138844856876 82.14653953710244
237.9998380769164 148.16724291639568
94.06808110192799 62.085605621508805
203.54591410999447 12.428379809510254
224.51333966021636 11.194120344248853
179.0983758264797 113.33814010508597
110.0708032399994 185.82892320802327
57.79637896331702 241.81057455237976
190.53807617603726 67.6528408381722
119.94417355861606 119.13381948671756
48.17915712661444 179.96597315802236
140.4230331698906 123.39168480249951
131.51990857386284 10.329594874704473
18.76370096560187 82.12053980134546
31.16468835207953 71.35828215302004
72.94550820835086 148.5235974421468
141.10844548875988 217.06380563261698
181.10757475143924 35.56777597365485
69.0390272404774 105.42153296343513
214.90468920542168 133.11232203895324
181.15799003387914 130.17928002940792
14.428874630539795 47.66444434412034
122.67404107096705 11.752080571476558
122.3562885509307 191.46775431170224
173.12007927814454 98.47176953017056
24.246152402739334 121.38935733654586
40.727478381957674 135.77119052069412
220.91399297640592 71.75669495810716
243.69511389107228 124.3163634577642
20.348071573653787 3.2878172069849
57.93533661622319 27.45106451645482
18.636004099678612 14.804933070603404
1.52415797815722 94.30034958232602
196.749342174895 43.440202892669284
114.71268944942634 160.9116772169603
211.17604963092847 87.62469904690967
173.69426764694293 34.324059154323656
239.53924308039703 146.5915198525093
59.503228835262625 56.675812419259344
178.42133470472274 130.24295089186083
144.5877741222894 238.7115540362694
44.14241006194039 239.59167188132457
10.633822376501067 31.696974717423664
243.9544951465734 148.6062178522833
39.8574244921614 10.397908235118575
49.17641363232214 144.04488792902646
59.770957415685196 218.60431640812263
246.07602177973646 110.88467502197905
26.615847624566534 234.61838031618603
101.88832796108422 150.37720791442095
59.030548939990574 141.36566314628178
18.27277472182043 62.13440022255645
31.92260953616427 195.05016950875878
135.65136535897562 193.64790963167636
170.31476292520983 182.30157474864956
66.49479575345599 232.38294584592248
25.720287599573094 193.7366092772624
74.6973379794896 15.107638823725566
94.42801663822128 35.37764322993017
144.03554975843736 235.99127716513735
223.9658657344299 151.70964253649754
154.85989456638586 128.57003555809894
12.471416227301384 36.37205687799952

8.6 17.2 36.0 72.1
17.2 34.4 72.1 144.1
25.8 51.6 108.1 216.2
34.4 68.8 144.1 288.2
51.6 103.2 216.2 432.4
68.8 137.6 288.2 576.5
77.4 154.9 324.3 648.5
86.0 172.1 360.3 720.6
103.2 206.5 432.4 864.7
114.7 229.4 480.4 960.8
129.0 258.1 540.4 1080.9
143.4 286.8 600.5 1201.0

2 5 8 11
5 8 11 14
7 10 13 16
10 13 16 19
14 17 20 23
18 21 24 27
19 22 25 28
20 23 26 29
25 19 31 34
27 30 33 36
30 33 36 39
32 35 38 41

