8 3.0 0.0 1000.0 219.59433922963456 3 160 240 100

12.14761062335773 32.846611858167925
4.9801797430452375 102.670625517546
41.955334245488864 76.80403512207576
1.3787476119440367 30.740920344796642
59.76645400298708 9.255492661976284
88.54845906605938 190.84646320394157
127.95218569211383 0.5772137509578168
244.38306858053576 103.89212616515577

14.70259564020865 39.69019482795455
2.9870053488673944 106.39254018464203
43.48081666425912 70.55808363031669
9.268393711006379 32.03766056994345
64.60280431375753 11.150187903676805
82.40791522446916 190.84716026577027
130.93443775135648 4.070032186457656
244.36138001944335 96.91943946275592

8.6 17.2 36.0 72.1
17.2 34.4 72.1 144.1
25.8 51.6 108.1 216.2
34.4 68.8 144.1 288.2
51.6 103.2 216.2 432.4
68.8 137.6 288.2 576.5
77.4 154.9 324.3 648.5
86.0 172.1 360.3 720.6
103.2 206.5 432.4 864.7
114.7 229.4 480.4 960.8
129.0 258.1 540.4 1080.9
143.4 286.8 600.5 1201.0

2 5 8 11
5 8 11 14
7 10 13 16
10 13 16 19
14 17 20 23
18 21 24 27
19 22 25 28
20 23 26 29
25 19 31 34
27 30 33 36
30 33 36 39
32 35 38 41

