8 3.0 0.0 1000.0 59.915017129055045 3 160 240 100

30.894517146459492 99.07098108774076
180.34546652304823 40.568624469822375
55.183554140479956 104.71537365621786
194.73787062970464 157.4341757449553
214.25035622067495 176.68219502825576
102.39521407542674 166.670151883678
245.89265081298709 77.89459876281626
71.23043794538516 159.3410902031863

26.0096415536952 101.43978807802218
180.24656591376987 40.072416379321105
54.209542651218165 110.80303590290058
196.214727374783 158.47143373482962
216.43497325164128 175.4100198657751
106.33199377621008 162.42856431158654
241.73429016800216 81.04520226970487
71.89718282963322 151.37972073274463

8.6 17.2 36.0 72.1
17.2 34.4 72.1 144.1
25.8 51.6 108.1 216.2
34.4 68.8 144.1 288.2
51.6 103.2 216.2 432.4
68.8 137.6 288.2 576.5
77.4 154.9 324.3 648.5
86.0 172.1 360.3 720.6
103.2 206.5 432.4 864.7
114.7 229.4 480.4 960.8
129.0 258.1 540.4 1080.9
143.4 286.8 600.5 1201.0

2 5 8 11
5 8 11 14
7 10 13 16
10 13 16 19
14 17 20 23
18 21 24 27
19 22 25 28
20 23 26 29
25 19 31 34
27 30 33 36
30 33 36 39
32 35 38 41

