8 3.0 0.0 1000.0 589.3103732261628 3 160 240 100

206.67393411232814 236.39215426052687
8.80932500677184 117.36113141070109
34.25316702052289 111.71713857893542
111.95114148926646 194.93227693558953
210.36377580516418 94.37856590505575
13.038675724007826 56.47182315248411
68.43712608068239 38.454829724394095
54.517660297845715 86.61572688859334

208.46965154751715 242.76955595325438
7.993928003154349 119.80823363943172
39.095350826670206 117.01338209625608
111.38192397286922 202.8034017565475
203.25980066381885 98.19086346501751
15.544073211396253 52.637739571181314
70.15944145738126 33.35362566361994
53.96226406747598 85.29536240470031

8.6 17.2 36.0 72.1
17.2 34.4 72.1 144.1
25.8 51.6 108.1 216.2
34.4 68.8 144.1 288.2
51.6 103.2 216.2 432.4
68.8 137.6 288.2 576.5
77.4 154.9 324.3 648.5
86.0 172.1 360.3 720.6
103.2 206.5 432.4 864.7
114.7 229.4 480.4 960.8
129.0 258.1 540.4 1080.9
143.4 286.8 600.5 1201.0

2 5 8 11
5 8 11 14
7 10 13 16
10 13 16 19
14 17 20 23
18 21 24 27
19 22 25 28
20 23 26 29
25 19 31 34
27 30 33 36
30 33 36 39
32 35 38 41

