8 3.0 0.0 1000.0 579.5126848424442 3 160 240 100

123.19506233398863 185.5295229911598
77.13580453343091 119.13114562854938
129.62769584096105 96.86230163789757
163.68976595848613 7.208600322149955
179.50022141665366 233.19300026417636
144.18509414939317 151.68691457998665
128.9222149694144 215.50264320554925
56.79800970385926 154.86839317670515

118.27784003876538 179.4796032720433
76.51000593172338 118.69347287976927
136.0814340206755 97.7158486408716
163.44280530707147 9.802536814795204
175.75125205888733 237.8145566179359
139.3064345109629 156.1803104708026
123.00340865277914 220.12341766729878
58.89396745817901 155.4217340935334

8.6 17.2 36.0 72.1
17.2 34.4 72.1 144.1
25.8 51.6 108.1 216.2
34.4 68.8 144.1 288.2
51.6 103.2 216.2 432.4
68.8 137.6 288.2 576.5
77.4 154.9 324.3 648.5
86.0 172.1 360.3 720.6
103.2 206.5 432.4 864.7
114.7 229.4 480.4 960.8
129.0 258.1 540.4 1080.9
143.4 286.8 600.5 1201.0

2 5 8 11
5 8 11 14
7 10 13 16
10 13 16 19
14 17 20 23
18 21 24 27
19 22 25 28
20 23 26 29
25 19 31 34
27 30 33 36
30 33 36 39
32 35 38 41

