8 3.0 0.0 1000.0 751.1417624599604 3 160 240 100

76.72241917350462 59.74378603226718
125.29839823244748 130.23793092356397
248.8290553466049 83.3857030567132
101.53734768916833 121.1670887301238
89.03614041394731 16.31169775588681
79.46722116463978 110.8221228334047
158.31504816325725 135.3953867905256
164.4773527569737 31.115004591105222

77.96962095367347 59.00446573974099
122.37905117950996 133.2558941130981
247.60720004265707 81.1111968935408
100.79642692444702 127.23317799792319
85.76060887930578 18.575838086590636
76.80526732359128 107.61062020961896
160.97866363828538 128.99880394528375
167.2046167013073 27.287218350263124

8.6 17.2 36.0 72.1
17.2 34.4 72.1 144.1
25.8 51.6 108.1 216.2
34.4 68.8 144.1 288.2
51.6 103.2 216.2 432.4
68.8 137.6 288.2 576.5
77.4 154.9 324.3 648.5
86.0 172.1 360.3 720.6
103.2 206.5 432.4 864.7
114.7 229.4 480.4 960.8
129.0 258.1 540.4 1080.9
143.4 286.8 600.5 1201.0

2 5 8 11
5 8 11 14
7 10 13 16
10 13 16 19
14 17 20 23
18 21 24 27
19 22 25 28
20 23 26 29
25 19 31 34
27 30 33 36
30 33 36 39
32 35 38 41

