8 3.0 0.0 1000.0 508.13711106157075 3 160 240 100

228.35282202387396 216.5676100893194
249.97269759444808 65.26590237441206
175.6540833599131 110.33572279829652
98.71666761245349 148.93253049802973
186.4086094458564 150.2391518289385
165.12560495402315 139.39432005582765
105.71648440839712 2.240433769375688
58.887380162629675 116.16218824774482

233.31093111713565 211.7149409422981
244.41215545598212 70.36117986240892
175.5464979426856 114.51596399522568
96.70863204378949 150.39741634756942
189.3650169972605 149.54963993469184
173.49948887002492 139.93810053964648
112.45268595295785 2.1892252648787744
51.95811845039791 115.16078839531757

8.6 17.2 36.0 72.1
17.2 34.4 72.1 144.1
25.8 51.6 108.1 216.2
34.4 68.8 144.1 288.2
51.6 103.2 216.2 432.4
68.8 137.6 288.2 576.5
77.4 154.9 324.3 648.5
86.0 172.1 360.3 720.6
103.2 206.5 432.4 864.7
114.7 229.4 480.4 960.8
129.0 258.1 540.4 1080.9
143.4 286.8 600.5 1201.0

2 5 8 11
5 8 11 14
7 10 13 16
10 13 16 19
14 17 20 23
18 21 24 27
19 22 25 28
20 23 26 29
25 19 31 34
27 30 33 36
30 33 36 39
32 35 38 41

