8 3.0 0.0 1000.0 276.1771324313775 3 160 240 100

26.79673996708501 132.18448107218555
183.11677152750624 184.17438870404234
0.765463104875963 89.49972603348652
22.99074568257689 241.78171232632582
101.42837179882643 57.390354223025355
210.83576756122744 41.02750174824768
51.583673141882805 75.1750849224494
233.42736582060377 203.174065437148

26.44885784440393 131.8805277316793
179.05145494527153 181.33479741913993
0.14292475685792616 93.95928460000452
25.070110233292365 246.75935583714133
103.67486899992093 56.688724684954586
210.0960435106199 38.355779324810015
55.94083306598191 77.29625148800822
226.80519300434364 200.0235749006335

8.6 17.2 36.0 72.1
17.2 34.4 72.1 144.1
25.8 51.6 108.1 216.2
34.4 68.8 144.1 288.2
51.6 103.2 216.2 432.4
68.8 137.6 288.2 576.5
77.4 154.9 324.3 648.5
86.0 172.1 360.3 720.6
103.2 206.5 432.4 864.7
114.7 229.4 480.4 960.8
129.0 258.1 540.4 1080.9
143.4 286.8 600.5 1201.0

2 5 8 11
5 8 11 14
7 10 13 16
10 13 16 19
14 17 20 23
18 21 24 27
19 22 25 28
20 23 26 29
25 19 31 34
27 30 33 36
30 33 36 39
32 35 38 41

