8 3.0 0.0 1000.0 299.4286857964381 3 160 240 100

218.5750893419911 39.69414658003318
89.5349994877506 210.60082638821916
169.49309821897685 28.98145254429882
198.42240447801262 197.29531342620498
176.08935622160902 211.74831043435162
185.38912292264436 185.53637049204426
180.00240991963946 247.87846694559119
139.062185459162 182.63688554382944

214.7085398061549 35.420768141931404
93.14152778067044 213.34798550276042
167.03157039500113 36.937420418234225
199.17968722643153 193.43356399134788
178.06641330699543 211.29170329795096
193.23442393884054 185.11562470017907
178.71843448833917 249.29258153696048
134.6300859166668 178.61910017585816

8.6 17.2 36.0 72.1
17.2 34.4 72.1 144.1
25.8 51.6 108.1 216.2
34.4 68.8 144.1 288.2
51.6 103.2 216.2 432.4
68.8 137.6 288.2 576.5
77.4 154.9 324.3 648.5
86.0 172.1 360.3 720.6
103.2 206.5 432.4 864.7
114.7 229.4 480.4 960.8
129.0 258.1 540.4 1080.9
143.4 286.8 600.5 1201.0

2 5 8 11
5 8 11 14
7 10 13 16
10 13 16 19
14 17 20 23
18 21 24 27
19 22 25 28
20 23 26 29
25 19 31 34
27 30 33 36
30 33 36 39
32 35 38 41

