8 3.0 0.0 1000.0 78.66714236961643 3 160 240 100

192.28421172342743 191.74665090897824
93.91786667187321 233.29412785428025
109.1969276259872 232.39731077204613
213.31007924455892 146.98649133915444
63.63285181896447 128.46332704795734
31.710498100942758 49.3880682781912
209.87633259654066 47.13681544453666
35.2665920128461 131.05208176858886

187.3047552200451 196.29164669057914
87.19411058678409 235.20956819539856
113.35908711177444 230.54197347459348
215.62509509928 153.1030746447556
56.31857175372518 129.30877409358663
27.26156133370844 54.7972922284923
206.08119949627323 50.775060949216076
35.116086142328754 139.35655622213807

8.6 17.2 36.0 72.1
17.2 34.4 72.1 144.1
25.8 51.6 108.1 216.2
34.4 68.8 144.1 288.2
51.6 103.2 216.2 432.4
68.8 137.6 288.2 576.5
77.4 154.9 324.3 648.5
86.0 172.1 360.3 720.6
103.2 206.5 432.4 864.7
114.7 229.4 480.4 960.8
129.0 258.1 540.4 1080.9
143.4 286.8 600.5 1201.0

2 5 8 11
5 8 11 14
7 10 13 16
10 13 16 19
14 17 20 23
18 21 24 27
19 22 25 28
20 23 26 29
25 19 31 34
27 30 33 36
30 33 36 39
32 35 38 41

