8 3.0 0.0 1000.0 763.3116322922406 3 160 240 100

126.20223274524884 78.89463002510985
72.91886183614562 94.01353659229272
133.09524014628715 113.28536676033349
175.79632742175852 123.83155134409918
182.77848758069658 198.21705006801045
7.0492577974905215 11.179740728618325
136.8829071959499 59.903279366038234
183.55043978855414 76.06345797285152

131.81856937352873 74.20692807912235
71.11988462080376 101.18915580531413
128.96339779390715 110.14341793555451
181.90540338432766 125.47041754005933
176.17703478628883 193.1359562394344
2.9607798468026525 16.25886350820793
134.52057985990467 52.349788503432556
187.15024070838967 73.9754385701833

8.6 17.2 36.0 72.1
17.2 34.4 72.1 144.1
25.8 51.6 108.1 216.2
34.4 68.8 144.1 288.2
51.6 103.2 216.2 432.4
68.8 137.6 288.2 576.5
77.4 154.9 324.3 648.5
86.0 172.1 360.3 720.6
103.2 206.5 432.4 864.7
114.7 229.4 480.4 960.8
129.0 258.1 540.4 1080.9
143.4 286.8 600.5 1201.0

2 5 8 11
5 8 11 14
7 10 13 16
10 13 16 19
14 17 20 23
18 21 24 27
19 22 25 28
20 23 26 29
25 19 31 34
27 30 33 36
30 33 36 39
32 35 38 41

