8 3.0 0.0 1000.0 620.0105221644135 3 160 240 100

110.82751778433958 235.6814171792467
19.533744130365545 12.598034331344154
3.3277537200244733 174.6220414328802
239.109526773026 16.061343629649922
146.25548354180623 3.904720047578941
144.05298438696062 1.7577182316542705
130.15390500976397 193.16159502336475
105.61235980780862 60.06124848357008

106.82651244885064 228.7741979217193
21.07794053294748 6.29081653490382
8.608582196625719 177.8992951168255
239.7305246322669 9.23930956822841
149.73305209093996 1.6431604646309494
146.6371227425346 7.177961491454054
133.7527506564826 196.78197186239208
99.08415888459429 64.83425899415226

8.6 17.2 36.0 72.1
17.2 34.4 72.1 144.1
25.8 51.6 108.1 216.2
34.4 68.8 144.1 288.2
51.6 103.2 216.2 432.4
68.8 137.6 288.2 576.5
77.4 154.9 324.3 648.5
86.0 172.1 360.3 720.6
103.2 206.5 432.4 864.7
114.7 229.4 480.4 960.8
129.0 258.1 540.4 1080.9
143.4 286.8 600.5 1201.0

2 5 8 11
5 8 11 14
7 10 13 16
10 13 16 19
14 17 20 23
18 21 24 27
19 22 25 28
20 23 26 29
25 19 31 34
27 30 33 36
30 33 36 39
32 35 38 41

