8 3.0 0.0 1000.0 306.7707768400629 3 160 240 100

17.441161771480196 51.088917520757896
225.4762707391434 56.76375818762433
63.58365745007533 37.154435556564195
221.91561009527598 174.1250008144898
119.41085880995075 227.66022358888586
176.27415056930687 10.488287426034749
71.35343964760757 59.58376070996604
169.5890713915479 52.232427374103416

25.041942477109835 48.075629858092576
221.7935081514709 55.34024814077662
60.97863311868229 29.564232917020178
221.58828517384424 176.98092199616497
119.38941492663177 220.7046226874689
171.70450252618633 13.654455141436594
77.99123703964823 63.80400473619832
176.247572257067 54.30611632305315

8.6 17.2 36.0 72.1
17.2 34.4 72.1 144.1
25.8 51.6 108.1 216.2
34.4 68.8 144.1 288.2
51.6 103.2 216.2 432.4
68.8 137.6 288.2 576.5
77.4 154.9 324.3 648.5
86.0 172.1 360.3 720.6
103.2 206.5 432.4 864.7
114.7 229.4 480.4 960.8
129.0 258.1 540.4 1080.9
143.4 286.8 600.5 1201.0

2 5 8 11
5 8 11 14
7 10 13 16
10 13 16 19
14 17 20 23
18 21 24 27
19 22 25 28
20 23 26 29
25 19 31 34
27 30 33 36
30 33 36 39
32 35 38 41

