8 3.0 0.0 1000.0 3 3 160 240 100

249.7118497436497 133.30856901483156
160.79545576663602 51.40875688914312
210.4872167618727 65.82945337168752
204.1226721953197 223.8383682709115
64.8710464083856 2.6751612670105898
60.37996444352067 105.77200066294823
104.29016612496243 150.40547318501285
245.52999582101947 139.58641377007493

242.1344332631625 133.17648156141493
168.70820360388856 54.168151834828095
209.6524361852007 68.14200913360544
202.72811788436016 221.58196281494827
60.65673223178295 3.5067196980604898
54.457210241634165 109.31593389996833
97.91781714066336 147.88295082367947
239.73517744367018 143.65813642081875

8.6 17.2 36.0 72.1
17.2 34.4 72.1 144.1
25.8 51.6 108.1 216.2
34.4 68.8 144.1 288.2
51.6 103.2 216.2 432.4
68.8 137.6 288.2 576.5
77.4 154.9 324.3 648.5
86.0 172.1 360.3 720.6
103.2 206.5 432.4 864.7
114.7 229.4 480.4 960.8
129.0 258.1 540.4 1080.9
143.4 286.8 600.5 1201.0

2 5 8 11
5 8 11 14
7 10 13 16
10 13 16 19
14 17 20 23
18 21 24 27
19 22 25 28
20 23 26 29
25 19 31 34
27 30 33 36
30 33 36 39
32 35 38 41

