8 3.0 0.0 1000.0 3 3 160 240 100

68.07603956440059 87.1355466158569
89.50587173173663 29.205551074900804
28.410867019324243 119.51333860339523
234.9339752837176 191.14023924360458
79.14945262508319 0.5706675066851907
165.82055682004054 81.41133717647156
242.43514800485661 132.50280036857026
43.75987128836367 211.46778534976494

64.62825511647982 81.61126380561997
82.83908525036435 32.163465639888535
26.539636057257677 123.72420156245623
236.0665285737945 196.92723596197382
76.59744707637337 4.671472257918474
163.8686688101159 86.64543700426083
242.3471864263831 139.47208066112572
37.028157511149324 215.79486385234836

8.6 17.2 36.0 72.1
17.2 34.4 72.1 144.1
25.8 51.6 108.1 216.2
34.4 68.8 144.1 288.2
51.6 103.2 216.2 432.4
68.8 137.6 288.2 576.5
77.4 154.9 324.3 648.5
86.0 172.1 360.3 720.6
103.2 206.5 432.4 864.7
114.7 229.4 480.4 960.8
129.0 258.1 540.4 1080.9
143.4 286.8 600.5 1201.0

2 5 8 11
5 8 11 14
7 10 13 16
10 13 16 19
14 17 20 23
18 21 24 27
19 22 25 28
20 23 26 29
25 19 31 34
27 30 33 36
30 33 36 39
32 35 38 41

