8 3.0 0.0 1000.0 3 3 160 240 100

189.35260582812705 147.41759111382706
197.97493495027533 132.5542171324785
29.079947236147625 13.180327654598061
57.1509917878924 14.81376914005303
69.57282506738865 224.49766382338194
65.0833651139234 46.169650690911446
150.16028993007063 101.54786829220342
173.88225399332254 171.71775728327302

190.0809900493766 144.38898495391493
192.89005228092694 137.4404672445505
30.39089482689311 17.111363542880483
52.56874491111627 19.523589807296375
75.58869755174699 229.29422108972807
61.81608901039207 51.69604218753271
152.93203990747148 99.0991959585765
168.92377389981755 166.88641351793387

8.6 17.2 36.0 72.1
17.2 34.4 72.1 144.1
25.8 51.6 108.1 216.2
34.4 68.8 144.1 288.2
51.6 103.2 216.2 432.4
68.8 137.6 288.2 576.5
77.4 154.9 324.3 648.5
86.0 172.1 360.3 720.6
103.2 206.5 432.4 864.7
114.7 229.4 480.4 960.8
129.0 258.1 540.4 1080.9
143.4 286.8 600.5 1201.0

2 5 8 11
5 8 11 14
7 10 13 16
10 13 16 19
14 17 20 23
18 21 24 27
19 22 25 28
20 23 26 29
25 19 31 34
27 30 33 36
30 33 36 39
32 35 38 41

