8 3.0 0.0 1000.0 3 3 160 240 100

19.152268243648518 199.19938693388673
14.591336204508199 176.42433971314938
27.49845392992692 55.860562530883755
131.0734769394069 32.253675301537555
34.19371796568793 208.96966949715122
117.84417244638182 114.66185005310945
197.31785003697624 55.158875166673006
88.09425369922863 83.39741077744367

26.631227334128454 202.8448196819409
19.17320949462012 172.0967448775422
21.92412165863106 58.79574586513856
131.89948241943608 24.313149922573913
40.43723244138034 206.75095081482087
120.88752368127523 120.16296821060172
192.9144337914057 54.71039413601175
84.50474342538661 88.41737273842779

8.6 17.2 36.0 72.1
17.2 34.4 72.1 144.1
25.8 51.6 108.1 216.2
34.4 68.8 144.1 288.2
51.6 103.2 216.2 432.4
68.8 137.6 288.2 576.5
77.4 154.9 324.3 648.5
86.0 172.1 360.3 720.6
103.2 206.5 432.4 864.7
114.7 229.4 480.4 960.8
129.0 258.1 540.4 1080.9
143.4 286.8 600.5 1201.0

2 5 8 11
5 8 11 14
7 10 13 16
10 13 16 19
14 17 20 23
18 21 24 27
19 22 25 28
20 23 26 29
25 19 31 34
27 30 33 36
30 33 36 39
32 35 38 41

