8 3.0 0.0 1000.0 3 3 160 240 100

51.82383428503321 70.1231696927499
129.55573728582186 211.27900315015557
106.93927704392414 246.4613795833766
240.4730042315986 164.629602700153
213.15458404565194 83.11146867160593
98.28795229270875 112.05325299495516
18.161607450110722 139.47629229903237
244.31975487767875 132.99745331898086

44.27381155413768 68.17721300912774
126.21149781431157 215.47052095604377
110.42998565211259 248.66574155000288
245.6802221979179 163.29138554149185
213.20779706441965 90.11938716911463
105.4948868446117 112.54059890760851
19.994368034840697 142.42873496833127
247.4408509968162 128.10656262846297

8.6 17.2 36.0 72.1
17.2 34.4 72.1 144.1
25.8 51.6 108.1 216.2
34.4 68.8 144.1 288.2
51.6 103.2 216.2 432.4
68.8 137.6 288.2 576.5
77.4 154.9 324.3 648.5
86.0 172.1 360.3 720.6
103.2 206.5 432.4 864.7
114.7 229.4 480.4 960.8
129.0 258.1 540.4 1080.9
143.4 286.8 600.5 1201.0

2 5 8 11
5 8 11 14
7 10 13 16
10 13 16 19
14 17 20 23
18 21 24 27
19 22 25 28
20 23 26 29
25 19 31 34
27 30 33 36
30 33 36 39
32 35 38 41

