8 3.0 0.0 1000.0 10 3 160 240 100

90.20567781534602 24.152954584099216
148.17511082892057 126.3156237535468
43.42301141163304 121.16922749470486
249.9936465706691 20.096091047865666
216.11411016679523 197.62659882868448
63.416084904238474 230.92871224451332
247.98532226275685 120.46230052556552
126.37948274529242 51.247813325347806

93.55567783659552 28.050216909673075
153.35910441330347 124.88314224401584
46.529947136320196 119.93107970167146
246.13238494227514 14.133675898344494
215.75368697950762 194.814533933675
58.989928396388805 229.03687262329413
239.81509893826887 122.32927213785271
127.09399266811053 54.57515632395871

8.6 17.2 36.0 72.1
17.2 34.4 72.1 144.1
25.8 51.6 108.1 216.2
34.4 68.8 144.1 288.2
51.6 103.2 216.2 432.4
68.8 137.6 288.2 576.5
77.4 154.9 324.3 648.5
86.0 172.1 360.3 720.6
103.2 206.5 432.4 864.7
114.7 229.4 480.4 960.8
129.0 258.1 540.4 1080.9
143.4 286.8 600.5 1201.0

2 5 8 11
5 8 11 14
7 10 13 16
10 13 16 19
14 17 20 23
18 21 24 27
19 22 25 28
20 23 26 29
25 19 31 34
27 30 33 36
30 33 36 39
32 35 38 41

