3.0 0.0 1000.0 10 3 160 240 100
216.6498815888668 81.36366520174548
44.340800525337734 29.180721022342702
216.5458620518906 47.21779635920467
124.57794607246208 43.20539618143615
138.59451243383407 69.82244476848648
124.67028924343276 204.99934470058204
83.47129351597368 28.949875302673846
59.79140946600631 174.02866833147513

213.54813438328387 77.70726503732212
47.80993279423421 30.57150627700561
210.98077816176666 50.20523564615981
131.29419216237383 39.534028154120385
141.47005678081655 62.578719346998355
124.70448983906732 206.90359078950166
77.12676347028408 25.93726143056757
58.36976218470008 168.72966801697746

8.6 17.2 36.0 72.1
17.2 34.4 72.1 144.1
25.8 51.6 108.1 216.2
34.4 68.8 144.1 288.2
51.6 103.2 216.2 432.4
68.8 137.6 288.2 576.5
77.4 154.9 324.3 648.5
86.0 172.1 360.3 720.6
103.2 206.5 432.4 864.7
114.7 229.4 480.4 960.8
129.0 258.1 540.4 1080.9
143.4 286.8 600.5 1201.0

2 5 8 11
5 8 11 14
7 10 13 16
10 13 16 19
14 17 20 23
18 21 24 27
19 22 25 28
20 23 26 29
25 19 31 34
27 30 33 36
30 33 36 39
32 35 38 41

