8 3.0 0.0 1000.0 3 3 160 240 100

191.3634166417732 29.96856492488098
46.76939215904738 4.810444744805742
204.6228800611659 232.06311660202442
0.3246889315900725 142.67829644439752
174.9257356814826 84.64780748774048
62.594074811451186 8.127656461405508
195.63226620428026 184.21368891897853
45.588014906114054 54.963751684007775

186.0897116076942 25.297215781222487
47.378134191373185 9.217907021459249
212.17379009359874 233.10225037575822
6.008525189258846 140.77713824167338
177.1549180660763 92.78371711107198
59.21181769858619 13.876434070182075
189.78305203463998 185.34066573338214
43.70248860676987 60.10955550469851

8.6 17.2 36.0 72.1
17.2 34.4 72.1 144.1
25.8 51.6 108.1 216.2
34.4 68.8 144.1 288.2
51.6 103.2 216.2 432.4
68.8 137.6 288.2 576.5
77.4 154.9 324.3 648.5
86.0 172.1 360.3 720.6
103.2 206.5 432.4 864.7
114.7 229.4 480.4 960.8
129.0 258.1 540.4 1080.9
143.4 286.8 600.5 1201.0

2 5 8 11
5 8 11 14
7 10 13 16
10 13 16 19
14 17 20 23
18 21 24 27
19 22 25 28
20 23 26 29
25 19 31 34
27 30 33 36
30 33 36 39
32 35 38 41

