8 3.0 0.0 1000.0 3 3 160 240 100

93.11771955211954 191.73487941041535
86.22235612151613 0.26920917963732527
84.12308017233927 203.170125457929
57.05548033982191 181.58290749390346
212.91592303948192 16.028249802492038
152.25212471002305 73.97827356492598
205.2718739938508 43.03182883616535
189.14930827822081 163.0544274831405

91.3123431993663 196.8585515450196
82.96694894365287 6.10466854957914
81.47819729464497 210.2776035077304
50.68342123410863 180.93775287010794
212.6649434148419 12.940645217284747
158.89320208680343 69.33571883620037
203.79074151287227 42.52623075063827
196.24586547545215 164.13196504390564

8.6 17.2 36.0 72.1
17.2 34.4 72.1 144.1
25.8 51.6 108.1 216.2
34.4 68.8 144.1 288.2
51.6 103.2 216.2 432.4
68.8 137.6 288.2 576.5
77.4 154.9 324.3 648.5
86.0 172.1 360.3 720.6
103.2 206.5 432.4 864.7
114.7 229.4 480.4 960.8
129.0 258.1 540.4 1080.9
143.4 286.8 600.5 1201.0

2 5 8 11
5 8 11 14
7 10 13 16
10 13 16 19
14 17 20 23
18 21 24 27
19 22 25 28
20 23 26 29
25 19 31 34
27 30 33 36
30 33 36 39
32 35 38 41

