8 3.0 0.0 1000.0 3 3 160 240 100

83.96446965329291 106.75593588688973
147.32260863512818 68.79979948449078
82.18891345083654 199.43978947158718
132.58146320052307 204.55645343272352
112.73626961191557 3.696356070606366
189.82711638638438 79.6514747239779
27.82542333620594 88.9299278625672
53.38121476099539 125.157181021161

88.35230783175815 110.26191407317565
141.42473090523384 74.65482417273672
78.49535157812507 200.297112850155
132.18694126114138 205.46025859067763
116.37646897906461 10.896870279447079
186.5330080115943 84.29216708799953
22.134619126575217 94.878170955458
48.931466562169874 125.07803550807725

8.6 17.2 36.0 72.1
17.2 34.4 72.1 144.1
25.8 51.6 108.1 216.2
34.4 68.8 144.1 288.2
51.6 103.2 216.2 432.4
68.8 137.6 288.2 576.5
77.4 154.9 324.3 648.5
86.0 172.1 360.3 720.6
103.2 206.5 432.4 864.7
114.7 229.4 480.4 960.8
129.0 258.1 540.4 1080.9
143.4 286.8 600.5 1201.0

2 5 8 11
5 8 11 14
7 10 13 16
10 13 16 19
14 17 20 23
18 21 24 27
19 22 25 28
20 23 26 29
25 19 31 34
27 30 33 36
30 33 36 39
32 35 38 41

