16 3.0 0.0 1000.0 3 160 240 100

45.03659242719646 46.375116661676984
186.37953708956337 123.20616291083836
226.0518656132038 237.09591583521748
82.95844113781544 58.84286006934122
122.9847481727769 58.5257273905122
120.26587215448211 248.21128346556128
22.628613173514 76.96800953280733
234.4778213448871 186.70700931457446
195.99389696285 203.56165037604057
19.385609050733 178.44134423305877
103.05577964124343 116.03042571687897
11.275190750524994 186.65329576727675
241.62605556375584 52.815415688130415
149.01035597060383 220.1262559044964
177.11518618716767 220.06651732599397
140.213640211322 99.49131345545953

50.46974094003625 47.454065717056935
184.8709489071737 123.44368866987782
228.9642302266741 240.9138693975273
84.92461696503442 60.135301479191995
124.28588654843756 56.75908818085687
119.41054965958084 246.11564540519
26.795166114470693 76.34637813743831
231.73950788158075 184.30608867291272
193.86504698391872 198.7383870599645
12.090937331649593 182.02570118777433
107.68466644628948 109.79341714773744
10.473627877489067 187.29482449367117
245.88747173321306 50.980706364631864
151.73701680552963 215.53511389768823
180.52459803932325 226.0643733407692
132.8288562339207 99.90150222528484

144.1
324.3
480.4
260.3
143.4
480.4
129.0
68.8
144.1
77.4
143.4
960.8
34.4
17.2
68.8
648.5

8.6 17.2 36.0 72.1
17.2 34.4 72.1 144.1
25.8 51.6 108.1 216.2
34.4 68.8 144.1 288.2
51.6 103.2 216.2 432.4
68.8 137.6 288.2 576.5
77.4 154.9 324.3 648.5
86.0 172.1 360.3 720.6
103.2 206.5 432.4 864.7
114.7 229.4 480.4 960.8
129.0 258.1 540.4 1080.9
143.4 286.8 600.5 1201.0

2 5 8 11
5 8 11 14
7 10 13 16
10 13 16 19
14 17 20 23
18 21 24 27
19 22 25 28
20 23 26 29
25 19 31 34
27 30 33 36
30 33 36 39
32 35 38 41

