16 3.0 0.0 1000.0 3 160 240 100

106.8188030679228 226.9626521161149
20.50619499982001 84.54512156430027
15.475520587242942 75.79027399453814
108.02478271073879 221.55469680898216
149.3562299577364 36.66450965654941
30.02452100521283 12.439622441009435
46.76147342138892 5.508957565090594
95.8140898738265 197.55146293117286
176.748873672116 63.23510464230278
96.69656418061925 45.1062034086595
47.980248981606636 145.1002187408947
102.1574256464286 135.79066115538484
1.9812835665186102 44.56685592649101
60.866532515124305 232.83022828350454
111.76290448924051 242.96710783586477
174.37586574741218 12.512236319542374

113.78950355687653 228.6238914053479
20.54489957083519 79.91187611078335
14.303354784422101 82.03443987673562
106.66606487106937 217.81463232452768
151.3271316353035 42.897833800333714
31.472962839039525 14.667344796946008
46.884802488492056 6.75195694288952
89.40531329336454 196.49542265656754
172.7555284463453 69.74888740920787
91.97685911394358 43.58653002253598
52.02679973405816 145.0467999211076
100.83391159812687 142.23384822136333
5.1875288481970925 39.378154741227966
64.54537745988637 231.03805836251706
112.09972861812315 237.47145735111098
170.48016476396944 12.465232991931973

17.2
72.1
432.4
17.2
68.8
72.1
36.0
864.7
154.9
286.8
34.4
144.1
258.1
34.4
1201
137.6

8.6 17.2 36.0 72.1
17.2 34.4 72.1 144.1
25.8 51.6 108.1 216.2
34.4 68.8 144.1 288.2
51.6 103.2 216.2 432.4
68.8 137.6 288.2 576.5
77.4 154.9 324.3 648.5
86.0 172.1 360.3 720.6
103.2 206.5 432.4 864.7
114.7 229.4 480.4 960.8
129.0 258.1 540.4 1080.9
143.4 286.8 600.5 1201.0

2 5 8 11
5 8 11 14
7 10 13 16
10 13 16 19
14 17 20 23
18 21 24 27
19 22 25 28
20 23 26 29
25 19 31 34
27 30 33 36
30 33 36 39
32 35 38 41

