16 3.0 0.0 1000.0 3 160 240 100

29.1619354503925 44.60659936174516
249.79045279224755 134.92021840707207
83.01685351836807 155.81418279134576
33.31429863980082 232.1141327591805
29.873607413006404 143.86607416857908
24.407535729112112 79.6875629494532
140.96453672213144 247.76731935600293
145.09428260579722 138.42440377875377
160.04471143840794 229.2240025264606
23.030446910366347 102.84078738482965
175.0870836126252 43.50076824559424
14.698401391917887 109.74410817831325
194.21556701224387 102.47839472713454
240.66504400589264 118.63502646316712
209.56407924881233 108.62053254002157
203.4159086692653 10.43361108095614

31.118124415974446 40.029869728093054
244.54165509281694 135.74541391248027
77.02626521237696 154.51439168110244
32.69139144353758 227.8157563356067
28.95333685095111 148.26339611802118
16.4586741067205 81.90462368987878
139.3460207700779 242.04433130148473
140.06046921405735 145.19903869165776
156.07190473446542 222.51978084380582
16.75080760557504 105.45120272576966
174.47753157739336 35.99928541484812
14.141104389752995 109.4783023151476
195.49171462200945 101.22565459003138
233.96311046891032 121.24526238523336
207.32261647890508 106.49701959913827
199.63921029563087 17.83966323893882

68.8
206.5
51.6
216.2
172.1
17.2
172.1
288.2
720.6
216.2
103.2
286.8
864.7
576.5
216.2
288.2

8.6 17.2 36.0 72.1
17.2 34.4 72.1 144.1
25.8 51.6 108.1 216.2
34.4 68.8 144.1 288.2
51.6 103.2 216.2 432.4
68.8 137.6 288.2 576.5
77.4 154.9 324.3 648.5
86.0 172.1 360.3 720.6
103.2 206.5 432.4 864.7
114.7 229.4 480.4 960.8
129.0 258.1 540.4 1080.9
143.4 286.8 600.5 1201.0

2 5 8 11
5 8 11 14
7 10 13 16
10 13 16 19
14 17 20 23
18 21 24 27
19 22 25 28
20 23 26 29
25 19 31 34
27 30 33 36
30 33 36 39
32 35 38 41

