64 3.0 0.0 1000.0 3 3 160 240 100

204.29707326996765 117.30788181634807
22.665821386495004 174.27501590428787
78.98430240538634 95.10671250039499
173.04473110939276 237.6418186555137
229.98378868557884 233.86112180994195
33.58745832606819 63.45023615765899
227.44741695598412 207.6509074163904
20.18089125638578 33.78023283482881
158.20249352998474 247.38577514909193
239.97350344524145 16.602058481098496
142.78360731656866 106.58195979032645
59.70063737665518 73.75245334441269
108.36563702919702 249.88982470556198
65.51856692105429 199.8199447153393
124.93603003605932 13.205629631390881
28.52761326727904 160.64569806006836
242.22061300817808 77.55195441464224
111.34923386489228 41.95431428175675
126.91181266007214 238.66148023386506
91.71984712209735 69.63169500119415
221.1350355783382 234.57525041541413
240.20838334746486 247.26635331806975
80.68832950815604 189.91784355245906
180.82303920677677 174.76259944613176
12.495379576277498 181.41874415183912
176.82221039219579 173.11924364760213
80.49740432241967 198.1158802617835
234.36948610033184 21.48422932950561
162.260096330176 58.481717864406285
242.44282416962113 182.95356239256972
222.86193969872122 3.791720997609022
53.143282527043425 90.75537860621249
187.30560070725107 139.99814932402896
134.07481810346076 4.227401394470698
199.62600451174612 239.33245903752007
209.1403776145961 162.3102464993094
239.79618974607425 155.23174936931784
20.704177244649152 121.22590918907852
95.45680626455744 12.629056071775308
99.01142494293467 139.86879819611116
214.36577697319035 104.22591274692502
46.57386680718459 126.84580676810123
137.8299464328318 224.1650128259857
42.83802465288053 140.43595578737396
179.29721714216606 123.73278095207237
243.31299946835057 201.52791794427776
162.924000892159 242.91356022074896
86.34273810805246 109.20764424903257
207.5154430724742 94.64225435196505
118.87980345028338 133.8335271944962
68.11620691625292 163.3620283686731
165.26213677962804 85.76744120511903
6.357208097378775 60.632162433507496
73.00591914679727 114.1954234071049
150.58243876275432 192.35778601190358
130.71047070185267 224.75980303851333
112.01073200583613 66.7020550418859
164.62341796707565 63.691861954946084
170.45928284392912 219.47834892865038
243.01220383533706 107.23916440340861
18.650757086797253 223.9297935566351
62.36590364667352 246.32676596083633
142.22834277531462 228.55446457781667
10.145715125684267 225.90078751835205

209.8648341073686 113.25390673533411
25.533262056164464 169.11169969393063
84.7085372016337 99.17725846942848
178.14792410970293 236.38174605943115
236.92472154504264 233.1877616977568
37.05365808329281 58.90705690809392
231.2411014114275 200.91434712290322
13.871602646034153 28.171443926851946
160.58699051183743 244.7363669775317
240.2041382699302 20.866124791729778
140.39639955871024 99.94381180885468
53.74279004629173 73.11494657125562
109.06663178586956 249.6392467269651
67.7288167092095 206.6240991970013
128.5255320609659 10.345277020849364
27.28248078664766 156.9443867040802
237.45764811033186 78.95140692884043
107.10567332966455 35.43172652629878
129.19027106351183 236.34179290489675
93.70445494778892 71.57540152837655
227.34734657276942 234.0391873326291
245.56727283538956 242.4483147951404
85.59396764978952 193.75278807457602
177.23473232111854 171.2416737914045
11.175103654179397 177.80962507857197
178.0887275937404 167.53820653842664
79.64860885201396 198.4449962334231
226.0271705910591 20.87670528938451
163.72096588199696 66.58060289646897
247.90868538959123 181.50179770120286
218.3330855265211 7.722289905905011
52.43592933545388 94.04429183799179
187.75605540515062 143.91476512012358
140.48105120434113 4.139237312992511
202.24296048950802 234.53234138381927
206.13758901236827 162.69699289067802
246.79145790438955 152.160346908263
14.890783560596699 119.48086927814423
95.27458124233395 18.643134278201273
103.56551319952983 145.41255026683086
214.4241614446356 109.95206322225026
40.448335839040396 125.11593499334828
136.71002664989894 226.36611739991488
47.42173961285295 138.47272503084753
182.91052786371012 126.08485288661927
248.91379472449032 195.63852519573723
165.9600539325902 249.49009112488662
88.0550138101594 102.54481041247018
209.2705034497148 98.6199687916782
115.67459746148448 133.40021586060453
73.32140263012037 160.44383214914353
165.78994306119344 82.37147162327071
9.23036134500474 54.23018643824387
66.93623212485092 114.25742385196317
156.68095806540367 193.68630313304146
130.16593386062212 220.5824027342249
113.33037684999312 65.36314566230125
165.73540728474498 70.15367537523402
171.2366359885975 214.3885801139341
240.4616153533577 100.86252929463899
19.590289318119208 219.6333162429192
56.98666472879926 247.69258763005786
141.96005549981768 223.2017829790154
15.889212457384033 227.08066459675229

8.6 17.2 36.0 72.1
17.2 34.4 72.1 144.1
25.8 51.6 108.1 216.2
34.4 68.8 144.1 288.2
51.6 103.2 216.2 432.4
68.8 137.6 288.2 576.5
77.4 154.9 324.3 648.5
86.0 172.1 360.3 720.6
103.2 206.5 432.4 864.7
114.7 229.4 480.4 960.8
129.0 258.1 540.4 1080.9
143.4 286.8 600.5 1201.0

2 5 8 11
5 8 11 14
7 10 13 16
10 13 16 19
14 17 20 23
18 21 24 27
19 22 25 28
20 23 26 29
25 19 31 34
27 30 33 36
30 33 36 39
32 35 38 41

