64 3.0 0.0 1000.0 491.114995720869 3 160 240 100

246.06302000466118 148.69073188974846
14.004309404420296 9.159382558340312
13.645322963638767 104.38277002913085
200.28596691443877 32.531237759284984
25.779567245196617 65.06124293063573
211.50784453303493 60.920252594096894
158.85995332529197 174.27638905774438
209.39862973895282 219.22232022720274
186.72525752801593 173.70444489514483
16.040135470557825 204.72633298243696
226.04443033348016 66.47851501110918
213.36649105594546 70.19957469510071
165.80291979804412 224.42935082878688
75.40758945233434 202.78515800155978
96.11211629504967 208.6353519091619
144.0008948402318 90.85742654108905
126.39409313591304 81.06297181265538
243.44128250696056 206.86548271295644
141.63172237308842 155.8194958541921
231.84476688286082 11.502565160429079
23.65485332493755 56.18637824720374
20.52162618096759 96.31828911748208
133.487059672421 121.93217833987485
242.98389986376668 106.65398272868373
47.42737129068084 53.86647197088607
182.31980987298417 7.257895085914595
134.60717220314015 156.85566555221877
156.74408278986826 8.086497529621733
10.686846040413645 125.22982950728858
222.6203310572444 40.98505869744826
143.6088679167342 238.89161849196788
79.22682800972474 243.7611708282241
111.59395906186481 221.5339546492405
170.39077169928444 1.1858267078334594
24.535569290453086 132.68352484006888
249.2626823112344 180.2818286859917
224.1112304327493 151.13955516506047
181.09799399970436 145.2437795567542
212.2790209897978 52.36326893227525
144.03432503382695 213.59144874355252
75.28648796329296 244.03687119884825
94.5556527188563 229.51560951851198
145.01960038500414 30.060370485384457
138.94101402135334 55.17143680685954
34.30648489353594 224.63920693397517
214.50355400462647 0.9135967456341543
124.22413741940866 226.09991701021195
28.16011948117911 7.086015212552782
233.10509556902184 117.58165201346345
219.4851085882515 63.38008457524116
230.90813052606958 51.000074145164774
3.501160496395539 178.93344792992355
184.31820558521773 1.048246853955187
247.60535142343053 154.63359284353132
181.78762565016999 77.8723255204625
198.41022043229646 228.76378891708535
82.49033531031402 89.18710276111794
248.70064712347735 230.01577284122308
16.322176312509068 236.5119153743811
10.442501536448379 109.42193019049695
138.92635717150384 69.2010805574165
94.0121618355206 26.405397072438134
168.38835755019144 182.85099891475363
141.8162898836684 236.483453437384

243.58111839506068 150.67079589574857
17.060730260850836 4.443868659447375
11.544471011677688 109.4600886187759
196.97446603362096 25.819119233465663
26.185470922592184 67.17237116688612
208.96029159196308 67.61380360139243
153.69174746811007 171.21319913555527
207.48248044774883 222.36634766363
187.63289818256897 171.08496664289206
21.95526708886872 205.66979431078755
233.29689076130015 68.7364647817724
219.03030617941045 74.08463042226509
170.74057701958003 221.99699177837186
71.95317135956277 201.05551955096234
96.15585500003942 204.31250093151792
139.2984822306775 94.58491870441718
121.32259512190932 79.63899195867829
248.12300008044267 200.44867712588885
139.47518786919312 160.8682538451521
226.90950200735566 6.822839504913553
27.280250987402084 48.64700122684676
17.661810494891544 96.0000457133588
129.84916139659984 115.84453206769501
246.68817844944425 110.4298608502333
45.256797620948305 51.02305105114033
177.70851916191899 13.988623624718032
135.39482846508082 149.06786073123058
157.74487898153322 5.2779108269884745
6.480769481614606 119.31619642467491
227.4242972820963 41.791383997189655
146.97342421405085 235.57897024250127
85.57425750462316 245.12487215748467
110.0352980582836 216.83440018169213
167.32988606039535 4.834903688501702
25.058301940775713 127.67772334271125
245.64101948177162 182.10070229024615
228.3042943794484 151.36878503694126
177.1614746683146 143.58059693293413
219.6563288255067 50.34844483910758
136.44443238522825 215.98867900620047
71.91168903214029 241.6262755378883
90.42884842704785 226.0728606824522
148.67799326830198 22.528099293858684
140.7102026853878 60.23382702180044
33.07980738933256 229.80114935214678
214.19881903700121 3.3118309760280242
126.50796394243625 234.1448032437056
21.488490490028987 6.594981128775018
240.01229091698195 120.31163050641156
223.939851323134 69.84350246158935
235.9095509170391 49.15728434264274
7.965461242153804 172.57122406404977
181.2779476563773 4.390435318856106
243.99109218095725 154.82369820600627
179.27273380185844 78.2529065599456
202.43851850992982 230.89657592698882
81.66848255898432 95.2042598467501
241.88685918399509 230.2376140615674
18.93019725803177 242.50213688166215
13.27503575317121 107.01280397909183
140.75541887955987 71.48164409368083
95.3746957994625 30.14843481245166
164.72896978025454 178.30182123765834
146.28842610365365 233.2596498422483

8.6 17.2 36.0 72.1
17.2 34.4 72.1 144.1
25.8 51.6 108.1 216.2
34.4 68.8 144.1 288.2
51.6 103.2 216.2 432.4
68.8 137.6 288.2 576.5
77.4 154.9 324.3 648.5
86.0 172.1 360.3 720.6
103.2 206.5 432.4 864.7
114.7 229.4 480.4 960.8
129.0 258.1 540.4 1080.9
143.4 286.8 600.5 1201.0

2 5 8 11
5 8 11 14
7 10 13 16
10 13 16 19
14 17 20 23
18 21 24 27
19 22 25 28
20 23 26 29
25 19 31 34
27 30 33 36
30 33 36 39
32 35 38 41

