64 3.0 0.0 1000.0 175.86533691697758 3 160 240 100

123.5821909995208 6.037082403878652
134.25215776592196 96.28823288221253
7.485153034664766 34.9416915774022
44.91677728104151 5.520475850315037
235.8437226570593 41.426662509475406
211.75592133884365 117.65559181769059
233.77781881625899 81.4860070388376
136.60181969710192 57.673123284494835
177.64380553247696 220.4280328955713
45.324591460563724 50.55721862530718
217.68594009835505 19.600104347829106
226.48758362449857 241.58988659529837
90.10075523637175 28.10432174504221
77.78191951312022 53.71746420578782
155.53769023550953 175.3333105806753
54.8182525422142 86.41046585357984
26.592283083600066 92.53232771716286
216.57032025642573 122.38821679972467
1.5792119060127618 86.17674317322493
66.12156425167134 116.52808071716473
195.69092237002403 161.11363252486763
111.71062207185864 45.72456480761275
109.17169264098503 96.57275479985766
60.70537399045678 92.65511245883177
169.2578093738918 151.65183359827003
103.14250261296745 4.420562965581104
166.67737366040845 161.41439153394165
0.709041478934358 55.358805423533525
76.46509170988325 142.74275185606422
177.21799080619988 114.88984673740057
157.4455694633776 236.87023963223714
178.52331041118012 241.6629810335963
247.03207144722043 73.48589917213191
93.37322305138119 96.68614183940468
60.8865494024198 236.15351551667192
237.12162069742334 35.699065368584584
118.61844426941576 63.270655312459425
62.40988464664185 240.14753956412667
234.51037716439356 132.53606451473442
200.9718449268634 60.86259326026519
242.2068104863835 147.12747539379038
171.76799846877472 20.03893906889681
150.34441591284 71.77378715761859
126.39680903041715 190.2210709485866
51.80085930799991 213.9189806236032
44.516537739354796 150.66543346399618
189.45639696970036 1.8849209402144185
73.56261906157654 19.06646069430665
181.77400610316045 241.90586591438654
149.73325650901654 188.3967190079834
200.0085621796965 67.63306318472459
231.99391564131938 142.57911506855473
220.43409891645422 247.10609040072973
223.51004758141383 194.44960603337663
73.11744058071709 65.38189374512778
14.919834634329915 62.64640804258184
101.6978635982605 223.1230082503894
74.07273906528141 170.32672693975888
41.34368320873932 89.74241206888878
6.44265376804648 87.88356795388721
183.84866348175336 186.09038355282257
64.47692749868581 138.7918468087873
83.33615976947603 103.28369610595256
155.71872885076743 161.92327415290185

122.37846395875162 11.454577870890825
139.44035345640404 90.519241504221
2.882481873943549 28.59096969223607
46.181909415561215 10.64130720443926
231.73872366083108 42.79337376891265
213.56448892271086 120.88518865039049
230.09634809017876 82.3355966980247
135.61874215995198 59.3204361166243
181.17992158887236 221.7779309342601
46.98304322131489 48.93600818419944
224.19075172050304 14.817998061233933
229.4647044298165 249.50078701126859
92.33972881037641 28.797661470676417
76.542815359279 55.177908752153584
148.6491227340336 174.75437184410296
55.30998568861331 91.99804016131071
24.29224229803428 96.82002411400451
216.81220251049254 130.45698332841116
1.8175542269636413 88.56287722547792
60.43418151346697 115.32635595481634
191.99170459396956 168.6282802937003
117.50338872381957 41.07482344424312
112.69104160290918 97.09883586364553
62.6610745419775 99.52238550682463
162.90736421122818 150.44100225803592
105.01462493589922 3.3367436144936535
159.94603481493186 160.31033050582346
4.645647311217277 55.51269347714061
78.31117401892989 143.5783923445186
173.03786112319042 115.34075617649617
153.72910208393984 229.70987695378565
185.58706174065333 238.81985069549268
247.85640767006657 65.77020377295761
93.15712838189641 101.75859034183271
65.13331440884771 238.73389785850284
239.016601512116 27.620988926804895
112.37375064432791 64.93566777917923
55.20641941481427 240.27868895598627
233.02696656335038 132.85804489524338
204.35277413718975 54.387403376394694
235.93976694100317 150.62666523636963
165.90232884852776 26.072077561548916
148.62679668546866 69.33719451933798
121.59683165800902 187.06315239108483
49.16381312062543 217.51156023973834
41.925408787868626 143.4263436843852
193.55843492809834 6.534989394023915
73.09919596274896 27.206422938074184
173.40822386081564 240.52874969255555
150.7290990781237 194.49592402804114
195.82047099158987 69.71202486062539
234.01246548995735 149.4304899251542
227.57989582151328 249.8221441854649
224.88920479980527 199.33092921592814
80.22207601375894 64.64353166834805
7.563189489633249 64.81643189948153
106.43827832512889 226.7459437079208
75.41648539369648 172.34050226668404
38.96731537791137 97.14116964617494
1.6928434260281011 84.84142680506184
187.62609331769968 185.83754927980266
65.86093877422489 141.0387198666061
80.11232928345649 104.9618553712233
154.49005019467714 162.07923096595596

8.6 17.2 36.0 72.1
17.2 34.4 72.1 144.1
25.8 51.6 108.1 216.2
34.4 68.8 144.1 288.2
51.6 103.2 216.2 432.4
68.8 137.6 288.2 576.5
77.4 154.9 324.3 648.5
86.0 172.1 360.3 720.6
103.2 206.5 432.4 864.7
114.7 229.4 480.4 960.8
129.0 258.1 540.4 1080.9
143.4 286.8 600.5 1201.0

2 5 8 11
5 8 11 14
7 10 13 16
10 13 16 19
14 17 20 23
18 21 24 27
19 22 25 28
20 23 26 29
25 19 31 34
27 30 33 36
30 33 36 39
32 35 38 41

