64 3.0 0.0 1000.0 425.90722150001454 3 160 240 100

77.5045100785615 100.5115875381501
185.82729978756458 239.35190605358497
219.2854464982013 29.128971212615678
157.02192131627947 75.14448749238295
159.26941523542922 54.83729599177864
79.0974192798583 41.07634425140988
246.3644445922599 215.2008710818136
187.21075721735338 108.33500586260992
152.49179930289526 129.3851599441354
27.451663564058453 76.17789855482643
65.80535761480255 11.627443907453767
93.89218551502859 228.25474622160823
149.01038366470877 77.93231327933631
225.34650896489913 211.1759755620332
84.44204222942706 125.26971393099112
129.3906703552152 146.30540532143695
198.62288499687344 234.44106559365932
26.014607718842065 228.72248067075046
138.04477127950219 168.0801897601012
158.82991787920892 169.279344045834
232.6549866956924 123.67656680036379
51.68290933649741 160.97014062888525
79.74390162206424 191.50474002433603
163.24142150437115 63.596797900357
42.14276551972859 144.80024548222693
49.48669236806399 71.95852577947947
131.24147508552963 190.86663099104592
71.77824036888714 153.6784815168725
166.1659470760303 13.706714796926006
242.84780622119877 30.918885790192004
59.08874240539938 153.0692269900446
7.222839320548707 39.780938125998254
51.89456637080286 136.43051412551117
204.43389719715984 10.474993206600585
92.7325604707108 16.591102563799893
30.54491934540912 50.194344669490135
169.07482797626295 217.09617702200168
231.52661447561155 45.10711179968938
121.37298666448609 186.154554458818
47.34983100158552 82.28525246306174
144.68913783935 89.93082968510974
173.8544862529804 74.6625141091199
110.91128720848825 92.55285471208535
1.2812488360740004 43.78196446767235
155.57905088015812 24.032002147170967
219.56328855604082 104.95981477419103
118.85813375424739 90.50400946915052
122.34768206517552 25.178242490287552
162.1768899088853 76.4120846552361
181.19920424245262 15.925669540292537
181.708662344972 63.381326652467706
38.64133627054955 163.19479284982094
178.16973760422684 1.1246132086668859
60.43393753161683 158.5902786505
34.57929554558275 104.57983987900637
226.87482892021765 231.33473741203815
153.0224971960655 132.80999420652566
161.00984574752582 169.73655755861517
58.334164125303374 224.95667276756797
24.362741131608633 201.94906117016967
31.286649514186525 147.4920126232336
246.84240686075043 18.98273262764455
192.76588105465487 104.98348624677409
21.35314240836919 43.89286037014401

81.67744293295007 103.37732379140374
182.9351530414531 236.75078438288818
211.77636467335432 25.868197792800057
162.4211712457863 71.52797919176638
163.87346057073188 61.79511591546197
81.8658016102611 35.70403348721973
240.7117817312824 218.70227907732726
182.11151418957692 114.53772573168806
157.72856409163026 135.91700856585192
19.353846303598043 74.19022002210848
72.54563497658806 15.852480048897888
100.14812544460277 231.7756847522088
150.10276219785922 80.4683598767132
232.34846881963875 207.34047587714718
79.86358828664878 120.12962864307222
121.74892898416465 148.6938939207164
192.7005545289758 230.7435343608396
25.01439188433005 235.21810717124447
134.5919355282602 164.3830212051834
152.36105062116087 164.3240862178772
234.67360669325458 122.54085552959098
54.78972473590754 155.801532157909
81.0585035665159 194.2183484784355
167.3569053019038 62.02780661223869
44.283709916954436 137.31873900348216
50.38610188678366 68.19065061949168
136.89147001181053 195.79440589900577
78.28488634365478 150.87113415637137
165.74639689581736 6.12300450272571
245.20971763469606 25.260405602773595
57.834482650700735 151.22656441724357
9.161544929596143 40.20319817389065
50.05303532767771 132.11447605228147
202.13395158599064 6.218590275920032
96.90035674489847 12.500498389408698
33.73613735494496 57.74300364735602
176.71658783329605 214.695331903468
231.23597001984385 46.4181872939827
124.89359015619652 185.2353625084655
50.567270467796824 75.46666349903549
143.91467968222906 94.05663999293098
167.28323646533389 76.5031429219808
108.79478240634866 95.95424185486861
5.05704929331649 43.61704189101198
161.36156509745578 21.00990899140656
215.19716776914785 105.64475341383975
123.08045662677023 92.89898926750925
120.98009867389692 33.550110308941086
162.48170323687626 80.64420859750638
177.16955227880942 9.060450961442562
178.22444903369183 70.34696429094534
30.314655382972482 162.12209240955596
177.9333576576942 8.638478165994334
64.77045456335317 155.3915848472813
37.942687240899446 100.58545435682112
234.72039499545397 229.164516476612
150.2622404049909 134.7543833010827
158.47791684197682 173.2130550322604
53.45922358895297 228.70356616875713
25.13886409711222 196.54809411501566
31.887309544975732 141.99793398348797
244.57288245124192 19.716065459522618
190.82070702223638 111.2047270816932
22.130594316803894 44.43755132850685

8.6 17.2 36.0 72.1
17.2 34.4 72.1 144.1
25.8 51.6 108.1 216.2
34.4 68.8 144.1 288.2
51.6 103.2 216.2 432.4
68.8 137.6 288.2 576.5
77.4 154.9 324.3 648.5
86.0 172.1 360.3 720.6
103.2 206.5 432.4 864.7
114.7 229.4 480.4 960.8
129.0 258.1 540.4 1080.9
143.4 286.8 600.5 1201.0

2 5 8 11
5 8 11 14
7 10 13 16
10 13 16 19
14 17 20 23
18 21 24 27
19 22 25 28
20 23 26 29
25 19 31 34
27 30 33 36
30 33 36 39
32 35 38 41

