64 3.0 0.0 1000.0 3 3 160 240 100

36.32309123468638 225.485837766931
229.99138760198161 53.08668645089687
213.58484348023 231.95530009919818
189.48554785582343 160.93259918605273
124.30664412673781 93.51539054063507
95.86546548404723 154.582905994963
54.60225979758959 222.59037076968028
45.32013375244706 161.9383432563193
143.86950596040668 210.24824500880612
186.61042748696983 205.0989324934734
75.01070318829356 193.09297407962413
33.10977237700663 41.342278383392326
124.64248883965834 159.66210683088966
127.36140590281866 106.60432724820888
226.47996086870663 9.696191101000394
54.05429492604888 41.546962518582006
98.24776558786417 24.668936083450582
119.02144400481546 73.29748851370549
197.17334355679486 42.473189601475084
79.31767958877003 161.72735038610557
93.79471311096188 27.699848725832894
36.2970321950262 246.72281423766003
159.43900663700398 117.31070954306317
172.15314923569184 225.82617323137507
33.985318722667415 240.95489065382594
53.65338390274058 139.76344980516234
223.56573508492335 241.5131107138337
113.08976078356048 13.994242982570155
44.983560067022005 123.36494315967153
231.65609198324188 156.85902349437873
62.56138677648707 57.90777683003659
79.83014663799575 205.11070853136786
14.416911702550717 217.26187575975035
140.2333011356616 190.5656773114587
154.36853155097256 26.158885840102453
24.024107562947012 104.24410638988341
133.83448339633435 246.33064962829937
21.19850972106821 53.95333413251635
153.4000382262466 44.326523643422405
80.53275290807063 111.31959928968638
156.51315743758357 49.365522050833555
185.51909913854308 165.89122476043178
51.271154437547345 219.10968773664194
147.65758503053277 204.0440504576101
245.20635692265134 176.75720046282353
58.23025277389643 221.45647396151406
117.18112513492058 201.5505910447766
117.44578524091395 65.2416842248168
91.70963155648978 190.71841976665232
56.116340812553375 153.32538394320224
227.82374483498327 33.67683602619698
28.7195728027925 194.26278403414113
206.95945441777027 142.26259710226245
3.995772093382588 243.87363578376
215.30504865697318 212.00370641316545
167.4629055681119 222.44384480518136
175.5239766534907 104.22147882867563
231.6383139897064 78.00066632497868
213.66387231704178 83.67674520015534
207.26631887599584 147.7526784942106
139.19834062361247 58.65405535636681
232.80901050442284 138.8016389890341
146.2835710246083 246.62568637697947
72.94231927140865 222.093008406591

33.671337928516785 231.37167517797695
231.3482482179465 51.9986228905141
216.57125254054245 230.62467062815693
191.88046897322783 165.3046274943489
121.73984678678399 90.81375336085668
102.41210154533589 149.43211422009983
58.49753823630835 221.56058854808342
38.13843401442349 160.77843659523228
139.0245368803532 206.19992246804563
187.5699435747015 209.45210177868648
75.0397665428709 185.48443310343634
26.024345073768302 38.851687787264
125.75999162038775 163.54048966486533
126.43170008287963 98.62261871075926
229.71746268610994 16.618006619903703
62.16852037737655 40.49954869423084
95.64133751700108 25.649572622774507
117.10592862831076 65.8860122221727
191.52691905396443 37.147652128635414
72.92015635593194 160.3289770315193
94.34769672432388 22.993709838393467
37.71161042556709 249.1319992159651
151.8977805149532 119.83306337650778
171.87030178065024 228.76129593530442
29.200827734885525 242.8194369631529
48.26560102479768 142.95346190420233
216.8481611699625 240.7026352565402
108.97922965431137 14.605869899487256
41.222941406608065 128.2114037370903
236.11339535159632 160.96049108337206
66.81655301864345 59.36462337377635
85.55951941093939 206.2569603598916
11.261384785013734 212.96890410491852
139.5246581486932 187.15901080890464
149.86134528969453 30.25121268786643
22.68413838524333 106.94882157841751
140.6656924743333 245.98444242003336
27.37346720343184 53.57909794287963
150.2300158900771 48.46425418668843
87.0783162861637 112.94079361469295
154.953074806495 47.3077539769651
190.067435145813 160.19087701067397
43.908912924127826 221.99285737782142
143.40079350481747 198.91349745983797
242.02942558109748 171.82623235419112
54.49170714063936 223.31732488153662
117.9878730598182 209.3725337523
111.61224429638608 68.82672233310372
89.86395020280472 191.34271812606744
51.71754307665435 149.61639889832068
233.34083370721063 32.73141840884619
24.96554192562128 192.73107519380886
207.74425982779843 150.1056088815738
7.394780398041006 242.15852710139328
219.21316772529673 208.7364609459224
171.24251154911852 221.78735603538078
170.79998670377108 104.72590700335458
238.25344431635162 77.89078356948734
208.96031151481338 79.92189306682252
213.5667835522102 150.7256336826971
134.8013739151744 64.85521824070526
238.47309050927612 141.98785686980844
154.62371229910573 248.1648785845354
66.12226527224702 221.6563828622946

8.6 17.2 36.0 72.1
17.2 34.4 72.1 144.1
25.8 51.6 108.1 216.2
34.4 68.8 144.1 288.2
51.6 103.2 216.2 432.4
68.8 137.6 288.2 576.5
77.4 154.9 324.3 648.5
86.0 172.1 360.3 720.6
103.2 206.5 432.4 864.7
114.7 229.4 480.4 960.8
129.0 258.1 540.4 1080.9
143.4 286.8 600.5 1201.0

2 5 8 11
5 8 11 14
7 10 13 16
10 13 16 19
14 17 20 23
18 21 24 27
19 22 25 28
20 23 26 29
25 19 31 34
27 30 33 36
30 33 36 39
32 35 38 41

