64 3.0 0.0 1000.0 54.83318187012366 3 160 240 100

127.74179731660567 16.988964548625002
186.3395778986036 225.9592280172631
54.65805438821181 98.11266830744917
39.59649969242546 75.06078450058787
103.1855486529377 1.3997479635133592
211.61371768542904 101.57267202686701
71.53156838686817 70.63495102600123
217.8734988138098 218.11632985656507
70.86744297128597 102.90648627844243
232.13450924583822 55.1082736517216
159.65089095909858 159.77466254277047
167.415023318477 127.8629506539233
228.7285508661576 209.27828413213336
82.23983035737689 189.51123783227277
191.07760983629456 9.939652223863394
213.916300118296 42.07711531147265
191.17981688125712 158.98869535818827
93.06308044055908 163.76129758597872
94.505022072356 192.08030572280575
80.85190852646681 34.26459827010342
212.71863785472038 98.57929243420483
233.86904771144904 147.8365058581856
51.85788427342883 28.757465207315676
95.95276970312436 168.81665731592315
207.4140969992108 120.34584217020367
113.01844433964936 30.148309274891677
98.59634495822253 31.360763816040194
92.57531842437756 57.31535873482416
102.02100688274687 185.72875488660623
108.68947450685023 126.90612567077189
160.9804171305101 204.02947917658014
192.21667852863442 96.62613089739222
8.582405810393379 188.86437580706487
232.83810187964772 19.06456135561088
38.39050329601551 69.65972933050172
148.37282646651406 245.1854787025893
207.7881966285567 111.69568082754566
20.4017373645769 209.13072151498793
240.89845908805748 48.41562788307579
43.42495257266296 140.360654532098
83.28840432827505 177.45757448508903
248.87554554977777 3.922685291676886
172.0513090856482 240.98915007055547
143.52562488129834 232.74687164057198
209.11185723774486 22.408116200510335
12.754394269509334 94.00280690230082
128.49835779177042 184.67020263424322
7.393968365838832 93.38579292505663
15.302225036168654 180.4518765644569
20.553497882041498 178.914266446204
195.77317330049894 160.35378504605865
108.5944973357566 217.64475409562453
211.88719160746305 100.9891461093279
29.15478033005478 86.49042531121168
89.73762722889755 11.841393438105364
135.0983589540008 80.05805454840534
242.3809681017286 11.472696224125889
184.24739110820812 214.0221669991084
55.114763289128035 128.1623126819086
44.46793657760728 93.91995415340037
106.53776120569434 34.947655955008095
217.19879566231728 241.70489109968804
213.4030461117955 221.5413622693993
249.6835206752462 121.43447010995456

122.91914827527647 20.150972520998234
185.9524082788528 222.16963415489835
48.12963459842129 93.09336071454885
37.67696774824619 69.83124500223975
106.94601923475669 4.208827208869032
218.85986267376154 103.92783810025888
64.83356075585517 67.82659667862961
213.99731898101635 221.3757684036482
63.34147940770515 105.02518034273837
235.6468526695772 62.81285451237736
153.35026899457043 154.14217605465365
162.43210744322016 125.48286669020378
227.871412367996 212.08312982797588
85.5512514991975 184.71212161950078
192.97238214899605 10.499456299310955
219.98721386330283 38.15968120715005
193.9233080350824 152.7837225129111
99.94763439446471 167.30048408746853
95.25260858033934 190.9798637316378
87.05563447273701 33.518781252034444
217.05500804122136 100.29563111874529
233.98275951162677 154.70508824682776
47.077317133899705 32.3139107169334
89.16047208789892 170.71704743496107
208.53897447412652 128.63442790114956
106.22976426049155 25.219880284999775
91.85993348599061 27.42384490391761
94.18114375617651 61.946815840598994
105.39836844127268 181.8770483209202
104.76349153162195 122.69601097092561
168.94986772589485 201.65118760428751
185.45375578865523 99.49692772886368
5.1073913330716705 190.23958777903326
231.7984218637611 11.331464502678218
39.531284274212624 76.7362581882513
147.91604979911958 243.84457940715626
203.98927947796807 106.88926314368446
26.244183877490308 204.53000261719654
240.7338813868339 42.9450810044934
42.37116755392364 136.74534861591908
85.93394915816624 184.0428960712133
245.0677430907417 10.622223170921874
173.55437487023624 246.18428567592122
141.90012243675702 240.91330063264957
201.82606475649573 26.206785609252908
16.597002220732737 91.7216814482833
132.09863772929035 184.96538405372377
3.4432530928793783 97.29387059586364
16.718129808791726 180.7737775667323
13.618695360691046 183.00038782219136
195.69985322074066 163.7587128191229
108.5012370661988 222.14753738029844
215.22204993162202 103.72146237594845
24.21420079578801 81.87769199922398
89.67817362030029 11.862935066580677
135.62959287875753 82.3049447500648
243.36316464878524 19.460434754265897
182.3941335491095 210.14193708857843
48.67625258631081 124.17492101831004
51.53634512307412 95.62203206706226
101.16554700071102 36.00206748854465
222.42639428087705 243.21037939750624
211.25305813603208 214.81723687109914
247.08406575593023 123.24527794418097

8.6 17.2 36.0 72.1
17.2 34.4 72.1 144.1
25.8 51.6 108.1 216.2
34.4 68.8 144.1 288.2
51.6 103.2 216.2 432.4
68.8 137.6 288.2 576.5
77.4 154.9 324.3 648.5
86.0 172.1 360.3 720.6
103.2 206.5 432.4 864.7
114.7 229.4 480.4 960.8
129.0 258.1 540.4 1080.9
143.4 286.8 600.5 1201.0

2 5 8 11
5 8 11 14
7 10 13 16
10 13 16 19
14 17 20 23
18 21 24 27
19 22 25 28
20 23 26 29
25 19 31 34
27 30 33 36
30 33 36 39
32 35 38 41

