64 3.0 0.0 1000.0 88.94062314507816 3 160 240 100

168.89412309622946 37.660097463056125
52.33493988706128 236.53321807058043
6.111480146732823 150.27421295189603
211.2873796997613 155.76020736104212
207.20442551694833 30.329723361080003
213.5754182687957 75.82117089464558
68.64442103989843 49.7717488912468
236.24781373934667 195.8797367330419
126.47328597182752 106.51488010070848
62.704500619630316 214.3747322582743
43.640631692270254 23.2175878805371
34.810177751113336 21.743344518123987
217.8692903738056 220.08092576462877
248.75055507214594 5.970315551737743
72.8352449827083 97.07860426781345
235.91365145562065 77.21010013549184
94.1695577682575 45.47717884770663
59.004061021377204 246.6994352135047
107.70400442912812 13.162840600895287
124.78026398824238 119.539203084329
188.04770350922368 137.61109588348117
19.928674732027336 206.44136796050088
12.480861394825682 89.77455029436818
42.15762614642502 168.3029662259795
168.02749232734323 27.45371290604651
246.260967549552 7.8915067678753665
194.52078697644768 25.23902019065266
79.02362513021502 47.791743696002
69.396917505137 77.32941079274305
161.03347888555518 117.7159988351547
97.0985249868768 67.16849217008635
118.96390469899177 156.29946631628948
41.53834904097836 114.45317523813092
201.55294565884594 161.61242554071433
62.05097897720827 39.765781489716794
79.3573864147743 231.38807545523582
158.02932624707188 77.43856790054663
96.0382305318113 95.49384873839648
218.7368575307424 32.92860445363263
30.33399433496825 248.8617937235195
168.11767455697054 148.46283264843265
10.620622404076352 32.94283616139962
245.8110144208271 119.5467241539284
87.15225528616085 199.40358481439057
5.823642012411118 34.34949711646632
111.28196098862165 15.823565519382216
6.5142976529000975 235.51403411841935
210.70286541782386 197.28726785192254
199.91955011345746 95.63699826971342
60.60627190311102 214.6475514829515
225.82826192458467 135.28790414198332
245.85374811003172 93.53770579331707
63.057859134926645 212.21088427556543
166.848295249409 168.7731073536501
219.3046692334554 127.3475387486814
33.10317037039157 17.53656802292841
203.36425147853348 246.93583894253945
113.37416350226329 118.36416138819864
186.80946039525787 28.508819956460375
170.62467174890713 177.86382916389326
126.75189948930357 212.28949132792695
156.3724550629867 17.47601815642799
238.45691645306377 45.42650931390024
88.04272909003014 217.1506472600381

167.25370247529784 44.65922807145187
47.0656839925272 238.08455984692358
1.361747809579178 155.18295152252102
209.61000620143295 150.48600392613127
210.76387872508806 37.220675734877226
219.31547820952238 80.95627698834362
68.76249955804592 43.42934631089909
228.16334484147703 193.63993775752027
125.69495053887766 101.53881903464021
65.43992323431682 214.88649727594378
41.10643979090989 17.96604886244357
39.795686501557235 17.27251852783704
222.81281245885202 219.40904227507656
248.3644660950316 0.8813846375713141
79.32646634703633 93.80694465358488
232.60561983842518 70.5165431614599
93.88222949285077 49.25554321935222
64.53692181222611 242.80956641491434
112.77983174445525 14.235985124811307
125.07012650434984 121.10133027653244
188.640885195684 142.44031310733706
14.754884456426447 210.80411979954874
11.789216492536559 89.069973931111
43.06473555033888 175.75800857719273
162.0150842253633 27.307638041020905
238.66437994722023 7.687362089138644
189.22818487904618 18.6885486561654
82.71871936272885 41.25479270610102
75.94170974224126 76.51254121546846
162.0308468343585 109.46198300644875
89.91348836983198 63.19467571971446
111.49378708203835 153.03252080371777
39.37193082213916 111.93192943132563
202.53631263248005 162.37886962128067
68.59415501664354 37.93968068614512
85.93347200823167 233.36760572923282
157.4548541553391 71.18562134010298
89.24376279814172 100.39733393244427
220.69493039123964 41.13709967680576
25.647094050415404 243.60128575929647
163.22552159922367 145.920553776963
3.7911968304054633 31.28233196371602
239.71438937464472 118.19479565453614
81.7431046525395 204.02866604376965
12.235225514704378 38.00216179535745
111.99594336312526 19.704221727453618
7.768671601112887 227.36911637822112
211.09842733027025 193.65643485995594
206.8714834146025 94.464444802915
65.09408838430086 209.19451722731088
218.89212075531486 134.8052213261476
249.1627534489658 101.28921099515354
62.87761565861624 209.2655324279183
163.27264502480605 167.20184569730768
218.18907559993642 119.78035912928453
38.92448231227977 15.703489879723392
199.87239552086714 244.63759938006146
115.95429050034983 110.91902307410129
192.09535973596465 31.60806512621872
169.34475659393715 176.31325511504988
129.956719648787 207.31327779339833
156.71822707518524 18.27456924022605
237.4881955288976 37.734335536353385
87.52054601477963 211.95700122300818

8.6 17.2 36.0 72.1
17.2 34.4 72.1 144.1
25.8 51.6 108.1 216.2
34.4 68.8 144.1 288.2
51.6 103.2 216.2 432.4
68.8 137.6 288.2 576.5
77.4 154.9 324.3 648.5
86.0 172.1 360.3 720.6
103.2 206.5 432.4 864.7
114.7 229.4 480.4 960.8
129.0 258.1 540.4 1080.9
143.4 286.8 600.5 1201.0

2 5 8 11
5 8 11 14
7 10 13 16
10 13 16 19
14 17 20 23
18 21 24 27
19 22 25 28
20 23 26 29
25 19 31 34
27 30 33 36
30 33 36 39
32 35 38 41

