64 3.0 0.0 1000.0 596.6606176650972 3 160 240 100

157.03981446875255 94.82667393470228
119.45347987210924 42.66364596351324
47.332982302393496 27.47011868287502
101.49407234135163 222.78308627429286
41.416182890083086 173.2083319461104
133.63667241763088 202.14965876516217
84.12101574057878 10.719565947624133
165.3222732574736 238.85186585446775
69.85870591837704 58.531282421094204
95.7083784209661 171.15840853633665
117.17574786865201 28.037654401917965
216.19102361476521 232.90143129591635
132.79645465939643 26.88527727777068
19.634488034803887 98.42621214354169
85.28392714298774 75.31579260688991
7.553864209503436 161.54535269197697
170.6507045159586 229.72543830688102
65.3784157966098 80.27836445465256
84.12729986075243 249.63426982874964
200.96423903340647 195.9131438651113
210.07222826313483 87.77751226411456
3.215087994810184 227.65214892548263
194.99823717457764 228.97181947631216
164.6575540202306 82.3599900631344
218.84670434090413 47.906445459021064
206.677251783719 11.554393533899837
132.0797755732803 118.41968535292676
119.63288515715287 170.1006508632128
8.523741969713255 165.2890088807362
122.5598930685099 246.03546308487108
174.55037427124665 224.60264533247
184.14940554674808 64.36048428661628
112.75808832198835 229.11978652961793
79.46163111560095 18.588626997526227
137.4583478878802 76.71475159015066
59.26082664008667 17.684648117535033
43.72962108576417 130.94492262837346
30.236629280224857 116.12127631424596
4.0193122960383025 148.09818619982465
244.6888274040678 86.20048452898784
31.15043025978964 134.45255660533576
201.16683023932126 215.19345394705329
215.3494546075268 9.18943985991394
79.46947460031863 3.9870736576105847
188.03499495475597 246.97644283854308
163.93231766054132 160.5498562181027
87.66943339164507 22.78713342162142
35.74716794534918 185.50950786703223
119.68954903798983 130.62774482831853
12.908491893805053 96.09779988331083
26.970091266282026 166.0504305321302
189.24814030687062 7.75646389961801
81.933130521672 172.49144690710318
24.355282735254114 171.6598283261716
194.52271331686293 70.32515943048934
11.291830895998833 149.09247912915674
210.8053733261721 33.62869473243271
151.905679785426 219.18179856691853
249.97924061953208 146.77729747712743
139.3697235986215 235.83084033190732
83.30428557611788 22.19920601257186
131.48201137503472 209.41656718801897
18.198892276161978 206.05202559123543
163.94272969280325 243.45823406658434

153.72149556746075 100.64369702534567
126.32662516217377 45.1775649412812
43.98863890543378 29.594186868816347
98.75513593828627 229.12645375206026
49.07592948642805 174.58503909044052
136.61367377374194 198.30730362745595
85.13597924561716 16.615682101548483
168.49613549694556 243.86026770376117
68.94174985886862 60.188362487191895
89.08165401659066 170.719261763159
124.9891565159729 27.684801699370098
220.4793901850049 232.4743617443874
134.26868562170748 28.1282127346561
19.000623687325273 104.3610059940893
86.28856659645633 74.51636999005842
7.483410674573809 166.25080057978798
163.25591341267153 229.371870073769
61.8310488761491 84.33304237681372
91.80105928359362 246.0635817945054
206.94119937480235 197.48715831316582
204.4996234618007 82.32738242963306
8.504744445790552 229.7911842116745
198.13569567948988 223.01413731853575
166.22226487084083 89.50361856541869
211.67491309197285 45.85295269741268
213.9942946744192 14.134952062480998
133.10905165591035 118.51516885072927
120.67340861132134 171.06650976679506
7.087434398385217 171.79928280190546
121.41289963650905 238.97767684113478
173.96845921827745 228.875753657274
182.28137102502134 72.40238521754877
110.79053768399177 224.59015586766208
86.26285656742094 16.42359916254488
141.0682526996627 72.24252881597032
53.36377115717883 22.17363671526007
43.390950474146344 132.71669192475042
24.351564884478595 112.44779376388561
1.6875280043001928 153.92550024933277
238.3766383859982 81.94517050799668
32.74163977569583 137.72713067833604
196.59144099017982 220.0617077974079
215.61264835699492 16.082660763763855
84.80917781225625 8.575826384073254
188.6747120227484 243.7015577813996
161.49603623631614 156.81593952607105
83.42148198013128 19.723288924552968
31.609932748555224 179.76150804808387
120.36553856706114 138.66808259219368
21.006117387810523 93.62430987952224
20.17456300763179 166.8847113906385
190.42949943600527 10.346182749121468
87.99521195758075 176.1363712572061
16.178661757299707 169.69348273359765
192.35217437831164 75.18070967553481
17.395060040870714 151.69787172798115
207.39498120644183 33.543195688487266
147.81681041576152 221.31038838414142
249.05188220446146 150.65789741537608
142.42558561437264 240.55812190178455
78.94001424722435 25.193652924291847
130.17891273310565 217.35543489360418
15.616753711133413 212.0787495817039
170.2983000433764 244.7290756778686

8.6 17.2 36.0 72.1
17.2 34.4 72.1 144.1
25.8 51.6 108.1 216.2
34.4 68.8 144.1 288.2
51.6 103.2 216.2 432.4
68.8 137.6 288.2 576.5
77.4 154.9 324.3 648.5
86.0 172.1 360.3 720.6
103.2 206.5 432.4 864.7
114.7 229.4 480.4 960.8
129.0 258.1 540.4 1080.9
143.4 286.8 600.5 1201.0

2 5 8 11
5 8 11 14
7 10 13 16
10 13 16 19
14 17 20 23
18 21 24 27
19 22 25 28
20 23 26 29
25 19 31 34
27 30 33 36
30 33 36 39
32 35 38 41

