64 3.0 0.0 1000.0 185.38232428130507 3 160 240 100

214.78966755348674 67.01714100938425
136.16095626228454 7.540803760569592
207.20178242171437 73.62883515317759
148.88908152443727 77.73853775808986
61.08169681689807 113.4577458740162
96.663252872885 216.53963946878355
142.72898406081057 239.06497228509897
110.23667147355349 238.71148349771863
227.92308586365402 54.87287900079132
221.9869964613941 234.54915294599925
32.46491414152644 212.87633438881846
68.76352212212541 137.14363859413925
231.3172230810825 136.6573957756844
185.77702102464764 1.1212886872389027
194.7070040977931 219.16695945888262
212.55492930671278 47.637686916590425
202.10434319396222 153.20386139329145
126.96462340931849 89.24854268109061
245.19938806745645 198.89578630254428
61.12262198285423 21.32419146883463
72.96481506243788 104.05829689832211
115.88699161881932 231.95223138191724
235.34711543821155 165.96279989836094
148.07197431621842 221.3121352519279
63.1829962187615 7.865610900575303
145.756279755051 1.5153331087519317
52.19730694409427 187.0579448319413
206.01630359584306 196.44313132967088
161.94719667221403 76.19357672072624
142.58241147633447 12.665945975234404
118.58905201683922 21.46436863644585
240.48187219167676 112.11643047260408
103.3002703760089 153.86410528404826
56.329538920541154 203.11551273055673
213.1468694622136 24.238460522692602
176.8437927062785 43.217738994540206
161.63547038698786 35.70494082912434
104.95251935280697 82.14736585719326
58.51402312605958 112.4760105283158
56.173345789228556 15.289929117014767
141.56877628711393 178.43686997743436
232.39213497800915 142.35163042289383
200.78564276465985 82.97338492487604
243.04336457124862 235.24448565382522
95.98985324411363 144.38983213075454
26.506552643024428 107.16093371904589
237.9992997025486 144.43137707997732
149.6011106215687 63.218295028402125
90.34091349037696 230.9466489979247
169.64588721957105 150.6681194475724
44.669934302210166 248.4919610374323
176.6608645499007 226.18382495761975
37.169199438907675 236.55676092422542
35.73651783134932 70.01689159397623
175.16597030954657 173.27926977448263
159.34301378519442 56.120685919680554
211.9229710028604 70.32999671574395
3.107180543044902 65.55903187943102
174.86913656431292 222.7054346329362
20.773598119509156 15.563294485135104
165.05217547740708 96.30373757866423
89.52560915897065 168.36404765789024
60.61345088091522 39.26726459965374
107.56199998050079 33.44812002036937

212.280104281959 62.841672657658
136.15192320448367 1.9858773476318092
199.97889245351826 74.20993732396485
144.6390089261888 76.41798200653285
57.60960548738409 110.7662964924404
96.72185984389883 223.67512660964965
138.11948523535307 242.1394779750158
110.4988151004502 231.0513427549816
234.20585159788232 50.461525989221826
220.91291862991656 240.0350841545578
30.176581021248843 206.99026307206407
70.72320884053215 131.37176566957595
231.0962869416268 143.9253651916876
182.1045616590928 1.9586748603827864
188.09850774108253 222.40861819159818
209.78024302698802 47.888185913624845
208.57564352909526 154.00722854380797
120.23789673731528 84.85015922570494
241.0736960731898 197.4815631562899
65.59938573124458 17.98817920478099
80.40228057625473 103.81456291719898
114.79014091017028 236.82991522729478
227.20641907062748 163.57914175471953
147.71128152677812 214.08300093730503
70.3414796372083 11.747347722424973
138.2639078970467 0.35001244961613276
48.98756704455201 189.35474014229337
203.27179446384437 202.76549167169702
155.48718588654805 77.64286663230897
143.40445293617225 7.804205080607196
114.73268552904075 24.50411551815726
236.77817952872658 105.29798735614123
103.47705892603068 150.31328388915315
58.438096843817014 200.61727841060215
218.31312468210842 17.535711795356455
180.42621833944204 41.29662848476545
157.31404140980393 35.33420853598149
102.42228768736841 79.81944770750435
55.43112080872692 118.01720225864223
60.43130962676055 11.471606511048865
141.0531068396108 183.99914623455936
235.2178868817741 149.79134781296386
194.39363210758046 85.67707848188077
246.466090148885 241.0466418607755
98.73146031790567 141.27872610444666
27.718882688119894 100.29235857701319
235.79496171442062 137.10517624035043
144.77098536658244 64.51184563073927
94.10145877322815 231.2956193013712
167.7201473011941 148.35097832035626
51.40193328987444 243.60775064312637
174.94582690891815 228.19520498838023
33.34002038379214 236.47571127075005
33.737117296208794 76.44105811128077
177.74640222860822 169.806017348999
152.00563887391033 53.84954826963118
208.93161035316726 69.91891645481286
6.745235446251385 64.81349470633563
171.1856016444304 216.71489523363834
22.076608416004866 18.635534745501918
163.231291023812 103.6128738454287
97.59479814904329 169.3947208451837
53.65674269331111 35.144784730467975
100.53452620992839 35.34934935710274

8.6 17.2 36.0 72.1
17.2 34.4 72.1 144.1
25.8 51.6 108.1 216.2
34.4 68.8 144.1 288.2
51.6 103.2 216.2 432.4
68.8 137.6 288.2 576.5
77.4 154.9 324.3 648.5
86.0 172.1 360.3 720.6
103.2 206.5 432.4 864.7
114.7 229.4 480.4 960.8
129.0 258.1 540.4 1080.9
143.4 286.8 600.5 1201.0

2 5 8 11
5 8 11 14
7 10 13 16
10 13 16 19
14 17 20 23
18 21 24 27
19 22 25 28
20 23 26 29
25 19 31 34
27 30 33 36
30 33 36 39
32 35 38 41

