512 3.0 0.0 1000.0 3 160 240 100

226.69033342836883 37.86831598696905
27.179409144760164 221.51796829867288
89.24449883274974 21.837303331093377
194.57418558246914 174.58953599311468
60.82699363912761 181.15818829095716
114.4614078587275 65.35733867824229
19.34486952218739 138.02254979330948
177.25544091603186 179.20617295048683
245.423605562028 9.066877688936604
57.68679045673169 79.80061853388676
215.03245098662737 211.50233404766144
144.42785948876082 44.92782304137574
104.68766478317221 9.318110802631342
177.10960519549923 131.14191052971054
240.80471332218224 26.03902597956051
197.04811565609631 183.29954847365687
75.21693995821857 138.73553374258614
52.18543699936073 235.1416414883527
198.6305994391298 92.8053820473757
1.4888140941395345 118.10610704570149
180.2338951578299 244.22221736537935
8.934623159523202 249.05355761435516
239.5405179128957 100.94312563707989
195.92455936801787 119.12831058747211
10.686468519945203 13.059217360700758
249.81240307903266 80.45495526500717
235.71383512495177 7.7104421901905145
38.949494056381816 88.43291056276185
158.63679547050032 104.00743807348462
248.1600779900949 97.63661233942258
188.57697930828587 148.41460376089339
54.036756075768636 204.3598882093092
201.40403649514707 240.73074503893068
27.26772399409058 115.1489359130036
117.63716808003355 81.5550983987853
121.45701701686527 222.34802617266047
40.48598065171788 134.13196484574536
35.6666971799281 166.18211489899403
113.01854035175771 155.23150431030524
193.83788699518948 72.48817121160376
153.20723779326516 65.46645579918756
69.02061200760187 66.77164164435631
65.18786965801337 48.72260735106973
13.999759962376428 243.2166602104802
188.74869335810305 226.61569024335492
137.03533503848155 131.18033415598046
65.46174243455863 100.26444955518585
61.29111515809099 51.92209194626252
170.56299151092173 28.166125822534692
164.33183046653113 35.60990768394276
126.7953718982592 25.374158115965216
139.74966955808588 99.67123928846028
247.03779695887837 153.99510427757818
88.61646383473584 211.28661402853828
125.74010156575433 20.95610967408573
172.68505638215413 108.26674078354692
193.55918790502574 165.67028897018866
135.33713218705722 166.68296060752422
127.74540628944814 12.244007607868118
70.87075875529113 224.140289217775
198.80201229649023 84.8054833177316
161.1662742371636 125.732738640148
63.34378820433601 235.33520111974332
217.5772236719653 177.02539206441196
169.23355950621814 214.97225711435522
142.2935777750109 241.97225580436267
100.98378000607511 86.71418391737004
170.45999801351357 116.58940096638598
79.9682347948818 2.0591365215814896
39.21316325677296 181.29501301994554
21.40427793583491 118.07184297408779
82.21740333348676 80.32699851111177
124.31784319336705 221.15059204616722
211.30589509013168 216.63651290397885
246.08769821791222 49.78106670455265
68.13865838024438 170.16872069209165
161.19356974429076 35.81062768548171
73.0829614630738 81.8253166032609
128.38594292259555 24.142690421521895
47.02329794971788 216.7097790056274
138.79195478587408 117.29657407822901
102.96094021135188 123.94565149935931
183.89659966856445 213.21925670092645
39.886526376163 219.6246239264588
28.649248251177816 148.2531833457751
153.11367715370127 173.66743064444043
129.93621489608984 243.1679483935302
176.25019014650587 52.02537028544354
235.02343165524564 190.95705769909506
128.6928727133402 156.6795326260469
121.04147436484794 231.83062352453956
188.84858889088412 86.62850834941665
7.522845257833616 156.27432261352553
18.77057274333957 246.36014237922376
61.53522050893184 146.93030409597415
26.519361606720608 132.9529638001371
22.00664692409862 232.98937039447435
214.29335072850787 109.8291122095004
132.29792242127846 157.2604798821561
247.92495072095792 116.20897953555529
241.05500269485856 211.9506504631465
162.96154048802396 208.2635406414682
130.34852925793953 174.48546214274748
175.60793405035216 75.7699675740355
161.9678938255673 138.11916227465935
126.28154321345578 67.6462923412001
57.70595654855343 102.0314933321761
25.55354565762402 2.8525509573599503
16.795412248391926 53.05653089207618
32.35847223218144 41.12993355140185
217.30981548979096 15.989149621186638
57.52855333010768 115.47036823954244
205.3576923508631 177.6978441218114
69.88725182543423 165.8693476505356
22.060496051124424 102.9567550253433
16.281101031766138 1.2262415298484597
161.64513579527843 100.74931354921371
232.9499532471041 221.30116250495115
169.70283388834358 196.2809174934995
233.90085194940787 29.878754551634746
6.455874332430972 210.82271381074867
159.643109166799 120.76120936114432
206.22675425583176 240.34903564966757
228.5795100643019 218.01008126913757
114.64420582054561 225.87983226714175
139.1472521363318 92.43046992572506
67.50672321213116 59.059153578160746
28.416115226266914 175.84040380049154
90.13771060299386 132.72301767152072
238.35982393469448 41.928158399917756
146.0250312053594 194.0914717252931
79.59549392431894 171.08768276816733
172.81082921979697 131.35338803658794
41.20832342830486 58.75485997377325
230.99827197843035 229.4049044806815
230.39560545558376 185.91803736294798
170.837845243302 136.67469314440626
181.32768615464144 57.56734655213055
197.08992105201804 189.40026089921304
92.74144741621775 204.63784647824843
68.16854193519445 151.48234280528848
184.95477934437483 117.3046065260191
18.74224935640914 96.29977049934874
125.86870552443507 131.67895313959627
79.15694080552812 26.124634746995888
132.5079048054186 43.22065660046423
131.59939132307608 159.2861333806281
203.48433686871965 117.29992295739963
170.5127338183435 126.56803336283149
231.42804977170357 128.63499724776153
105.0245306253071 219.37553913605103
160.29185544324437 170.4063168699158
181.43031625951934 24.76725842689881
246.17358490427998 92.65337615365499
68.16096274352029 24.32027749699192
136.2202616247425 103.55717902049894
38.93517595839502 60.50355472298271
100.27795834300277 122.68971164085379
79.26599345489207 51.493663881566846
181.25331360016241 193.72237573321271
123.78063141817059 0.9449262281816251
229.4824506765904 149.24589327824341
20.804321292097278 248.62564056984672
18.859412030734603 69.52697104958722
102.32263788943838 229.59804258954912
108.2829131112685 193.07319957169585
116.94064658439449 56.1004604569193
107.18637821786808 215.6623509089588
16.097318235756745 131.58782606182723
68.05765067554584 213.27801620795074
150.00362079948587 202.68166674952025
179.24978120196326 138.67280147183152
99.91510025445227 14.94010938102408
170.7355370703401 213.64535873994566
57.74149781999768 63.03218288488907
174.88622048114698 110.39867738981016
166.30457919362664 156.2359496635211
22.75162069956607 133.02732774541525
79.83131696094192 190.50602556640462
14.512486544485975 91.70577670807883
155.41230350382122 235.65737646045645
190.56172092963754 59.97037155116758
14.561817096229973 12.648626676623032
236.69534558513442 125.02045825142858
42.68976075143777 17.04470256470156
163.94053760906826 186.33597011300938
127.56107706298685 53.918137845054865
121.81191871475144 138.44231795814167
224.80269146891203 187.27274913681717
45.17957191581942 83.84968477464876
151.0928571081726 197.78135618561498
78.0171734172678 158.3552789372786
228.93963965752144 70.75646599134069
78.23655513156407 140.80134423206917
25.40487429962454 35.89318921627316
114.50930795998876 156.88559904889053
177.06512513291298 222.5533932263454
71.70210355529163 190.9703221961066
35.0463268922947 144.64133502011646
55.53210441906584 179.02124057905442
44.25573656669118 180.09218965305763
208.21816286898303 136.94972054449522
69.89289743110331 242.35681245706652
196.32458590448857 15.518218740665334
160.31903370826564 98.97853016771002
176.01491899051044 86.45196955656706
213.6364036643332 73.04186954928565
67.71890853829466 203.36118260039345
105.698912646074 131.34028573907096
202.13325724400053 212.24905918704616
55.54009517946476 130.07895156209116
129.04220826761275 152.68499049679914
63.304532764349275 59.05351076608547
167.2192467388881 167.77728296635775
28.85362156165794 24.645104480856496
237.58224643039003 29.221849965061995
99.21553893058966 227.91326378257241
189.6375658657549 84.74994730607548
51.01192437182103 234.40617309082313
42.8843429332868 163.5290478438662
222.2828680721029 20.992472799556932
159.39648296823145 228.155306456064
189.33237613940474 244.67285879932544
205.51978008836878 157.9567694643207
75.16723659304215 162.7955129863963
70.69075319909373 92.64433122700402
49.67707495379983 146.1103763411505
206.7410162959842 224.14936784373916
75.88928843025994 218.47470462075356
4.447508658064509 132.05662031552774
142.25721969532245 97.27022066619193
134.84145961703422 246.8928796350991
203.8782838626511 13.78613004526985
211.69549239173384 4.47059213103379
45.10659495491565 145.44880280307586
33.9698637736788 55.23254363965252
30.307740356495167 228.18966486444265
201.57925960077728 161.86220963058602
76.1183740015654 45.43526521564739
16.574047228995497 188.92200062035664
99.04095836027665 160.5708889905451
192.08661874028255 192.72105666401364
215.75991982283185 41.563090094278444
101.96172702918722 230.22945373112356
189.84079325244537 223.40141311115275
96.16525981100588 230.58168269089242
154.32849734262103 118.5028719143642
48.564795256607674 238.7633415513323
202.94689638778172 161.9411952524881
59.302539865503796 11.388770407117887
221.25614898481516 198.39199298129765
41.56969347189893 184.8909450994084
41.06823051438191 84.33245247650694
132.7957224717679 29.862010188048544
223.67757509611044 65.1934317465426
80.5136260528121 71.89859516125846
154.11425805935855 31.261847615836363
157.75268580027907 128.71808512199743
150.7726959254822 28.15778336440508
164.53540682025874 205.0713431632778
87.18709148533758 1.7082548584159696
80.046389387556 109.88920391036879
57.979803282623614 85.52477700573644
193.45306288322868 130.51178230024598
162.78700960826941 48.309564924123336
47.70168147956455 23.204211721919528
219.25995210399682 65.72656579451214
150.70323635443498 99.91396226841306
62.45760520322804 65.52645399030426
206.0814681291661 37.297004486448905
228.53908867979473 50.865906271455735
90.66463179509651 227.79681951633145
191.00230573210317 225.6929477878162
190.69003615118933 82.75390561394114
94.76420202984067 179.4737193684569
213.7227174302385 211.06094393535278
176.78650752785774 108.17721093662087
96.49368565598034 73.93634199858168
40.33440156060286 78.55090122104014
141.41111266942647 151.64752591758557
216.99304403324143 235.56918419457
247.58483629600624 99.91059466123778
121.56214541772128 19.650762426255074
73.30735555084338 194.40309434803578
166.14062693966565 173.7551264495537
53.09989845997315 170.21284066354255
203.7629176869722 137.4843621099666
205.39162748949113 51.62610551189062
186.96180312376427 6.568516212239972
241.3352053159997 141.30830219931119
108.50837838203218 124.10549196677434
190.98091890597442 104.63758950561908
215.06650270052816 196.68479850485107
103.35449324543069 68.50705411867605
86.3886704852973 200.2332882623847
232.35974669143494 195.6254660659441
217.80927618387747 75.76650822932196
181.2515946684696 66.54631246397646
117.41610801159327 216.3729199171151
42.20892457288169 61.962627145322664
134.1777381832524 112.14268917586193
240.5669183110306 9.127171528803546
118.38881760276782 189.16528666133132
205.7182945606154 47.40671699432053
22.297543291250776 133.43772719577808
197.8116646244471 242.45869622164713
19.733548433983394 15.954454816931612
103.63649448458226 147.556159255772
158.63226622007429 35.19586963998497
237.44113850620707 40.791578294946646
124.43342808648353 44.79327145365716
230.64227136464083 217.0897779172093
244.46236240939237 178.08967456022128
217.78164111460146 40.18876923143622
74.32794800705972 60.22614431282369
186.59660268880086 113.96305281361747
11.147305663948782 101.89169143484217
101.89082034011909 85.59399214832646
228.36905030737685 128.04571823801547
71.52571667068136 240.55647072457745
177.0087723629887 8.036414813515385
92.29387094216374 131.57757622688436
124.67336377995427 71.09992335771246
154.2111554300866 156.0607945428697
11.180088564176849 43.354281192205605
236.88559149207794 30.30811441475886
186.3710777175794 86.39717575124293
151.75528115292258 202.45104363652746
19.78913194816212 69.37770577495753
183.06107698310876 54.9426250633272
131.15677084633896 161.74193967938442
145.010335854402 111.69668318790987
120.4399328675759 9.96673721704633
77.45737889780268 83.01917019449048
21.110268985832683 205.88100346026968
195.98616520919995 108.79530901307099
36.255723678629 194.92554645307692
78.97670425814759 196.21912598006017
204.73505827874442 247.60157052751427
81.93300596159366 159.52702156019302
59.56583853722752 127.96687131153209
186.19620345411644 172.85194968827847
37.37178374282404 113.75080489163949
149.56801138978466 171.18975305132807
190.8247269934106 88.60622270791485
246.10702563715617 142.11855449477372
107.07804663886152 86.1681953866433
203.37251438833462 96.08334364214392
77.48757000159844 178.7204678190813
77.61276626575133 16.05483280969758
73.8489750339097 64.93421027752774
99.85371866632633 135.5172711768912
211.71402407988256 104.72737069949464
64.84167133972393 207.6372098506532
122.46630417995772 158.33490837148597
12.896649340919941 151.64815385207214
67.99922984656057 57.47343409095176
91.84571835714114 121.22735774525938
203.6285789497834 0.5948616603119738
159.50341694572228 69.64698189011251
52.80762570404474 24.125801883181698
8.511424855271704 49.12437004210105
95.8458750358456 14.962730113033368
33.819711485503944 111.85050289132873
240.34396962436583 168.6281131159551
105.04172399214958 127.94165444666878
71.15312960306805 75.66948333210962
0.42642662566808043 198.34480677147064
128.22636176474606 219.11893905753857
223.15718100469564 56.345410250291664
15.121560641292941 119.49596197099794
178.03296847578835 80.00447667402938
143.3292184685301 61.63008463360514
131.33660462767202 83.68638676716093
110.71858517912118 85.87834350490203
211.9968767999989 208.926121156462
156.79340423976035 222.77457036522625
86.79297226935623 34.552259734118934
226.83272602448034 243.6481078612015
176.3934833526874 175.19217459909714
78.4536193836826 71.09345599236497
240.14781795334312 200.66678227446846
137.9364877948015 66.1825297445656
40.71613630132367 107.90673465159048
166.46274757752934 5.3697802231241765
114.77272739699576 102.93403934367676
125.2009388930585 102.81810244652789
79.9062267669995 146.65651962886642
98.09376064043013 199.5603330051572
76.95985408140498 233.96657247333002
72.59382474691087 56.00369171783606
129.52279737801751 90.11444636778329
175.26263978619895 158.54373968576937
240.1255540087132 117.68394819462716
8.437708070622774 182.86897411822014
150.36035603172732 128.58420738552215
177.15603280756355 178.26485434395656
182.21162404466725 75.57109942866028
245.9515779851059 136.774228354621
53.69866107843435 121.10558847421655
105.60229471482005 188.57790519856866
85.9869527829717 71.22075647722345
121.80389098699854 70.95394268633537
101.07390266727201 237.16907943710868
56.43025928219891 4.148290200688631
161.4185525997784 90.52075575633783
47.51348788004003 96.60665830655951
172.63787378539857 109.93218705156599
90.14384275648834 162.584404980535
129.92926699076259 244.65877280406713
147.74552302736782 40.045966920178365
162.02755937027595 54.01987264729832
153.550533944348 176.8943570035402
63.053761227517214 190.86507794693583
64.22619247387267 204.04085729236627
245.2657719315992 94.4234991218074
240.95310413812467 130.10469499991515
193.62173897471754 187.35586151319504
228.34653708872753 197.74856851210382
35.40952477941095 166.90975839810898
245.9541893553573 58.59749193361918
44.85067651064961 229.361466999609
135.41005883846245 50.71949240783133
33.19046278044052 246.88597668137976
204.5540143946812 75.55317315592544
176.82988431290593 182.19573064001312
146.6740534513714 111.2627727543595
112.72217044803362 145.3514621652147
79.2044772575469 47.42793696839953
238.041496128386 106.27223405920935
166.3939525680987 114.04287216229184
34.984443782159396 29.06719532321539
15.246760120153136 78.50231729083293
248.23551009575888 1.638130325741921
221.4866509531686 36.25123674077829
50.243126448269756 121.0905250816526
26.016526803604666 86.33538751490588
174.83408659800955 59.053549380033544
153.5343135436117 207.42496811428646
211.0506879635946 143.6408360656089
41.02789106075888 226.28227716230285
137.49673425923436 183.4372738137104
121.74488175746212 30.830797553793392
25.620187145376338 42.307757503813825
84.34671227777835 4.740493632463261
197.68107082448026 107.6612310904447
175.3071793209754 110.33234981931666
32.36011247217921 0.33996884512491055
84.95182466792389 123.27417417222856
85.95601369395418 231.314777403867
117.35791115101115 10.73012088988784
237.40239753922978 136.7657874221898
168.57482356991144 198.76132945013666
81.81060574083921 219.87371928834378
60.09126028388037 77.0611629643011
215.7348429619969 38.30215227586611
143.6510216984058 182.76507384684078
176.14672309806528 65.16248167498844
140.42403599242505 103.77598112909872
77.7070904140904 164.6107381792292
5.916584197998037 76.92498784077057
0.5532064857005359 7.16321788943533
121.45548301218662 30.383571092640338
28.417949234410685 25.30716245718967
168.02650770651627 222.93825061812564
173.58395434717502 37.32517862685078
126.85970896150128 23.479626886140665
219.7522145378498 211.84021462494823
17.656168658530312 174.0676893891839
129.0502151722879 66.32189118544657
121.04191806794118 147.7479535291654
175.8523391386483 119.75372255939348
1.058166525678944 66.60738544062481
172.658948308516 45.538357763752146
108.80254627186267 100.7424511513306
245.42890597841588 1.9845241500890676
182.7579441381793 91.81478394365597
68.20131908032891 120.01151425592688
127.59432260938038 144.96907089707656
199.9665110237803 80.51338389846028
127.67158589810651 143.22940980485106
218.23956996150844 25.305890192878987
240.11687577047908 22.591201122112576
160.78595014988522 33.49090556954945
90.76167696121485 184.12812578146912
165.8086904930678 198.24317419325163
173.6342620385946 51.49388247821418
27.563018779829722 212.98414034151543
179.40794103073964 17.892030330415366
75.32516996627342 195.8312508686787
150.72271911274947 177.8931539036204
15.453013803550824 104.39122577858964
120.9803198769046 163.85011341867832
204.0564597366503 21.913249329306634
173.9166296249164 213.66211012818425
120.02699940554685 36.04223847733062
2.8285438613728786 236.65250715560262
76.5215113250527 4.250174364916343
232.68010899298048 135.4312980958199
42.46086384008177 198.62722926787205
135.14395469837447 241.73164512617043
85.70829804235275 52.47748198463595
168.505215634215 134.77352137854425
76.86840428449668 172.75488544944096
61.960819474456 9.10235454079661
146.17826699116574 242.1570047715558
219.75299677574478 115.39690105046618
194.627134824816 90.63299052205737
155.71326440118654 220.61554465409273
135.1649409297171 227.69452025706846
102.65353045056996 169.7880214116237
119.00803219358086 25.049540722097667

231.84565793637617 41.213558842649626
33.72044002921656 222.52199034589762
89.6763179096333 18.09353741770395
195.451463456734 170.36807601946035
53.98031845786122 180.34495446382059
109.83519566873723 69.6875699405164
15.312508242214918 138.24454653251286
175.26092369313764 182.37281114621763
238.11021900127494 9.14251370493105
59.207241715141855 72.65527391263463
217.98232914924617 211.7856509864127
145.80324594852564 40.54308881371679
107.2194891263473 10.84843993305848
173.641439193672 126.55419310893579
240.02397963616863 32.231014819819215
197.3659774569023 186.42339875808807
72.23482254342956 132.14395505190356
55.01276650184458 239.68867792105132
202.85983280206335 95.44634849869534
9.170227708225537 115.04042631930334
179.80193741568948 246.8788197850002
8.018099874581852 240.66355677504265
240.54100219579863 97.40745973765964
196.4917170518476 112.69353725031631
4.7587579661640405 13.64019660505178
246.82590641987153 78.42350475686969
243.368165525205 4.436491115786728
40.6576509222108 86.6399826593728
153.41120356477418 103.85595093382608
242.09043404925836 100.29679544831282
181.16795047726032 147.50459911799385
55.178938133867426 202.63757779261798
203.81695901034476 244.67286982284665
33.94727737652517 113.55236311816763
119.18749198399853 75.54515060671166
120.32056284478301 218.93700651774716
38.057488889191944 139.2150408935362
32.841327528015164 165.2932617804599
116.48810902492784 161.5798051062506
198.17549445976772 75.3882858357218
151.8256147679921 61.497300683736434
71.4798358906113 71.54837277576206
60.23429338282299 51.1426112845354
12.040563614809068 242.3298615104062
188.26898875190923 233.67177049171787
138.41156791704915 129.45705668176237
69.10593016889288 104.89186920729473
59.406479184903354 47.6202863485298
169.17102380920457 31.84789744091465
158.30108678052883 31.566133337887077
130.2297196622055 29.487851518155388
137.6268232956755 94.95320528064657
241.25083048855328 155.25780515107655
89.07908644362286 214.26669983577705
127.5576438304463 22.232937322096664
167.34033645313127 107.32368833105028
198.14654368879354 168.78597763764066
140.08786812432712 163.21002086685291
127.04214242386192 6.22731974845811
78.95941418319832 222.32480055662344
203.9508637651795 82.71030851800992
168.08221179367064 124.46902597234447
67.9151114731455 240.50149083831332
225.2038958814931 174.18422576588375
174.2943669727756 211.07988291119898
146.62931059385548 239.92610599915778
101.32555228744702 79.49522872824741
163.85855981168964 115.90042699413411
73.18915717019267 1.1485849871482046
34.03255486297857 177.27508252536362
18.647745649988696 118.36637927833371
81.60651557807192 79.17604280590831
120.51337838858534 222.55222043962476
210.2385603485974 213.48372879766106
246.41651117965696 57.74475697844836
62.63899294267461 173.02565166227765
165.83488215391566 28.879666502609563
80.63414895091877 84.19129431837052
126.14356925517461 31.513017813861786
44.688608930705335 212.50166106420033
136.9882098175303 109.46311413762253
107.86696222066603 128.91401858729486
180.41576701592916 216.45478824352566
37.34408513399387 222.87427580541447
30.211454925014785 147.26687727730922
151.9508043047806 174.0947373592281
133.49575462004776 238.58714176012404
174.50312262533006 44.35280008755058
228.98534782503586 186.58254828935702
133.9658439662047 163.05288689621872
116.57068097609857 237.64948461606036
187.1930527350918 82.73490825705304
6.278964220655547 161.413603645254
22.841762143960082 245.41024039492956
68.75710126196194 146.75368680416372
19.793983335280736 127.90777982045262
26.823753301557534 234.24462043080723
211.85864411553982 111.15691649182374
139.32062378089554 160.63799204195217
244.97434168878922 108.40387975743243
239.17845281008883 204.59886542522904
164.31142463123774 204.60332806888468
137.6660371848402 170.75911557648672
170.23943867605476 81.28680152383019
161.09027450372326 141.75227300627782
122.9232681499566 73.19983850698073
58.67845996153298 101.7253829336452
33.09372815643521 2.7044225846250547
15.0990055473052 52.23423812690731
26.882998777914445 38.34243569076668
213.8861936436601 19.92737671439829
65.5771680989815 116.86008575480459
208.3092273132307 172.75920566852352
67.88795790441682 159.602644328388
18.234828387430568 109.24750953765827
22.437779760876076 2.579566934643368
166.47919273549863 96.13519559280262
226.3181122328745 226.33483442962776
167.16138055099557 194.86898165900377
231.44799244134012 30.92866594500421
0.5069238279438726 206.00338688762696
163.045250158984 120.81503915196609
207.4217697226011 242.3317224030592
229.18753271531568 225.58772486264542
108.71929053281256 227.27092549433067
137.0488701861887 89.68605630074313
64.72940312724837 55.328699481939026
24.453845567868782 182.37581354112282
85.45538653870882 138.655309653385
233.14037651145617 40.62305720032106
147.49513747668246 196.28074875644177
76.15326868824549 172.23097671173448
173.04844443394458 133.64298025559546
43.69091925438376 63.20721551608102
232.98859377559614 228.38525655566573
226.984094647633 180.73026862089378
171.35286774979198 137.155431870556
183.06778003734496 63.503472319982436
198.22504482906214 191.09717179976525
89.72352736251496 205.50887925731598
72.45696160840265 151.67108362478595
192.12153560914922 116.52977761525693
10.882216844839087 93.57596470793958
126.62653058046574 128.03802980226655
78.68963053126072 23.79915965798046
134.08478871846344 40.003269883172706
135.0443825509751 157.1571434755619
204.2520643569672 122.84567661878384
173.6543685081173 119.56205047085625
231.98665972021823 137.04437802611994
100.11087992848358 223.34422333365364
158.90726651428082 170.01287257971995
177.4978122568804 18.36205266979668
242.50014309824326 91.02116799804224
67.71182421571143 27.198508508799762
130.61969725487035 109.63245964280135
33.59366608374872 54.91484004246907
104.99068175524079 122.65836540833583
74.9677953316496 51.5911028253383
184.1713527707776 191.78516996607914
118.48425393817902 1.8698210084391598
228.72501826846468 142.3323563023683
23.107713057351738 248.2381388064167
12.044536820724538 71.27095765689582
100.76412897429566 235.12181107037418
109.68465158666247 199.13358363115503
111.69564236109566 59.738281417058445
113.96098315109674 212.70471049840003
17.175936294567705 126.02281519066771
65.20886498798848 208.33237218713563
153.8654981404307 204.75507555777443
181.88901262005726 135.87647976872728
92.68989333710861 12.950901054621406
171.2686394391169 211.21151593380645
57.222502084725235 65.11416248884336
171.2584727456504 117.43136663717613
160.58445209041258 155.79086075798978
28.025544968759892 135.9745787747142
85.99570827161752 188.7616277892841
17.30247269842547 98.87991901290962
151.40487955314381 231.75665388938458
196.61110460866706 64.41549114901557
19.47562265206268 6.588426571916855
234.00558210246848 123.9148939207487
37.541113297151426 16.395508102661243
164.59844429508817 182.9227864536663
132.41037307681285 58.082490851254306
124.97707103640626 134.8544984256789
230.2727358632946 191.4000027338745
45.6910749355311 84.62893838515673
143.0961242897688 198.60404649370258
78.89867571601184 159.56828874305924
225.13672715689512 63.579770963138884
79.81242750029429 139.15706139537713
29.5943489814752 36.55015287781877
110.68470701672983 158.6591638169761
181.40482555706814 216.0159996135131
75.52445837246266 185.1662365819736
37.14927691754954 145.55498230149686
55.84453141923543 180.97955130968387
47.68916049999536 175.9924959613085
206.53436167738624 143.7914494412256
65.27339571442772 244.05824790011818
190.17306094843087 18.56849946860997
155.29612260191436 103.32917184147874
175.10421073074778 84.79197537512772
207.2656735116221 70.53091986757529
73.78153884785296 202.5325176719281
101.92715420598805 127.00821333682677
196.71581895993216 208.09792238857574
50.738017074783315 130.39706781023656
135.16575360756275 147.33637922152604
56.42812388200255 57.54850618602353
166.30303605985733 162.32141838166186
34.32166474160658 30.600835619117223
233.01875753637864 27.095475982165578
106.10218024964493 230.83317542915614
181.4241436848918 84.96770931843348
48.12396230514254 232.06924325889722
46.76884798795586 160.0625611297592
223.9243428712043 15.705627091535195
159.88277900758993 231.88488307226632
189.86457248502947 237.4485635320846
203.04127280944263 151.79644247728083
77.33836881324152 156.39901367601604
62.98506690299366 94.50137357661897
52.27334666727065 143.85906900255745
204.38383368551115 230.36460083722625
83.44434118721166 216.52205542890172
9.724592932988664 125.96026930889408
137.82368702435045 103.44791659193304
140.6807239885522 246.2479404197361
197.68280779791317 10.778432705836781
207.68986383188744 6.542864889661715
46.273102213223474 143.52433699431108
36.715766473125164 54.93628280649221
27.985449219588954 230.4372990428131
202.17138536515876 157.56841012184915
75.61672943346694 49.72781910469698
14.048527848889602 192.988098985515
100.6284782752779 158.6455268990642
198.68262894671545 196.54848287987897
219.90749267638063 46.8509577997859
93.93796935230067 227.80020827581953
186.74864484391156 219.0166935373496
97.99258916824886 237.7655432450084
151.0053983867907 124.03240944590874
44.10352314531593 236.58831641551288
198.1564110472305 156.58275989378913
61.24771250339964 17.202662134975068
216.64382882953234 204.04280050990943
43.22731263782062 186.10831792048296
33.898290312971454 83.47399005838327
134.21108257615862 29.399651808714594
222.58921416699502 57.836689548804884
73.25093723429526 74.2557344826157
150.65529582541896 34.698912630433284
161.16600711583652 130.9926936414896
158.29320954506903 30.058374580231973
163.07409187866585 198.6356057691814
87.57085928917185 0.9444901605963618
79.0116922422606 107.03262539603655
58.64592443111949 91.31171787459897
194.41606093015307 125.1848692372568
164.7965591119749 46.21060123418186
53.698930622602695 17.40822895146682
220.50318058408973 58.20713846978642
149.90578636017608 102.80414074299746
59.85786089535661 63.75416756125235
199.3926391465282 37.86793412159817
224.38685688295908 46.16914275528977
90.51305371098731 231.60063248182306
195.8396373483014 219.26726620453408
189.30797876874965 91.07008576642441
91.08165500111362 177.32142672914415
212.1217385766059 208.15137570655023
177.41231353845006 102.11536987003988
94.51408452624047 77.52571888454851
39.72635724814316 85.28876316513201
138.70673227706607 151.96297025181056
210.01161945241793 232.98533518351277
247.44542001462935 98.91912093151292
116.3854038985081 15.397633650179959
75.6930874936562 200.8602061510601
162.76973187561194 173.475171297634
58.251808675428315 169.21238299142973
198.55293723988407 141.45470706936166
204.3712535004326 49.88554586076402
184.14722198125034 7.333595668172238
239.7344598168044 146.02314494446549
112.17212129740727 129.4754612137857
189.6826806917225 108.86909054835259
208.93335642451527 201.468312680871
100.63166822682292 62.23735274828718
94.07300277945608 198.82634401295658
238.9281110731288 190.8471702090918
221.2573843661902 83.50946553393656
189.12551022394234 68.25827569147813
120.71537908801194 223.47845898580164
43.10833727731861 61.84850366909023
129.40033652890267 117.08283596860014
238.90892939878253 10.423567183578953
114.71073742072069 188.12351728876948
201.22704724087967 48.296128577629354
16.408374395417063 138.9983141172482
195.06314515990263 240.68006301903176
22.38612256728484 19.372242401075017
108.22148062596293 146.70738807380164
159.61766088300197 38.41665287423562
242.46777776131714 47.566353107227734
127.87050071472942 40.648973838513484
231.70429746401345 219.14764783169673
245.65514015030342 177.0669489680386
211.6292723743742 45.824848252848994
77.93789621963401 53.42716159216707
187.55064956483122 109.91030293812068
13.002426539621831 103.05479479419513
95.51744167047305 84.10906798134369
233.51030616601122 126.5889358918334
70.7067858503617 232.35720125587372
171.9796434576373 5.800073764422847
85.35664368997847 133.04962643546475
117.71478637037244 68.37091934410844
158.3551855494163 162.31285261102732
4.659378788549495 40.06774143426398
230.3626548326724 35.03787056237154
190.72732520399396 79.86716465528946
149.9897518720214 198.70885770521926
20.002563631663 74.06111208097002
185.5313815134598 47.81252845462463
134.15559858011048 167.49228150084784
145.158124478472 111.85026157637562
117.83570033791507 13.665100426284383
73.56291531600847 89.73151674653904
14.750934472564259 202.7965687915727
201.37961192281475 105.95571348449637
33.81897425569605 188.48969990616052
74.45698585810206 202.48220964693584
208.28567436880252 246.58033172162848
79.16550471129999 160.6264937344332
54.82360903894853 134.7438470712124
179.23827485904104 171.35644318351407
39.965229159753285 115.768478351496
147.508899345187 167.38320084853018
187.00803653384776 93.2558504524123
243.58305444624045 144.6293678190192
102.01887166705647 90.92179878115824
195.45902457596964 98.82970065027088
84.24210125612808 176.84339836760273
82.9846907191352 9.709892791491509
75.19183098280313 67.21441381359378
98.31082999214277 140.81233090679143
217.2025554643001 106.27088712681062
63.037951102498404 204.72249253641598
128.50668126508162 157.78074032311946
16.84112827883069 158.73839084513418
68.7289166210556 60.08989616374899
98.8979425067607 121.51733582099811
198.82548382443196 2.511425208723744
155.63324069011188 72.40811827830501
57.076379471281804 26.985222731446683
2.4194997205199966 49.626876682120816
91.7780426374592 20.698057225731898
39.50128283874096 111.20702133376695
238.5642154746308 173.16919237329918
112.22345791172108 129.22473003404534
76.44725181952222 77.0057545927946
5.1245491900224485 195.14989496377953
133.97289560357294 215.07327403156822
224.3054927173958 48.07295893913141
21.236235101902786 124.30879897051464
179.50116652925146 74.58663971613281
150.06072859188072 62.09022621304955
124.88785116055895 78.57308144793149
105.03921689519971 88.748009735029
208.67779591774516 215.74281477021916
150.88387129645074 221.7420595176049
89.59705737258369 26.890961513948596
231.5324325584625 246.29307136605217
182.28643934047093 169.17043547470573
76.1328979526851 74.09316601088325
235.7931315361782 199.35375509766234
134.84450554539947 71.00217912033746
41.17048364798367 100.15465052944091
171.8019415022101 7.463775528219141
115.37686204798514 109.03355457210296
119.61231590312538 106.95449170316415
84.0781319659094 139.3868912845127
96.25978467681732 202.44893359471988
74.62298691065833 231.4426619098981
78.5803446931414 50.72481678669954
121.83380041769392 88.58242762107835
171.08918054002135 155.99855914510897
238.98609094808864 119.63684023774931
13.457607114169129 189.3345598443518
145.79051692471924 130.50014642168654
179.64941934954444 176.43956932648248
181.12371700670926 81.93942502193605
247.3650650905035 141.15275344616938
59.0629786934801 116.47055451497823
112.30983393802038 185.17432002835338
91.39747196636705 69.6309833346796
130.06826638164867 71.8389987451721
105.60906914208013 240.0600551566813
53.12792303457159 10.22474448434868
160.47156847501236 98.52059837989464
46.64885561672613 93.53840527501617
178.5995402363333 106.91968275413272
84.76286871624353 161.6154580815516
128.1226854675791 242.75764212779052
147.485270622998 31.706529489277408
164.44371678015284 61.242283202871896
153.9839543345695 172.08358782814338
55.73230148893801 190.85400290824148
55.87296263610486 205.340393426517
242.93295611755178 93.80607380639813
235.77502908228314 130.49570181315042
194.43303962368483 189.7190339517991
223.14815924825825 195.54681684956583
38.06175091041963 174.78602136656875
242.69698938499027 53.927717399272076
46.85570944449125 232.78419068918015
128.55779815520737 51.533753709971904
32.82755569869736 243.71911130195562
206.93956215332895 67.58720513550593
177.98860145919483 173.98005836095368
142.7878620095858 118.76686611165336
114.5190670126362 142.01036918535277
74.60748024403294 50.060335942761576
235.92536907336486 112.60344615007101
164.9695881801175 105.85096737040305
34.68534563888906 35.28743083126276
12.285673549538135 82.58249705824261
248.79337821268172 4.463503126163893
215.71620140185013 31.33088946330531
52.499329986051166 115.47034371022983
30.31108540914279 82.76492743148461
168.23026140786095 63.343466570071726
157.65447514938927 204.9165180147828
211.6811916763408 151.75621349441641
40.320815392840856 233.89568647426552
140.65251220318513 187.65138593419846
118.74399460893217 31.748178932541894
22.191821870830243 40.32846311403801
90.91625750858398 1.1104476944473196
195.17620639852595 101.21838461757929
174.0446159059699 105.43716710478124
33.16394541619408 0.10331014899025992
87.05044473247595 129.90474532023683
84.74840072790046 226.65987705258206
115.95871396761584 10.570441861118635
239.39963205369236 144.04341091016025
175.05064437680852 194.89386974811342
77.9573331640582 226.04399404189402
60.07929972364606 83.77496821536842
215.29372515648453 37.97788054407158
135.30486361910002 184.04374832326613
172.0262535630946 58.0554967595453
141.9521620928503 108.36823845861664
79.04636755140407 156.98997776741558
1.3884025186939042 75.33657826518036
2.3792126626991372 12.00708230284986
118.70427061773533 36.129289851376726
34.68062441567646 26.576594410767818
167.87020796741612 230.3071070545326
168.773900068526 34.95534707431658
124.58977598467501 18.22529025697281
216.3831841021896 218.51306233605925
19.364997286702962 181.45134192079718
133.17871511374744 70.83088025421783
115.67365787908795 143.1209399138945
178.04369402370952 118.2365926484941
1.833695178385164 62.63395801443961
166.01770741238838 46.8209345495903
113.98413035807592 95.23131109014693
248.72752469258666 2.972647080516033
185.9663040707479 95.08189013784835
69.40641592245822 121.6196043510202
124.84440279340339 152.20701709405694
191.89962115507927 79.79417998936356
133.88943129452298 140.46646664719995
221.98913166383167 23.034021218616918
235.14155903702448 28.570461505390334
157.98585416380436 30.9591445925623
87.61777871988474 191.06753502156286
168.29059179424024 192.01858465047843
168.2705364142451 47.34923290639778
31.577785359126114 218.03338901587463
179.19898264149023 12.931507445445718
70.69820508430197 200.88663627439698
148.55463150540396 182.33874206865934
12.414104779962576 98.6968379055893
120.83016137368044 171.81858347503618
201.22424516738081 21.984190070784866
166.72793129200778 213.83837671771548
123.2941025374923 42.971086964116225
6.8482141428186925 241.09452604984074
69.432969058353 3.852769330637884
229.87865703775438 129.46407845992633
37.718823941130466 198.37487497542406
133.8333156203224 244.53948155355508
84.87236175536891 52.693449773534155
167.6958677490766 127.04813108823603
83.18876600334038 173.75589644546707
55.6015341334555 7.025642780490143
151.3302328998536 247.65662647758273
220.21116045490018 116.55723162475317
187.67413718890847 86.15904022988957
162.39161111180482 215.8639848126438
133.45240518741764 226.60847478184573
105.31064014979374 163.64951766953803
113.29550079920567 20.594619038822565

129.0
36.0
540.4
480.4
480.4
864.7
288.2
137.6
36.0
68.8
154.9
86.0
17.2
8.6
34.4
432.4
216.2
720.6
34.4
86.0
103.2
1080.9
72.1
51.6
17.2
86.0
432.4
129.0
286.8
137.6
600.5
540.4
143.4
36.0
34.4
864.7
34.4
172.1
864.7
51.6
137.6
68.8
648.5
51.6
216.2
648.5
216.2
600.5
288.2
216.2
154.9
432.4
143.4
540.4
216.2
103.2
17.2
36.0
51.6
144.1
34.4
114.7
103.2
144.1
172.1
540.4
36.0
51.6
206.5
960.8
216.2
260.3
143.4
8.6
600.5
86.0
17.2
8.6
114.7
260.3
72.1
103.2
17.2
864.7
286.8
286.8
288.2
1201
144.1
172.1
108.1
229.4
137.6
68.8
576.5
8.6
960.8
720.6
17.2
324.3
8.6
34.4
286.8
36.0
34.4
154.9
154.9
68.8
960.8
432.4
960.8
114.7
34.4
68.8
324.3
51.6
36.0
34.4
1201
432.4
864.7
108.1
86.0
960.8
103.2
576.5
68.8
68.8
77.4
648.5
34.4
960.8
34.4
229.4
324.3
103.2
129.0
34.4
72.1
432.4
17.2
216.2
324.3
8.6
154.9
17.2
576.5
137.6
206.5
864.7
17.2
864.7
216.2
216.2
77.4
8.6
137.6
25.8
1201
540.4
34.4
216.2
432.4
103.2
172.1
86.0
206.5
103.2
206.5
216.2
576.5
432.4
260.3
260.3
68.8
144.1
51.6
8.6
1080.9
960.8
144.1
288.2
288.2
77.4
34.4
432.4
540.4
432.4
25.8
1080.9
288.2
172.1
77.4
540.4
172.1
864.7
1080.9
108.1
86.0
154.9
34.4
129.0
600.5
86.0
324.3
77.4
51.6
216.2
77.4
172.1
51.6
8.6
216.2
77.4
260.3
432.4
286.8
600.5
77.4
216.2
216.2
108.1
77.4
114.7
260.3
36.0
137.6
34.4
143.4
17.2
260.3
216.2
25.8
137.6
172.1
480.4
72.1
648.5
72.1
258.1
68.8
34.4
216.2
229.4
137.6
77.4
144.1
17.2
129.0
576.5
216.2
720.6
960.8
216.2
288.2
108.1
1201
34.4
25.8
286.8
576.5
206.5
137.6
720.6
143.4
103.2
288.2
1080.9
77.4
648.5
432.4
480.4
114.7
137.6
288.2
154.9
540.4
17.2
144.1
68.8
229.4
1080.9
129.0
216.2
68.8
51.6
103.2
25.8
864.7
286.8
206.5
103.2
480.4
286.8
172.1
68.8
206.5
480.4
154.9
51.6
36.0
34.4
864.7
288.2
129.0
1201
288.2
51.6
206.5
144.1
154.9
25.8
77.4
17.2
51.6
103.2
72.1
72.1
286.8
960.8
720.6
1201
864.7
960.8
432.4
72.1
1201
576.5
77.4
17.2
68.8
8.6
144.1
129.0
103.2
72.1
432.4
864.7
154.9
324.3
51.6
216.2
144.1
72.1
25.8
143.4
68.8
172.1
72.1
143.4
206.5
648.5
17.2
129.0
51.6
324.3
1201
648.5
68.8
103.2
864.7
137.6
286.8
258.1
288.2
206.5
864.7
576.5
576.5
432.4
206.5
108.1
103.2
286.8
144.1
540.4
103.2
72.1
17.2
103.2
68.8
137.6
720.6
154.9
960.8
864.7
86.0
72.1
103.2
17.2
216.2
864.7
286.8
1201
114.7
864.7
51.6
540.4
720.6
576.5
72.1
34.4
540.4
324.3
68.8
540.4
103.2
864.7
103.2
36.0
720.6
216.2
648.5
72.1
17.2
51.6
68.8
8.6
1080.9
480.4
17.2
576.5
68.8
154.9
172.1
258.1
600.5
137.6
648.5
68.8
1080.9
432.4
17.2
86.0
103.2
432.4
540.4
288.2
206.5
288.2
114.7
51.6
34.4
68.8
540.4
324.3
34.4
51.6
25.8
34.4
144.1
288.2
648.5
129.0
1201
51.6
229.4
51.6
8.6
216.2
260.3
172.1
540.4
286.8
648.5
108.1
114.7
144.1
432.4
1201
25.8
72.1
51.6
960.8
72.1
480.4
229.4
68.8
324.3
144.1
324.3
129.0
720.6
432.4
432.4
114.7
480.4
86.0
144.1
216.2
144.1
17.2
143.4
960.8
8.6
206.5
432.4
1201
172.1
540.4
34.4
72.1
68.8
129.0
216.2
216.2
51.6
34.4
17.2
172.1
229.4
1201

8.6 17.2 36.0 72.1
17.2 34.4 72.1 144.1
25.8 51.6 108.1 216.2
34.4 68.8 144.1 288.2
51.6 103.2 216.2 432.4
68.8 137.6 288.2 576.5
77.4 154.9 324.3 648.5
86.0 172.1 360.3 720.6
103.2 206.5 432.4 864.7
114.7 229.4 480.4 960.8
129.0 258.1 540.4 1080.9
143.4 286.8 600.5 1201.0

2 5 8 11
5 8 11 14
7 10 13 16
10 13 16 19
14 17 20 23
18 21 24 27
19 22 25 28
20 23 26 29
25 19 31 34
27 30 33 36
30 33 36 39
32 35 38 41

