512 3.0 0.0 1000.0 3 160 240 100

34.047579128010874 40.55114759011949
60.9419145603069 125.35017498584347
95.19858746614452 129.0203542798049
203.8415907066514 161.31274218074833
188.6245897092271 123.07425612311614
11.220435933992523 154.09069925571742
117.5669449654341 4.50592742817385
136.89720201504008 9.193213274975465
242.63422465695115 183.06931692482237
32.575222304525504 180.44221787311434
75.60114882149047 223.7633089744333
51.75105852536244 111.6503682668682
123.74559399777488 99.808850704858
110.21289271028122 54.705765770596216
137.85741822561616 17.117982343443
172.79015512362588 22.278052673561227
159.2239885694578 241.33768161992353
51.778821276377286 151.5736618262662
120.84494578431013 115.93430897998047
91.66536120094462 215.82590046775928
205.07833404513167 217.21032506582284
43.82095200096906 47.888951539185875
247.86906659930057 61.646904788237144
217.03480394086233 5.57747345612264
112.73081462009443 246.68757347905967
231.67547935764574 41.908713462602
193.02972461396442 42.06223891495831
95.09701984503835 13.329157870798635
32.36991540575735 11.874592494014124
97.60377387189249 11.368471849048433
167.4131054902007 15.406587060500465
77.2151759352331 105.89831939777652
176.2883845810741 156.2570062836141
201.795269936118 54.950215663132184
138.96050223408068 104.89646142226397
24.813221519640077 55.35575128916803
74.39571324977398 44.72832583676487
162.97290899932898 26.13035318816309
18.389770635020508 229.39156591688925
214.28399066929478 190.88207815675648
156.19254772417474 145.57314790573508
140.4415151225889 118.00473562971722
248.57560194888603 8.066234434306985
224.3618083733541 228.9539938189782
146.73819147281236 11.27831619512229
223.9017238451674 176.8938609341196
245.51209853876185 215.34941748331676
19.291875263327483 231.72495826883443
16.23971949114475 173.4527418613412
162.00897634284865 203.50260398752084
148.29957258992468 109.34814547516464
142.27595902655654 4.733177993616194
63.56824711410938 47.280228107809016
85.63167121643592 70.94605208578994
48.53450481619054 1.363284861740477
245.4863312093018 148.27835791909553
82.10097206258266 3.7583716816138866
2.1994756425093853 96.13754091224119
60.0644202433773 210.359646554283
1.5414360427730145 202.0531549063985
201.51938566149835 15.166518716264093
43.94344889662305 90.41735246537763
129.9539905653991 191.11041430751595
68.8646416957912 3.497165832209742
11.265125219831502 103.24727835197837
222.96854987063793 87.65595284265399
135.93808091973753 99.23710041508212
16.3596666666653 52.15318987396472
217.61216764367433 69.73912358780318
51.589692800132234 17.67049769564302
9.860961031164184 192.77999104084248
64.28730380269504 189.9852689663888
82.17248872170698 69.43121462496418
195.4027322778504 186.7425791449902
9.336640147398795 119.29065817636908
18.29944783576609 179.91057647800415
9.745003789002116 23.445262343567336
117.49734505780398 235.13085682436184
159.00107969560767 56.42297818505151
53.124915811767785 246.6313415370796
124.8118035579164 26.206305870495466
217.00353165868046 206.55251480704302
136.11042975785108 10.486657920297404
81.7997507116066 54.57224188705828
90.18732532855218 88.18850443564186
27.596707457813174 171.14016644985153
243.66143082897202 64.86787549591425
28.486894273714064 183.5324472377513
9.256170115423624 168.58447811812556
207.56298773229696 93.63928955944594
65.05735108377458 178.1961561822255
15.416987698914614 240.3941183389136
78.05284445221366 178.89342443587162
82.86222950998382 96.0359418487182
129.79107792490328 235.4872382076401
0.8445701916577897 188.1362221944756
37.19782386441431 51.48677935420473
132.41929246451127 219.68671760273
131.0927769627494 206.04416322041502
81.98059996966472 53.6199322189421
129.79785975007962 215.92007452744053
60.31939591453666 48.056487395852635
97.92584176187135 43.449991959905205
28.204297339511548 13.207217341399291
247.712872952284 23.206478699413392
222.7593414527983 66.96674985398113
195.6533527285131 24.061499983990903
177.8229417982296 99.27110330045285
93.79571117258054 119.39877893702877
144.56577270094581 175.33867341543515
224.8715082615878 84.89063465357927
148.0202757063151 120.0974348218472
154.46344823986948 135.48566403756647
186.0388404162926 245.81541591219644
54.20076698430937 199.35746285213767
140.77769406567015 245.1946588523971
29.57217942506038 71.56682117280846
107.27824884318707 24.954158774975365
68.70031269903215 58.58865814366981
194.83423971642114 221.24026263911867
185.61662835633155 96.58305198945408
121.30678781677467 168.79623928537578
51.791980074798985 10.480091005259567
176.24517164870326 241.95459319364272
6.391981171948002 219.65160441559684
84.87063941013373 1.1671164385466948
101.1468094110799 218.2177691950961
137.3275758869242 82.25065772786621
173.02358626660262 17.7693411139109
16.05848539912097 25.682897712999697
45.45902181479891 112.70174545541015
121.35011221172651 217.79253088019638
76.28558471701483 32.430145020244936
92.90542625575452 222.03308613969475
78.81716747250198 17.41610974177349
156.01575700603283 139.697792283565
224.1755942584665 249.78644537649632
130.4150115647267 215.28069334758797
122.36402208143777 106.42617481881297
6.088522540032559 24.454372238026906
2.7356912889845706 216.41832354332152
27.66117018924108 237.6208382193117
230.83336453319495 154.57045572497674
204.2253830640699 208.02342421579837
222.75814368549428 134.31734500940337
116.54208708845424 156.8374610111967
170.1670617629905 231.10219368167228
245.50769218749377 132.72782074368197
147.11235003340124 222.78926339945153
222.41743824708803 99.77817843614878
170.9813599521163 240.1859783009537
173.556066793359 109.30116112679059
39.38826426045583 180.4607502827673
81.66699279290529 228.90637358161055
212.9036087346375 184.246181121789
99.71757028222348 11.464158653080093
110.86276723406999 44.39644635876577
29.265886869607517 191.2189022747904
180.777839306499 201.70955698962592
232.50879528178945 89.98492225647456
17.152502282788777 184.06472865750064
137.1885667720495 75.81106883332991
93.81944781895521 215.39678625234166
66.33122446738653 38.19811919522703
4.23326156930276 7.60315346115592
209.20863184830745 233.33574993314411
66.80154188049906 140.083089465115
181.99112509442605 234.88119497752493
162.41195577469963 166.50767260902273
31.055384186817413 59.33262496186009
168.88401596192696 13.230545988142023
100.79406653076848 73.17509897927937
18.379162772063083 229.38643595187685
191.01573425055116 13.908423049674406
152.28934566574839 126.56651160202779
174.45535494796803 144.7860810237797
127.76271070240577 52.89937711131418
236.49012010895592 248.64924232626393
23.35847228257815 164.08489465901016
97.46087354265501 97.30622200810704
150.7167967349492 235.7438279390638
158.09326476937804 222.2589168775811
117.99586853104607 138.9267089797639
177.67321541917224 134.84298316151575
149.3848511935247 73.51296379983924
247.1424842876762 239.5897275161881
108.12089550210419 245.2698478265718
234.17797566911923 79.15897209331321
65.06980710426042 1.6970780533989704
217.40720645887325 222.26423575566662
62.46455009813492 81.2525264463122
174.26940729312184 230.65415489081312
44.10300337017014 135.15693646948313
123.93367426851901 30.133986656531164
144.8224970715846 232.76579039945017
106.33053788588492 120.32931572966943
27.130379646244428 75.57972277533794
52.361719614174795 48.42036837733685
233.08439239708966 69.87441809709719
79.32141424424732 93.20243524629248
7.9110785554146466 100.53933593190278
110.11806544819666 95.49620531269454
222.50101662302015 230.6032548112267
46.99141853295394 33.258434228472936
112.75585810214459 153.20130530916586
236.0845702887747 119.90933612037885
50.26841790856024 219.57698120534286
124.65892421732313 32.0661595692931
155.55762870714497 50.41022449343005
206.86756920005305 205.02038985395347
244.2036418657128 209.50314968903587
236.1545411686844 186.5700740439712
103.5559479888607 228.670440366139
46.23207738960919 241.48064824279209
84.12917603387076 160.94148801589878
133.0268775778465 7.656661376369445
73.52975089647951 99.14498613461548
153.45842140727078 31.063163805354176
109.62442439107717 25.892263651074387
137.7920166538099 227.65959442265208
175.84821198965415 157.25983562514946
25.90866664198288 34.65916420742213
175.01081074663063 178.10117082372977
139.46834899069324 12.620830308155224
84.4071611143073 150.03908330049316
182.26874597412586 47.19519837931174
35.62509406994185 50.44557712395662
52.05277190344426 153.74677147522814
66.15853226724091 104.27642864472311
28.451117363429784 4.540812983327508
210.0601259304214 34.080773219821225
183.53049096032822 86.06740880619168
184.50053048176258 179.3204894815483
148.3769736642589 120.1858196304486
24.555157795292104 197.90085846561922
216.89001223490763 30.220796845617986
93.09971007078992 106.21492411009481
24.91262838287897 78.66746933410748
222.56478960110468 60.48019766012433
234.0248165520168 43.84763188260579
100.69078212628487 35.48473097706384
169.1498027867707 131.28052409271535
128.7977592294078 237.99981434861905
198.70127686643733 239.09586533584778
11.465632936369847 5.113040364262189
215.4106026470666 2.321252053019113
193.1849102893912 41.69740819244044
229.32213875072725 124.1354200226512
208.17755659999378 48.81491832206045
32.58361902458653 230.79175458792594
173.51617680753844 95.56193516191941
123.32029473793921 58.487807042904045
146.28295384268114 240.1600657435607
165.58976402916284 174.1706416500668
13.947619763704704 168.70769398496572
12.037127971522482 132.0163856738774
236.5622856748165 228.977232925721
20.456727346018223 224.23366949667573
215.44000744295107 131.5492421386846
203.78552616039642 36.70635146483372
8.689921841920384 183.37307621895107
246.40285356436917 142.6559796272007
175.68380436530938 247.09437173289137
199.37001371331127 241.3240780665295
81.27329327308038 190.5559493704864
75.6978719474169 16.90387031462212
124.7566438730417 98.94827818449318
7.673558893201815 17.13715446754069
82.47111265698165 217.7900454991585
150.80327560000833 146.87004023231268
31.63215473802844 69.2380244822099
61.28529698941937 121.71691882880337
245.90413916191477 119.26851030449326
79.35375124072985 213.59684912228258
122.04136680450955 55.4317964111167
213.16805737458085 30.27642415424281
218.39153717228243 238.42144364104078
132.15330389754266 82.11117485251654
232.08929588535904 242.88134960398264
238.64486358180437 37.8062047074694
129.49600503111063 185.47576859794273
47.10983942337743 80.4398942644496
220.63008358811177 244.74870532222036
134.07173990060087 224.796794219956
39.71170756650641 65.8182333473652
234.55988032865432 40.114070221945106
16.332894965159273 15.27529409562503
216.25570384815134 83.82655755500055
196.2704455579345 73.20772332395755
36.853293011036456 106.57051890453515
111.11970325628273 99.82051478355791
17.78353257685242 221.80612665554497
232.01704642887677 62.1309852099364
4.317206428819192 175.98504206275692
204.6549477104362 207.57294133001838
226.05362307845843 206.85208653560645
75.7648612917744 217.47691537149564
186.40631682474606 74.08163035949086
6.615659209920882 12.286495821229899
82.37082600180118 234.4492893489837
231.4870411989301 145.83770527401046
14.922831415010718 151.84566532448866
208.56538324910088 195.37271558987652
156.79417747649563 81.77048353361808
227.3797076676141 224.833503969957
197.35417580170304 65.59418139349643
165.30770811913357 228.51811497039157
79.19455365422037 191.8503252309974
171.48897003238974 98.51309986487477
245.39360608042128 156.59436393399648
208.85264834501677 128.14993347562478
74.42391549606256 133.64716746186062
232.5564390052525 160.1021197225163
200.67140202167525 178.56964842184294
171.28641524636336 220.8575891257644
21.948766709559976 15.792595559501855
122.71567500860975 221.1302835963514
117.46836461386664 4.204779118018504
87.58922832996093 63.37771698838282
172.48799872941757 32.02909779797555
33.91191527741535 46.74637865534767
107.99648993029562 26.001612470386764
187.77952974334266 239.35595494094105
125.82256948809528 131.96235894044491
153.93940248028335 69.24012235534438
49.471683945987415 121.42729556187096
56.48219678478144 9.217983892988224
23.462431775828602 144.87402936772392
54.22360781849872 12.555721498052701
137.61300399868563 111.46538343358053
78.27672084705952 27.394475060136703
215.2951159730204 148.34575491373147
100.08010523248076 246.87510612689155
204.27912629120308 176.63042811627145
147.4895823748662 205.31496432754466
146.27449144312243 161.21926399433718
122.58324606187934 205.28591189356993
31.43223779276591 47.89443024696066
10.509448412361067 199.61779305810802
242.06207500325152 114.56490973915051
184.67754882372043 74.38637405541496
90.20662232797453 87.64521505831821
147.64737867967162 40.689648191755744
205.28781994824158 37.546074730811924
247.36964669760047 146.2069106293493
78.46518542764264 160.27188933071926
159.95278146776639 86.93983891422901
187.46298569501678 172.77443271172794
40.03372912997999 45.133015104556776
98.17403715985118 181.40819561971338
79.75334930812411 21.95641071926202
91.40672661151616 57.96041936250393
68.73126987018405 152.735949724435
133.95137606998316 100.63030904524814
231.5718364147416 244.89159377261262
171.07335483938422 192.18103074659916
18.20569023114471 75.46838112467779
26.583520852220072 138.38497997140465
155.79557721679353 172.6624085289239
144.01925510176227 9.956211491342875
142.8489113921616 232.89244080521283
93.1631392922121 163.4227019630342
71.60941631900542 176.86503406432647
181.19739347445181 154.27890545009595
128.76885040563536 187.63226898675396
14.243380807003714 100.87422066882776
24.713858830078898 234.94660457010954
83.55125393017157 140.33295628869936
86.07218675908088 171.7946617961535
77.28950094651277 154.97821321453875
202.44538251430743 101.85383833407427
149.51351151753465 18.147527085088488
58.46846412399081 190.16013641185856
52.9088906246519 38.894814506942346
181.92902814369023 75.27227349149584
130.35494850983164 244.62007516865694
162.584090598917 1.4587535270489116
136.9455188541274 185.35773343159724
224.01055955477756 95.99363524199839
249.07601367980084 74.66244115693254
79.99167420068187 79.15681127181612
202.18413369832928 186.35566951472302
134.78371280067947 38.319262612852675
155.75062296951933 76.86469215629688
149.83967977136322 17.173676326216693
26.387255314304305 220.935762309214
204.48064985590946 38.42008721476689
13.767044561773051 109.97357117079068
3.7352281922863884 164.91403118563196
189.33675936573155 71.63643669594924
118.24459993693843 19.957761397311092
118.67543337768969 70.60782906826621
52.07661168089955 50.70612365488683
30.54365094420952 36.18882532168197
44.10256045727873 57.4732777002262
227.19353255734993 116.28924738431132
123.77357738552361 24.957926393683604
192.59500551608565 207.82765426565993
126.40345608191971 82.71254699061967
19.726408820735536 113.50049754720676
219.92841883817897 167.84748307472532
216.9965514350385 163.91170053287365
10.045978743399104 122.42363218674043
100.59191817146585 199.67624522512511
113.6751422737912 170.39701335221864
8.416702862302117 213.49169106441636
134.93159514189824 14.523091488576917
135.28428448284032 120.53255552132467
28.64854550081783 95.67329951821657
206.12385417802085 244.12801325889157
227.05477226193904 236.11994769152767
53.28742280690296 109.4565008228068
147.46160578538198 125.35315636822392
219.27058583990978 179.86110951515644
45.77464181877763 80.71715078521946
94.10673544251854 158.02081777073778
11.741173924114001 233.35703980062283
119.3369997030499 122.69094887986812
144.84392607086687 39.52111612220127
175.29170606869198 191.01534854231625
234.38932925341692 64.64925655993245
38.27379171859319 146.75360875685573
70.13099320860367 188.0027524754876
33.41215346299797 104.62234698994477
16.495276205459014 67.86682113686452
191.29455914048145 184.70438053358805
163.4654525312374 87.89742556301688
205.59281389997943 69.5720896410009
98.00381268545492 230.7410988601293
159.58248208240934 242.8896856012655
210.12790063463643 32.09358826108472
46.81050810078713 211.21911594082601
100.1692837195492 175.3849344732043
178.32743141204745 243.2332719159298
240.5605535008783 103.48740101185999
184.64367507669377 6.018276340662015
72.78972799609545 195.48600516784424
139.7326474865707 25.32802349400576
212.75192571501813 27.379083277193182
219.85261526000295 83.02808629209493
237.4020017196651 147.59958868859835
163.87675645978334 239.40167932387234
75.3764123431962 35.5724393693925
177.28519845158237 208.632684430256
109.51491863950996 221.73851706570483
104.2441296404441 10.43781695480428
132.3810868881963 69.11585929069169
64.977882221867 136.69732931586893
58.90361260034466 12.648551525386548
105.05356200740718 171.52362030185978
21.418638524824424 119.19896749360093
113.9587273185344 138.76686425109725
175.37191910470472 245.43128989945166
130.40759112817304 245.63765958887998
190.15599286832807 108.24867635488015
151.76778072343902 206.89180558810318
24.185434648460763 93.74332770356533
68.84684635265681 30.466739109522578
118.19180419763592 232.9284390337187
71.14850134806952 156.8212808545038
127.9193455407196 144.50270922420063
24.704163105019855 80.86174624738601
5.6901822819154795 148.6031284104932
9.375688417313594 36.806260441913345
176.4581892947338 127.63041029918642
46.35400456644212 225.0045755656314
215.8494247691782 149.05399352872618
89.34710948533022 248.70010196590255
138.4788862439935 54.76307075292211
2.422016426206736 185.39480637579925
189.82157296366094 69.97126276981899
126.0732119025419 1.3402558691860411
83.56518910032759 66.63045699123407
109.73501105461217 131.5365126977355
129.30280979327483 57.06726895753855
54.08151021624907 87.6442200067453
94.36622552157043 122.94377562766728
67.71874350919275 159.65538383645568
39.45789786909601 184.17163728824383
55.47967509725105 173.30419028412402
30.269137040719237 163.7851585217358
183.9662183271963 105.25635351549617
114.67160722643474 108.47471930908173
222.7113930267439 63.55060502727383
148.26645514854113 134.30137003414268
136.364661333455 18.044248957168858
222.86757916546654 10.263411224280345
168.80663912181583 117.11918162327322
142.5600076979627 50.250700323631854
96.94074283693571 93.0801846065083
160.71793221706085 209.56732105021544
75.93799577871607 0.792485650682212
212.98624268146838 170.1256249737204
209.5462550200732 196.0285854846851
235.76117755227534 81.59510561812064
65.34625852393685 18.637094717638913
130.34210140705503 217.60335648964707
95.2162727493332 49.83135300246422
51.70893919481184 181.5874863274459
129.25665038063315 43.36468767006471
162.29048514481195 7.383382969415653
58.778583520951 138.30831852038892
145.72980926032605 143.98542657942696
236.3805239394517 224.48754315834032
151.40696235009247 78.19859806393525
192.48208615294553 36.18653428871011
236.72779277759992 19.539610826694865
172.11909180393926 199.06105314572596
168.41718991307764 155.01262928739925
152.0355067644426 107.919668241159
123.29097177020081 100.2632780940243
175.78692375910484 164.36631204615966

30.69628959224138 44.962723622397114
65.42803858859445 121.91883234457495
91.42549399429517 122.41583541230236
197.89686080088703 155.46732343163862
185.24272557629754 127.48537660430864
4.507214312776286 152.36199172901533
112.88534443510784 7.19422081062715
141.68022499759982 3.692853002278812
245.32152912978768 187.81242966508904
40.308439076807836 179.43014989501816
78.21618258423597 231.51064796708914
45.99026273478402 108.83048290387423
130.6378395216439 101.17801779852043
112.24698065425956 58.417848678516656
138.8864330241386 17.2908901183563
167.77583185601512 24.21628352686503
152.86145912822906 244.64587580994663
56.40485642927751 152.83602370651377
124.01235308318964 117.6846071446098
92.86841724144753 217.48176855633636
197.64266332071904 218.90334279435584
46.26915788341987 55.71122767044579
243.13884206846257 64.43261861542851
215.6872975333934 0.9363234244536556
112.48492165000832 248.84969441116365
231.1635090669662 46.71729343375386
196.46300466277717 38.23563487654608
97.61072091190063 18.374822701839573
35.03656800301719 12.018167110875776
94.3230170028692 7.1312283285126785
167.1672282834189 19.348991444590208
71.54764098445466 105.45258541985814
169.56654780845844 158.82205078548395
203.8827448586962 60.6169638744562
143.03042820487317 108.92383552235368
23.752319302481784 60.81842120063402
72.19367953002725 51.13027433535136
158.9085323005956 20.43250210103298
10.82993102011509 228.12982156348133
211.94210874833416 198.27272813735817
156.63810637522866 152.71946315893192
142.19273412498606 119.83178119995964
244.49698544368061 8.86299690946521
225.8216467832562 221.5707339848113
143.53870806331474 5.629956464640429
230.57930943231733 175.52065994445576
240.04836880278904 221.51193522814265
19.61419031190878 239.79419844059552
17.72416093268592 166.72352799941737
167.79856691530833 203.3603295730045
146.65308439230984 107.55746231137644
147.08122609590774 7.193908742144705
60.23631344143257 47.227720392918
88.61223664244086 66.58611032379211
45.00848450358516 3.6144940775317824
239.50812487388345 142.51498758279507
85.0307101775247 6.882243901679824
1.2337958616781275 96.89562471397858
65.2799708883883 206.57427578721655
2.312293830228934 204.953196988941
194.75159447549714 19.088183986635336
44.73373877029402 82.04558768636613
128.32676590161287 186.31629600817612
64.22714191249004 3.704054947019836
14.163548745690868 102.9923163831645
224.9994594297794 84.6985688129383
136.8805500346113 93.78892862238456
13.211853923216749 57.305204561216904
219.87854505901618 65.33355528464551
50.344415463655146 14.90098657319372
4.465638741720623 189.63707501986676
68.1354969112435 194.0858667677331
87.89526725930632 68.6994704483154
194.7852944671245 188.03316943069441
3.1265610773066053 116.77782673742504
14.366499261124405 178.84032655277747
3.666488207539592 18.5127215564401
111.58869548029598 236.51601704361295
165.80729041614617 52.51745564827123
58.52765473538874 249.28345454395907
118.66430020918686 21.64869389941834
216.42321493760687 199.43107948589173
131.38403126753113 11.516938337391618
79.08319720776042 60.432631441547066
92.59630691903031 81.54617078646409
24.71672373780051 178.4792312286573
240.55398217555964 61.10456231179109
27.74115376823541 191.8154888442658
7.246838896263208 164.33053034832446
208.97230068277418 92.5793984678952
60.34594678748717 179.71651407020676
12.165023345432235 239.13791115943954
80.4109756448399 184.86807672235796
87.47397663154688 98.02878471554361
132.9050169985307 237.17631185757384
5.116332037136018 191.6858455231343
32.42683674811603 50.848319901157126
131.01380167035975 219.56997162627528
139.04310560892566 206.6718159923204
88.79252245184033 49.7629000875919
127.50583560770487 211.16818341981607
63.770666213486564 49.03609375328855
96.32622527271792 35.98437160933099
33.97350677243105 13.596693995195224
248.5014079395374 18.413294083501924
227.3420592323132 73.7041956926024
188.82411796865387 20.714879175359275
181.0039122705463 104.40119610572343
92.25342533995784 114.69092401863298
143.40965231840391 178.57924792122247
223.0259433268963 85.7232394246206
141.65455031484754 116.2428135970363
147.96909089909738 134.80965604564278
184.95439265024112 248.06759500537572
47.86983373964329 198.28841657167627
140.97446696005102 248.67149006559544
31.24496940010507 68.7267875597005
110.96215551574714 17.81775548742262
65.7269329456679 54.16712031248772
198.80361109201846 216.52418864633853
184.61391777893087 94.47780420423568
123.33203316928667 167.0327721886466
52.95036436984901 3.6330919608281445
180.74734379674567 243.17290984499934
7.142087103720829 222.43691650010268
80.91743152828909 7.0278032401744355
101.52674294403255 211.0582638082408
143.71125771473532 80.61336515372413
179.5905586890305 15.547709536818443
16.566987558412322 18.743038897056863
43.21081878979527 110.7759311355612
116.96502961564795 210.94397438786882
84.17641531099821 33.209423851507964
91.12626948125202 228.62406549655915
80.69436111482491 13.171352330081486
161.0006446668321 145.94960062149477
230.14683339173155 245.03762265610143
124.49638607922579 218.60302171712678
123.97326224187624 112.87455896127987
6.384014442621488 32.225187499577366
3.008715590115507 219.552834641021
25.618256633487324 245.44855707399407
226.47432506728094 158.54700074342003
198.00628170670205 204.9664049790619
226.8009784618958 139.97983867986682
123.33219381684218 159.066434853628
170.6335073422299 236.31480479895555
246.68352461633043 131.98290195170523
150.0182963625845 218.69555352088983
216.61421715281537 101.22853090117731
173.2964645255371 234.29162044691674
179.81431149506636 103.9815237106907
37.75454507035225 183.51713629911953
86.90609900913196 232.32062921718423
206.2958444771982 183.70789265614215
100.28640201422137 5.806419419793291
106.59476543970712 49.04802533441025
26.90641665975463 194.03163565706015
187.11270689203323 204.31304210434985
232.25121542793445 84.42158990606524
21.363999764145465 184.42448991473364
142.5294794012895 77.26529186847239
93.54330838180428 207.54944534895722
60.49442863852267 33.961514864678634
5.337744446693632 12.464501625831126
203.86638825730452 226.7705591431703
65.08127701665387 144.45871991239244
179.6260037102724 242.03034976124601
159.89666148350562 171.60688960345016
27.679007084561754 58.87875851852653
172.06624939239606 12.76621606655956
102.4344198051714 68.61584285578856
20.235356410180593 226.80848295676464
194.2463000004659 12.283916067936996
151.76268180121446 119.42420034405488
180.02576574131044 138.9209339526736
134.35509138959725 57.9576758750919
244.4308504079942 249.2761060126986
29.33708937369636 166.3748809062226
93.51429890854185 101.80117907410671
156.97607272897847 237.49773523531329
153.9899288809158 229.4987146549577
120.88164723909708 132.48879484737253
181.01535525418322 136.11468975321145
145.06360184603582 74.55429627709279
246.96674022563087 242.05635599903098
108.889407292968 244.8082947079782
232.769431810634 83.36886758302437
66.69570862401144 1.0754242991033447
224.17805505357003 218.34178838906837
63.13436565429107 84.27582571037637
175.27032746466102 233.81314517382984
41.683156054910214 132.74693031291528
119.19697169144261 29.46825594883676
138.96704822040425 233.74117769006642
104.37619127640266 121.02988776247476
26.55553823674636 74.78230808761249
49.61435687345905 50.728701577178455
232.4652915990993 67.68383350887325
72.63343683791587 95.67588955578383
0.9754346177792694 103.50439319613652
104.96356313590508 94.84397091382243
224.84968659872175 230.80002378643056
51.030655105144376 26.523881464746047
114.88348251114178 148.2621480981975
242.15552592359023 117.72079741044267
56.6301542294276 222.18966157429222
126.12598611584531 38.51928108176142
153.67209110595368 46.0938304103326
211.39800801184353 210.41069717080126
243.14583942802324 206.07122971455857
235.18012789056147 193.08278574027418
111.09678412032734 230.6218014529203
53.46934599112979 241.67885429718174
80.50777170595424 159.80700031234798
136.79650263409434 7.330831883274158
78.27292433249825 93.81564295835234
152.26876851684534 37.96270615229838
104.07046057209662 23.593499676139608
143.431639954028 227.61697569293113
168.3570496963965 161.23199706542536
32.187039569601865 34.97980593363329
179.60669272057785 182.7676428372615
142.90866943782382 11.999236645855781
82.95535688834269 155.27196846485924
186.5788588078205 45.25750816995636
37.36895500752713 56.10720866663851
57.327154366730554 159.08154086347582
69.46533735195734 106.13755981148046
24.16535451564661 2.294555942020576
209.64891133237208 26.127043231052525
181.7497681859362 94.0209711791296
179.19573926678368 174.82692410911204
150.82789337293633 119.43799248593065
19.560939610638815 196.20265181833554
215.41514218338332 34.2049881497051
97.0892354188643 111.65839467601069
23.48629492038587 78.30403633679336
216.26554368023398 58.716230184203965
237.30848320792296 41.13058361608765
95.63263584321652 41.20740903536391
170.80287421689945 138.15643005627894
128.0762439374877 231.58955020512187
207.18057464973108 238.97395106396638
9.692759625646502 9.484442692962002
220.7255429894226 6.77052108761314
197.26308962433592 41.947741575136696
234.66969094642283 125.18758377273997
207.54030611052252 54.32853480746394
38.7771283937936 231.04028111290938
167.41786865424623 98.25277737703286
118.11074661470313 61.73984672484051
143.78579824431765 234.9010958331621
165.9819991207666 175.3904687571736
11.20760070941368 173.0043981526434
10.966876842512102 140.00509919573196
238.56850210057473 224.16861370526274
20.60088955623915 229.78800759338205
222.86735650020478 131.18520916708397
209.71492370302443 41.24905139136303
6.849798462131574 180.48401596053031
245.817267329466 138.22172135400118
179.49671913586886 246.92387878343317
202.43027139515252 238.35657635470457
84.74646308149255 186.50361799319953
70.2900463806158 18.763832303606815
120.39480850351397 101.85113470201884
11.04385583125414 15.524474500403562
85.6756068411551 213.80888597081227
153.1005030864619 148.47250037833064
30.319423787284748 69.27436914400012
62.9880151352474 126.71930549703988
243.03333576183604 113.53291375205436
72.15636955320693 211.31013829216556
125.68638845441907 60.36219452570155
212.8740904329042 32.88587183755801
217.31436716670459 236.19103004070573
124.53078992727178 82.81911854319091
235.6542330712584 239.07658372254897
238.1613396018472 32.07343174849342
132.9213594180482 189.14610927135678
42.156165411814996 85.09960374653633
213.69488190283957 248.550744591175
131.87992093576412 220.37469304471213
44.39360535406242 69.66254727572709
235.8629279571329 42.27921513180047
13.982452327715 21.843628078287658
221.58248804365715 89.36255280217958
192.65946893083105 80.72393564399141
37.24725977908286 106.93408382820793
113.40477135090777 100.68004557658212
11.310156825071054 218.28643402943507
228.57772345508954 67.9604707831202
10.441322909402418 177.13595900859795
200.43186815247049 208.79401270451473
225.46306381213955 210.98749487008303
80.78819275133009 224.003232642734
192.1481786352004 80.17838658705045
12.2664855894411 18.43048089086813
87.59995537057786 240.2762630875894
237.2509646598955 143.14488588412172
17.109211839904546 147.15535023923144
209.80802524416583 191.50202441111927
160.2312914159314 83.20573290591236
227.83204642353823 219.2592081436421
199.12320373922765 73.58769258166339
168.73281851058434 222.43568016673493
83.8289854365814 192.5361527667063
173.44937499711165 97.32044546762525
246.5372341072749 151.16633442542943
202.87137639100723 124.91365558558476
73.87550517316923 141.8290454698379
235.3584306875271 163.3612239537876
202.45385915665815 170.85392171490233
172.82234917175234 220.49114710142362
15.776704313820694 12.455879532444786
122.378904635749 227.4230073502618
120.10404625124296 8.59135255282234
90.62614434651046 68.73360837002465
165.9180334880977 31.208542616563527
32.77244583794597 48.92758373351716
111.64480344666819 22.678862644874926
184.12511825409288 238.96932816166193
128.39229816703732 137.9900869049532
157.8207922513272 68.63337045784068
55.00079568745808 125.10684397353889
60.54216810451657 10.35456880911792
24.376017746487648 148.67204596814068
53.71272081149164 10.853953496126111
141.85046680049106 108.87693817419603
73.54741291968367 25.735738506172556
214.54971452857734 147.0590383002987
101.30892535561037 242.13790689639882
200.0632899116607 180.86975605551305
145.11783682912525 207.4319106431179
145.62493131345732 161.40793711142626
122.4636817667098 199.6291657522023
24.572277961242893 49.83430000195624
10.209379774410666 204.77336691373424
246.244675781447 112.81967340415171
183.78347215151462 82.15476455418042
83.23393764250828 90.07024498196492
151.48316591904165 38.502375538946616
203.0485547333271 33.438123111392215
243.4174289798212 151.2409185650016
71.14956139038478 160.45889492956
154.69418915840419 86.9557823142054
182.88431340573177 165.73840462218214
36.78201054179861 50.14736175769685
92.27643065750446 180.1394322228163
78.71880944783241 25.52062495191368
96.6241375932211 62.18341264059046
73.01627097784282 153.5727468031603
128.66225401984306 99.90324338620579
233.32496595863662 245.73677951903122
167.64883766511102 188.31975533122198
17.784620446381876 78.46973418194943
31.769917798630836 134.4848346656191
159.75539748818653 177.6331905814257
150.13678250198714 4.120710257893206
141.56787851409123 229.19078392731453
89.6777892638845 165.59886105340067
77.09713822539655 182.65796941047665
181.87936054547222 153.4262468859105
131.81648731458546 188.14047016049747
13.162220161688415 96.15756848740645
30.256808372970152 229.83184594576494
84.51205330994723 134.42525747110642
90.37223017568188 164.7628065223626
76.73457670114611 151.21255766146683
204.1641544477001 97.1294253031314
154.17088297448487 22.127505044091805
51.96938202100135 192.20999810445082
44.53334650164562 38.78041841713861
188.30210710131064 77.33367394582882
126.27006623851183 240.3928069133152
168.06749560837886 7.077504747958901
144.16603580642908 186.03909262968236
220.68870113893578 89.34532867626716
243.65581392561612 78.35057732019723
80.10862860125309 78.54360140388921
198.89576266671867 188.31832630485516
128.25485570946586 41.36078582696276
159.36004379840972 75.82101695747767
147.10848489213626 24.991811835895717
27.172343716181018 213.62392398245592
202.10708539945605 41.23143556594194
19.132174045340953 112.50252917921372
2.4134026184134685 158.11600824217652
184.20712571495324 67.13499977817052
117.74935026130694 21.55242951316233
118.69007780377045 65.68125467934522
58.285780587037564 52.70828204409414
31.82448998073134 38.72247390527589
49.69775098000084 55.6885129355093
227.18407014773757 111.43210886368699
119.44931529366073 26.924528086401722
198.13289717905732 204.18878104043227
132.1625281612548 84.4197746587832
24.826623837190393 118.48595565136982
226.77508011369167 164.12602706175582
209.71860051056183 160.6248836288042
4.902300851700458 127.8196082280523
99.36954468321684 207.3482937892913
117.1608650608364 166.26752370119615
2.0367478572902167 218.22566742283027
130.46129250826255 9.687538485270458
129.47773609550595 123.94095714847045
24.648855148630133 93.3608083249843
212.62491695594477 247.42897627069866
233.81665765028575 232.68035648638588
54.05590168828822 117.84757802612278
146.8070576574368 131.58931107397012
218.51084880188665 175.28843997086838
45.52392692821433 85.32846103773505
94.68794082049051 159.6446664731118
17.337730903714515 227.64337763128492
126.53630734941542 126.28113785571612
145.8835251386896 38.110610699866015
167.2741806176261 191.93598736296534
233.0685709473408 72.72997623358124
39.66998929486568 145.70631682545059
69.1024194133327 184.26435572659497
33.919808696893625 99.1731365800184
10.889532599301171 69.1882758401415
194.40473617703765 192.32583975009993
156.49856184864115 88.77027516619258
202.66021123285566 67.19696866172772
98.04411930859816 225.49377999328752
161.60226085918643 245.18462834897062
211.25618675772114 30.34073715108751
49.891450473009996 209.16226657386485
99.50005986777543 182.05319304508384
183.53303142480058 244.34816107690125
233.47127675616775 107.34709437305276
177.36747849231338 6.514877633674559
72.45811536132301 201.63836394204844
140.07770592047154 20.101350694343463
213.4267574813267 30.8890990650561
221.2436277224191 80.93358452057717
238.35947740150826 139.3831503279619
161.43573162134913 241.78770368274806
81.53505213746634 40.36740941811728
172.09591609408608 213.82254931444507
102.34805678657466 224.22477003135296
106.7444759648102 7.342098137072678
126.3394842658202 63.37433553540037
67.63626480530863 139.37127348351024
51.624442672098844 10.132208345276894
100.31961037115849 170.69696837072343
28.982256195982632 120.41355674770094
107.76168526275762 133.77553808375953
182.4597134597972 249.1416407918307
126.40205060772158 249.07034197452768
187.8401613214565 109.56886368197152
145.07792526059401 203.85647787250647
20.46073218485067 98.16518598764004
66.26612496771934 28.361250577817575
123.35764176998009 231.49407526393702
68.3766820486292 155.55908883111508
133.58373115129723 141.2346578766291
21.660466502046756 74.44430158655807
10.16833440607215 143.73473730697376
10.390482354659698 34.96014386052837
183.9308192144693 123.8966372172443
44.884616922988144 230.01500789579103
209.90934269579765 147.8846539984714
92.64619226004977 242.3305472819138
139.20922601543424 55.88174938988291
6.783558326476396 180.24338466163434
190.2663957764892 75.32031506609638
125.04849693412004 1.0935871115923257
75.78490405306867 63.45535279353997
112.43880071986293 131.84033645529937
131.26693373300304 56.72077857962199
55.610098182221456 80.31339947904797
99.79813685037946 125.57368079688119
65.8607257718232 161.21497846840313
33.121931429838824 189.25731716502824
60.765753964909074 168.67742921410715
32.39629217624407 166.20885658032728
185.02564195497717 101.53593595062893
113.6814944866092 101.86732077484251
217.00696907073905 59.87199943439145
149.62190324606783 130.30621974039306
134.6798354957716 24.117111124178304
219.58235910477836 11.499780729670755
166.2843874279747 118.02071109967093
149.15808019082738 49.71116614368334
101.52195238294867 95.32938759285611
157.52217988192908 204.25392833613853
75.62174367578717 6.0193033381036045
216.4557749096649 163.23113135268605
208.2381760697254 197.73565363171863
239.20165836255282 76.95010126322532
60.59884445021738 19.031578539074722
132.98686912626658 215.85090006103331
97.62344231941312 44.48765505906732
59.32730100106773 185.12505543789302
134.1007751432222 45.60905546343741
157.2545383320048 2.8438066923325014
59.736804145948675 135.2261727447293
143.9643507184702 138.7768819946347
240.3098665103342 223.77335239679954
156.42570840960585 83.59868585314656
195.41618426666798 33.24726687534438
239.2167271128308 15.765682238181867
171.33317131648778 196.1776733003962
169.8206359840596 150.5495530501472
154.53859118661535 103.75149292222552
120.45169703804085 98.14412926369401
173.80360247848154 158.1190252036837

432.4
114.7
172.1
144.1
540.4
206.5
17.2
144.1
216.2
206.5
1080.9
77.4
288.2
720.6
960.8
600.5
86.0
68.8
288.2
77.4
480.4
25.8
34.4
17.2
540.4
648.5
648.5
129.0
108.1
51.6
1080.9
720.6
72.1
864.7
432.4
229.4
600.5
286.8
68.8
260.3
8.6
480.4
51.6
540.4
1201
1201
144.1
864.7
206.5
72.1
72.1
8.6
154.9
206.5
600.5
51.6
540.4
1080.9
68.8
103.2
432.4
8.6
34.4
144.1
103.2
51.6
114.7
144.1
114.7
114.7
216.2
324.3
34.4
206.5
172.1
540.4
68.8
36.0
172.1
72.1
258.1
68.8
540.4
432.4
432.4
68.8
600.5
720.6
129.0
103.2
17.2
86.0
600.5
144.1
600.5
960.8
17.2
51.6
51.6
137.6
172.1
34.4
576.5
51.6
51.6
864.7
648.5
86.0
103.2
260.3
17.2
576.5
1201
144.1
103.2
137.6
8.6
432.4
540.4
480.4
960.8
137.6
17.2
51.6
103.2
68.8
114.7
324.3
432.4
260.3
600.5
288.2
864.7
864.7
34.4
600.5
51.6
960.8
77.4
258.1
77.4
324.3
258.1
288.2
288.2
216.2
144.1
432.4
114.7
86.0
648.5
144.1
720.6
72.1
216.2
108.1
34.4
143.4
286.8
17.2
260.3
540.4
258.1
51.6
1080.9
154.9
68.8
34.4
144.1
144.1
68.8
51.6
288.2
144.1
137.6
1080.9
1080.9
432.4
154.9
432.4
68.8
864.7
720.6
600.5
77.4
51.6
8.6
432.4
8.6
34.4
17.2
8.6
8.6
960.8
72.1
51.6
25.8
8.6
864.7
103.2
144.1
576.5
324.3
36.0
103.2
540.4
34.4
72.1
172.1
72.1
260.3
17.2
720.6
480.4
258.1
17.2
8.6
51.6
288.2
432.4
286.8
260.3
103.2
960.8
143.4
114.7
17.2
720.6
216.2
432.4
206.5
480.4
286.8
258.1
51.6
144.1
154.9
77.4
25.8
260.3
229.4
68.8
103.2
86.0
103.2
216.2
216.2
68.8
77.4
143.4
540.4
206.5
108.1
288.2
8.6
600.5
8.6
114.7
137.6
144.1
36.0
260.3
480.4
258.1
1080.9
258.1
206.5
172.1
540.4
144.1
1201
25.8
17.2
172.1
258.1
540.4
206.5
229.4
72.1
103.2
17.2
68.8
540.4
34.4
576.5
1080.9
77.4
143.4
51.6
86.0
103.2
540.4
129.0
108.1
129.0
540.4
648.5
216.2
432.4
288.2
216.2
108.1
540.4
288.2
36.0
206.5
1080.9
137.6
114.7
34.4
34.4
286.8
144.1
648.5
34.4
229.4
286.8
17.2
34.4
172.1
286.8
17.2
600.5
68.8
68.8
286.8
216.2
72.1
432.4
432.4
172.1
216.2
77.4
1201
1201
600.5
86.0
68.8
143.4
864.7
286.8
864.7
286.8
432.4
72.1
432.4
108.1
72.1
17.2
144.1
258.1
206.5
143.4
17.2
51.6
1201
103.2
144.1
51.6
86.0
229.4
258.1
36.0
648.5
1080.9
258.1
258.1
206.5
324.3
8.6
68.8
51.6
68.8
172.1
288.2
68.8
576.5
216.2
288.2
288.2
17.2
144.1
8.6
172.1
864.7
68.8
25.8
1201
108.1
576.5
77.4
540.4
108.1
432.4
77.4
960.8
68.8
25.8
17.2
143.4
103.2
51.6
720.6
154.9
72.1
288.2
154.9
720.6
17.2
17.2
432.4
480.4
154.9
432.4
72.1
960.8
216.2
260.3
229.4
17.2
720.6
324.3
648.5
324.3
229.4
8.6
260.3
17.2
8.6
172.1
288.2
720.6
229.4
576.5
216.2
25.8
1201
154.9
216.2
288.2
288.2
51.6
229.4
143.4
154.9
540.4
72.1
129.0
108.1
206.5
576.5
288.2
154.9
288.2
540.4
129.0
8.6
432.4
864.7
260.3
216.2
51.6
154.9
216.2
143.4
51.6
540.4
34.4
864.7
144.1
206.5
143.4
172.1
137.6
36.0
229.4
288.2
51.6
114.7
144.1
137.6
108.1
324.3
229.4
286.8
129.0
108.1
137.6
144.1
51.6
103.2
258.1
216.2
648.5
17.2
68.8
1080.9
68.8
8.6
34.4
432.4
216.2
137.6
68.8
600.5
108.1
172.1
720.6
77.4
260.3
72.1
576.5

8.6 17.2 36.0 72.1
17.2 34.4 72.1 144.1
25.8 51.6 108.1 216.2
34.4 68.8 144.1 288.2
51.6 103.2 216.2 432.4
68.8 137.6 288.2 576.5
77.4 154.9 324.3 648.5
86.0 172.1 360.3 720.6
103.2 206.5 432.4 864.7
114.7 229.4 480.4 960.8
129.0 258.1 540.4 1080.9
143.4 286.8 600.5 1201.0

2 5 8 11
5 8 11 14
7 10 13 16
10 13 16 19
14 17 20 23
18 21 24 27
19 22 25 28
20 23 26 29
25 19 31 34
27 30 33 36
30 33 36 39
32 35 38 41

