32 3.0 0.0 1000.0 3 3 160 240 100

179.98877872899544 24.90126055323863
183.13889892978207 183.05805325385757
167.074091683845 143.4869498405
42.645591094284704 70.91332792462867
129.23840749626638 109.61271795138217
248.86770264320234 194.7725224276036
94.54277872693709 148.7453729407863
31.330235861356805 122.32564618991724
169.150082629456 172.43678576378375
135.27522891421185 17.370169913525274
17.159636050752436 118.77106247412748
128.72397995859012 113.43710283288638
170.65209897029413 83.01798798093685
155.3108763045304 190.56081377564317
186.21608004661923 139.12020092199236
240.73038199846172 81.54137997961244
165.24709355957233 96.05205337382012
110.1189996439533 167.9449018948478
9.045638908848103 197.72331058049733
111.2666043600291 203.98297583356114
162.45917927533102 69.6832629538031
144.06230723933623 134.49717713822608
166.37027937730016 210.3905455998553
122.29186314788754 142.70396306556776
122.46116473147603 105.29453855235343
86.252347170512 204.80752742373483
202.540805059203 242.01058878569663
16.61912850051081 74.4681568506336
247.13818532191672 179.80845930434887
115.04441754646597 97.82469623782194
192.64097548283362 108.28585720068848
29.446613341617134 152.5788579783604

185.29353237547394 30.392919610805592
188.9634759258954 182.3456338570821
169.43432211504557 149.05680942027817
45.85981135218878 64.87725808293685
129.63323946903301 110.17217194886
247.0069296374446 188.17186096832765
92.30322822986182 149.33208856058798
28.211749189229863 115.92795297644048
169.43749985573984 169.21679674633964
139.87787271712946 16.287082533959747
15.016513710180757 124.86502511679495
123.02293024661856 115.80927884944184
164.8444936316853 77.01570887126807
153.01186673249626 187.08429329790914
180.53984525363316 136.31924827591664
244.80347188398193 88.1184414313391
159.79195301906262 100.8102308220746
105.69019004754846 174.50669474915622
13.88839361487279 194.66175357254514
111.77509692952961 212.32660424333073
155.1800733147905 71.89534685383114
144.45894031840342 128.51631030052548
170.4759614690633 203.34203531612573
129.52649025888758 144.19745866944223
124.36634963529764 106.70616494459433
84.56115084407156 208.07149591459017
206.36778979494412 243.72927183964026
23.071847559601565 72.79831646834458
245.68960845897186 184.69408362909945
108.88732408421123 103.60685857049023
198.3634226504606 105.36568095960536
21.691194111876865 152.96632641177683

8.6 17.2 36.0 72.1
17.2 34.4 72.1 144.1
25.8 51.6 108.1 216.2
34.4 68.8 144.1 288.2
51.6 103.2 216.2 432.4
68.8 137.6 288.2 576.5
77.4 154.9 324.3 648.5
86.0 172.1 360.3 720.6
103.2 206.5 432.4 864.7
114.7 229.4 480.4 960.8
129.0 258.1 540.4 1080.9
143.4 286.8 600.5 1201.0

2 5 8 11
5 8 11 14
7 10 13 16
10 13 16 19
14 17 20 23
18 21 24 27
19 22 25 28
20 23 26 29
25 19 31 34
27 30 33 36
30 33 36 39
32 35 38 41

