32 3.0 0.0 1000.0 3 3 160 240 100

208.26707847568244 112.99706234306164
109.65852600489833 183.0802552352027
69.85512932082621 11.70401729212328
24.770366615135682 137.50165652050754
8.940056959433202 91.17685584430008
41.12623184950848 114.08159619376265
96.84953121042538 197.7510307891447
118.1029151626155 141.3602680437998
249.4898640494214 221.8096766396517
7.800329645031134 104.24323218854472
14.600461691580884 184.68558575633838
45.09424288989375 155.94299683645778
116.3615506510258 29.47864859804769
14.066461724003082 44.593929848274485
199.68719992822074 236.20507456024237
75.33615730312351 144.22775547397035
235.18081355643827 46.79269646937359
81.54199030417139 45.48437000272196
91.95164548114127 57.50188664693001
28.48362697468637 198.93030210512438
119.35139288560559 14.845607899817898
141.84443158960477 244.58675921331178
156.75864491208947 183.18207131260613
31.218378089921423 31.680659719281024
85.58301238237797 203.60961483508657
243.05681890501415 144.17617121463013
20.82797049562063 132.22672886684353
206.8154055210016 140.04165074370218
114.15302065482447 138.24403468996636
227.156423868178 167.3419603464433
45.867866084131684 185.69755902520714
121.29006603470663 92.24179162572655

213.62008349605978 116.24791594016135
105.85863447997917 181.78741526673122
71.15022177909137 5.776858003987528
16.88418117052157 136.24892338155271
14.034551096813674 92.81301074401779
37.53303526236459 118.38127651132437
92.55052229012728 202.25866920363143
118.10525425998136 147.2913689016946
241.9847444921781 219.7078437410936
8.71224324043443 103.26268026984198
12.97101412554158 186.30101369078315
44.29477136006654 155.0209973883528
119.97078980861903 34.81967980855122
14.127500431506318 41.408753344688854
197.9871691128461 238.80748791020633
79.03244613743232 139.9912168741112
232.13653939869968 39.675091496608026
75.81394496030875 47.434373437545055
97.72499104669988 57.01228913324827
31.99650557032768 201.45890354068885
121.08928085640783 9.535849836498688
143.64162545224926 240.53114968939096
158.18952540284093 191.49919514450553
34.19502551265322 25.37272662299428
85.68736804282368 203.88202762430979
240.94588487948005 139.3890273757015
22.05304957415241 136.00596701044094
209.75727647309438 145.3473407575712
112.35523956999938 137.98735181610795
222.8865735296317 169.1139363090186
47.5842288718864 188.95694638345654
119.97033447864803 94.47763122044786

8.6 17.2 36.0 72.1
17.2 34.4 72.1 144.1
25.8 51.6 108.1 216.2
34.4 68.8 144.1 288.2
51.6 103.2 216.2 432.4
68.8 137.6 288.2 576.5
77.4 154.9 324.3 648.5
86.0 172.1 360.3 720.6
103.2 206.5 432.4 864.7
114.7 229.4 480.4 960.8
129.0 258.1 540.4 1080.9
143.4 286.8 600.5 1201.0

2 5 8 11
5 8 11 14
7 10 13 16
10 13 16 19
14 17 20 23
18 21 24 27
19 22 25 28
20 23 26 29
25 19 31 34
27 30 33 36
30 33 36 39
32 35 38 41

