32 3.0 0.0 1000.0 425.81647158674366 3 160 240 100

235.54032973433368 209.2571191219094
181.0029306674198 74.46003395530556
64.98654483832131 171.0137703346286
100.77939150588338 123.62265403850334
20.62474185880267 14.335465452818386
68.64605602337454 168.2229500632848
216.28259509820413 79.69032677960567
63.54834703607942 180.8157261297314
248.55965650937446 115.852099222388
41.869618871078735 52.936605630587216
164.35491101122315 151.21679103569912
120.91820032052547 159.38555505729443
198.30649496989474 196.0263769821728
189.5843934080151 122.40127167056991
155.4857853775014 114.96361625861503
106.32754471709208 14.933101094632667
211.42726931365223 231.9209589628163
7.741233855807161 165.86995840487677
224.64167381160647 46.41774512836602
160.31012001425603 23.094013199903312
167.78986176264428 238.736619152285
95.71123025406297 158.94269106272225
27.641557235224546 199.1505942786944
244.7163416482585 55.40197570480354
83.65818706645997 73.39734723348951
38.028359362482945 171.44227447719695
42.307886332367985 115.72198474636403
134.11057389116746 21.716340941396016
22.922269033988613 83.39116545364524
116.2564674896871 5.461521921030138
137.76936354258393 3.399473320691654
62.3829291947865 215.05350631119222

238.94142004022868 214.9286062847285
187.2143883625365 70.05150011221617
60.53759017002855 173.3168343297351
103.29721337049894 117.92527088900425
14.430498182420815 11.158675611713464
72.25136991941933 171.9380588719859
211.90787773342208 74.41655044424014
60.40100779594501 185.36926762336324
243.27466199483317 121.5278048560664
41.239634317260546 48.83672301455982
170.50922056532931 149.32184240748776
114.19231748957343 161.05417363942553
200.09446474340947 204.1032700342705
195.88076934072149 116.72408899797682
156.61202212864242 108.76483199994489
111.10832580684057 17.890369486812137
216.3040390931813 237.2237808485848
5.570568998472969 170.01929879657848
227.99627183134578 54.07857948101072
165.46826494924798 21.27546838166022
172.43309814356306 232.4344230686828
101.21480065385526 155.30192980583845
31.518574179298124 204.3792281905238
238.37471274954424 54.61009257891553
82.9159093632485 73.50706175522575
31.00880767925701 167.64038786364068
40.48671523813416 116.73888883165642
127.6199235491901 19.309939946378
17.20102069580226 84.2858058137208
118.57997702256795 13.162373773488556
132.6169945732201 9.800939987611779
58.07859142029803 212.4893045151176

8.6 17.2 36.0 72.1
17.2 34.4 72.1 144.1
25.8 51.6 108.1 216.2
34.4 68.8 144.1 288.2
51.6 103.2 216.2 432.4
68.8 137.6 288.2 576.5
77.4 154.9 324.3 648.5
86.0 172.1 360.3 720.6
103.2 206.5 432.4 864.7
114.7 229.4 480.4 960.8
129.0 258.1 540.4 1080.9
143.4 286.8 600.5 1201.0

2 5 8 11
5 8 11 14
7 10 13 16
10 13 16 19
14 17 20 23
18 21 24 27
19 22 25 28
20 23 26 29
25 19 31 34
27 30 33 36
30 33 36 39
32 35 38 41

