32 3.0 0.0 1000.0 742.6873828570706 3 160 240 100

44.493122155340096 53.70399474930929
234.3710799654556 172.71012924393168
51.98999003954435 241.49331359171725
149.6824359073051 222.09934501141603
85.9908172793572 100.0025163344116
198.53093966097586 170.65007758639126
45.213959882119624 16.046536886344054
220.83743804839645 20.943268013253636
143.69602882577732 236.4375577692746
228.55311684797246 229.71162108539016
60.38716132969601 245.59469575151996
15.534548729638885 71.64491134299378
215.95240519557368 195.07990231619587
136.71423084242747 217.42620946875317
150.64606338964919 146.9242231074243
235.73498200129265 195.41418357409995
119.08252964550661 83.51528679659684
203.1152305500552 162.51272653594208
81.98565053177207 154.33617257365546
240.61450893209235 97.78674635394394
82.6653104381091 232.14570954146438
246.39666304363126 43.966067894512875
95.5677692579589 58.078108289353196
89.71462491878651 188.82730388021827
56.79898899297001 126.51701137448487
75.19889826057604 124.86119379830157
74.17226536563697 227.6907906832531
76.64950121845632 185.08809470380461
84.60983654338541 88.43069961061889
46.16830292428242 151.14114352343998
168.53436988382177 133.52256958757224
37.917636976075975 211.63889542981488

39.771376838105695 57.11797944779076
230.69367969753807 168.78811349789405
48.63735163151697 234.98663742980798
154.52105768895734 222.86149589258727
89.0844641642865 103.78530173058637
193.75063379183743 177.59188352128854
45.193924884974535 9.665160197066896
226.419862656958 16.588316837128858
139.39426549278764 238.83802423701255
221.8087869258077 226.0761672542022
64.14518089597196 244.57968895069774
22.70952792984876 69.21743745128195
214.52985773003334 192.54748141841299
129.68975944033866 213.3752588174792
153.02163257756402 147.35562118295627
233.4153648719897 196.216494505777
116.88528942247747 90.04886610544548
202.64839298916044 160.6432239042569
88.06724558265688 149.68106352394733
240.7533223863052 105.19536021003384
87.27821466850324 236.0835285039096
244.13470429294821 52.00504858663246
96.63784015096901 54.26946466741603
84.80552937965385 195.5930547578375
49.15043345271769 129.53837081021456
67.58301525538357 128.51457427737796
81.80048175716651 229.83807599072134
72.01311940542627 188.2784898869449
85.53061992100066 94.98547442875379
48.80322085311661 157.25726865329176
167.84034119444058 127.38193268762116
39.271600135603244 211.81729638676

8.6 17.2 36.0 72.1
17.2 34.4 72.1 144.1
25.8 51.6 108.1 216.2
34.4 68.8 144.1 288.2
51.6 103.2 216.2 432.4
68.8 137.6 288.2 576.5
77.4 154.9 324.3 648.5
86.0 172.1 360.3 720.6
103.2 206.5 432.4 864.7
114.7 229.4 480.4 960.8
129.0 258.1 540.4 1080.9
143.4 286.8 600.5 1201.0

2 5 8 11
5 8 11 14
7 10 13 16
10 13 16 19
14 17 20 23
18 21 24 27
19 22 25 28
20 23 26 29
25 19 31 34
27 30 33 36
30 33 36 39
32 35 38 41

