32 3.0 0.0 1000.0 778.2513711347272 3 160 240 100

126.605989571949 236.0246934764476
107.81207855654978 224.0126340365056
129.05629925822205 81.98133903769437
49.43992025270227 10.825827376483355
100.70648107630942 44.13985553664121
12.083007185228977 139.7507355968563
86.12766929659473 41.531084895907924
211.2551180707254 36.617851856867475
141.2251222244329 53.505499020618046
105.81214574185296 136.62699939052663
154.20080895361053 178.54851498877449
0.7887462305859461 37.32919337135546
32.10818105882057 68.19228267211518
222.97522631135294 220.27208394765165
161.35738880048777 188.04231746047455
100.19206209604192 90.80909427739037
201.49793270941646 177.82865069971834
34.494133140958226 194.9697393554047
211.8282218324168 180.5097311376693
189.19069595680162 182.58750304560053
111.76636890980038 230.41304667663337
118.02857848293607 31.04377789324403
40.10470726613477 224.73341272333036
37.891286553386585 143.76776038273562
21.256426989721216 11.07406538845826
194.98050299141033 98.204781404509
129.08288561737027 221.15105448742088
31.8521749844414 190.58228694548092
184.46106304671451 157.20833946295272
16.21157163143408 101.99991112489259
62.22520717660743 104.15691329932008
143.56246763028523 211.99463171846816

125.04705943658401 240.49876863185835
104.54206713312334 228.0959181437537
124.62394666927965 81.86275234815658
42.898702683530466 7.594461623326887
106.16679345776711 43.41513415607337
10.119691320390228 141.1948922544782
81.89549788971135 41.81788685160478
214.41511578604195 37.756268241267044
140.49265030153126 51.01342335412218
107.96969610452261 129.34610025112264
160.91266476622397 179.11454161459787
5.440729910513059 38.51395857809503
38.604624379307865 63.633378628322
226.13060737294933 219.20169729729238
159.75942864674835 187.26434230309235
102.74194168873078 94.97825555784772
203.63067762392612 170.49142252445756
33.33291570638408 199.0535217220872
211.9007022357755 177.22602289519165
187.678000581399 174.8020215176284
111.89564378069255 229.13350859860807
116.43202017654167 29.521379384244735
36.392983285391146 229.1932618857928
38.93466442536825 141.85182594305857
13.93926424863512 10.179339157255136
193.4268004754422 103.46114715014662
128.1703561434403 213.43697235770745
39.31342212930297 192.4304784525616
187.1565279195447 158.2390394836282
21.836828083596714 108.07280864958125
64.52334444368707 98.05517905405806
146.69717905264824 207.43788763412704

8.6 17.2 36.0 72.1
17.2 34.4 72.1 144.1
25.8 51.6 108.1 216.2
34.4 68.8 144.1 288.2
51.6 103.2 216.2 432.4
68.8 137.6 288.2 576.5
77.4 154.9 324.3 648.5
86.0 172.1 360.3 720.6
103.2 206.5 432.4 864.7
114.7 229.4 480.4 960.8
129.0 258.1 540.4 1080.9
143.4 286.8 600.5 1201.0

2 5 8 11
5 8 11 14
7 10 13 16
10 13 16 19
14 17 20 23
18 21 24 27
19 22 25 28
20 23 26 29
25 19 31 34
27 30 33 36
30 33 36 39
32 35 38 41

