32 3.0 0.0 1000.0 3 3 160 240 100

68.17107753525164 187.96751932454342
120.0092462110053 232.5465484116879
108.00543770866949 61.31640745754663
217.04927873864924 160.70218981338158
246.35740130751228 43.18219066967352
12.045786629785338 103.1064376911905
149.63473496775998 44.99874381348748
3.8481552459862236 100.53658702284665
50.23553506360901 104.15796760375443
94.21442547914249 113.14627203404778
158.09220163363238 65.4371418301356
240.58280085682267 13.89597989158775
67.8977513058801 219.1348623323793
59.3765385562382 105.80092095239121
25.86408908904561 194.17738927435695
61.33647892338842 129.02265562350763
198.2190698422345 214.5044949160584
198.08635706679755 3.37247340557123
219.20990501243614 111.88514863800744
37.66408220568351 172.8536151506152
206.6327611661567 22.997354757168242
228.87612300170406 144.6134562070445
24.32759437587159 112.24567553080048
53.88783080911369 97.50085161290114
147.5708546952313 25.74095518674599
6.943713639398885 232.83350182796445
102.05546699489557 148.23609709360738
212.2186416123433 137.7650948695577
38.81429222065388 109.59675947035444
48.028571063225364 50.18546771916399
146.4985194201813 140.33474258727557
174.14413524652653 165.6767726290118

70.10827809827816 185.04229964788922
119.51127503943538 231.09781742586813
102.7731754953182 58.568606958595474
221.73685978522056 163.10593950362224
248.49082701809567 42.3807559708331
12.433583959133077 109.563065872795
143.9721454359535 39.94619242533257
11.411307659515868 100.08091449560489
56.029948234727065 103.75264856823243
91.41688951167367 114.65572828547386
150.9927651250188 66.19996674091644
244.64015123392534 20.262934137533357
65.29605188289237 220.10107131247955
63.6253053443005 106.92416928549342
24.241325688162117 196.2950483346052
57.98289362701844 122.56813355962773
199.56747357215357 220.80488698748817
191.65641598230127 1.938789853763917
216.4527330417152 117.88235040887888
30.662209880341823 173.36582367722923
207.76546738200665 20.261824432483866
231.39936150128426 145.6395861409819
24.79148246657026 116.35964743221602
58.31800228743328 90.44632009058876
144.36192732770047 24.642985916057707
10.728147415258988 231.28191019893796
97.00896680651152 151.6591464020897
217.267921413826 135.15541999645208
40.78147254082221 107.96800417179456
46.28639962670963 43.680061884211554
150.9061422898541 142.14081762118983
176.74006638637388 172.86226146607888

8.6 17.2 36.0 72.1
17.2 34.4 72.1 144.1
25.8 51.6 108.1 216.2
34.4 68.8 144.1 288.2
51.6 103.2 216.2 432.4
68.8 137.6 288.2 576.5
77.4 154.9 324.3 648.5
86.0 172.1 360.3 720.6
103.2 206.5 432.4 864.7
114.7 229.4 480.4 960.8
129.0 258.1 540.4 1080.9
143.4 286.8 600.5 1201.0

2 5 8 11
5 8 11 14
7 10 13 16
10 13 16 19
14 17 20 23
18 21 24 27
19 22 25 28
20 23 26 29
25 19 31 34
27 30 33 36
30 33 36 39
32 35 38 41

