32 3.0 0.0 1000.0 3 3 160 240 100

109.2538265130692 22.209713138813232
165.28524538126024 29.939615837134447
220.47860349836668 98.83676102060119
127.08841767948905 208.82219004457932
90.13165840818682 157.4235973039384
194.58186377873977 44.97825440361791
155.4878400821199 118.94122381557575
28.902067164849388 224.52153613290474
230.243156219209 150.72914332605905
81.87237448680021 112.55382570163341
157.16174643589537 78.75758732769452
146.28135872817688 51.65303832879686
214.46511392568092 126.7355041524082
189.20942730107905 208.42437753445506
144.36118194311462 192.3602942951943
113.68904199033472 99.50760232964595
95.21302292496168 196.11593598125964
164.98870707559158 81.4697709149598
71.61553678212357 206.81039709582797
139.15856525622917 119.7675260807595
132.01441187515593 187.9130562994671
37.12857506674752 38.987770466577196
80.364902489854 166.5203637730008
123.61068324532398 174.43454682450897
201.64132904447092 200.62547656989398
162.36768578627482 249.21625411054464
224.834629180029 127.40132350564595
39.40375765364262 207.35421550764568
102.316333141348 232.99777777891796
180.9243638979666 207.8051328332839
159.6687824476145 136.48948084905217
116.56902903877639 57.22016708507835

112.79461391848228 26.37417761105129
165.47169697287848 30.570602761175792
217.44816309911073 99.33349091916016
132.5141048962401 205.11266399914095
87.447318234633 156.6633440344381
197.66003010850332 52.54600653370534
150.70156367674977 114.37952868912052
21.842537632991572 228.49084776787484
235.96241675707935 153.53049914323452
75.73359367922447 107.39182189332311
156.611293867252 78.23807514453482
150.46779646190234 49.14029851439927
208.13925960085615 122.43940191642552
190.55181567918524 205.52610386657574
145.69174944001097 196.17327541098328
106.70577075758841 103.62020832996046
92.95560102142444 196.75912024267703
163.0615416227572 84.93866499581179
75.73995064720684 204.64334279801608
134.60902314536514 117.59733309569754
134.0822293920509 185.53701680100693
41.97718064124112 37.26998407916973
82.56012394443937 163.3193255691918
115.54517891720634 173.46445975534974
203.47241853073288 200.77826117893363
156.69475200233083 247.43854012910367
221.190724259845 122.06178274061335
45.052924410217216 208.8510200988021
102.3501159481823 231.9458013139797
183.13280240208513 201.6931795226254
164.1187332814735 137.60873499844413
123.32188973140495 55.610182140549746

8.6 17.2 36.0 72.1
17.2 34.4 72.1 144.1
25.8 51.6 108.1 216.2
34.4 68.8 144.1 288.2
51.6 103.2 216.2 432.4
68.8 137.6 288.2 576.5
77.4 154.9 324.3 648.5
86.0 172.1 360.3 720.6
103.2 206.5 432.4 864.7
114.7 229.4 480.4 960.8
129.0 258.1 540.4 1080.9
143.4 286.8 600.5 1201.0

2 5 8 11
5 8 11 14
7 10 13 16
10 13 16 19
14 17 20 23
18 21 24 27
19 22 25 28
20 23 26 29
25 19 31 34
27 30 33 36
30 33 36 39
32 35 38 41

