32 3.0 0.0 1000.0 3 3 160 240 100

178.96943560013696 19.336243343394482
38.714464177587224 238.58444545079672
85.54386465775868 188.95371367297932
117.46586562256223 15.282390783776911
241.38591312076207 89.6659431242483
121.5815920862438 98.70982778413764
174.57617940672193 151.1468570458977
92.44763553691635 171.06617942075133
187.7234867501889 46.54313468130694
154.0188126646465 102.74720259683448
225.78026081970637 55.397094966298106
35.15671035117468 238.455051025761
10.22738951683791 100.50429258308446
82.90004009030322 247.73012888091122
34.25408838419802 171.4010223256105
158.65100558848846 163.79953534737155
208.42302484158398 145.8876927419742
39.82159450136005 14.290965499057172
191.6000645535806 240.33965024806616
78.41131707287022 116.95951118723278
163.0643762030056 63.674544577028506
60.0871636058308 67.32231362655108
84.56385405795677 33.205942335868514
115.6970802863343 87.18407813290297
200.1536140138447 11.39597877277998
182.2644727997862 82.57841697865587
2.720366073174052 35.040044057399165
172.62399516747766 169.41054462358767
174.09102653784922 157.5349840467459
22.214005868147424 9.686777492794674
134.54432049426583 110.44472267131009
45.36881381506419 178.07491215737758

174.3515355550797 25.29770275088425
41.332300140057704 231.61174484736173
85.95646742578603 189.2212834517288
117.19377846979722 23.557738116648018
236.5623115329751 96.23099522265393
119.74630592812746 92.68031015623188
172.15964096820272 149.89050141220045
93.13232788793397 176.94736900321692
187.5325386726972 48.06085119828024
149.89812337314584 100.83274023277303
222.00575305795132 50.13219009180606
29.799825915765798 233.55788543111439
15.422792368287835 98.77931771029799
82.34910364857478 246.27366098510547
34.75890394293968 163.38806100798962
161.18385293075895 159.9199842994803
206.00132625499427 147.5010011611129
38.58039351927364 14.912096227836264
189.25592284864905 244.96799581234458
73.10142805320488 121.49055600689537
158.8367935685811 60.55480149299877
57.63388424671898 71.59496737370502
85.61317181849856 37.69705237524454
117.95353214911606 87.81341846785884
207.7985381667698 10.251498737731929
178.21364271641866 78.51563714492086
1.8723226878563093 31.227126904804418
169.69910147994582 163.04180097676397
171.8224528122206 152.16958575852286
19.602688785254507 9.611043482479015
140.8240761432065 108.95024132220819
40.13331857251609 173.35686002028487

8.6 17.2 36.0 72.1
17.2 34.4 72.1 144.1
25.8 51.6 108.1 216.2
34.4 68.8 144.1 288.2
51.6 103.2 216.2 432.4
68.8 137.6 288.2 576.5
77.4 154.9 324.3 648.5
86.0 172.1 360.3 720.6
103.2 206.5 432.4 864.7
114.7 229.4 480.4 960.8
129.0 258.1 540.4 1080.9
143.4 286.8 600.5 1201.0

2 5 8 11
5 8 11 14
7 10 13 16
10 13 16 19
14 17 20 23
18 21 24 27
19 22 25 28
20 23 26 29
25 19 31 34
27 30 33 36
30 33 36 39
32 35 38 41

