32 3.0 0.0 1000.0 456.1734922816521 3 160 240 100

144.04915721440207 236.8222269090298
27.72684545124962 136.34593098566765
246.40672927693333 72.74191275079217
216.94297301153503 94.90644219790944
211.25186327743197 157.12974732217046
2.6618910573968924 169.9068611680564
16.483651156406374 166.4519833321121
131.50274581271714 83.83735547425597
78.77826544804958 127.77678131136527
245.2879262876672 9.32272345304161
52.39812987873393 219.02661466264527
146.31563495992197 135.26918640972832
65.05149556142118 80.51984308940455
107.81939077549899 188.76587110876508
235.57889381351254 6.28963796816806
220.8899352308705 21.701466008139576
108.75275000845863 12.256285268752082
242.56471539216938 124.21228506549384
25.74723155504366 15.388652542910386
22.954095497593695 111.32539892715194
166.63357680445176 228.44447221404738
86.40135966164559 153.0778240238384
99.0635540107859 85.69148616226319
78.37811461555071 247.97595750666616
51.71007623503318 236.7349904499037
89.67590029856854 68.67697360695132
80.63439274816106 50.769549973232046
191.89794048370115 71.15295409877004
13.129282305684303 39.09478184935175
223.08668611393855 124.89382647370267
133.36187587865732 150.17894438502816
225.98590860145976 52.925164187563546

139.58284463580554 241.9955213520011
28.544203376978857 132.00817419613
249.44797173024517 79.21377996324169
216.75362728095735 86.68720574062449
204.58529877233232 152.36490955675336
6.404223095897333 164.10819735112008
23.042867374855668 163.08050255240016
129.44820643490058 78.79377294282611
81.47442599952939 133.9364233539188
249.20444782199158 15.682149777190373
53.70960029791394 221.6620566056153
146.52006745204625 140.89903063603367
67.09520647604505 86.36223163442611
107.25139958736169 191.37725919536308
239.4537067858912 8.66956196493715
214.09183685978988 22.173110554306763
106.65243332026981 8.120237995846185
243.98896075259194 127.429807870087
32.549790439405506 19.813561484750746
30.113843918245063 108.8168554483356
170.93441869142399 235.44161214278012
83.63243659407595 156.49557958239475
105.9066167060845 89.76376878783024
76.53600271160671 247.07131351986186
52.07091819558904 239.46392008830506
88.03440144254321 74.30581859090027
75.8609963222126 55.600084355583554
198.74567934672325 68.15494090822024
17.88399103704505 44.63955726736746
224.93475220249138 118.6789737099187
135.5511629893691 141.99036018333013
229.99173604451187 55.55748831135332

8.6 17.2 36.0 72.1
17.2 34.4 72.1 144.1
25.8 51.6 108.1 216.2
34.4 68.8 144.1 288.2
51.6 103.2 216.2 432.4
68.8 137.6 288.2 576.5
77.4 154.9 324.3 648.5
86.0 172.1 360.3 720.6
103.2 206.5 432.4 864.7
114.7 229.4 480.4 960.8
129.0 258.1 540.4 1080.9
143.4 286.8 600.5 1201.0

2 5 8 11
5 8 11 14
7 10 13 16
10 13 16 19
14 17 20 23
18 21 24 27
19 22 25 28
20 23 26 29
25 19 31 34
27 30 33 36
30 33 36 39
32 35 38 41

