32 3.0 0.0 1000.0 3 3 160 240 100

79.01447970326784 157.76596843207727
198.87404265143888 235.3122072434633
13.988826905581341 185.02652940500062
206.00094178848894 54.161158005765095
82.56272617009486 22.967386598828853
34.42203503833024 14.762207991248722
110.67403962134553 130.29287393318216
116.5327856301466 28.42334720214801
104.05067777719368 202.6692851166753
63.472201371548074 144.87429834574073
114.3412055189185 108.83016911309431
215.9233393414052 239.30169766740178
36.85042801366445 190.69353760395438
80.59086531371598 228.13850609639246
144.13884567827353 151.44805015483627
43.17469852972461 199.90221289440768
215.98287816748166 245.4574474906638
61.622026129607406 123.94661545266375
225.5103586366496 127.46927126908992
135.74499070853713 196.32623501649422
220.2289092473153 187.86369274723125
199.27849878202764 105.89716351336645
41.64412433114778 113.8968966825443
15.918475940501942 61.89781495096189
69.98802442292632 75.77141193267084
100.16287345900204 12.840945667273118
207.6032434040604 16.68405240131529
17.111072399370986 193.2955367012213
217.7849667083841 248.24727386549358
150.0412533892285 166.5650711959073
175.44449075491974 107.90329565721979
29.831129474199468 168.56628993130215

79.98308335977089 154.79695234792237
203.2333945046332 229.6473332345734
12.953290738091816 179.97649638821295
210.4981628123178 57.62561834000099
79.00085953638217 28.684523907515384
34.170385214011304 12.979593734044226
105.77910803434456 131.9234310982435
112.70861128675743 27.23651617842196
103.67226456279016 194.4643723384436
55.57605079606487 144.31181284966425
113.9567030092489 105.18276737524218
208.25805365382422 237.75043410106335
38.59430561173552 196.9922691283946
81.83650521873147 222.44637078922844
139.43457557050192 148.24716684754634
42.46926403427986 194.92161521423128
219.0826345112521 247.9687509611208
65.49176155246079 128.57614390768416
231.11178570443118 129.74970157941954
133.68142333171573 190.58308916156898
224.201721378065 187.71117027086862
201.83057320032106 111.64345516425011
40.89475952338578 118.83732173216424
12.906086903892444 60.422360951474325
72.0837640069592 79.48917077445927
97.68234315651003 19.835179877567775
213.630273570876 12.79188667761666
13.439294855711465 186.27338057708167
218.02836786432815 246.00100605677483
153.28743410210078 170.91441342908632
175.89244646186302 108.02926982046246
32.02041184198584 166.55647477378446

8.6 17.2 36.0 72.1
17.2 34.4 72.1 144.1
25.8 51.6 108.1 216.2
34.4 68.8 144.1 288.2
51.6 103.2 216.2 432.4
68.8 137.6 288.2 576.5
77.4 154.9 324.3 648.5
86.0 172.1 360.3 720.6
103.2 206.5 432.4 864.7
114.7 229.4 480.4 960.8
129.0 258.1 540.4 1080.9
143.4 286.8 600.5 1201.0

2 5 8 11
5 8 11 14
7 10 13 16
10 13 16 19
14 17 20 23
18 21 24 27
19 22 25 28
20 23 26 29
25 19 31 34
27 30 33 36
30 33 36 39
32 35 38 41

