32 3.0 0.0 1000.0 3 3 160 240 100

178.7967818032383 93.20502834181171
160.84520163023234 53.00017572889293
87.2097960506519 35.49156877811976
127.86748380414583 44.91543656246086
48.135316714414536 186.7292835354129
58.127617342310536 30.066810575567843
179.68980309090867 183.5332872707152
142.37184846257438 85.31976844025354
133.88085743128832 115.94037208719432
135.15142300481256 214.13065649898584
18.793947410019605 212.89425334844825
179.7362403205133 187.10073280633193
13.307597250311082 42.47797452717539
116.28894728188244 149.253003246153
157.93535776446447 22.859855146990792
104.42855460627415 119.52466423370548
9.766852342781934 184.67615881304812
65.28663817497996 67.65211414302257
75.90989202877915 72.63216827931748
74.0350681111267 35.07868452800628
243.3702421383929 100.68446959415873
96.50568701196161 233.72146621199832
143.89221539494332 125.9981173126632
88.30273392526689 178.05574301024959
137.08895460661012 244.77009171447332
107.29415274801529 182.7562956357255
155.23676252464386 99.84880608219865
21.742824149798835 17.311587562773678
216.18802600668593 185.64317651657112
158.77126056895 224.62216393057037
100.52300522877027 215.65506840562318
249.61930141117472 1.3358362814457625

186.26966133717693 93.21072658901832
158.8790876236903 47.0363099692015
87.21472439324562 35.69616676712325
135.02236874020673 44.33069171602821
44.64872716960322 184.84868946397106
60.410524276838906 31.506722692520583
183.334753932021 177.93933136880148
143.5996064295499 88.23673820308511
134.40514812588475 108.61697157742728
142.16518159355599 209.46855531770285
23.063571129150027 216.09196174945308
181.18037627363796 192.12908888335716
5.641847519900739 40.69539697466945
112.9384039717197 154.20172421220573
159.36246905551934 16.855802261778187
103.3192684470399 127.64404654966619
12.22641878093486 183.73808075669416
67.9995628659997 65.22544821174267
67.96443905112076 70.34868814816586
68.25479085734385 28.99943294838972
243.56657667697414 93.51420132843919
97.0516394206821 233.183004639639
137.34917607650502 126.64529434093296
91.71308574166714 176.00196469387188
134.01696914172092 247.30901727331715
104.34587863353295 181.36895926851548
148.45933855969346 98.67006497426672
25.433864779816517 15.273218870930332
220.6177381322652 184.0679356249614
154.6901997022144 220.68361240357927
98.04028424069317 211.59439474306942
241.47214618737286 1.3600190499718778

8.6 17.2 36.0 72.1
17.2 34.4 72.1 144.1
25.8 51.6 108.1 216.2
34.4 68.8 144.1 288.2
51.6 103.2 216.2 432.4
68.8 137.6 288.2 576.5
77.4 154.9 324.3 648.5
86.0 172.1 360.3 720.6
103.2 206.5 432.4 864.7
114.7 229.4 480.4 960.8
129.0 258.1 540.4 1080.9
143.4 286.8 600.5 1201.0

2 5 8 11
5 8 11 14
7 10 13 16
10 13 16 19
14 17 20 23
18 21 24 27
19 22 25 28
20 23 26 29
25 19 31 34
27 30 33 36
30 33 36 39
32 35 38 41

