32 3.0 0.0 1000.0 537.0593318363416 3 160 240 100

160.29840123221496 15.802106143057632
246.27134315487746 220.34344422289075
65.74913900155352 141.08672659204095
167.06156949221864 30.760873552514806
207.88582885096017 13.307371884037467
69.60281022287629 149.9263809368136
24.103423327591468 55.16120640152714
54.35713964352501 203.97301214081395
50.12858000097148 52.281589618906835
212.02291760874795 2.0478593774615748
211.51824554442626 133.48027912490372
205.61731261811573 26.584539841142842
140.50303996196425 169.32185894203093
161.0849899409955 181.63203448099318
224.0773712345706 76.14620566741462
7.776607696845988 101.89313876643966
9.852267321887098 186.44871095165587
152.52503132548117 48.8928495748836
234.69056027583824 160.7730714990397
49.73498561098505 227.0429431290281
62.40370889291058 63.91794503754225
59.31863389051442 1.5170561296147522
95.59158450838878 222.49999477727758
90.65886843546551 83.03108299934262
112.68241813626148 47.050988202904904
154.86292967179222 86.06177484642849
182.94317123550445 235.11921705508388
79.79219583950814 22.86431882498907
77.33348864541614 114.6369964945293
221.72936257450775 22.007708092654788
174.7729686733233 83.75264890104972
119.1214578264009 169.88321617203

164.97770313265323 12.189687456892779
247.32408851516024 212.2936106261607
64.74141695816698 148.70982743898944
166.72457731801276 30.031278704042265
216.17654485206847 12.492485444475204
73.00541870749575 144.23298140290018
24.55030907471395 53.23431719657451
54.323523503707534 199.72546424540016
46.18257414128985 49.61328244746263
209.8520361130721 6.603000175621321
215.53356602506076 133.5584147044609
208.92138735081605 30.673363333824838
140.56493864952822 169.82145355536966
164.9169046493053 174.1890102800176
218.08918504688089 81.28919748695171
12.829812552344972 105.72654920899622
3.9892021254895327 192.0033921533212
150.74511347307407 43.194243139248414
233.0668860451741 158.3568025846323
44.969905000876025 225.48317403939024
54.421667788017714 64.57865233211119
60.72562010298527 0.3579547852242959
94.4796162094412 221.81479370588679
95.51766938421599 86.85103589983018
111.27829505921503 53.29460327044788
155.67367955712368 94.06937797639326
182.64216553001603 236.19490327936538
80.45257915673851 16.31790017610124
72.13699014802397 112.34939361386832
227.75414390476774 24.16922059176263
180.88978984227694 83.32022506955919
118.5234233875333 168.08322094976643

8.6 17.2 36.0 72.1
17.2 34.4 72.1 144.1
25.8 51.6 108.1 216.2
34.4 68.8 144.1 288.2
51.6 103.2 216.2 432.4
68.8 137.6 288.2 576.5
77.4 154.9 324.3 648.5
86.0 172.1 360.3 720.6
103.2 206.5 432.4 864.7
114.7 229.4 480.4 960.8
129.0 258.1 540.4 1080.9
143.4 286.8 600.5 1201.0

2 5 8 11
5 8 11 14
7 10 13 16
10 13 16 19
14 17 20 23
18 21 24 27
19 22 25 28
20 23 26 29
25 19 31 34
27 30 33 36
30 33 36 39
32 35 38 41

