32 3.0 0.0 1000.0 630.6908456969713 3 160 240 100

0.1898228434831506 153.599313670413
24.714644516605098 148.24966795590072
87.84209602644066 172.0161987085346
201.7680388848089 81.04567613765731
74.27189930794687 21.68656895626764
58.21822365905441 9.650782422542303
132.8999938448562 179.56705194604956
84.51904240215005 77.8933336248698
210.22143851951202 145.29235136346915
84.59522862185901 109.09292097856299
52.37896974906006 139.84205970230366
95.1568459357858 120.88631523586463
93.75481498595126 120.49816964877729
6.684791682286501 234.40383470341558
222.1236057543167 35.892627689321884
182.9614039504065 149.33443484303217
35.9865127610606 71.28273718065434
190.06140311997848 210.5828358199199
72.67937924409024 201.61657078615943
214.97938489023272 36.23949851630209
126.74408708865836 184.1074648546409
73.06637751821727 83.63759526600492
38.05784302327836 55.158072832931644
169.76789779700454 91.92227052982425
10.708897759992286 140.23052102262878
57.631740043778855 58.060627099365604
190.5355128989109 185.6624915333259
93.61571044580519 136.43577526788835
39.65974391666871 91.87506309572247
247.12097134646916 45.28182233668171
127.30607685825548 243.19832238778415
56.408919029629274 35.49913067443378

4.102922397893838 157.25184875019295
18.86854188234463 152.58605566661583
89.62905070512633 172.04628753053586
193.48270740884985 79.67553402268149
81.43253885901694 25.961918724850154
58.99484011243833 4.262906137174255
129.8125431392853 183.37397079412113
77.39787107750365 81.15417448411358
208.57146474656682 136.99953313594514
83.19125476333645 111.68005530016207
57.50630023105782 135.91013378016407
90.31360984512945 119.47325912270115
91.11376698589157 116.65450460318569
6.2990973287007925 229.82303689650723
215.8049625588965 37.95296616199853
183.5681651195195 153.85440950643826
40.31962173136156 72.70145462737997
185.97554014756577 205.651950549972
77.20226218738455 207.309802335768
214.1436942121959 38.48916811377354
133.7047916187391 186.6614746512948
75.35375944210514 82.71369183070748
44.90253167937217 58.35860011113581
165.8427342919481 86.97487136493578
7.619983025826393 139.83714447509132
58.171978734942506 60.06574469694612
189.94739280538238 189.9749362968949
100.64296162266031 139.8792719062462
45.91547775699165 86.7021469505446
244.89070627663273 45.043294992888974
127.61627509257761 248.17156289618597
53.11813227343268 31.312127206548997

8.6 17.2 36.0 72.1
17.2 34.4 72.1 144.1
25.8 51.6 108.1 216.2
34.4 68.8 144.1 288.2
51.6 103.2 216.2 432.4
68.8 137.6 288.2 576.5
77.4 154.9 324.3 648.5
86.0 172.1 360.3 720.6
103.2 206.5 432.4 864.7
114.7 229.4 480.4 960.8
129.0 258.1 540.4 1080.9
143.4 286.8 600.5 1201.0

2 5 8 11
5 8 11 14
7 10 13 16
10 13 16 19
14 17 20 23
18 21 24 27
19 22 25 28
20 23 26 29
25 19 31 34
27 30 33 36
30 33 36 39
32 35 38 41

