32 3.0 0.0 1000.0 359.249633341553 3 160 240 100

221.6073211758289 79.24846375679357
231.13280261670042 35.94696846081083
34.87322334557155 214.4771351383733
6.666129314854663 143.68700821737593
76.75118723569626 227.13704881526837
107.28012048360347 119.84342345892715
187.68957266812632 20.931745916805134
173.1807495201889 238.18574161738437
127.72927897226185 207.44678141003885
79.92182505967382 61.608400086909235
190.4724259752954 118.62349286393109
197.17265506999482 66.08472225713258
2.220642735678152 178.11085098668602
2.9908842261854307 228.21464433607198
247.99234294654497 115.95360256116146
170.86273560578906 23.206736291642994
143.03169778222022 227.40348845856164
160.41378712571407 77.09478333584835
115.78325663008535 125.12453308442501
214.38797372816822 114.76322277840006
234.928174018224 24.09115296122416
41.48528480809846 63.083481224068315
142.62040052734918 126.6823132026077
30.564602249229385 133.41563885127528
109.8006148186761 200.43593391134317
161.88268472906265 164.56560452618902
137.49889713729786 99.0186438528853
210.091570067059 203.97226982106758
222.80995667848592 231.18994243972276
103.89396593381848 196.84792995576535
162.9247830436136 102.39289145811486
21.87945577281883 192.32337773613668

215.30746348660287 84.75712720258564
232.82250527648864 40.58585178843374
34.934492088061404 212.57995453465637
4.824689817044342 143.95477572564732
81.41867328016153 227.29294160520752
103.5560402876195 117.8561692219679
190.19630066100288 28.290524822062817
177.73870306043406 237.22566775755618
129.6522638246421 207.93851535233344
75.40647252108474 65.01682571750881
182.13740601105056 119.09153393695937
202.4074846613791 69.16933739382031
7.586086433690131 174.5432551689745
3.643489109757203 222.79989388385556
245.89566227892743 109.46758566958515
177.28110856171497 24.323104261521454
148.10210470868324 227.49240221579782
159.31042554921518 85.48718328517849
110.89276050450994 128.63147434006032
219.8782006687406 108.89921347275508
227.62063696034141 26.610993216232504
44.72277393676041 65.54315177322961
148.71200994508592 125.78511448937645
30.269279815213018 137.73667421077332
102.75799887797221 200.56994243281775
154.57558021038562 160.2623747801141
132.4316494983385 99.8169705086519
212.3540425813151 203.9573829250663
228.96936854965386 236.33005661162426
99.75751388444351 199.66217526623686
171.0598880445913 100.74825676036028
28.154023863830812 188.56830351845062

8.6 17.2 36.0 72.1
17.2 34.4 72.1 144.1
25.8 51.6 108.1 216.2
34.4 68.8 144.1 288.2
51.6 103.2 216.2 432.4
68.8 137.6 288.2 576.5
77.4 154.9 324.3 648.5
86.0 172.1 360.3 720.6
103.2 206.5 432.4 864.7
114.7 229.4 480.4 960.8
129.0 258.1 540.4 1080.9
143.4 286.8 600.5 1201.0

2 5 8 11
5 8 11 14
7 10 13 16
10 13 16 19
14 17 20 23
18 21 24 27
19 22 25 28
20 23 26 29
25 19 31 34
27 30 33 36
30 33 36 39
32 35 38 41

