32 3.0 0.0 1000.0 519.4896711507108 3 160 240 100

230.12810128115743 96.66940897994775
201.83707349491826 243.0738241015693
19.984064531107293 118.2049375351383
96.93447278064829 224.0262273429899
201.50436868120428 181.66813785620096
109.93717402141823 192.48757155984757
147.24509241306964 106.0478160644702
193.4757871543256 225.92617384667815
109.35271082385498 43.91332209373836
244.3555383181617 126.2289117746665
93.30450447865995 102.6178006066659
79.33830835228117 19.6095548310537
145.73817681413263 156.7905082614435
89.5955887308574 121.85225394893212
233.23743665689076 176.4918838162074
217.7785228012615 120.02303160820918
160.35940271142363 12.928742649836234
159.89373011048383 79.78665042866103
61.86850329597618 231.6752997234229
8.137226898715266 36.80755040402464
15.616654988980654 187.4806108883166
64.42877784305509 23.395915045922894
75.0860695824192 202.5991300139683
88.47842341406606 153.94089241480276
36.76115780476433 146.91349585944215
168.4010225763881 156.02464420925764
5.548611581046526 124.42875226067801
32.61487733764015 27.848688792615345
226.69680987361232 33.07643380162645
181.5022941304101 113.7635937723984
195.79346844990474 66.42730205808652
142.68747946605106 116.89529114800685

225.36581876215482 100.26217561577455
209.12961625859583 244.66257056261634
20.762182913166534 114.7803412981731
95.8756642303641 222.3506941632514
201.0571156662535 183.3124051458594
108.38930863883434 197.69015421218336
145.8969621053977 114.01680766247158
193.86210087158886 233.887246893519
111.41070628443087 36.45027468394355
246.83383628619112 125.70564545492705
92.14205126408967 106.49721445778052
77.2587535116879 27.187514258900396
149.85537873091783 149.88502771999626
89.52133022739109 119.70049842737477
227.79218479457754 181.58739557382185
214.93300697043145 122.06712628502359
160.817729607458 4.898179992448709
161.89126577897534 86.05049565094464
64.42775760749836 237.94876463788134
4.834885967048008 43.38848394256065
20.95840202453908 191.18127780516605
70.68390994347473 21.322230666408178
73.51204155192578 195.66870344158656
94.4695516284991 155.2597924291777
39.215584381399104 147.14912099624652
170.79955952367214 155.46882065689596
8.490420442053725 128.6968674561289
37.716612702718336 29.789687812729337
224.7294902234357 28.12525075905378
184.44106773162312 110.18388791301695
198.12595444492905 70.53564318898015
142.57740633788836 125.23048159613175

8.6 17.2 36.0 72.1
17.2 34.4 72.1 144.1
25.8 51.6 108.1 216.2
34.4 68.8 144.1 288.2
51.6 103.2 216.2 432.4
68.8 137.6 288.2 576.5
77.4 154.9 324.3 648.5
86.0 172.1 360.3 720.6
103.2 206.5 432.4 864.7
114.7 229.4 480.4 960.8
129.0 258.1 540.4 1080.9
143.4 286.8 600.5 1201.0

2 5 8 11
5 8 11 14
7 10 13 16
10 13 16 19
14 17 20 23
18 21 24 27
19 22 25 28
20 23 26 29
25 19 31 34
27 30 33 36
30 33 36 39
32 35 38 41

