32 3.0 0.0 1000.0 3 3 160 240 100

138.87371739607732 165.03358699809488
108.48878574962484 156.21063811145243
40.34068116365966 41.84942328183735
40.234182316404464 111.19838080108832
124.72142157570609 16.47503074102491
86.86504728192345 23.945586612232145
19.34934291147386 50.23317841797209
134.54826695274693 112.13995608918212
177.33817364747614 199.53890052199077
117.23045666681261 3.395523765174324
195.2710472494348 30.234720214487755
229.78340556863049 176.08649535931525
103.98023699657786 41.446333351442156
53.31488970624143 84.20689526552891
172.68088274348716 232.72557693423803
134.25649190122348 91.8739437924067
210.753307835305 125.40262730861559
62.369442558711576 208.85303477170362
152.87434191732285 20.217223887839808
58.10967148252577 14.989910603987354
23.313250624142164 114.61775993156981
103.11750153139846 157.22234229911842
116.36350095700342 32.5309912070213
108.59008170673276 145.869148553129
34.36865651899176 203.47350425916702
80.90219846994256 119.07623187034294
227.27544035013068 206.35950158715428
240.42603941127706 41.966841165334834
29.768817939405196 63.68084148371481
108.58763290673699 136.98756059073077
165.534091355303 88.41909925763913
158.518661154102 230.72074077853236

135.8649672585175 166.13839065710886
106.50586673166355 156.34906173863487
41.63502403078853 46.082551980517636
42.40830941878454 116.75008706104883
124.90451080103071 11.166586929554246
82.2314671995809 27.30819618197039
18.820731523601946 43.5364394039115
136.48412224607128 120.14434815932576
175.61052787879856 199.74350779023234
115.89066862723892 0.6087717737636167
198.29422202759272 30.904947484163227
225.94991409660986 170.09138283249868
105.2277065196662 49.439134889638495
49.53503860608585 80.37146211345478
178.9927987930303 236.43990588037693
130.56835539163438 89.96554450323477
210.21539418630778 129.63280057007586
57.381724100345224 215.13572753048143
156.38873154228713 22.68171746964734
53.12978866956525 16.75489984872508
29.26159651319188 113.61656570557201
104.10107286783094 159.8929393975634
111.5923950385019 34.88930306530214
102.80245997154108 150.95538702567956
41.68559951904904 205.6408884992469
75.55594508721816 121.25635651875916
220.93453655908857 202.22659893912544
235.78995332706987 44.41226874809856
24.49569641061014 64.17709273114677
105.87977533881646 141.67235523432663
169.98105069279194 94.48837551131986
166.49182968631948 228.7968512378237

8.6 17.2 36.0 72.1
17.2 34.4 72.1 144.1
25.8 51.6 108.1 216.2
34.4 68.8 144.1 288.2
51.6 103.2 216.2 432.4
68.8 137.6 288.2 576.5
77.4 154.9 324.3 648.5
86.0 172.1 360.3 720.6
103.2 206.5 432.4 864.7
114.7 229.4 480.4 960.8
129.0 258.1 540.4 1080.9
143.4 286.8 600.5 1201.0

2 5 8 11
5 8 11 14
7 10 13 16
10 13 16 19
14 17 20 23
18 21 24 27
19 22 25 28
20 23 26 29
25 19 31 34
27 30 33 36
30 33 36 39
32 35 38 41

