32 3.0 0.0 1000.0 3 160 240 100

122.91662481731602 9.015069009841753
33.406473100831 162.77307947632636
46.30879081137185 211.80213419329013
90.23628478777246 44.06352520548346
180.6343347371279 92.9175868908846
12.849044302811974 3.800599951665901
4.768834690913049 31.123479852742193
61.24362050994203 244.00775308840403
163.84089788225788 121.21413739922082
160.44070518129212 139.0922088045501
199.74357387253883 39.318959812853436
140.14919497206418 175.41440934201268
184.6549478843078 93.55543432898774
194.58222713191847 33.17922462219872
206.3861226194131 9.948487265037748
32.61147205057541 107.18919789934326
59.78666503961402 249.06732950091154
198.637428937984 159.47769028532636
191.61924357371885 131.59311759722954
235.3043339754785 128.96428379846978
72.94514268878122 213.52874341875832
228.87602143747839 239.7162927706672
175.65734119215588 151.68509042436943
64.0191213156775 42.90490934045124
95.98762755359024 150.69611105729658
43.93633520423784 146.6047739122419
164.0832259510492 70.35015845770415
191.1931600486821 79.52950529848579
132.1619917176576 41.75616184858941
167.95305690595885 146.86656897245723
175.7835181496598 221.40212109777073
242.29828726479016 91.10908584296803

120.09829919724932 9.888692275070637
33.067781523466984 169.41642606195367
51.93666296166744 218.10776883578623
94.38740366913525 37.124123664596745
179.29453029212237 92.203036323765
9.514428553121984 1.9511336592418493
3.432747673859482 37.133866580658314
64.91663977327205 242.15413587131238
169.78303541116307 119.27061840662343
159.52553603802014 147.45621004284055
201.77679672379557 44.476506480625176
145.78092450252706 172.77351568770985
190.4108145567942 92.9882930805031
199.76551012503631 39.142745688529935
206.66754438422302 6.60789109486587
29.594499635040155 109.5060758196158
54.31501897174446 246.42440668947046
192.1228259884137 161.02799445236465
198.17998948949736 136.425900429551
231.308524031223 124.98775964287398
77.14019884580642 210.41154034653232
236.73034863318125 239.1107583558056
172.30860641279241 146.79523622817953
61.45626573317803 39.19518853962584
99.6248445564492 146.61455939354454
42.28391113307104 141.38242089250355
166.46844119627863 73.26307812426202
193.5102541496204 85.58162076751319
130.17416418350152 36.56349912134099
175.19163242961386 142.87953277153895
169.91012479230434 223.4717899823496
241.4032302375053 97.60871508486021

72.1
17.2
480.4
17.2
108.1
324.3
480.4
144.1
86.0
432.4
576.5
77.4
600.5
576.5
129.0
68.8
144.1
86.0
36.0
129.0
8.6
432.4
144.1
216.2
114.7
864.7
68.8
960.8
600.5
260.3
72.1
137.6

8.6 17.2 36.0 72.1
17.2 34.4 72.1 144.1
25.8 51.6 108.1 216.2
34.4 68.8 144.1 288.2
51.6 103.2 216.2 432.4
68.8 137.6 288.2 576.5
77.4 154.9 324.3 648.5
86.0 172.1 360.3 720.6
103.2 206.5 432.4 864.7
114.7 229.4 480.4 960.8
129.0 258.1 540.4 1080.9
143.4 286.8 600.5 1201.0

2 5 8 11
5 8 11 14
7 10 13 16
10 13 16 19
14 17 20 23
18 21 24 27
19 22 25 28
20 23 26 29
25 19 31 34
27 30 33 36
30 33 36 39
32 35 38 41

