8 3.0 0.0 1000.0 3 160 240 100

202.84586829753042 24.771431746070355
162.41516758511352 28.33191541594293
88.60914240041653 80.04265590898201
44.92718273910759 6.994871359381732
223.3681610349943 50.76829412223027
66.17824392582197 211.84224666729892
131.1529037313168 91.76197249734008
31.128777412575776 35.262511900118085

200.62463206787092 18.26874555100877
158.92806688274607 34.71504360836269
84.5584620573383 73.3527188137754
39.52870810644998 3.9316971193816275
226.8342243222114 48.88432136444732
68.2303786395782 219.41929259202647
136.5210924978075 92.03826720362714
32.356601278678646 41.37711009260217

576.5
114.7
960.8
288.2
432.4
34.4
432.4
77.4

8.6 17.2 36.0 72.1
17.2 34.4 72.1 144.1
25.8 51.6 108.1 216.2
34.4 68.8 144.1 288.2
51.6 103.2 216.2 432.4
68.8 137.6 288.2 576.5
77.4 154.9 324.3 648.5
86.0 172.1 360.3 720.6
103.2 206.5 432.4 864.7
114.7 229.4 480.4 960.8
129.0 258.1 540.4 1080.9
143.4 286.8 600.5 1201.0

2 5 8 11
5 8 11 14
7 10 13 16
10 13 16 19
14 17 20 23
18 21 24 27
19 22 25 28
20 23 26 29
25 19 31 34
27 30 33 36
30 33 36 39
32 35 38 41

