256 3.0 0.0 1000.0 3 160 240 100

128.29041941950584 133.1618031913764
248.04352754602613 44.62366516744712
113.04415497864994 33.07200743888885
28.353848602234166 82.86427156407586
132.4738244434202 65.05965955811088
54.06202901974319 166.7123500366221
62.78062127748693 5.073675316220328
14.949642075249237 95.45407682810827
80.19333722403339 93.22716023992066
75.9508846289014 102.6450283282743
122.15799273820932 176.511081812473
73.90618976525836 123.46805209763623
232.04272966511104 248.28307745515698
165.91835668426296 98.73107114186224
200.71518365544816 246.8879636117906
117.18168839693286 121.94286140659908
150.15608396028065 90.60725113260959
228.2360942141933 79.04612942506292
100.24742636964282 21.53384667722144
222.09564662255897 115.37647798574652
92.8077865764724 42.238151804389474
24.417889739408587 21.878534740589206
244.85599414127887 133.90091731659106
244.19269566755725 17.057628453401335
85.47166817458313 130.4068111833106
207.0763625912387 5.7897024964102535
247.969377407025 44.323502211647714
166.2037727875734 68.31259079833043
113.81685608280945 77.54289854975983
167.6753838197109 229.73539640801323
234.86085949747587 110.64319443023362
242.63633232649656 223.18022402368828
160.4057908818891 155.81944428448892
99.94024744117763 15.410713825176753
179.55500368690917 86.57585361383627
123.06804920181705 211.247337818092
20.12431322038988 66.27633014475862
195.11188340031129 87.42897366799826
113.8103648819484 59.13641446155935
69.6574250134747 184.83436065056875
206.0116307087996 147.9437278058245
81.68417606677842 180.34791864315713
116.52950876445864 44.35888019669332
232.10127382355773 239.46930372982737
29.17975473976328 106.81727390966283
224.40391625296795 174.49183050792138
211.1199783246225 104.7660811901317
76.35645632588522 175.6740100950765
163.53039767831598 109.41883185154063
171.19004624535646 140.93292875197497
148.36428788827942 180.60808399912648
129.04111944637458 92.72192215845129
161.50386710799046 166.82336838122845
85.42061664987247 52.37153263612696
227.02613206441538 140.0175120905854
238.00816327669733 92.71923444675653
44.73617520611037 246.74737975807835
56.81409151528144 127.8094817502658
139.90090995404012 210.45779330260683
205.78616809504442 90.5378359923614
83.75547401785738 41.0791009361029
183.88585147248222 219.46867794885742
223.71397670378963 137.78874694852644
183.70032573919005 19.70247529131611
160.8877132514961 54.2383927638945
24.655724877221672 225.74451602122932
245.98436865444398 125.66474922005297
130.647058911756 190.68466391072374
93.24367198799315 136.9622262146753
133.47763397086723 117.78951729131443
18.7704194859995 230.9179941631481
194.5396849821291 60.4930492298901
53.855158920179335 130.6358441928071
192.23332371477014 183.0999980090702
118.69864830230986 56.479358989504206
186.12545140905002 114.2516805620494
56.472743133468065 180.90035241533099
193.89726253982082 39.650161335620325
2.498034851893427 189.27841380064572
131.7705795735166 36.505544270359486
86.18543129014434 36.48354401304169
168.97356997613585 94.74458766711741
105.00539360747763 161.72137335394282
117.44236772115596 219.86364260887527
136.59386180073858 243.9715622778448
237.98306480977826 133.23564414525927
219.85969016512223 98.9289485755443
73.1745498875817 41.569323988563056
221.59030347913597 100.08510935263124
198.46502472538072 35.936038192873696
58.64876052115836 61.96122779670154
187.90577026894059 234.0047052518605
191.08312005509967 187.14546577756778
183.62177406773336 25.304574160150473
133.71191965631564 43.6836678724753
247.2530542043239 193.70486100638325
249.89439960404954 17.597372106511912
100.50788397894439 78.57823179549686
224.436517624728 89.76931465978983
10.774867625171408 30.72247382266069
219.44928393622826 130.18054375766505
100.29010270010986 203.00483326917677
30.99047212296624 181.72141750867587
48.8572515563134 185.7639638690859
27.363693037695676 129.04232571285056
98.50357338717785 206.6147812754567
202.17974036885605 179.4705295330582
221.61821977175342 235.1332786065618
182.2621119182995 69.10078710732299
56.607738117775725 72.59710232822566
129.14675932405103 175.71177947512112
187.73238590666608 198.36439633543637
221.17572657603603 112.30066860633417
247.95069398321982 163.49911910684395
95.03285488631566 21.99807354045502
122.39704063894993 113.29565759545895
54.8598424381298 144.66174176313316
235.5898950583936 159.41342656154757
241.46466945937064 158.4631794772984
130.4607060523243 185.76423014610012
51.883775846213176 63.977332022001846
43.463090625127734 74.01797461029277
61.40256854708434 68.66750382423916
225.07569226443542 95.54745217579327
227.6772145790463 156.60198660379422
0.986521281565067 87.71343726047864
234.07320068857175 17.88250243832565
29.717377985778697 216.27989428884254
40.09636009769019 114.45620887483163
159.10580998756913 9.456291562348811
105.84464066130114 32.71911725636031
77.61312221708796 201.2592316842523
187.65466233173757 188.63122311391524
44.70536917418932 112.90907018894566
144.65465120544624 160.4273791497896
47.695967455686464 205.23474218593523
12.237575357790353 120.82153142210717
144.28969351464184 229.3652960690529
123.99712218974298 107.4037928086448
118.82230225583656 116.5567983543337
156.1906751480012 203.560079644116
115.42821412558668 0.3654578001616726
90.64703415106214 68.96369486701334
189.8018117539961 213.10985541846756
177.79412246344106 179.9087249679922
38.143782083079394 191.49832199329606
134.3691128301257 42.18318818521791
145.1621331068486 174.22465605795912
231.03195678553817 148.00667418347888
31.155139576270667 107.19861921727697
185.1197794814415 149.00587138402463
139.9924703091547 25.29299293103496
40.77061631755402 32.83602028355187
176.9366004054539 11.20009227663729
58.001264975811736 71.83078873291812
205.23631393552054 31.59051580971117
223.22909536890666 21.111424363659896
19.939239826680556 60.64356754442454
25.136339076632403 95.97350869659971
141.18545179658565 14.652542006541204
230.1558928911976 117.69825521713246
61.5492571602585 158.76672570152553
87.75347413221412 94.99647900912412
125.2052328759917 184.60652877485185
188.54714871322932 162.97711540758485
2.2320763954216947 136.75476005479175
26.276382897563927 33.0991722225826
99.1470615107646 228.67102137390629
51.28459585694608 45.83392815657339
219.01058203707797 160.94388517165527
159.65458703135448 236.07018070050074
231.67931240133458 71.96073321942382
116.90630938270574 202.20900316295254
180.7892968688139 210.15617468837078
73.36585289113984 201.6134598625898
134.70589945037634 15.201240579029745
127.94149957744513 80.74709560851534
83.63087312727214 237.49387748264016
21.697769772922566 26.172268546548054
43.938419545465486 51.28257499982888
111.10772169777516 71.52600351017787
50.678816180474456 243.31190573572454
236.5170973361532 28.119442159126567
186.01189992596665 5.765912941002732
94.52839253013964 38.72794510289726
128.1339314238384 28.548143775199236
225.93290040055192 211.57864426233627
190.68425194781602 11.467136401554196
75.02047992793254 153.0505722787385
165.40114692613778 195.2322833087679
218.99570537800503 143.11004932420423
212.78676747806415 123.73415759087453
113.46362801256824 145.31082056752342
41.593380247103184 42.8172465053038
205.59636406847216 74.71986564852295
78.78628563029733 69.49718303341248
239.4939626326777 198.77707737569452
86.9643468035187 242.86617603524675
163.85453676179293 73.8768301463848
109.6310789500527 112.3747302413222
77.97874394906378 91.42727440588585
167.57788746486443 90.47507854227804
92.67265388938078 35.583228833701796
215.1926503018954 55.84417544209591
105.61969160634452 61.277139113355055
172.45543376565192 216.52160576636527
19.65366825237494 120.15919958626297
20.283625569864462 187.44086923451246
195.1091929194268 76.66902982886172
204.23546117776482 96.08954201126085
142.59146601807197 3.0189132544433397
185.29723917681798 94.71237160409956
30.274923302813008 100.93161120947514
178.01895967620263 36.24651800398718
4.9333998014253755 21.30740245641019
211.0259956755971 192.61271197818363
208.06148678671937 43.26528173096803
2.436032303514385 61.24592571563875
61.59880376356744 89.021697834467
106.52944259543918 229.4965197122652
101.06002111763924 245.84990093625674
150.09957256870572 52.54739248336554
200.56268354514086 14.594490134944376
71.88974331719231 92.64212057279639
49.92565211150629 106.51821461909891
70.4770636779978 72.97725015677489
91.49139508210017 43.5247822200891
226.70352352569006 171.9136807030936
100.04575611503233 223.12850643078326
15.686675002268057 50.71409969340396
116.36288532392433 116.29259637438804
42.280799601148054 140.2502444634052
13.309978083349355 155.37083330720924
189.86420583938445 128.56643100357383
110.0273479930392 137.05289026421525
69.03361038472902 103.6648311159581
104.42827646795236 164.95491455922848
239.66536159937755 193.05556229394762
73.8911489622888 102.84926070080658
78.23354349920835 29.414991260134084
91.17510921622127 46.50972839353068
134.55799140367535 34.30657116225605
36.350293595236835 77.27821177058308
8.48341490620888 116.04994726534801
6.0569690773953075 212.7688676150142
173.4974385485698 15.452604435719358
39.13065138728941 236.16124032625453
88.42706792337485 12.341458511569508
93.66560513343461 92.92620637615717
165.26330496029576 221.6768280909851
131.91048255344612 23.71541773770333
121.71702215930091 196.24311107710142
3.920689841522967 21.448776256441647
97.31016027978492 66.5109899703134
211.16355936024232 151.704334128082
139.98811809619957 75.08977684868553

129.23296495973494 133.3106870271305
247.81344960389234 36.89368471986118
104.94397892974766 34.67014004231775
21.9363739853132 86.15445267929053
126.31279070414891 62.14842621026376
49.73673980637777 169.0991500755771
58.471417415601415 3.787087137509859
16.650047126789968 87.25730231435752
84.1215350740259 94.65842681443206
78.84832912376541 106.16316930402597
116.05070147894808 178.66186030670727
74.61000068776424 123.8178690255819
225.25942842011864 248.9125678682698
165.73952008808584 101.44058631119377
198.4749860196965 241.15029462140782
116.5649721000922 119.72073485514615
151.05020488516752 96.26493161810701
230.2066286512269 75.46468080619637
98.09532136931782 24.243980574916918
222.50698680486428 112.19030046411274
96.10259332290863 49.3890235896286
20.888644313529102 24.567062100160463
236.5828901307879 133.70708024658126
245.28689919959405 10.25478457853049
79.76453623591712 132.5755966824716
214.45077081354518 5.938591639223195
248.915186463923 49.74965076417415
163.83230386331832 70.59460964462397
115.26782345497361 76.95649837467103
165.02060615685727 228.95314186651768
237.44629193720337 111.1358291657017
238.3260290934636 222.24318358561118
157.84004830492853 158.61474203748176
104.07055856450434 11.185992345394634
180.930610478652 89.88512482631153
123.6517598170955 211.8475248169704
24.96371799159555 62.01815991889506
198.06874015319505 82.9918822721848
107.81308319365573 54.56982374485758
65.58021364602743 185.29484261927934
206.9239667959305 152.23573662969895
77.7602914320418 178.48558136163052
119.8775658930486 36.704546520954366
230.95066900072842 232.92360258003933
23.237127013418622 112.29816456698977
219.7259171022687 173.14696395257218
207.55357090554628 103.91181390724117
72.71984894722219 172.25928604393056
164.65256734785123 107.99658260567949
165.89320962378912 138.6156336520761
150.03578734527898 183.8952202586764
134.07255252145924 87.6488951580841
165.3849164103209 164.79267096379778
90.31986734276465 57.6890410761487
224.7640410927562 140.44188123914202
236.1884772726514 84.82241927755429
43.69003718860123 238.38562222286347
62.30715268636214 131.3218697114495
144.8374712774197 205.48468679079295
212.63088359350544 94.02910479703434
77.46313086982812 43.03114225370908
183.96269122039055 212.07350878225105
225.20850699102812 138.1080684491204
178.89713365451976 19.42125182682211
159.77595628816294 51.12523398110583
21.25998639555754 227.39653786283412
246.70652448641957 125.38414509882293
127.26024711123875 191.48740215242637
97.77573419614582 137.08226084034638
135.59988082884723 124.87811898160794
18.079835760254987 239.1585513289274
192.18026317153718 61.32482987470844
56.006858976790284 133.34779550105182
190.63069118120282 187.33440450749254
117.99737771822674 57.27803161536318
185.6134329885377 116.95432459852451
60.31675094966235 182.84424520361725
187.48755546285022 41.692085536841894
4.227690151177383 181.7481318727975
132.05573753525448 29.394347053870618
83.02211648354155 29.933956337714314
171.03250529828804 97.29109062704549
101.31954054549611 162.756417687745
123.79284646634234 219.52939947038604
132.43128971805774 240.82249913114237
243.58527397066916 136.90917437400012
220.28836830603657 93.14950362991523
79.04610461615633 38.14870498740286
226.80621103924602 95.61256431882073
198.89583358418193 37.15817515091971
65.59725357048296 60.89519312183328
188.77679861339598 235.90142886670898
196.78009535549543 184.61888834460805
177.493494734773 25.762013805253364
130.48534450580794 45.41952530997007
242.08984743116633 192.44711731479245
242.28935367486847 13.954561062591603
97.4370698656151 83.5416246818661
220.48306974127104 94.64912612846952
6.709773281685733 25.73458086518826
219.95154203332106 133.33357958777756
96.97486225129568 199.27543942713717
36.28157740407878 176.5385647667549
42.20425338325221 190.44279035079902
34.97876104131939 132.43358396389974
96.36306596056326 202.2948345174625
203.15868929641664 179.70354229738484
216.48324031010029 233.1205068133173
177.79550344552172 74.88731996764436
61.29259873070486 68.1036455626958
129.90042526629296 178.85219387122066
193.63055099079136 201.90223056704355
217.32992128868307 108.53602589071288
248.92236807362713 168.65961671962614
93.32816684150646 25.14776191584073
124.09900456792528 117.07225195077936
46.89260826995614 146.2768164083857
243.75876274708995 157.26414853632244
242.52656686926272 154.31371044615753
135.502087679537 191.4551765293144
47.9452982975744 58.99780431636045
39.9159158776598 80.37952620678598
60.96407534910892 68.20666773746858
229.0685663412391 89.89173558673878
227.66700838063136 154.24111199540744
3.8414035462129013 90.40224369804001
241.00705042219215 20.27324063856914
26.485414908697575 220.51874504534038
42.998594374336676 108.82039831827858
158.1140189566346 12.476587576076724
99.57520363981153 27.73823601506026
73.25989896883131 194.41779744724187
179.94814438181845 189.6872546212669
36.88790800218403 111.2695575943764
138.77778310567746 156.23470159530137
41.472708858729 201.77912691421326
13.832548229649216 125.8014734040285
145.1714326399365 223.29125768046765
123.41464992325236 114.6622671103365
116.19540366593145 111.04097729359313
149.57776320506898 204.91321430202893
113.090981699464 3.8497139353310947
87.56297257549944 61.329555547783215
188.35936892878013 207.09031326883203
179.68931942939875 181.29245073954243
40.74488133114642 193.9378280507599
139.62555640604424 38.908717858186506
140.59757281203656 171.19230452097423
228.52199387093458 144.76430898322624
33.637281637927785 111.19882392844926
185.22567285679264 149.37505928255538
146.6272498359569 25.832498504503725
36.45666969337422 32.906904743118055
181.8535764700513 12.49923791741489
57.20587392433424 65.80235477480811
207.34077599563742 35.99986787699186
219.87637273927848 16.478356178049435
21.12101194145441 59.1484299426617
31.67408566106131 91.35587652857124
142.01996140529693 22.622596708401026
229.347549970897 109.30713499122498
59.53392770405944 162.96452669340266
88.5797693356623 94.76570181407779
129.43337591304544 186.9835234770147
182.9384429620782 162.96723274374506
6.208548896710436 129.92354380979916
25.34123229619556 25.986350105412363
106.71074353668969 230.1162730759487
53.31970120430374 44.168954738219774
223.0754664992839 160.50204872867536
161.24890108995302 233.25005603982487
232.43823907252383 69.83490081794838
114.08588654418261 197.47377188650918
183.1031225400737 211.42174830467468
79.65575687284208 196.36793822128604
132.02203701774002 9.169497355492162
121.23178445793641 81.25716431306674
83.16453042733632 231.3538002661716
16.51830882179517 26.901040752778492
38.860014514808334 53.91636386626075
109.05283510752628 63.54631099172545
50.04584995777189 241.44268324105988
236.11313335416287 32.696588030498106
192.39666755572688 7.629759737521696
101.47324571859556 37.28092919119075
131.93096405241462 23.848086753688797
222.00883805398715 217.21721619560478
187.51293222044643 4.475783211699724
79.63944391824748 151.70114392000406
168.9387541076044 194.42488524598537
212.9601495744424 142.27388213968004
213.76435207866504 132.00568392463106
117.29004080838132 149.8033596938558
44.191368565561575 37.54731901265404
205.41095363187824 73.68856091163813
80.69702731815944 61.79258601711618
233.80350758123387 197.12662281990254
93.61177900178826 238.15058096422717
161.87006631776873 73.96330019914954
110.35264206440904 109.5158869368571
70.41842181729541 94.0237479577955
163.03675170378875 91.57547782773793
97.74549101757441 36.66300118837545
223.31421458056198 58.087811548634654
102.2051113482404 53.99523442279425
164.91427771706364 216.55979681391008
14.247068906441424 119.2691109900963
16.5635141698533 184.09996844987805
187.54910611754212 78.54826958815364
206.6698425210484 89.3467383870411
143.29899920326596 6.2441490866878
178.13692923099381 97.341856798148
27.02064548582703 105.19571085498566
183.6196749336406 38.013530516792656
11.769494629788129 22.970380745120533
213.70264825754595 195.31864304908373
204.13332564930073 36.071157189012574
1.3786326911886804 61.64094979236681
64.55061182658278 81.55494604167276
106.24633748365628 235.9674169137537
94.94697567557792 248.66716994915495
145.43562202266156 50.20542474571452
198.4842960012548 20.437341998622156
68.94463595785099 98.59008857371116
45.9152037794838 110.57373359091046
68.79702884517403 68.17803349201978
86.39509602730891 46.88519620662904
231.66857228361195 172.59474647856382
101.9436835094881 220.94886570979375
14.50442362533358 50.244079849120496
121.92841618867595 117.36600260350355
47.66302735707939 144.06554598502643
6.667812922414335 158.19593126564226
182.712135160784 130.3983380759183
109.48152110859633 136.3351724648922
71.33727598746128 98.17577730830554
108.47911226805304 165.88542430822244
234.86746431975047 196.4774177523371
73.97589106462286 108.04426171066048
74.79818564209101 27.565202809156254
91.4453665430102 46.5958741178415
139.38406562676468 29.43675865836809
29.529587149445064 72.51027172640644
14.574864186248732 112.86355983074897
9.346008489261731 216.8082875327264
172.7316058458393 7.2127912832020415
35.8094732662346 239.0736769077166
93.77018319075411 17.24212546620965
98.96614834869646 98.1103585930925
164.0009974729433 221.21705246766413
127.71512959126055 18.544846911418833
119.04286212893531 193.25546256201955
1.8395171344638972 18.34561922836689
97.48634453465141 58.066443480999624
207.58064711741105 149.84871018556393
131.70221448873417 74.82789226057699

216.2
720.6
480.4
144.1
540.4
103.2
68.8
34.4
720.6
864.7
720.6
576.5
288.2
720.6
648.5
51.6
86.0
77.4
137.6
137.6
286.8
206.5
34.4
540.4
1080.9
540.4
154.9
432.4
1080.9
432.4
288.2
286.8
540.4
143.4
600.5
960.8
258.1
129.0
51.6
480.4
600.5
1201
1201
432.4
68.8
51.6
144.1
114.7
17.2
68.8
103.2
960.8
648.5
143.4
68.8
288.2
144.1
8.6
34.4
720.6
143.4
432.4
86.0
129.0
34.4
68.8
51.6
108.1
86.0
51.6
68.8
1080.9
143.4
480.4
137.6
72.1
288.2
600.5
114.7
1201
129.0
648.5
576.5
432.4
144.1
576.5
216.2
34.4
258.1
68.8
648.5
25.8
51.6
576.5
51.6
1201
324.3
540.4
77.4
51.6
108.1
77.4
103.2
108.1
600.5
960.8
432.4
17.2
77.4
72.1
229.4
36.0
288.2
260.3
648.5
600.5
288.2
540.4
432.4
432.4
144.1
129.0
172.1
600.5
432.4
51.6
288.2
129.0
17.2
1080.9
648.5
72.1
154.9
288.2
72.1
480.4
108.1
77.4
229.4
17.2
103.2
137.6
480.4
286.8
34.4
960.8
129.0
129.0
17.2
324.3
288.2
1201
137.6
154.9
114.7
960.8
68.8
129.0
144.1
25.8
260.3
72.1
108.1
1080.9
143.4
72.1
144.1
17.2
288.2
137.6
576.5
114.7
229.4
68.8
286.8
288.2
114.7
143.4
34.4
480.4
154.9
72.1
77.4
72.1
72.1
51.6
648.5
154.9
103.2
144.1
432.4
34.4
576.5
17.2
576.5
25.8
51.6
72.1
51.6
34.4
143.4
206.5
288.2
34.4
229.4
51.6
17.2
129.0
288.2
137.6
72.1
1201
540.4
34.4
432.4
86.0
8.6
720.6
576.5
34.4
576.5
36.0
288.2
17.2
51.6
480.4
8.6
432.4
25.8
864.7
206.5
17.2
540.4
540.4
68.8
720.6
432.4
258.1
600.5
144.1
720.6
144.1
286.8
260.3
720.6
144.1
172.1
144.1
103.2
288.2
288.2
480.4
114.7
258.1
480.4
72.1

8.6 17.2 36.0 72.1
17.2 34.4 72.1 144.1
25.8 51.6 108.1 216.2
34.4 68.8 144.1 288.2
51.6 103.2 216.2 432.4
68.8 137.6 288.2 576.5
77.4 154.9 324.3 648.5
86.0 172.1 360.3 720.6
103.2 206.5 432.4 864.7
114.7 229.4 480.4 960.8
129.0 258.1 540.4 1080.9
143.4 286.8 600.5 1201.0

2 5 8 11
5 8 11 14
7 10 13 16
10 13 16 19
14 17 20 23
18 21 24 27
19 22 25 28
20 23 26 29
25 19 31 34
27 30 33 36
30 33 36 39
32 35 38 41

