256 3.0 0.0 1000.0 3 160 240 100

141.78143111769154 37.82407009672969
226.90642476474395 196.1133873684852
161.0683400880849 177.72652757248275
141.29141038521686 47.29765716515313
227.88546114551696 202.402855751176
165.12960867087898 55.540584074800584
84.64336573917706 196.0112716257006
115.41379254007089 34.431971974616864
137.6577750340039 19.772402946981487
80.3083780211265 171.77904665352733
184.3495782063467 142.0181723756503
161.13077837237205 27.515856783107083
174.30012237399225 222.2338959940816
30.111177366191928 78.56856447064258
13.463441201090776 95.08620122401929
149.3105477403351 160.69473597884843
196.7008149922646 95.96942210560641
59.48796687266022 230.57188353784485
129.85142822945093 108.54453026163213
74.73645597845338 127.38886270166661
70.1088124633687 152.24146012914926
204.011502247795 127.43827693469522
198.56596430588166 75.42748142927816
229.52967502743957 207.50872987908983
209.43998830680877 139.37733044388347
181.3520894107778 16.755986322860377
153.2764415563502 33.073529309016635
82.91098175226475 83.06726311295701
22.113110430621003 197.73743367529764
165.66133285591496 32.59759859704606
88.3970135622106 120.05860374793161
111.0465144985182 48.67791092188592
7.990125703245615 43.67479732230911
77.02781712564297 86.21978893699547
29.579990305361985 245.31457497152968
22.27372200089145 171.48769367035294
33.65708129674122 185.58354793848537
57.357144148774715 177.0648444888872
190.4830781813904 142.5755445123163
228.58431720895007 236.5718558013058
114.59441755196568 77.3653964258969
107.19274949372809 130.16380504630078
181.32658881248716 38.36891221105357
225.38846813056838 68.77396092006191
232.46073329314606 128.93599711013934
28.905098527090807 162.62743583853475
29.757262785924055 226.65390878570852
205.31039782411958 29.62188234619348
100.97184678221358 63.58631014820407
247.53788213606367 107.83323034666486
191.87425313841965 156.51315252876185
96.1808226962354 193.72817952691182
229.07231765396264 158.65596843340833
120.58389005432926 77.884833005199
157.92171213928992 58.279367730767916
38.420489886475565 241.3818008249022
5.556664621192003 217.55649489846743
52.328765045979885 103.17162662677407
121.29346245274117 170.5772285747982
218.2309796559011 201.80467845759168
79.45642040023803 132.34132968713624
177.20182255628976 177.52964762216791
8.46148313853562 10.619705748579205
131.2150916246214 225.81860411865202
89.90096554736776 242.776380787388
16.953903603122768 109.69589500310093
72.30737986628233 242.22321654225723
118.1268618922309 201.6184896154249
59.187481663621895 129.97914247758828
172.83279996483446 51.473513596219796
146.04089553159608 160.52246374600452
15.903489071551896 163.92295606424454
213.78824278920985 117.54999213591388
87.93460263340764 17.237287691225013
49.8972538817094 9.275350352725365
44.11257766784779 81.24243650737345
102.63464135584074 99.2073987928373
71.36714374556793 13.11296357144892
45.187586467291624 115.3560541922361
185.88887014451808 86.3210345219716
233.41923794452097 192.0255622437801
12.321579912770664 76.9338321087478
33.15089169141305 142.3198386484294
5.321756042687031 106.2123164457932
95.5951419991824 114.88909426294819
117.21918318497976 24.608005047566024
31.44740657215131 118.36001438333594
53.538000533784356 39.96949148151641
209.09650083786428 246.62390705905597
233.3332435119664 125.26616990563444
55.71330641326194 12.971031274384398
51.808362985603594 244.1502733580807
249.49541436975312 88.92465513026829
246.3089307476337 139.86161995591056
134.51547132204055 55.51733043414126
181.81957692556225 138.77259128736785
113.91116330426446 40.56023569272752
138.70291533688237 130.010104622104
154.38181099103173 68.43030683077916
228.514366414343 91.3697307741428
56.77834455334066 130.6367212616443
168.18873557174294 225.1840480452787
163.64655106606816 39.076494030275796
238.7285163429951 198.0936204530497
28.43321119205916 194.31879281724267
195.70596974308734 39.468284022019986
34.28816739840454 188.71146783156996
117.09382315849845 25.840124507798933
132.40848169557358 197.2324721660989
151.7809701328358 138.85491959148442
211.5574211847053 129.10699720587448
4.05101250013673 189.5384267057587
168.43670889022147 57.86250737439169
216.70518191711142 209.81734452876896
212.16725709133632 145.31757533589393
18.715640384670664 91.88604872592366
90.49548875214155 235.2483797796167
80.824880612951 21.716796114406883
4.9094924336522965 24.73122962287011
79.76755075962677 27.13594962220328
166.36296337153027 81.14685838702127
226.22014152012622 38.20937928784438
218.94261638169658 131.11115507138166
218.42974040741913 62.109635391288165
189.38280097204515 113.7772315034922
170.77795337429245 42.191850371658596
10.20764485633119 6.606190180836608
101.19524035890348 11.17624512490034
56.33916942938494 236.0350286818342
180.1718558432491 163.4235272547903
92.3713120511849 178.98837431733688
35.638096591042945 51.85639830763328
70.59321275515396 64.88037163816615
138.00140778050368 178.51757159554444
187.17500418300529 1.6666795555723424
171.74069955752503 149.26325541002032
215.21415081145506 115.34344152802502
233.42153646109864 195.97423836248288
213.85946222796784 23.477872467978887
134.42190795811848 160.67749560287245
43.688221435956464 70.46229678138391
225.1714720239795 205.1640676243654
140.4129987270669 65.5467273615195
102.65043461954981 21.943754985968845
201.96171731925327 246.92420408228986
224.9837793454319 70.0455749353284
166.9697976370928 217.40227092790792
203.34019474057158 98.04880538532178
207.4488823005113 195.93407011327548
225.07566736277894 217.17580222553022
55.18898372690867 124.87361443696682
126.08563565841438 76.67416429116523
165.0309246234304 184.9788475537159
124.26870868721055 170.1737022019859
7.959678037229328 195.97770824215553
164.5103273409223 180.46808251230135
154.6738306972169 234.59378852539209
90.65413089711701 232.14897739114562
165.54914086493275 55.67366128859294
104.25167010758047 218.17794040781328
87.67297848704278 156.96712536825788
221.90590671492586 229.96179630621322
108.46031703783437 21.466638117820487
34.10176699166437 188.14154084177196
28.43695205115873 170.75769439505765
5.151384606283477 224.54514788140025
198.33041122516912 27.800577252521414
114.81369961594027 24.540085761371316
120.08734625820885 77.4265959261368
108.60409614532301 249.79761838132052
93.52760825520942 140.11612781386665
219.01008418500606 218.69211268319503
154.03444484234183 169.0155868485042
136.43642531642217 24.556326526189608
91.37336377702395 125.41472351284672
81.93888774903638 50.81001895919626
205.6774424582811 146.72451499081592
45.29901857584942 87.19238445303334
205.01422946525642 173.66844999486435
124.93924083280852 198.84909849281416
124.15735012111548 242.14850248668213
112.5238365339122 217.58917357471532
215.9162182462916 125.2857136333759
190.5069492480119 148.14265138016373
208.22790128906297 47.287041606082155
131.6421179025713 218.4771421969719
11.134702757513077 205.50540851858315
201.72327727217225 148.58745774690615
192.68801245707664 102.06377526058846
140.25685781921322 124.66904146331348
62.480394310858 149.05058041791048
62.18809443783729 84.33940628626546
134.71004396747037 116.89092021482227
199.2280937250744 82.82575924435889
105.55081437075812 224.05851705401258
191.3502740137975 90.09914898851076
189.11583778424054 110.64171999414098
56.98076421108733 141.11193371414743
64.44668492825262 213.31014218255302
200.44239582981098 89.17249441990013
238.1408470279506 114.70075537132877
104.88828070066347 211.47560138223102
215.60079086392327 160.64514946300207
109.34678538424059 200.81909461698243
170.58516391129774 227.17082045361605
201.93199847018917 35.15259672502857
248.09288307031335 180.12299411356088
35.75219583070763 228.8722908148628
169.43029784453356 248.4806869463042
105.839299708412 115.84725556170223
92.4450230012141 159.61388980809366
150.69631593113644 6.1755989387076715
56.82651220646765 50.790071166975956
222.8537184521185 79.97278814683203
203.00170019224993 0.4379047953016191
135.44203956464077 117.57884926780812
246.7813011605899 156.63558492020374
25.869242053389613 234.7658399442915
54.95629035794764 1.9396516720579515
116.74434802830541 63.729939048873305
56.829622599398 195.94981392797135
138.6575299662814 194.6083493856836
13.938800286330322 60.24544866267009
156.9357957516325 28.6054934077411
84.75321218407497 177.61759006522473
48.805919171573954 125.29519471494174
114.58658211310565 230.2902226191737
51.46052447172608 236.989126832387
31.702452240078475 32.37141558832069
82.80380944451366 107.66087087492973
207.80427634179458 80.49635682824635
209.5547701595187 218.07412632780265
121.51745567062072 54.189802012376695
87.23085498926712 249.236437584523
48.063918112372036 56.14304041500148
200.73713879534336 21.616433420228898
115.34346044731089 73.6891461734962
39.7447678562553 3.9861711538716205
183.85885982495012 37.471037712575956
104.1159240389791 212.89031176349297
142.46081486760727 43.692493948982005
232.11211743950346 180.0473819321992
247.31625404634804 0.09721696864792295
232.184443928374 20.700093598439135
15.479185953019892 156.38284245399794
34.54927782629577 233.84028099858423
161.15032862199877 131.97225384282055
10.568441650191968 125.46671290168149
178.20760046864712 159.82360271783386
159.74733218835559 172.23114033538275
154.50959642381557 91.30344468099827
186.026950801219 197.3034494360179
214.24955093573374 143.9018887735834
110.57198679577974 166.97678981458512
123.08512392681342 25.424306808075503
219.19899317545475 62.437173986108846

146.70011545435528 37.78943628210104
221.49042499635254 202.53698350281437
156.1069994563162 177.41864794595202
135.63090211065366 50.0636239659403
225.50116756602716 203.20825854450453
166.7761179881161 61.38275205827895
81.39852999798686 198.61768948741098
114.34132712027103 29.797635490594722
137.07441539763425 18.897660686168106
82.07366110253133 179.06209291102846
179.89705155391275 143.43949375298283
166.2931922970747 32.9450900625213
172.50487158688102 224.34033273755762
32.893024820916025 71.20124848114071
18.41138331866521 97.57131715274261
143.3488396530716 161.51237669043218
198.3743981249588 102.09832729595028
59.66963566262251 237.89666327899303
131.6095694788731 109.08390580660932
69.85087159461334 126.15757891736307
65.72598621118331 156.2351506665791
201.8544313535655 133.06033771156143
198.51352378637512 83.41473233736838
232.0905643198809 201.4579504172881
210.0725038052834 139.71288567939246
186.25995575322833 12.164917455169205
154.30328934913948 28.93184610763622
78.42685408006814 80.60745191789465
24.102371048756982 201.30690453516345
162.46123706566362 39.67159884826871
82.49800954522505 114.40193151562447
114.68385266089112 42.89868834466012
11.613625074943123 39.02047619560153
76.75433315561558 82.37275259634063
25.07468315622577 238.75721923014186
15.552037830360687 168.69962086374264
38.02926501434312 183.21042583610824
64.14293261655901 173.75078539600474
184.0706782476515 141.02433964624348
231.79018080738874 236.4255992507099
117.97699117318002 72.27374797841699
107.91704901480237 123.67659964341354
181.44615894431277 30.937333130785838
222.14829636404386 65.64747449584374
237.64005192714566 135.2161915173257
24.952523418118766 168.69064629011197
30.967279543647834 222.95580121834269
213.0540615683437 27.918774572631115
100.16184069075179 67.1748176699762
248.8342569795681 113.83895021507068
184.7820817669845 151.9872832618935
91.64336634152151 194.30955308908338
231.91442373567054 162.10157175236566
118.33004399805202 84.84855436888326
156.4057790971263 64.35794966536965
39.558904929891 237.88921796269798
9.588155289527972 213.73743478551728
57.024098188863505 105.65650082235936
123.37760997887834 168.09052605530408
223.37470343959066 202.0692669845146
74.3231667024509 135.7749460216235
182.59289903166533 175.1738793627343
6.89371891305654 18.503090143226515
131.2522296989831 229.75462680886847
88.18973869494171 244.45765753532453
13.685159533793762 110.63859667173853
68.68767872897055 242.10680687778088
118.93411739576324 209.4964115332134
61.44864820545578 134.3374739870497
180.8513703175713 51.08159610535065
139.91513753060744 157.53646396389385
13.143705351566283 168.80859145448824
220.76129848401737 114.81099678225674
86.89666902358489 13.819891848281973
44.07200005484463 4.2184883794989805
45.00979678105344 73.42862912514921
104.2181987243829 102.64597586207074
72.63697122879614 9.656180320943369
42.60594920787583 118.13413854263896
187.52180552938307 86.47295738824393
238.21218191507276 188.48173660512057
8.920021039308418 78.48027709267156
26.50218933617543 143.5321119981062
9.103561104636892 102.87207903314926
90.7724799726403 120.53243103316802
122.37509233355439 25.271547472898114
31.673278969504782 113.54197778141084
54.58531030205999 45.85538960918553
202.8633805588579 243.75345264419576
234.3164947346613 128.7538502003984
59.85786173557436 9.550814992925872
56.524493745163326 243.98417031104267
249.19544293457415 87.09512390916271
244.7515552881608 140.12697292553958
139.48726774934195 56.32333698816488
178.6929960927668 137.9079322231574
114.30738761450415 39.27658295791006
136.9039192065745 129.46607551082838
151.4539679621018 63.69451806077575
225.03834230713983 90.49652324025756
53.08929699577952 133.90530821528242
163.9836074784149 231.80635327721814
162.49194028295406 36.55118228869594
232.84007512256684 199.2246505629983
30.46592301020651 195.06998809761012
189.22126815663572 42.66697471791883
28.55591271861829 194.3925295973565
120.34240643216721 26.127230272636194
126.30123519087248 193.27873035059426
143.90040939464498 139.57976153037075
203.83224603432257 127.29054010746637
8.805795662641309 194.3709765996444
172.6756367633197 55.838667298503424
218.10496750788994 212.43100225515434
212.49342403302794 145.99474562287404
12.818621684693637 97.74364688655263
85.75432039699784 237.48507838709867
74.81060979301613 16.50514048957913
4.354942694843128 30.78949701243544
77.81621170326689 28.666124688626617
168.83973707167797 85.91903674684289
230.9840031020066 42.60896468207295
216.27272572033147 135.35223341961137
219.73128102076896 64.06250909607247
192.38670839316055 119.86009588354943
167.7300981294927 45.92634035540347
8.84604147831719 2.1663450357732317
93.40195234386644 8.833722109015424
54.68792823947552 235.54268466447235
181.1517678919402 155.3974504398495
89.50192462157258 176.34926565433557
35.11771999869484 43.6650260708823
70.54927370106728 64.30038455578749
141.58385982534165 178.76093569951448
183.35026794603843 8.47837095036713
171.94150968354091 146.59517652698256
218.4877791307809 119.04204409429676
229.92751129574347 191.4758345980597
207.41385654007945 21.98576279564593
126.56759078253754 162.31438269023343
45.852969447006174 70.3558278860516
229.16428638371227 197.77645744545222
148.71929773690294 66.44466260874488
105.52163526804767 23.700597422855076
209.5550486351828 244.42141491132526
223.90754682931396 76.7770045483428
171.688817608994 214.11069832541625
200.25504353104952 92.16241590615063
210.15621227397654 197.03393813687083
222.17173939006076 211.26140486657462
48.90914935000118 128.26441253572833
124.85696413860164 76.43078305807113
166.3141118724484 187.88938097885716
128.74423630330384 165.90384106407393
7.241588057039477 188.06495768076863
167.92687764204203 175.3970303292764
162.3758911381436 233.97225536344703
85.2895241457933 234.38177408978618
161.8984394783003 59.95782556868684
107.80866048856633 216.81844162219343
92.85558576582889 153.34840384803942
219.91198733688583 236.4409055041095
103.31318040841502 25.07100295122136
38.92433472994444 186.82964009594153
20.99630469650146 172.1646046795925
4.67754952751076 230.3800250931449
194.75109609337954 31.227133986361956
120.45415368316897 18.529243844490644
117.35514080374274 80.12464467157268
102.13791588117593 247.54574163591892
87.83777961898703 140.815914545499
220.585528893641 217.59749746093203
154.688046287839 176.57174524922996
130.73843061723096 25.50658749142895
94.39520963356823 120.68996707895846
79.97622977368351 53.627680728971534
205.11525267567694 154.80317922961183
47.42848308777639 79.16992596446646
208.2668110059038 181.04956002288785
119.28009446188968 193.73367286818373
124.22414651938468 246.2364293175194
114.53248346565195 218.98397904607577
215.02580963144683 131.4379593392351
192.96235561890842 148.2026596414342
201.90237098583654 52.743389296726896
138.63160101881687 223.0786632043927
9.221578354139059 198.540152855578
195.82037072616487 144.00774974811063
198.6383871865632 96.48799054536964
142.456527213845 129.45313795761564
65.01837304230543 144.94860308279817
62.823103568330566 77.35620834825366
136.9966164849023 121.36129091463287
202.6248298460091 76.21613912889094
110.82866676089544 230.62067231593275
189.3452190072876 83.46563403962485
185.00975502767207 114.38396414555093
57.92125401361275 140.93154391593617
56.174601425622775 214.3427238117887
203.93453402797095 92.14584025044178
237.0211459157992 122.35143124226185
108.50065588507027 206.62431844393979
213.83981463410913 157.9405097565109
111.05205340570376 205.23124364211543
169.5696446521673 226.75939560424175
205.65778114557858 27.73296958039265
246.58312706838038 172.106252324964
37.486527586637116 227.6974750428102
161.14118253158478 247.5463785697994
109.61962027468527 118.75434753399242
85.93738620386272 162.13964818899512
149.83933302394027 9.55310345357005
57.150341002703584 48.34144675425955
221.28037429838682 76.16773118133554
201.72648173141084 7.312186381540132
132.50132663240677 121.96082557498286
246.30567018103648 151.86631439819
24.3572129815163 231.1484045825511
58.44131842176828 8.53659864725706
109.09264256954887 62.63449681967814
56.136770778248 202.07267541852121
136.17743856104406 189.42572729575477
16.993560763604947 62.25982929017482
151.39979198203656 27.59355580931222
85.54644898368203 183.59752288858044
49.28714414287985 120.2781062453189
110.27937299442037 235.59778467220008
53.1986932437182 237.08916517036084
27.658097680727327 35.388135229066144
81.321466667817 110.25824559003195
203.06723214568422 83.84546372015642
215.57918794388016 216.63996339178672
125.19048894937603 61.050897476373294
87.90500888020911 249.44353594815607
44.977648136094004 51.682935678584094
209.06731682605061 23.112727357246705
114.23479038154203 69.88309338458745
44.04630784640371 1.1427598790069715
177.29464523070217 35.7385404073865
98.40126972192448 216.93361832812465
141.16114426517942 39.53790588051931
234.35625368281538 182.719578306147
242.01001668664787 5.592454585579359
232.68870162035077 24.644643974022607
13.980621554999544 160.05534659215195
39.38022172753636 230.2128757464603
159.94997187348685 138.2099520107805
14.339384770255037 132.44588883967543
174.31835861735524 158.4566970768553
160.13407026557994 180.5263706923323
152.0890913123513 94.59785382555997
189.34547261212722 194.2883054983542
209.11134569841118 147.27117135205748
110.79113056472384 169.02806926320517
120.07740539491535 30.986973350940723
225.53803022462586 60.836459052836325

103.2
864.7
258.1
172.1
576.5
25.8
258.1
77.4
600.5
77.4
576.5
720.6
288.2
206.5
25.8
34.4
143.4
77.4
17.2
86.0
51.6
103.2
144.1
103.2
68.8
36.0
1201
288.2
648.5
260.3
864.7
8.6
129.0
432.4
108.1
286.8
154.9
206.5
540.4
51.6
17.2
216.2
216.2
432.4
144.1
51.6
480.4
68.8
288.2
51.6
288.2
288.2
216.2
108.1
103.2
68.8
576.5
8.6
480.4
260.3
36.0
960.8
720.6
72.1
51.6
51.6
72.1
17.2
576.5
72.1
108.1
51.6
286.8
68.8
1201
286.8
154.9
17.2
576.5
34.4
600.5
324.3
216.2
137.6
206.5
77.4
86.0
286.8
17.2
432.4
68.8
144.1
720.6
540.4
86.0
34.4
17.2
216.2
143.4
17.2
480.4
129.0
720.6
1201
216.2
1201
648.5
129.0
288.2
480.4
129.0
25.8
960.8
258.1
51.6
154.9
216.2
324.3
216.2
216.2
288.2
17.2
286.8
17.2
72.1
288.2
172.1
25.8
34.4
108.1
114.7
576.5
17.2
229.4
144.1
51.6
540.4
480.4
172.1
600.5
288.2
648.5
1080.9
34.4
216.2
103.2
77.4
86.0
1080.9
144.1
172.1
77.4
206.5
68.8
288.2
129.0
288.2
103.2
172.1
216.2
72.1
286.8
144.1
103.2
72.1
864.7
68.8
288.2
103.2
720.6
144.1
216.2
258.1
25.8
600.5
86.0
77.4
25.8
432.4
576.5
720.6
432.4
17.2
324.3
51.6
103.2
34.4
114.7
51.6
34.4
229.4
216.2
17.2
432.4
34.4
25.8
51.6
8.6
324.3
68.8
72.1
129.0
68.8
34.4
137.6
103.2
143.4
77.4
137.6
103.2
17.2
103.2
77.4
154.9
25.8
25.8
8.6
8.6
172.1
51.6
72.1
720.6
960.8
260.3
1201
648.5
51.6
34.4
540.4
540.4
540.4
72.1
576.5
137.6
864.7
137.6
114.7
114.7
432.4
720.6
8.6
129.0
288.2
72.1
600.5
540.4
108.1
324.3
51.6
600.5
51.6
172.1
432.4
172.1
1201
540.4

8.6 17.2 36.0 72.1
17.2 34.4 72.1 144.1
25.8 51.6 108.1 216.2
34.4 68.8 144.1 288.2
51.6 103.2 216.2 432.4
68.8 137.6 288.2 576.5
77.4 154.9 324.3 648.5
86.0 172.1 360.3 720.6
103.2 206.5 432.4 864.7
114.7 229.4 480.4 960.8
129.0 258.1 540.4 1080.9
143.4 286.8 600.5 1201.0

2 5 8 11
5 8 11 14
7 10 13 16
10 13 16 19
14 17 20 23
18 21 24 27
19 22 25 28
20 23 26 29
25 19 31 34
27 30 33 36
30 33 36 39
32 35 38 41

