256 3.0 0.0 1000.0 3 160 240 100

167.39119602531403 187.5741459231808
25.502695458441803 97.15272137914657
89.78689222279212 192.9960837125891
71.7548618511982 162.33211518640434
93.3774818192502 220.39866337480296
102.75646578633784 77.94132965984005
44.23196007970845 118.12643712335193
164.16619522582747 185.4670807366122
142.6602320298652 234.08719761543892
192.50077330093526 195.17890828007629
55.84744455998231 154.5571604113407
178.58788333837023 95.72666699843454
91.06315258512532 89.61282657522563
206.45257445461547 227.84533232229367
47.81071749118546 235.78885107332184
26.957003796996005 30.130522392397026
32.25239832962204 50.7843133398578
224.62637558268082 85.39152451527856
240.73148169043122 85.3753804360785
202.05420769258515 182.65229003524888
12.494372336904869 203.1171483856386
34.195909029752144 184.5968545646848
23.654679267569396 113.41173975784777
177.67639170926898 86.56824160701929
234.46845617306528 79.46131105923676
174.4861697834777 17.759530698805925
51.16139221381608 79.66682102326092
57.818743863151525 119.39039907921162
51.78226047267201 154.64757536248982
225.1403855633904 17.89609809360279
239.7740216052675 40.40222402952476
237.99047285578294 88.4801825460931
64.89140650405628 105.70923574679658
2.968550202596676 48.0629219079449
65.27390160713301 56.94882244755636
8.709069755348409 4.302119521975179
146.58132442902706 215.03007516068607
178.28619412416708 87.11033631847998
72.72361481552907 201.04624272559175
190.6989538083814 204.69734050848058
160.46202251294338 170.4472300423082
229.0142587998017 43.5614272482823
34.3112717679814 84.47316784825406
34.28860804202691 52.19571040994292
166.2428448231827 122.77545245838095
198.8067703627923 238.03709289285212
25.78201853452647 249.8441448821071
147.79612043284794 133.43583826010496
31.869934865961707 173.6457235311126
194.92806102749879 216.84697751452512
126.71268266566238 61.935884771950086
37.195922288978224 8.356567304829948
176.41913799470046 23.82050317165377
178.4806826182033 62.30236622208138
205.32831671029953 67.33999580416769
66.01483151126902 77.81701649918452
11.868532800122317 2.3476226805642373
88.92096589887824 242.5943917227611
170.43109460329873 61.136310639127025
13.58576972485659 129.22857255389331
45.136749025045276 35.23235659974894
69.0214652519534 7.39311688115038
168.76812928746995 63.88444365003315
219.64053646475494 35.11755214544504
96.36667701615339 127.54313906745732
211.52902567883828 239.95633200378018
140.23141085527362 220.36958178468066
22.540534197287577 192.29859740268125
44.54229672117238 247.96928053112512
197.15151402952884 185.80670489781173
85.85803956258472 113.85028422710496
206.68938831558947 213.68525392839007
92.97044673159802 246.75030957325862
110.76024364392373 30.60532211485517
132.15874275893407 237.54966866606233
142.47055013897307 174.71068282919194
193.99332740367828 31.9394996720099
18.637471864278666 112.08417832121853
60.88339845001931 139.92028192452258
130.51013115110308 66.09679270445709
207.2012079325906 146.64165977884406
123.11035925839478 177.07252390924702
135.24454353155483 181.17770229485726
215.8636284096003 201.15221553627728
185.5270249806867 225.01359000789148
73.84804244940801 162.5221366431212
192.0614496137043 38.91228318461909
7.872848011117956 110.71306393016303
171.3273225024332 221.2759336186479
3.2731687672449548 28.015124626596748
205.94056325126593 245.83621240730187
153.71474558500796 53.5901481545257
124.96759892829054 47.24215566475498
124.73044004596274 186.25650112106092
28.414579435894982 80.45344024083859
234.83788907837115 181.99123788444257
218.07293168211396 191.69641669406175
142.19774327303693 157.27416449280892
184.40661761502233 187.48840555742953
70.7261273428822 131.46532422098872
210.5329976928729 89.2605831190686
244.22136985605846 91.19901275647783
38.15840719177535 121.09543405578727
67.74612965522961 74.50048489343384
232.5283279488397 58.251144291556365
57.66008155915728 89.47211011819284
226.9064633537281 185.33799277788327
68.61445801377428 32.38997516842673
24.874984630791104 121.52901296514338
61.567537743737574 29.529305763449614
190.95797494356992 162.6619988924549
133.37168143524755 95.62893099774253
41.87291173841409 142.12100378400075
50.07841900358506 82.50385799534499
29.61137510570219 241.97445163869156
140.38164440074752 123.83309754089997
126.71398548061136 201.50306394136248
165.48967867447467 43.49174799067959
219.39476528627682 120.86582884426639
55.400959760922824 21.648868597940186
8.85571216667172 236.18878917992618
55.72454878873001 184.66779818349048
32.6183549915095 114.6746172457298
82.97659051938969 82.82283983637473
57.10385461613174 188.3109496381547
121.56278407497764 236.6724537552385
46.642678433042875 159.93393677674052
187.99417968406624 59.42047661572286
35.64589994094955 104.93099593312313
73.50404219887976 184.21027182171034
43.877678512798255 180.17619755508355
48.5796423541435 102.36965984452704
14.439281638426921 15.700483198231113
102.0064715036676 211.8750796465052
75.43285159981913 197.56739827742484
161.7034438370728 139.54849051015
114.22173598196478 230.4801161707956
36.65477740939851 12.502052489323706
232.83426221258688 128.13431706725817
7.830417710489007 172.22590805141212
40.24946720463154 80.07763861402664
9.835418957021558 19.589014769284596
191.99859341273154 144.64646657284334
219.48596482883468 61.67601138330345
124.4549773328385 45.47105979963961
149.8407789501866 191.08888509042148
211.24765430609116 111.07561389008546
196.62790997725403 238.62646045264975
202.97689509052643 101.86731420923046
62.12204248320607 15.162105487475236
175.75538991973653 114.23469687198215
220.94333421515555 18.64689410580253
181.90668217591005 113.97005698091591
87.81006531245644 144.0718051803628
57.73744514975124 35.27299811364207
214.479294944545 201.41914675666965
10.899824620007548 248.1007008535157
176.39520637718712 141.7693797305443
47.325121930361504 11.281923345777184
222.55356788539223 182.90080012409214
142.208465475077 25.207745472796333
103.94854380139668 221.41946333674775
61.79134423044888 76.15324382777186
248.10300271730665 219.13102347727684
53.120466494417705 74.76334801299775
69.13175391541878 28.952378018477358
137.0452958938553 246.01364814137008
117.67573162878611 36.353544125184406
63.032378295634295 212.96059472840906
25.157784704857495 209.07065911107233
25.276629862099053 168.22926371578274
100.61793441433042 93.78234061616594
160.9139181097561 18.680536146544718
138.31431979698502 190.3283395437473
149.70372224571724 6.064419118783304
57.28758911886911 209.4501080090454
124.36811189972633 3.544702461707794
178.99989470807327 32.35512759942502
155.5357928529261 235.0921769873516
73.87639603308607 223.42055390725793
68.1327072811373 58.99848143195291
55.01615542369445 16.14754896301296
149.05430579026387 76.6417618513702
135.19810029590073 58.056312035713155
149.22199368007512 188.4119393497133
244.90600690448662 72.9069821080743
206.77772474514802 116.81817306509518
54.56135268366591 208.71576329272756
110.13711194408859 223.27541371221707
133.25780616160566 21.40055210292252
145.8093595453553 79.63499360801674
53.99480015012587 139.30770882972422
235.3034815142297 56.150092303781626
167.3914143518965 195.61859945922652
60.48785768774448 138.0987026496754
199.9754935473944 73.76741742599904
151.25606042016705 22.128094848660183
47.98965515714959 193.1464674306102
221.89529729174086 234.30836914893496
179.17032510577545 150.25239034905567
167.18087389179365 51.99027846225104
185.60368386898253 164.02584617302705
96.71191495381898 218.2606458715848
39.0472201041826 221.12582358848903
189.8753897794917 134.4127928442764
239.30065342936774 61.95458771757939
216.86040650273313 149.77845055967887
202.39025473566957 60.516152284621896
44.699089361611236 17.459501580840502
183.76888701983938 20.443722188451474
207.8438388305406 198.36643082255898
77.91121501639489 54.42561879372027
102.84476578649688 230.717106679475
244.66306513336988 87.49008201458075
109.82235555967051 45.91513668064853
114.7143646096221 10.350726691945699
23.092534652520257 39.65800836835059
171.30794319310147 39.1820241937412
112.18036266379369 171.1603798954066
238.64992743288244 5.852266800466632
157.1179842101267 248.36051859028595
34.75143916293236 42.39958258688034
143.40059537046372 109.72780678115582
235.1218627455965 32.1295462084718
219.88757318527803 14.497960570676344
120.75915232438119 112.25385498758585
77.85921742053095 155.96995364594906
51.04187917185174 160.44038960604837
85.04939303170106 206.70564338717662
236.3275972446314 42.493449415721976
183.26217062883345 61.537391191192974
60.825793444692636 10.66621551731506
219.56131228875637 100.9725402401174
238.6965990597987 46.023179872882764
56.65195325784625 62.48603416824302
39.06538589635552 163.4349783995127
211.0767256031243 122.47909211078672
226.39733996978825 223.2675111335387
30.385441510570573 221.34779933608297
66.77919247477199 196.90910608203194
7.835128139429659 238.17017869466537
230.0334217726826 167.0129613111258
114.79848475442384 106.49080827978737
27.933209489451272 55.4315309171986
137.96002686052398 93.52849597549704
216.32776130321338 141.1543938135743
54.085653147686735 76.71288506329834
221.61973709657522 143.90041040547032
166.89710654825703 204.30934693905525
27.988960561162816 37.7367080860824
226.8944915046638 160.64221224021895
42.03753467291305 182.76418664348643
235.5512356767595 227.36547824494957
48.28183279138346 133.072267879129
222.91425179130366 5.000821707913106
72.70133668713343 183.03649089721952

165.4583946559112 186.69896792477599
30.079550838511853 90.25314091575085
88.98764261613049 192.37950317331274
78.27754628716293 160.96861854617165
89.73516907824286 219.16668518812625
96.29367645814821 77.66844790231094
43.321653673121325 121.86415403305567
171.8227046820643 183.9257751176541
139.82506160996783 235.1792454907009
186.83349082748398 192.86999162124948
61.10578452547763 153.31302195468817
178.21537336146193 97.37986579224489
98.6426795110504 87.8699888265513
205.2344009425134 229.96007214169813
52.99183831818299 237.20106709906136
32.75258635896852 30.424535299701045
36.78321768785295 48.543897556065616
225.3248860301936 91.5094102187233
236.8604413024457 81.40500171802876
204.40803050574007 179.27667143090468
7.538740802382232 196.98824151247965
31.830389764516326 177.82039812130162
18.04835166896554 117.16964721190159
178.35008262870028 83.07815369742397
236.09844555243947 84.01214200647469
178.49771527811333 16.79972469571761
49.232662124725685 76.68982860364073
61.846614395415195 116.45693832606766
56.30364178760919 149.9426951525378
218.3271378001646 18.79813392875024
239.75945797084458 33.06812268443571
238.46072749591997 80.93644416038381
65.20029146778866 108.4981778679607
8.264963600222053 44.20943226347773
72.54896142314523 55.5177363313748
10.981322801563525 6.914613683964399
143.60391768189146 221.843550341255
173.44519647988437 87.48699871427665
75.79030819672819 197.62695544759407
191.84197487885797 211.70044967037992
160.49307765901258 170.91121941941267
228.20741440493256 49.844654897163416
42.02320283160199 84.54509724449208
36.40001059585318 57.08835711863128
161.70611607591405 117.72490659267515
195.6675115957259 233.40874031850015
28.59716284959046 247.0929119522454
143.89131495994272 125.98275473450465
36.33582449935377 172.2747204362982
195.32114117243236 214.83822269502483
131.6619808319566 63.2025692961318
36.942922860220996 8.424920190707452
177.40170456292793 29.53481176853345
178.74419764369725 65.26981652540273
202.54916274131085 64.68658422843954
66.33584132174389 71.25850299049021
14.072339438543747 10.49394124476491
96.54079985060318 244.98657307572518
162.8860812855106 64.40239351391533
10.793869095346215 124.87567864029172
42.812016121569044 28.478412150661963
62.53170691997079 4.08314344090957
166.0749355161915 71.02330232581292
220.6726338340874 33.42206686104176
93.72767340110339 129.19961166555964
212.07685585099506 246.5163121108584
141.4383363911094 221.55806037116562
27.841156658816786 197.36760922711798
44.56645405733634 242.47218400815586
199.97405219214977 177.8775075656815
78.1085240743889 116.71953633107948
198.51042895223281 215.52793116873505
85.15256685912071 246.09802248855652
116.21783534492843 36.48204945273195
134.00202957946644 232.40930115320305
141.32644522684848 182.49159148345865
191.00293250718858 31.923849701499723
20.19853439654967 103.81923016268586
59.60609208997017 142.48563451880224
131.17168984510008 61.59336849063729
204.92768549048554 149.75848008438194
129.6080303236764 177.94829210590697
131.8527553849765 188.4073412691908
222.3442650433747 206.35984340426134
181.00554017409183 220.5938592207143
78.90268947917417 166.36896275780046
194.72136575914703 36.73746666567623
9.949027878764728 115.37027340437284
177.22274644225882 223.5975013343653
8.25731600991475 29.354326061431653
199.82190362662905 247.99745991045245
161.82999910227738 53.919026041083505
127.83518539716593 53.11456446141613
128.70098850739288 181.09401704474018
20.753833629503752 77.91811324790949
229.8472311614479 187.5078947511706
217.6866189873006 198.98785317975256
139.4753745395417 163.3596614988676
189.18670529868552 193.817450342439
74.46568951248331 126.86918442014056
212.58674331712152 97.05766109490158
246.83361803510113 89.46251262741487
40.56180029938397 113.641010319115
63.32933931861509 70.08481991815532
231.0036652325255 64.8707882561008
63.37409979885514 92.61775156711147
219.73063025730025 189.07327108275513
72.48615560895355 37.252362474856525
23.800480124300776 118.52699150266666
64.90289953626743 31.779980370322313
192.09095260682417 165.9503832957837
135.50472473537593 100.82962066033807
36.87437488931933 145.87104654691
48.11445047097529 78.53506690805506
30.691606988278803 247.11709341395832
139.1799398585282 130.56135950865402
120.08345849043603 197.56332920084557
163.21686130582782 49.71262417778896
219.2142609360842 117.54971247754573
54.69069386010245 25.98727146889765
7.255703336215919 237.7402970127223
56.84481344316061 191.86648635740536
38.02224117573272 113.26187472903624
87.7264356551501 88.60709443361229
57.96219149469342 192.08207362619433
121.26831700091117 237.59496439878703
48.90502030641073 156.22530102708234
191.6469417420539 66.4203588630292
36.81558984397626 105.69824143290343
71.53588994961999 184.34182867928837
47.309607819608 177.78659016830287
40.702006382521944 100.41441257520842
12.849974818975957 14.04099951886767
103.04019867599787 210.41777586518623
81.12398301124941 193.88372396980066
166.24672240963528 145.41672278276843
115.25739458513226 236.9069531595285
35.45079438139368 5.052626908896657
225.72071038451935 128.32478278822597
4.41718634002794 170.23015767470872
41.82300825734464 82.25446260963271
15.502561585514524 21.753280164584442
194.59880637695207 150.77951260562142
222.1404780930335 68.83887412290946
121.67041322983363 39.270729029937144
151.71084811457803 184.9455540791805
206.09289048166747 106.59790365775163
201.05847459441472 234.02675761078586
207.5677639119969 101.40079228539547
69.03839990486391 19.194035548441846
181.76625193388963 116.74854190876877
228.44981032429075 15.832549899972099
184.29067438312285 112.08788334122593
94.8182997225617 145.77692775407465
61.650938574136696 29.454067755781605
216.1632943215458 206.1656323360702
10.954334631092078 249.0345909066956
176.01984101469807 149.60789912453552
54.65384215976379 13.842797970815168
221.94267063766773 175.37758210567085
146.93920317903937 20.042780428083358
97.65434864177926 221.8617402972597
61.938524662726365 76.08457111348355
249.50634204844008 217.04317871191282
51.74803339608059 77.60569584039304
75.15653211598178 30.05568841969558
139.41763325120868 248.00046542867605
119.11606672832917 38.33963901286733
70.67747144830938 209.94829090429008
25.897316170861107 216.396232390275
21.367810210761117 161.9752958433709
105.00666447485457 92.77422272861904
159.08772592561388 17.38352284426395
145.6711307018202 190.0269814085692
145.75811467595491 9.21278670099071
56.35431642848101 211.99321920221598
132.14035352964987 4.20114480367112
173.985283267943 28.97470448332057
150.84500382296102 231.55080636759732
75.2232866179767 221.99545956760352
76.0065745401566 56.444730621519
53.410362510811574 18.470618795444203
149.14713687813443 69.34419819892184
135.07824427212756 58.67003868461978
153.9391426655401 185.54730234078988
244.89691489334675 77.58984413077653
210.92683843689053 121.11239696432857
55.53520343697016 202.3684220799075
115.83168213371178 226.49453759171647
128.88911240839406 20.739863281047683
147.3652178457475 73.31200683214192
56.86243796800722 136.61044558099735
234.29657357691045 60.189707411423264
169.03213633800945 200.43878971626575
59.35536757130366 142.61764210213744
201.30898314683242 67.79073044263731
152.42428325433022 24.769001296242294
40.49617188591822 193.74827049080886
219.16726340379404 241.83540834355824
181.39728110326 157.96156927651532
162.77089823567053 47.48365115979214
186.19703623484395 155.8377989276216
92.8427864449747 220.04717621328498
43.89282250940693 223.1334982281691
187.02078695199359 134.0931703774849
231.61735881942894 59.65465982511792
216.0039515482435 156.8341979163213
206.52813616968055 54.689693035746444
42.17984733882621 19.88719090190652
188.79034131713075 20.82600005410168
206.2566470083115 199.01572824543027
80.27679441497379 52.23026461832189
102.96899950957406 232.06823113573282
238.56281610446942 91.90207109370286
115.50629148859382 42.97367335070257
113.65626226072348 8.83296598350225
20.631176560127777 46.81024532201133
171.47984646392754 34.61725140407845
112.01335432017814 169.72371019936455
241.50518068423102 0.94528353875728
160.0831068748813 245.5842498602989
30.383631209959766 40.69446586794681
141.8424794237468 113.06418991637754
228.88243964489547 29.390454805323984
227.2529668968052 14.937394035032469
127.16089613187359 116.53585147466691
76.18219668390583 151.02571297330758
49.889631781463606 167.83899958523705
80.22803770011005 205.73348971988457
232.33359744218333 46.26690229940153
187.859337711592 62.28312778078468
55.91394990277221 11.1777289490195
215.18898251869035 97.91344688336756
233.11217962458446 51.35710113313394
58.969077323455025 68.02476419618614
43.759352537651814 167.48458679893568
208.7100169403163 123.59455666968383
224.71702501014866 221.68119680167632
27.711000741846902 224.4559733899987
59.51920348182729 197.45613685718592
11.259189308677197 242.84315373491535
233.04580383295814 159.1258965881659
111.7425610309061 102.14440688314905
32.76960854647992 62.07334398023168
141.82212315020539 95.55288497077261
217.58881283016143 141.8993987915205
57.28635256699352 74.07984777632868
217.8532574416449 144.3764587980017
167.90932713459432 209.2452221963267
20.163387935920234 37.13918800212873
233.21973048945475 162.20903921246153
45.62043096272164 188.64623625253364
239.0911813843761 226.3173340489552
48.08090705454679 131.47930854035323
228.2843154561783 10.074303223472803
80.47759919980841 183.43872471659958

114.7
72.1
286.8
137.6
960.8
260.3
129.0
34.4
72.1
288.2
216.2
51.6
324.3
864.7
129.0
216.2
72.1
17.2
1201
36.0
480.4
68.8
129.0
286.8
540.4
72.1
137.6
86.0
216.2
8.6
17.2
68.8
51.6
288.2
864.7
216.2
144.1
17.2
576.5
720.6
206.5
114.7
480.4
86.0
260.3
172.1
72.1
17.2
324.3
103.2
600.5
576.5
86.0
432.4
432.4
288.2
51.6
288.2
68.8
154.9
144.1
288.2
51.6
480.4
143.4
103.2
864.7
288.2
1201
17.2
34.4
1201
1201
34.4
68.8
960.8
51.6
108.1
25.8
114.7
17.2
720.6
648.5
108.1
216.2
216.2
480.4
114.7
288.2
216.2
864.7
432.4
114.7
72.1
108.1
154.9
229.4
960.8
154.9
17.2
129.0
86.0
17.2
288.2
216.2
216.2
72.1
576.5
68.8
51.6
143.4
144.1
86.0
1080.9
68.8
288.2
288.2
576.5
77.4
86.0
540.4
36.0
216.2
129.0
288.2
103.2
324.3
72.1
72.1
260.3
51.6
137.6
36.0
68.8
17.2
36.0
129.0
864.7
51.6
144.1
216.2
72.1
1080.9
576.5
144.1
103.2
172.1
172.1
206.5
864.7
103.2
25.8
648.5
103.2
286.8
288.2
229.4
129.0
480.4
103.2
86.0
229.4
34.4
258.1
103.2
72.1
216.2
77.4
260.3
229.4
108.1
36.0
143.4
480.4
34.4
1080.9
8.6
103.2
68.8
144.1
103.2
480.4
51.6
34.4
432.4
600.5
324.3
288.2
600.5
144.1
8.6
86.0
324.3
68.8
129.0
480.4
143.4
51.6
129.0
103.2
36.0
51.6
432.4
144.1
258.1
144.1
129.0
260.3
286.8
34.4
172.1
34.4
648.5
324.3
576.5
51.6
480.4
36.0
960.8
51.6
286.8
172.1
77.4
960.8
288.2
68.8
144.1
68.8
68.8
103.2
216.2
864.7
72.1
144.1
68.8
144.1
288.2
108.1
72.1
34.4
154.9
216.2
144.1
229.4
108.1
68.8
324.3
72.1
137.6
648.5
648.5
34.4
86.0
68.8
206.5
288.2

8.6 17.2 36.0 72.1
17.2 34.4 72.1 144.1
25.8 51.6 108.1 216.2
34.4 68.8 144.1 288.2
51.6 103.2 216.2 432.4
68.8 137.6 288.2 576.5
77.4 154.9 324.3 648.5
86.0 172.1 360.3 720.6
103.2 206.5 432.4 864.7
114.7 229.4 480.4 960.8
129.0 258.1 540.4 1080.9
143.4 286.8 600.5 1201.0

2 5 8 11
5 8 11 14
7 10 13 16
10 13 16 19
14 17 20 23
18 21 24 27
19 22 25 28
20 23 26 29
25 19 31 34
27 30 33 36
30 33 36 39
32 35 38 41

