256 3.0 0.0 1000.0 3 160 240 100

72.81595255170039 213.28705775186117
70.81930451132456 187.4680169621201
136.2322183002606 195.32402927344035
198.11405903762017 6.604829816456048
36.93952389408134 64.64731226247183
9.036298473619558 213.68526021166184
69.41138150054657 77.62741453686631
193.66489812693715 47.499278400840225
157.88503232652334 193.58033240793517
3.233988744928501 208.77488470016664
139.1132158107112 196.56069783342988
184.7117512238589 210.75371750491598
124.23511249169015 133.925162925763
163.24679749137644 240.7694089521726
183.42703159279299 236.00440400892703
181.40341031918723 77.21067986664131
56.02579727593399 241.16897473411169
94.80453679172113 67.00685064048429
0.33835681947411156 81.03238221807909
168.24750458614685 47.41819400763608
114.63412898617901 214.58554710858172
111.30849455449216 22.97383143961432
162.57829869681277 37.66540719692876
4.059720761950436 65.92463413436991
223.5879815265451 233.07330304444713
103.95500919469947 65.25204938802386
2.6564347410505396 144.53120574980775
190.63109680970513 9.235039898151442
165.785692379213 44.61944706462234
0.11734588747169816 81.39905657572291
246.4576457960345 222.45556799650407
115.29455536341715 41.85374129638439
212.22362854197638 20.965087802321175
138.14367703489157 249.7814051024872
162.75302781247268 198.47645433514148
216.235339583939 233.0172276390418
137.79141884122944 158.5121305331062
99.57549578561061 211.56771041444455
99.20762823664364 215.1590310656597
171.823182929434 227.80219321600404
234.46850054336178 193.34514560318203
144.70613791432308 17.754348326753792
215.8613381254438 162.22880432433593
30.827241068774295 127.18953424543089
225.3970533594962 48.81411426541701
114.71308863580614 22.492275411028245
225.90203684332934 112.77495674295143
206.64317974266243 205.266564378435
182.83003722161516 249.18904080787223
62.53723772725722 86.69512716568894
207.5754915115741 87.97568308516404
102.5244332148737 229.70638265429693
143.6246134270227 145.0643110281955
242.45675698815188 127.19676075263794
6.427547964020841 4.047069574060563
104.72958112883418 5.051653549967034
34.352287024997125 108.20303757004294
13.794735870832353 146.04196155998486
4.374868330862203 139.2827533401636
240.50072799881409 104.47574266654868
0.5337694109306679 188.79509868511374
205.9723175269996 87.40033724807516
141.62194809658968 247.25601936001573
79.17921546130724 165.61002438362632
125.47416762613503 101.69899960960568
39.6091919854695 2.254120961812184
219.62685536606014 83.39592822836079
105.4131789839016 128.12957826755488
65.1135912300122 168.49414014311938
221.57896422386673 38.1507635361544
61.34583195042811 221.36450891137636
13.058054935237207 191.23065034892716
237.53206685343048 28.239799761538702
71.11147232124121 202.39510465673007
155.12089609474697 143.57903009725098
158.71852201754672 110.671691202867
239.2248946548238 46.46064538306361
220.30151057493543 80.50344760976408
24.02355974534637 143.61817844300668
146.44039280464824 165.7962712420359
200.84482536618594 116.14325869939965
25.664562005895757 238.42872397432365
128.77959527264025 111.65627615334267
3.8250239543966558 13.16481399476177
128.7978665694692 233.60077774193985
226.11143448910013 198.30352068489356
62.79889078252027 153.35023373907472
207.46055344875754 98.94120403407436
27.091977906986862 153.01942763367043
128.20637037048147 188.5298944571519
26.715209537306134 129.5021668878843
238.53549492606743 37.67039185278251
177.9550253678487 12.187100524953587
115.98899109941641 170.02216045100903
28.552481541233217 147.78480106557396
211.71030425377128 125.83508023947348
72.7737754531709 118.96471810078054
44.359100095545415 248.8988396809518
238.20372052436323 211.44272061906796
157.64071629052378 147.68367868603062
12.142118909580113 178.69684061308826
48.85967395776131 233.98538573513105
173.94674494267176 212.80190437875908
110.59254255578233 236.178577577039
23.21844223353853 204.58377117703617
154.17745751395432 211.5327421376995
232.5084935986109 79.37241718211402
48.58833530723555 226.83902623012725
102.11943308014688 119.01381482125001
17.67826035031278 79.41551280708306
154.00236374818004 99.44863895088632
152.1343900737854 63.671347095412195
48.97483485828224 75.6637479747061
118.42811937755293 154.5315965242515
89.95028524289067 180.26218433959923
59.77154252072117 179.35860081860275
136.57602376286692 206.2933338495648
117.48940599708988 35.582227724667845
104.36312452709478 55.78936788111758
112.11100728073912 197.21342829466053
121.23490477117541 112.97638249477654
128.2360693660139 245.26165435637353
141.41974956015193 1.6190468118885137
232.52450840790723 179.64279322263283
191.00461671925729 33.16015859076721
195.06663432808176 161.67314920933268
20.924999731838284 129.96436014424006
168.5175581611529 21.219862006977813
116.54174942320691 51.40886554560803
177.0246779875457 131.39837095880034
180.85245515315833 157.14624929785398
117.36034240894038 53.74591816583188
59.796154186676695 112.34353207513553
24.929479744520783 112.06143522872198
127.0526281315108 49.14475540812288
3.3313702883332743 64.2773296492046
80.34764795650412 148.29757299702592
32.24083447577525 225.43400960595076
177.46063503268314 48.29455211744496
182.36926592509755 220.23680686889915
210.62401813436702 230.17110862908453
77.72103885132908 80.75908354705444
245.39932908406354 235.18313258225294
14.458246158923549 112.08234319774007
249.50458418296648 48.93355946214825
194.25270739802772 222.2869689860344
12.28787146813623 84.74277753704435
103.82927508509599 166.85613499758796
198.67818809594425 192.80389792997522
62.50146697966733 243.96204683541748
206.68761930798738 116.1025790190981
205.8261017889609 70.11803885553164
139.84281458000407 8.162249320101594
52.68207572794326 127.53973357754869
195.9614859808094 48.968405591214456
29.810135686316574 224.4250477476967
102.74662640706947 113.21569236907311
129.72375678260514 50.727674084246885
245.07283654598768 195.52747233493443
241.43662522000932 37.5478264539123
248.0128139515398 231.33426169094275
131.94457203890366 0.8538984115670778
42.52864889219679 197.6135026179535
127.0725113960468 216.4620299036828
239.30016575252628 2.787196327133812
21.334432415229976 5.359670210436845
36.56819659478733 69.24964901549468
57.80177642865633 142.68240494044198
37.53500920812683 48.027897887442606
132.55685787248217 215.81711491052917
140.88274910453057 105.14314786230372
62.583378994871126 0.5072535959253499
206.18488222630853 207.01500792309224
132.72840392358265 61.73545265398781
103.84936344963447 167.90160648812443
222.30150898107715 71.99441512406096
80.74770277694826 115.99438388020239
5.038551167446226 18.449517273939204
190.5486359229806 143.09357153440854
160.5675813288882 133.54147697362785
146.30169023865642 97.70406683428803
86.02583481947798 34.369169772606206
148.79362134589408 65.05413454826359
228.83286247757445 12.473976629098022
49.72559222564957 36.02541534387713
151.84218386212467 45.37290477338096
25.73543970017894 24.563062554766645
248.99873025642242 55.81174501068858
94.7359098613342 99.82667561018307
21.234233887280407 140.73499974186225
42.20719811973461 65.89002572576061
51.58883797953217 140.92544807378337
124.47725555395408 164.34537059362745
213.9591860819282 28.26964737498014
89.41132565063442 187.48855777136603
149.97959199339903 124.17188490124259
8.904415371681711 15.66175703861472
11.867809119227108 164.91686136137108
175.3560288830951 113.36901891765095
0.35456352934840063 130.05832033476457
238.2213823153385 103.48034695057987
212.81110512934993 215.98054096185422
188.59260486836166 164.495346831063
124.17385472632783 122.06133754478846
110.69477163186653 25.956903742247878
205.05647934164975 91.45638928240263
34.34627380637567 237.52994375400522
231.4013171513136 65.14590069933612
151.14124192223423 158.72905993416555
165.77172880299693 138.3173226318881
166.8581711794735 63.3525119146768
208.63610624947827 35.435262090449534
124.27748674415201 203.38288668740086
241.1077057349323 147.6801143575005
185.72752181414378 225.6169091091662
236.77966094976716 246.56901947751695
217.21070584821192 69.56854386695971
192.75186732282623 157.4851081468094
83.9744920759102 92.2109961299571
153.29807503198862 181.84106239249104
236.20723644340802 3.397135017032066
50.765455440457266 51.10815469527746
193.49499076504006 203.46616543828324
194.74118033167767 160.91752717568875
198.54470827174046 105.76779470956669
235.09272541789704 25.680584364003888
228.37284332466822 78.74200524438821
140.02263855853437 86.86341503392303
151.77131677203948 86.4073594766116
152.95194806895134 9.251468963325433
207.238773186139 54.47027221103437
234.7795613600608 210.9150563851904
122.68381709147208 32.59965617965871
177.37834802310073 33.2344928271118
129.9852906693314 224.74242474728985
182.4385662078846 166.26452154990648
190.76025321293267 180.14528024944607
165.6706727430678 103.64780127941577
0.06166691291797921 6.288201581633734
71.08347685651928 78.79595420755703
228.88108681315452 66.58039275278654
124.33542322962226 19.004740430878353
71.38605396934797 71.75162336231067
186.86617253529303 167.96007369444814
107.13944252886198 46.66160537381334
172.3367222646651 18.16336667089255
197.4363737302444 83.07040851044015
112.00658256508547 248.0201914960198
59.23984914710756 146.29809152804825
66.08620467185003 208.3418724491814
17.091270342083686 82.33718160745082
140.18420101837293 25.295826863367232
144.84973237919394 233.66163023229876
14.247642887366519 93.76605527343571
162.65489533525823 9.717033146509763
99.49195152899797 62.24845552787767

69.15933827345391 212.84355406627856
69.6703885280644 190.46566153955106
138.3747067910152 191.0894156387563
201.58839821165617 1.5304007082083126
35.16167617664417 56.4779635333475
7.156496431317272 211.18557221613352
61.89587835793295 76.94246919036036
194.64054608314322 51.62219949623029
161.2162045095875 192.0578706119554
1.5872466057156587 202.233305929558
143.9787443015288 202.40299474513643
181.01033848680132 214.12382601676944
129.51987786540053 130.33461128523786
158.5919069347937 242.01223464755975
184.22152551565716 231.89305645476387
174.71727327923864 78.16923484148194
53.72582495252695 247.39339098538719
93.28849192654795 68.24157530160404
7.896705579488961 82.80214438550526
176.35303408425128 48.09826506747586
113.43661921200807 212.58488548444828
114.63687319392035 15.711115087635259
163.1438673880116 40.78486632666109
8.473677717947492 71.974282045031
219.60591480625212 227.07509794013828
99.65270332960779 70.40176404421611
9.816477422953385 147.6863427319185
194.0050852971733 5.1873217575389425
170.7078735577557 43.14290501704304
8.180216296283959 83.34105555862436
248.42965112554617 218.233266354775
118.7075941990301 41.208612790312074
210.24221994230206 26.379309349456843
145.39008490007183 246.04113059678494
163.33252738317472 193.49710012322345
221.2212617907282 233.50873333012004
139.77929864122072 163.27898175093765
96.67744836696914 204.24521575275247
105.80403472239084 210.18590452456664
166.70266227038823 224.6677288055779
236.57420713696771 192.50508697581463
148.35601023378626 24.440844425990786
217.52557694362093 161.54860790915862
32.460392672780166 131.3074385757145
225.6269234929861 55.50268517035101
121.2040210544677 25.38683429982602
230.8637534928039 118.90876198777087
207.60392468346646 197.4217771581615
179.09507957306684 246.53160539375455
64.1912482221165 83.91292575136389
207.01678236107918 85.42815547896532
108.18674877400255 228.01609018919046
138.4580894294936 141.65465943521906
246.22114409528763 119.68508316142714
7.076703462378264 8.43997624280951
97.27852574094142 5.644155331607808
39.26687331213116 109.50979798491228
12.562020261553537 138.3601812870934
4.363173402448322 135.70460946630664
232.63340274484443 106.09181304349943
4.482676373906147 185.15681548248284
211.30161298342517 90.71853029198665
142.5334800686569 248.74039582344196
80.5035047556692 165.46968358084956
132.71007676730412 97.9703179648001
33.11651283416858 2.66241834985137
215.25637950611508 87.45467963944358
106.78967804653838 128.45964344019524
65.69431665089331 162.28763992472955
224.83279601040852 41.758140358481796
67.34459689022917 219.54612734208027
8.422533685244844 196.21099149713234
234.16005391722905 22.070726444281764
77.39912447204381 206.57162302517838
155.74984767645967 142.82147942850972
164.26327782218735 107.99973046595976
243.52181945918542 50.43282181004521
218.2563448710974 88.49723478775434
27.587484411277064 141.96472559863494
149.2305754046638 161.12754324264768
197.17715303974768 113.08827181182643
25.18949761391501 238.1642604663827
127.44316485738568 107.58709537269287
6.728949672287044 15.106866278696923
131.9290664839801 233.82665843474652
222.74284908884653 192.06877689520343
63.12421158312848 160.74148286893043
207.3411020818016 96.82735484197872
27.83067751432067 148.7987162217408
127.83392997494828 189.33681619665157
34.966679567662055 128.94401416718298
234.07852567908787 40.280098266086
177.47626714640379 11.942591885287873
113.04490138030671 164.94252676235197
25.83113573639939 153.6750986012126
211.8541552710309 131.87358242469188
77.8843167060965 115.97815028710656
37.75439350464194 245.61089690987725
244.35684596677493 207.91218771806646
162.32814691963674 141.90707760017006
18.019904251215358 174.54935100094968
54.14967830217529 237.38350924872069
177.4500703915445 205.85153232831584
110.32834782509504 232.2854175542809
16.541997625855647 202.7086057076336
153.28983953701487 215.34101584995497
233.76285379456516 71.75167858322027
45.861864122990035 229.28409650327723
94.16631769249551 118.05096602510443
15.415355367639854 86.94285666385699
149.22919808705296 101.69852645075619
148.2788089450198 62.511504698688825
52.17412364576496 77.6454183503897
121.4432770066681 154.16148720501332
91.87175377505699 187.20135596920306
56.66194841545635 178.32419752056828
135.63121871591414 213.99467996439193
115.26838685991464 41.985264869537296
101.75757790693355 49.24807292061775
111.93569850552245 189.41302996245608
124.032990468744 114.14014610949336
135.23862626148488 245.84867055002232
143.00808360732836 9.650168445859808
228.59637943112418 172.40765192564712
191.69950735369906 34.89192226387846
199.78171182295117 163.46923243012043
15.32609868095458 128.02983221475432
168.49002970778358 18.345249886371125
112.13363333448417 45.075907305837966
176.38593151676733 124.102227381198
181.23681292262953 149.84656847811505
118.24633341545021 50.08238586123445
56.0101901013888 111.38824616823581
25.907024930567594 109.66153515077262
124.58437237607323 48.08782240254317
4.290744059690987 58.0906019746262
84.88417063054624 152.60348273288577
33.71423563479922 220.58482341586094
175.10895048294475 47.135339798166726
174.50512186812276 217.98803098272705
214.20436937375283 234.5545443428075
74.41828220623172 85.4172778178117
239.9163351967697 235.32917106237863
19.182028997454026 105.2220976456018
243.6863098660462 54.21505666628998
196.85490415508033 222.0527792829512
15.712748294377299 87.23326009875728
100.20569545454528 166.8688631867672
200.17644275211117 196.15935509801076
69.56218656559743 246.84289727958637
203.9398142371129 121.95604937309881
209.86101743640538 73.32747923704724
136.14250359318513 6.039150986769048
47.32386820607254 125.08576972152335
195.56611889598614 47.01436536966891
24.276480590483512 227.21525885068752
104.45415487133877 106.61370439739842
126.28936764905033 52.52282129578603
239.78711814661105 190.2961024118294
246.95281452592315 36.203071920067416
240.78026361401942 231.82921962041485
138.066252113742 2.5935445592764337
35.39682623988657 198.99808346344716
132.68774918599917 214.4762737176422
231.0218608140617 3.5126222415440003
25.653323270846933 4.446476565831997
34.47437837896017 61.91474593245136
63.965569274122586 138.1337281173377
36.240786488580675 53.629973291242386
139.66919961053716 215.3935009924037
139.30911877372768 106.23879291930463
61.80528290000886 5.350830218527502
204.696374623734 213.4545429833314
136.12940337050588 54.36919693396525
102.0716623719292 165.40282380389223
221.24259308503554 67.18797237050913
81.44439802625101 108.13395883441046
0.25749331850519197 19.999751359290443
189.25103170893982 137.83400439542882
155.09027553717615 136.64862615315863
141.0741472719262 101.26495433020597
85.37552687221603 41.18845115554043
145.96947422604657 66.53887619874175
227.67407289131853 8.872842764039934
51.3414577456906 40.659433580733236
149.72492427154944 50.12586398566077
24.923657861010557 21.812241850892256
249.79620969034056 59.55802716648301
101.49074300068905 103.528619297128
14.165930775457248 136.07534559181886
46.05563735374543 71.010230755615
53.327632482716105 141.83826462296042
120.2466166251468 157.50539126961442
217.07678693128176 35.54201558144113
84.43713580745948 184.39096688725385
144.33207486410046 122.54691302346352
3.410985069898481 15.123560575367762
13.776557382439659 167.93379608676932
177.70292461498792 112.89015367567055
2.0266773584219355 130.57020914077762
236.75349824539862 110.60225624700851
217.98971776988415 217.60169612790287
187.19445966773748 165.55160055957742
127.10484607265565 128.2070636321771
112.52963223220009 18.858695813828014
203.0037972048066 94.85396973693736
35.631936009562935 242.92776455614202
239.18221396844717 65.05490289670024
156.3088475674541 156.37340190273628
172.08303776007136 134.74288135531398
168.86261466845508 66.72116977311038
203.01606112828927 31.68206629208223
118.95908233246195 206.2119691677953
242.8029535638176 142.14734942464
181.69948028057215 228.40214014094505
235.5195096162252 246.2090007988131
215.04812551474194 69.91862756726402
192.00167739936444 158.8148323519752
84.23075692362447 85.65429770999793
157.92488804296732 177.5436983865509
242.91822871619232 3.5570062007491963
53.652714635815165 49.30308357281793
188.11696583558876 198.21534043305485
199.0510854361839 155.1573174764812
198.73534976000693 104.20863037440547
229.87814412592004 21.62654509989892
232.78043286281874 85.52713892403615
137.12204580880248 82.04701624012054
147.4420844052838 80.38827690780475
147.1641567313228 6.302794366405934
204.1632841055214 55.118265356735115
235.89591341488722 216.58274348550734
130.60768964893705 33.86621487161223
177.31695686491102 30.83515830394587
138.08175583210928 225.88088335857955
182.4167936691159 172.03895376961475
190.84981459753047 179.16788669277406
165.932829628039 96.04782412905502
4.967904850694177 3.2778608740998694
78.04237958019309 81.55819609229754
225.37244724518914 62.45449157320992
119.85669815865275 20.135733275917527
73.54505359425909 71.29170464074045
187.99490103721763 161.7426647213205
112.56069265340757 49.69289985729428
171.37627665871406 22.239175609418933
203.8435333511135 88.15357894785849
106.72832300448817 246.96707183522074
57.10436304729935 145.4784874978161
70.95551218999618 212.24555228713666
19.432827645241456 78.9260557240896
133.96623072000273 24.451128771223658
146.76174480708087 226.3840137314152
18.16503982462414 87.0130194569634
160.72383090727828 7.311661643277984
93.80120214649679 56.33378494751837

540.4
103.2
114.7
72.1
1201
216.2
34.4
720.6
144.1
216.2
324.3
229.4
229.4
68.8
480.4
68.8
86.0
77.4
216.2
103.2
1201
260.3
8.6
172.1
288.2
103.2
77.4
864.7
1201
260.3
129.0
172.1
77.4
576.5
129.0
51.6
864.7
432.4
1201
172.1
129.0
68.8
1080.9
1201
258.1
576.5
143.4
576.5
216.2
17.2
216.2
68.8
288.2
960.8
540.4
258.1
216.2
260.3
137.6
129.0
103.2
144.1
288.2
129.0
17.2
17.2
600.5
17.2
206.5
864.7
144.1
86.0
960.8
480.4
8.6
286.8
34.4
103.2
72.1
432.4
480.4
720.6
154.9
34.4
137.6
34.4
540.4
324.3
286.8
286.8
103.2
8.6
206.5
260.3
648.5
137.6
68.8
600.5
432.4
114.7
216.2
103.2
864.7
1201
86.0
144.1
648.5
68.8
288.2
720.6
34.4
103.2
72.1
51.6
86.0
600.5
540.4
600.5
86.0
324.3
288.2
8.6
216.2
129.0
229.4
77.4
25.8
114.7
480.4
17.2
288.2
172.1
68.8
260.3
286.8
68.8
68.8
229.4
648.5
960.8
576.5
206.5
144.1
720.6
260.3
216.2
288.2
144.1
1201
229.4
864.7
129.0
288.2
960.8
51.6
288.2
8.6
8.6
8.6
34.4
600.5
34.4
36.0
72.1
129.0
540.4
432.4
154.9
103.2
720.6
114.7
51.6
68.8
34.4
258.1
960.8
576.5
432.4
103.2
172.1
576.5
206.5
154.9
137.6
216.2
72.1
17.2
72.1
114.7
258.1
137.6
324.3
25.8
103.2
51.6
144.1
129.0
324.3
144.1
864.7
600.5
17.2
86.0
137.6
172.1
34.4
432.4
540.4
137.6
144.1
206.5
258.1
129.0
8.6
172.1
36.0
206.5
103.2
103.2
206.5
34.4
288.2
17.2
34.4
540.4
480.4
17.2
1080.9
143.4
432.4
1080.9
258.1
864.7
260.3
137.6
648.5
288.2
258.1
72.1
25.8
137.6
480.4
154.9
17.2
72.1
216.2
260.3
143.4
17.2
25.8
68.8
114.7
114.7
648.5
258.1
72.1

8.6 17.2 36.0 72.1
17.2 34.4 72.1 144.1
25.8 51.6 108.1 216.2
34.4 68.8 144.1 288.2
51.6 103.2 216.2 432.4
68.8 137.6 288.2 576.5
77.4 154.9 324.3 648.5
86.0 172.1 360.3 720.6
103.2 206.5 432.4 864.7
114.7 229.4 480.4 960.8
129.0 258.1 540.4 1080.9
143.4 286.8 600.5 1201.0

2 5 8 11
5 8 11 14
7 10 13 16
10 13 16 19
14 17 20 23
18 21 24 27
19 22 25 28
20 23 26 29
25 19 31 34
27 30 33 36
30 33 36 39
32 35 38 41

