256 3.0 0.0 1000.0 3 160 240 100

239.8492007362823 216.73976142598931
240.69236754277634 39.15382421464375
246.35392381042345 10.73646954892099
134.67111359148504 23.78400339217604
120.47355329922057 188.72210235156294
75.64961826627662 23.881634109904738
135.04557540990018 92.71626210267084
153.19314441609768 64.46965777305245
239.66254288242857 15.418492765779057
151.03088355456978 249.20914209087215
235.9470737987954 183.81105322749752
61.83334880705696 146.21695548995297
165.0235532738123 191.74579806039597
205.66506834380002 215.1653052837505
48.96266421539755 118.87812385872334
99.8171728819088 145.69506345605248
29.38092869457995 130.90970150001488
120.32873443902398 160.9422435671057
138.01646156783195 112.89536530909236
148.9789264242482 18.29100385813176
241.3907685771175 47.10496578503154
162.30659344267394 32.35867318707261
23.686636733141558 170.04263906084827
128.07594998449144 17.798866754852927
131.64235017085156 224.05470383275508
159.28074025683895 129.33067769652035
120.05770366998611 4.355809179090925
117.72668246060181 96.62379401924903
130.41501381139577 94.21937002141095
35.95473518286219 94.80791603890215
204.53740468475232 72.78500986347599
141.36104451317644 160.00903188282805
14.38018853075712 178.07509465052527
205.84640286808002 181.52056521793864
146.77098412537435 246.02490484985486
72.35080904251696 15.76441583604779
183.56353520822285 17.194570528201087
94.53468647406667 62.60968210986281
16.43227347580031 153.05437168617235
41.57466256326828 200.9694261482188
116.62865488451118 82.87060778008873
188.61044995771036 125.24676212339503
9.743147044774414 41.5025772437469
196.34451550033532 148.71836954370096
20.237068241763247 208.8401977405222
219.20321429561815 30.23631679921354
152.6913918580559 210.06161419490863
58.33725493597003 242.6484859535244
132.2664414866261 179.8612990764928
12.001024589635339 194.9135493517117
220.63673522275576 47.15800801997042
23.532266685435843 92.63544826243405
180.20134797206836 69.79677209126628
45.766074773915115 32.70238672596057
179.06009020184817 213.47791746039945
157.84863854367427 43.072885291214085
140.9351482118451 185.64959123397816
92.02178318219137 144.20738438427688
172.72438120926643 27.82431098233107
201.92953429274206 163.6033421877129
227.82899054351853 246.21649447405693
237.56495703889996 108.55608277057071
74.55833235465786 170.19551297262134
59.92365684590334 126.48900331286467
224.29659920943385 44.323005318421124
7.034827729400062 121.33534228661618
124.826199658532 212.73901656695136
42.45493898245719 56.43825840994063
70.23207848548252 194.5894645130888
194.90132435193848 50.43339631293081
30.50366509322083 142.23749388722823
151.7104786456814 246.43671829077735
31.20214918294728 36.2410019141404
215.3665649843429 199.9956395264136
211.74036281534796 170.56857077721665
187.89229194549344 59.7824495763232
155.50070605433362 189.93459797572467
25.403541791326035 19.682893137587946
72.6307484568903 180.5328439206248
218.77752639446115 39.91485973149395
215.16534299526947 74.97941859488607
64.28841043346567 206.43031626008053
86.59303541533791 226.69261431969272
204.53193782571765 83.97469459480183
215.9175655035138 129.67691816621277
223.72156919034046 147.09801755168672
229.22500400734523 135.88002848483387
224.63619875100196 97.40569525426248
124.34507497893857 173.52597023904744
240.30852556371067 208.53985847281953
205.63351671866678 155.09789105297298
140.64556740370963 128.453528030212
243.59605685213765 11.074335664909313
29.963822230804738 173.12894652737734
115.36136652103696 135.6231430360254
196.42415493148712 225.88545823337384
43.043532562061365 193.12917037262113
178.29541491664773 14.423756706576224
61.18076249512042 209.34784059533789
124.18350086930639 93.90953474789548
83.42854224505972 145.68060432749692
79.97152576196764 15.88860396617886
99.97002911718853 90.03637333294421
241.17535416151384 78.99077703900292
139.97576559514937 198.50028343606152
23.536653100104747 248.8078390485655
247.1530238284472 2.469444286767042
97.35648079370254 97.78605702338893
196.35431343671937 5.3142360532514585
154.82208962526715 76.67486143405681
86.52454032826148 62.3112963375341
130.04230786623194 109.10556686003825
167.50207988005192 109.04303177871662
210.68207977638326 66.7770415378641
109.4504014937338 240.00392427697525
172.89216835754678 13.49379348824764
139.41505991565532 182.2644359020654
171.07856167158351 180.30873411908772
212.2721470775368 6.4655156061777515
236.20208896560374 142.23494351347665
163.17064616319706 160.004854387338
197.93538580696003 56.04297753010248
39.28716574463684 117.0032592524839
3.6844420855063342 73.40666687912778
125.51357877965893 29.26382317584436
117.25290401047262 126.63855245062258
229.76785103594094 32.425497609711165
32.35411100412705 113.07328548015947
53.01077204390417 0.5692154452325571
25.88394283252951 227.358187497572
4.341060565181215 68.75998365619957
145.75137486833177 234.93496635242968
231.68901533592248 76.2979697759675
246.7417608188099 62.536053892294994
26.070637451005712 95.78491058337177
240.7075947969272 206.59579702445285
172.21256334486839 194.72867045749564
98.11074594939318 186.3126098654108
10.220595040945108 121.66053572617585
59.672390244195626 206.08503485073265
38.796956810231045 174.31760323079584
134.63940394256497 159.0341410905778
238.0348872197091 49.6910016355942
207.3386346794197 2.816836312811488
130.03781107377372 45.69207030871036
101.9390600268649 75.35192953330602
47.478070311297024 106.54887434670377
30.69269835502056 96.26442720327383
146.97346470181523 78.16242690275735
204.06407756905003 228.73108655221895
3.103419358983089 173.32262713830312
216.93960663086952 220.81481649162285
155.4517849938708 14.197184624696547
238.20477252573193 223.68836674723028
163.86377060858516 84.52903577793913
190.69179218862314 212.5615502546372
224.1822393386815 4.344532936598144
179.3565161541841 153.26573318096322
168.49283565351806 173.28064015609542
16.41718450414345 247.54224646505105
82.87145544536776 107.61435762859544
162.28394214992184 246.8121365452848
143.4827779250528 109.17469914238828
132.93868816695834 127.98349479532217
245.95290662079503 7.109978746392964
51.53509157220124 2.833987703433516
88.15649965368544 84.20940845404706
249.496830630228 49.27548852870578
61.82252486087727 161.6375353251649
174.0598153550337 169.46131148504114
13.797344583844573 58.758080754565206
123.33356007571372 26.13882546467858
165.77937574957284 175.69504953295302
67.48743707045848 205.2629853452388
121.9243668430188 25.221091658493457
120.47144983345918 172.576420001399
241.22593457207705 205.45911692071556
140.39413306538972 41.470751226723
33.71769913492875 149.09761817938605
97.87182060250016 233.38869671341718
153.941149131105 180.29284467318055
103.78610296720217 210.45667486468466
21.08492799244985 174.3069288197964
52.41035911399081 186.79792195333337
142.09876317662767 58.2537033484099
32.00695737132461 214.7740040875586
15.650421537696385 220.37751935492307
170.94083220899606 88.28832648676766
49.62793591341971 182.4245222949724
122.39467516309105 228.27858880521543
218.36691279559724 86.36493518568584
60.183765445141816 112.59473652377802
187.63931887922556 10.297058903559892
230.24291051166153 44.802992526246726
212.80298448416167 89.04843183567512
60.84643419553612 239.86781167636715
241.14488979588535 96.89962627084897
109.44897402805131 219.69564559956248
43.76827165276354 64.33844466932031
96.2005581972488 46.887398287698275
51.62284976256637 13.462514877929237
146.67112722896331 147.98794827473932
2.4950226953428523 6.449707566594077
139.31280346060095 43.83900287158701
218.7119166515513 97.15228681430766
229.3304332397239 45.74300686913496
2.9997327176972677 215.89944263707653
201.54071376882976 27.53777073060132
183.43910316082105 171.25129388780002
164.76661727916309 55.37607547422632
233.28852774747207 117.07031094900772
228.88926726463518 168.89249333859053
34.096778220876615 26.380022577623063
181.30170693593027 71.20209376239214
246.01519837643534 113.47228353055333
26.557106162618084 167.43654434706886
117.3227971474189 131.37713291156274
122.51486281700893 117.44879977749939
101.2264788461931 25.74118054099847
246.12174896337413 179.4715587560415
213.33311481324154 126.86349630407109
16.93510023391609 34.685494191134566
12.878204411577082 118.07175141388169
243.16202250552354 241.8678751423923
22.339212010410307 30.91484596655056
36.669153516497936 101.55708262510721
29.661316692711825 193.9566479869698
67.18352976475245 243.61258868939677
212.51069876848013 231.43674832691156
50.354580605631526 150.38922484608676
74.95477580591992 0.9885652758490904
83.35605393778914 93.03767408837955
231.55847198552357 96.40026622549291
144.91795674829396 161.27631777877696
244.23089774706833 6.4795693522432805
171.52419708164004 207.22420571549816
3.112473265197618 55.673729719192686
19.24900314927594 237.79356151089604
222.95700963536132 203.88609585832822
17.33552450899034 40.06919443624102
215.86376050698019 156.09905808681185
42.23172183581572 236.0447383619041
125.15236033016828 186.2152756782175
59.26212104585738 166.14638321032632
171.48258434853471 187.33203980115547
66.21980515188523 154.4218436176311
43.91353061843509 159.45040258999668
204.2921378515307 148.13439062999979
80.68162837520069 137.805394063282
248.09000846906457 207.40219798496034
139.37152716633994 214.56997426986652
26.229991519075373 207.41553036068908
104.37908693644751 198.7045067042175
2.6780652843185204 140.61319607967056
63.55850315202327 61.28267736106216
105.24441732716397 147.26389727899146

238.94565173374298 221.39322943992096
245.4210119659067 32.78487918900913
245.357510965786 2.9632356426934625
142.59793772371398 24.730225048324368
112.9093604124716 188.01070889178067
72.02258934663053 22.465557312580597
135.1076403481872 92.08520439574194
151.47511058552018 56.629469145215246
233.45599506138956 18.235638015826396
149.80747787993772 242.2000143481333
228.5230724715958 186.87252987030195
63.93928800568155 140.75459979541606
165.27913590091063 190.49229503722856
206.71622611651296 210.53429192631336
48.21339613903239 125.48719935232991
97.2434051152857 152.77295208750317
27.722693161882887 139.15284749190423
121.57033018303862 165.7940428059955
141.4232459765586 118.3805539034415
149.81130469630168 24.358623273038617
238.02331888560423 50.41505311024555
163.56001142674074 31.708487080432253
18.711462160613728 163.52581812857522
128.22059136932253 15.25452044488479
133.72957394124538 220.25117436348484
162.70123502634277 134.70525749206135
114.08726036198449 9.534888497616079
121.2564570660949 98.1466095722514
135.92418160650814 91.7586609354839
33.25174880033335 95.06967014590978
199.1773437415479 72.6204380593789
144.4023387618631 157.43507973410763
10.737199206995813 181.4850951807165
211.65553949934343 175.86309763240197
148.56587622040547 249.5819660088748
77.3482287402403 15.325257097025341
182.36202040998626 18.043635355184662
91.12027334283077 55.38621666839119
10.522145647919617 156.99038293100944
33.95795507802288 198.60388730783205
122.99356278977977 84.55511531033468
192.7305710366203 123.51343905413104
14.557329864020641 41.74918121726506
197.10928580079525 149.03379841277984
18.154935697683143 202.3689427933078
213.9907409619936 26.520791746572765
153.2918884286993 212.31806232843903
61.17001935152794 239.1573411937589
125.04218969350481 179.97145794625567
5.132303387855891 194.8022513598901
217.93526697525024 52.54846631636159
20.549714460350476 88.04481373954553
185.53315159736715 64.28244564946567
39.54532209614628 29.769532401662467
179.7528040548012 219.4183242308218
158.25744906457132 36.81615134732713
139.9780034267962 187.40930146747547
86.54185034771741 144.57887656210906
173.73883972265324 22.362415180200877
202.2792751484627 169.84475601162794
229.80828844783258 247.42862360571786
239.49240702940537 110.22894931018502
75.12739367625929 172.71435712512266
51.9364239526631 125.37982184168231
223.07066663740443 46.0529615115898
6.807640940427461 127.11745823852513
123.69551294276535 209.84824956664548
39.45179459893469 59.90373417202391
72.62201475987565 195.7825436092167
199.22882896767192 49.71411463972294
34.93422173042659 148.94495499662324
156.9280178602294 249.7360873126041
37.54807348307895 33.434299819425725
209.14003347204522 201.75867123447864
209.53842191020044 170.60432697249934
190.51368358799854 56.652235909593536
149.3034638888324 187.5284055586184
20.143212188702353 14.88797331388922
80.40844430969652 182.7687872977598
213.9243310331063 45.36262728960208
212.84149071500207 74.34211073710917
60.889535839939086 202.18356046670718
86.26186290419483 231.9269472992929
198.4130991041393 85.61069910702653
216.2203798923177 124.15775888101166
219.66768944745476 146.68955932708255
225.93294420634507 130.24380283577173
230.1942945363525 95.24332047368279
123.16945940455085 166.60923632938875
237.8934740451486 202.07371485852806
212.49283049224695 159.14441942887834
136.81478966736796 121.61516849198873
243.98539356310462 17.509071928220987
34.752086428112975 180.07128612070625
111.95817389472116 133.26667195365556
196.25544205645073 223.52300677594008
43.83471376211648 199.5159730398615
171.56637512905886 16.055501632366383
62.079688380522605 203.11721262986634
128.60221606425372 88.9460000385483
82.55936583039511 150.5720633315811
75.71455923577564 12.778336146926
107.50636047542675 92.275675687911
235.50487977813046 80.7085809537687
140.05153378988223 196.65445456586627
21.026755276200404 248.51002108076432
246.5839160786773 10.589292242161985
93.34535766554303 99.74906352584226
203.94423433674206 4.543646374370075
156.6338773325234 71.71812723042275
80.52116101925117 61.16003105146831
126.33266156096526 102.61404012759007
170.57184195504283 108.42426615395748
214.73456376479257 62.03985785676491
106.5359278392976 238.49905041639684
166.4367863721843 11.478009008161788
142.65470018617543 183.50191170314324
164.03456176243245 183.18852603315722
209.33908445585703 0.37809380118400404
240.99355558204533 136.47300822917092
156.80817351076544 155.04130726333315
203.16403728822493 60.76483378397729
38.53977058243477 111.19973949862724
1.2348265432167993 65.79801465478467
131.77471917839978 28.738901011067103
119.93842117300052 134.27673523837873
223.53102502979144 27.29702625208444
29.101173844208073 108.29028742499328
54.15661851529507 8.269627504415233
23.67529036153454 221.71287794564097
3.210795130056898 69.48480824962918
146.58490092900593 240.02350853837157
235.01701070731804 72.97574312819482
247.41032219760305 54.182925087302436
24.129244393888943 88.343230782295
240.02283552539444 203.2750815607895
175.06661472956952 187.98433883547253
101.6147202411547 190.09132707134717
10.844813580634854 130.0270746340135
66.01665236670381 205.38012037856694
36.10523185390224 180.7722798008508
138.10227658877795 163.38490545591904
238.16986989526544 44.71565115825721
207.55959111021363 9.494165274167631
131.01738856099828 50.753940296907636
101.802781453465 68.61230372476065
54.641029489009675 109.09307329107035
37.317315681528655 95.9152674700785
146.49277931044134 81.40866420443285
207.56846853372156 221.20159777227852
3.608648116787627 171.253332937206
218.3237739164007 227.81884350815628
153.9310235411904 14.435503189914185
240.36856528626393 218.13549778778972
170.60947975878346 82.37200750427479
193.21808856939472 215.68680334609584
229.64973111073965 1.3868147415080634
174.96303478469662 156.08752880811377
173.88674543908306 179.35158387673755
22.984150480902077 244.7317591486907
81.97919320368985 113.82537677814256
158.9703649917629 244.87742841588766
148.7004683266314 108.8407855292014
126.8031802391311 127.01502357701047
239.18666865262708 2.694560392443146
51.03778978403434 8.308524093087911
89.73257841810872 81.0438102612271
245.92505723956074 53.20290482743661
54.263716728180924 159.5452631487794
177.41611998140024 171.4114926813202
21.45715972966919 60.93169757326472
122.74417784318697 25.30195614391917
166.24529639829498 173.20208089963162
72.4570726122285 205.60755673462296
127.35985221138388 28.834085512483732
121.93792436767816 169.69468481670052
246.13619124700236 208.46947842990548
140.88384534341736 45.59527702637131
35.004325020244 155.96730556132718
97.89798701311858 237.16907317235817
154.47125594590082 172.76082068348262
99.69604488797448 211.41004429563372
19.123262083955204 180.83269069813073
50.42061772765955 181.04675321276787
135.14679591018026 55.12674415468202
36.9034704128256 220.0115361674228
10.006042109539315 217.0594347622326
168.85465612073565 89.30961614046618
42.85628418284199 180.7870224548103
120.24640025955074 230.6658631609268
212.87399233798138 88.10185178927641
56.74316622212161 118.0067484979621
189.23144265317853 3.738666550418407
224.463782855369 46.05058245303847
206.4508537543201 88.85358243634448
55.668616801857304 244.94701229167288
246.4354560085917 96.24039079806174
114.93705042030456 218.26514576664994
45.71068204790782 67.69187060318208
92.39671077810685 44.29764423260188
53.98584235804246 10.128196780368388
147.36583561307626 147.37177565485175
10.506901306097383 6.822491420377524
134.18259970101255 39.51507551537725
217.10658157160057 99.15079605025912
234.43632562713574 44.79375221365026
2.4381135815443047 211.15833814916294
204.0950832894083 25.488015929751807
179.32399761356226 175.03773497996278
171.73715766759273 57.52030014164325
239.632223714727 115.21204492176915
228.88356914502333 163.14323216262886
38.68556331092249 28.769780754595324
183.8275103581095 71.75133726699978
248.27595011401934 109.79192367562321
26.322146678600582 171.43328720935224
123.56628990237128 135.6247524094233
128.19816562205153 115.16805058509755
106.36900405929411 25.04485861622696
239.95412287450557 178.09844792566636
220.1198297572939 125.7749614959672
21.173065053229244 30.974636483697694
11.747918830943421 119.50302766943274
235.99972481821513 240.5239952616033
30.117583210561293 33.14261057563103
34.10014372272568 107.39826900477995
24.701794446657292 195.85454347132293
62.84039760101412 248.9335924305832
212.68775709559506 233.25543278550532
52.451828880404285 142.9683640806657
76.82235265917376 8.493747748822333
86.47385438789787 90.69445089350151
225.40659875379544 91.99485073573666
150.20398185934553 156.12965795353173
240.7273165192176 5.49454035532565
175.65569827083692 203.4865843234385
3.880934389830004 58.89664567042704
17.25466742296497 243.3913326705722
220.48848902235218 209.30988720880742
20.422674720085272 40.966779238205355
210.42904350313796 150.89491576447483
46.42643278527378 229.35340451437594
119.66747853198542 183.90601943966763
61.48180762236927 171.4811568206649
175.42643574986502 190.60314700082085
69.50424074214095 152.2128903251492
50.3304985243099 156.85163367669873
203.21996700224332 155.80693369489805
78.96265995040724 131.92599885284926
244.32288324983816 214.43610156419496
144.8557956508987 210.9733307759052
30.857271114852175 214.44499363117998
100.38454455838367 203.18590847468565
1.3903506326429782 133.18455306698604
63.05809517437474 59.79883006329948
108.73980939603783 141.8149994098477

137.6
68.8
25.8
68.8
576.5
34.4
172.1
103.2
480.4
288.2
206.5
288.2
216.2
103.2
103.2
103.2
25.8
72.1
144.1
72.1
144.1
51.6
229.4
720.6
576.5
260.3
432.4
144.1
114.7
154.9
86.0
68.8
288.2
129.0
143.4
144.1
17.2
34.4
154.9
432.4
540.4
216.2
229.4
144.1
17.2
103.2
216.2
72.1
960.8
137.6
206.5
34.4
8.6
34.4
260.3
68.8
864.7
114.7
103.2
260.3
103.2
216.2
1201
324.3
8.6
25.8
86.0
229.4
144.1
216.2
17.2
324.3
25.8
34.4
103.2
17.2
216.2
864.7
34.4
172.1
1201
72.1
86.0
576.5
864.7
324.3
258.1
34.4
36.0
288.2
432.4
720.6
103.2
288.2
72.1
68.8
36.0
1201
51.6
51.6
172.1
108.1
143.4
144.1
144.1
34.4
154.9
51.6
17.2
77.4
144.1
51.6
324.3
480.4
17.2
720.6
86.0
172.1
72.1
480.4
600.5
51.6
17.2
260.3
432.4
68.8
1080.9
206.5
576.5
144.1
68.8
172.1
432.4
960.8
216.2
286.8
108.1
143.4
51.6
864.7
324.3
72.1
286.8
432.4
114.7
8.6
229.4
648.5
286.8
432.4
51.6
960.8
143.4
68.8
103.2
17.2
960.8
864.7
432.4
288.2
258.1
36.0
8.6
34.4
77.4
216.2
480.4
720.6
1201
86.0
51.6
17.2
286.8
129.0
432.4
129.0
17.2
144.1
600.5
324.3
72.1
72.1
143.4
17.2
36.0
720.6
34.4
34.4
103.2
17.2
36.0
864.7
216.2
114.7
864.7
432.4
103.2
77.4
216.2
51.6
144.1
68.8
258.1
172.1
114.7
648.5
648.5
8.6
8.6
86.0
480.4
34.4
600.5
144.1
576.5
324.3
86.0
17.2
288.2
324.3
286.8
154.9
432.4
864.7
864.7
172.1
144.1
51.6
206.5
34.4
144.1
103.2
68.8
432.4
72.1
864.7
1201
206.5
172.1
260.3
154.9
432.4
432.4
129.0
172.1
258.1
432.4
960.8
154.9
576.5
216.2
172.1
86.0
68.8
540.4
288.2

8.6 17.2 36.0 72.1
17.2 34.4 72.1 144.1
25.8 51.6 108.1 216.2
34.4 68.8 144.1 288.2
51.6 103.2 216.2 432.4
68.8 137.6 288.2 576.5
77.4 154.9 324.3 648.5
86.0 172.1 360.3 720.6
103.2 206.5 432.4 864.7
114.7 229.4 480.4 960.8
129.0 258.1 540.4 1080.9
143.4 286.8 600.5 1201.0

2 5 8 11
5 8 11 14
7 10 13 16
10 13 16 19
14 17 20 23
18 21 24 27
19 22 25 28
20 23 26 29
25 19 31 34
27 30 33 36
30 33 36 39
32 35 38 41

