256 3.0 0.0 1000.0 3 160 240 100

173.5323180815853 126.38610191434896
166.75744032720672 68.50819346717918
10.363392186807818 23.482381739835716
132.122572804625 196.5082587053394
134.844766687574 173.41425013585072
201.633253045326 120.28351508870894
109.88293991166536 93.95266485254594
51.97068332521515 230.93569230636328
153.27190049262555 134.00863058585335
56.40933545060722 183.23178206297385
192.56308398562132 240.81576407324866
220.96575096252155 46.12585181337811
141.5349865420503 107.57896995641373
90.97251841056861 130.5171334524395
98.69441652758154 31.69045099848422
77.96579734465541 163.0164433094175
5.102626621138334 116.95667036798996
171.8977636890362 245.4369325191197
211.19405107824286 104.77538631096228
72.07929670456801 32.17908594067709
32.54930513087617 29.192673938280844
218.88207389052613 74.35983677362326
165.04372467304174 50.04014451425765
37.721838692682255 27.719267028611522
161.13713610220387 220.2798091443251
18.909750063414528 14.786143653826855
32.012850172207955 167.27638924519962
107.8815007627156 115.51997262026129
167.03175448746796 87.04969285886554
111.57250633996954 66.70960916966254
6.128777702041289 96.927640440066
182.16922168253777 52.17568488389598
88.17737582614197 87.09521563300879
65.88778886514007 53.288987093765975
99.9893000302759 147.0451110871898
31.381263295499924 248.30996264459688
248.90361480791384 185.743078714008
89.9238444671886 239.21970671111163
130.20070578836854 44.821508946784355
47.91997911697038 125.51907397739886
242.18785651824385 151.65564815115297
64.99395589933759 99.76618334043508
154.60197995394893 24.53881563489288
70.92182758520649 50.7253183473107
3.646537721182952 194.92810247733274
27.427096557805037 44.981321541393896
102.19559611227209 154.50990031904865
185.61430121349625 185.66128881910836
80.43353328990754 47.08367804787744
124.10543680210834 153.3429502410396
216.21790236734856 163.0181908338532
247.88012015119122 120.04160705736253
68.22266840634333 7.3797231083758685
73.66162639109233 0.5599887843154017
177.46508393102903 35.56948378999364
218.76529242033467 246.18011911910241
115.7260985836594 152.49127590552314
0.7202672149178302 138.70812652088352
151.71952494777585 169.9481353056438
9.474847553598758 128.00596533970352
98.15465522279185 173.66585630561931
138.7076307772049 94.05689592939187
43.04507463281021 188.1225290012631
190.6949341766935 124.79899818416612
216.1176015875737 83.01157768848907
132.43939381107663 172.2394892398293
134.60709996268952 235.76896395748497
143.9416418162432 231.36061591394056
40.74441025782613 94.15823844338148
163.6998259635461 29.985449493850513
104.33851119884791 234.64449507458215
46.34774824987939 158.7985297293742
5.750550362152051 231.3971192981191
205.0980237629 85.86131400449773
101.28055912349085 84.49585389569589
109.56882653771949 190.1209988653498
52.183608857119424 9.989067246895717
162.21948595936232 56.61370638954227
20.28138482203995 25.10959863392026
7.622926368320626 212.56711273185888
69.20861055853445 158.44341696275
219.982876961632 119.78032554775189
66.91738710094153 142.3215826410754
79.78497160037234 108.34431864036803
227.13741634814124 217.44993562737363
227.01411492049834 101.28241156548418
22.603819508744987 32.072178122545814
95.06758117829655 218.73115841838484
91.33112075245323 19.01985366168782
38.26194460139112 40.632371542670604
51.483018736607264 4.1023655183165255
157.94063184512257 73.35407490772786
70.06942606676344 167.41702091979582
131.12149021587942 112.34015921219648
207.639501594507 19.743114971290776
40.232866889289035 216.45057277076143
27.122173425612655 81.89834073565422
45.46531558859593 172.81187602005718
233.24360208684385 63.58229974824642
243.5105473343043 170.28823080643082
240.85791779585844 241.08402238314298
238.71722788041615 179.74073668845963
91.69513307750196 112.41323027848222
109.38787476800721 92.19806028128039
163.1659184150137 232.52368214401486
219.40370019434505 211.1494758846842
47.47013317133772 103.50933228612574
44.13437707798629 77.41014997606294
25.220542382851903 74.63332848151275
109.01877210984077 197.87707006307383
54.59645866391219 216.0088758777062
107.80173457867004 10.386604121514376
141.86519418162607 42.318925507648956
170.29661058600502 74.45875214406084
176.3825827744495 45.11446758394061
90.3746787852411 81.23239702962879
6.902661005764893 75.17802750243673
18.022500102780114 60.383868718348445
89.26329383003277 91.55848960915195
56.923300736600794 170.61409261736608
125.55358043426187 106.57698743603258
72.30538005348791 78.3995560604194
73.44460981489057 114.37886230682456
100.19232631879277 201.63554592904347
5.0237024548954174 83.36640773061652
47.82671154845844 78.26321007494178
47.2020656708261 130.16979927898143
14.641575223855924 147.42799899337584
193.86991982974627 67.25906205533919
229.80618956211617 165.61133907435507
31.297539081731244 240.07341727810532
238.10438964538102 95.51415915277217
3.0238741572886085 232.01191327492356
50.60010033391793 111.23949375546707
34.94631785105218 179.68863441505454
25.112312734909548 229.11858731151844
53.17426843690645 0.4376993060632439
75.74976798535093 146.95215818207024
179.00907460260967 200.78770372463418
190.3878330858612 68.33686970765746
138.36536883859122 0.058021950453818194
231.6575646024391 16.491246712591444
229.83337197163522 145.20902392298788
33.49414789877006 228.28796678826595
66.05237403836587 86.5428641571232
197.9296749523194 68.41088776538679
240.04938325208477 145.80491519547266
189.153875699898 151.3862947831373
2.716294223628485 208.94679837818586
137.34141751580958 59.97701149416088
149.1057973675726 5.656730545344657
50.96680429208541 123.86943727221272
120.04102569686168 59.358667045779576
147.44699299362384 78.36622393544623
137.0807693576313 140.56491522493027
191.32990740263782 126.11676176666067
12.223109505739988 26.489504672463305
195.02464171516542 234.57054538868528
80.52959616247054 143.22297907865615
165.88875174290322 127.15983694643607
148.53562528108225 4.377518307760092
32.13493193998626 35.73095983881833
56.56490917201384 87.02131891072989
22.629761114650453 139.91275848057936
171.12077460215187 68.88468932909267
158.44097169697963 176.43859313944262
117.33772155868671 94.26149475158729
147.44039657996774 110.00831427686609
187.36672382941825 91.21029494584243
224.89861015381288 0.10137159858711331
4.411612487130734 123.75955087403098
200.3947376022157 122.13096188620143
3.283371967444965 141.0854286644546
104.179939244842 112.42042128405835
70.16754571556913 66.81282707273506
82.92409328998606 173.3607702236928
61.760216822642825 87.4788750590838
244.4986435340315 55.454933005783275
126.08564916496148 201.64037252270413
130.9824181239483 165.7360975833919
80.91974722194739 168.29226287534337
217.66220564356937 244.43147440639842
26.947551791072417 9.216447538927087
75.04932547677213 229.8770815845955
101.11815292389417 116.5243237096914
33.76761519004595 59.628344309734906
133.25245428198872 205.11468767709633
92.03541125368378 89.70950656008411
231.71981537855177 153.23764657636178
9.63469628096411 226.14534804305518
208.99113196593024 11.009583383687072
157.49530258887398 138.5331839705717
156.4424027106131 205.30626978220172
226.93843103224015 18.253975717566096
181.5869519106601 245.7067730701907
204.41299262381452 180.3377053639056
249.14269214145872 73.71431944722606
241.20680012878785 73.94915773655924
235.32932474489735 99.26539369101376
93.38050042186707 36.45119034996491
245.23871340519796 217.42196609494147
42.42448280922695 79.57664208549525
237.55232807524618 180.34691963323203
40.76879159930774 245.88932203295838
29.37836736178029 231.5060982661369
82.51680021182298 60.98111503977485
138.59021900387478 198.1611343119027
27.382646519596847 204.39155213410933
160.53220069941594 189.83561876473198
224.11929796628672 207.48439384158846
84.09319985115881 156.8226862984425
104.71223097942122 183.4305006963389
112.10171156247952 111.71607284491564
231.55214528132078 223.41140827915137
120.17764340895626 6.651741234064673
196.735351951206 187.73933579556342
73.47466130107738 230.83914689170996
237.48325697481107 90.10519099825775
136.45935318036987 172.92821429213646
241.38685919729127 143.98253802429866
57.58604341433199 29.256150976717883
95.02455909798587 175.20834270312136
141.75493694091568 134.44174379156718
103.81369096950766 225.54705142387388
132.3788910812537 73.07658288045188
43.65819804123597 177.07055368145
36.257637879742816 222.52960165220864
60.81561412755965 10.346647892843674
12.280386680113997 234.01959850772266
127.58657475264707 53.01301824050178
231.60396873920595 229.99863266678764
240.2390605632573 176.2405013983247
162.51197017660476 220.88900315220843
248.5182513119755 106.54401440291542
68.48659008826053 232.8953606417339
7.86800494788803 38.835946581454394
175.73497652108074 34.68416844132546
198.06907653052224 162.83986761387882
213.41499100933555 142.06801982344675
124.34083148302442 246.64675097506756
64.81293382461484 186.38777603595233
216.44543897170263 18.72211300946286
109.92561230070108 131.28151942547322
148.28205258244162 38.88467654410952
247.34712275399593 53.07859705231394
182.77870488042848 79.85301116679136
224.55953052845425 231.58457850976893
234.76488264383534 72.89172759541476
180.35404812678908 78.87885646792812
192.53080077475082 176.7356620578243
62.11592780007732 179.4336401258854
41.065960507125354 161.36266544588716
114.25536800928687 247.32566066302957
104.79949843769681 109.17618281461449
231.68544182892262 117.26139390451598
72.98603757166747 31.617903947548236

166.84932095092105 124.39344012938413
170.19918373389493 68.22711108201277
16.87632334305039 26.84307624550661
131.15677928312013 199.91226228550863
131.5567643755208 166.9124910227532
203.40016742831176 115.8933941743412
113.48788557763709 100.61932147326988
46.366315710002965 236.73357733832006
145.24924263791027 135.32436484164464
53.494139905020724 184.70800180331543
197.42670281321614 244.19476404490047
216.4084988142369 50.78755797818618
136.77457660081097 109.32020929844022
96.16615815059417 124.78081311477996
100.29865663718724 26.208814929780473
74.08168015748024 155.91487403786644
4.463692066758202 118.65855436209178
166.90662883170174 244.61377358404314
211.8922788292312 98.8564950539253
77.75103350752904 33.2831152099996
28.323954065771346 31.75141312441368
215.08355784327847 67.97070113171105
169.01695058910113 53.290905680515586
39.84309282720216 25.193317400317163
156.59388457216752 222.7398832515391
22.51621850469332 10.526992134242713
34.67230036711172 168.62075052134242
100.96961026113586 112.02451744581101
159.50167143063416 85.24820807483005
108.90972725472078 72.0003894615033
10.276281362452233 90.89371709121168
182.73737355003175 54.799567528608705
89.23998120025811 94.1580331000807
63.63046772372688 57.57068952082636
102.17268636327087 139.85320055660603
33.42675785630822 245.96051340989496
248.09343450602344 182.9022700646096
85.78395079549168 232.50461230398548
123.49127740971491 42.10919840897082
47.390285411082004 119.78277512418687
245.16018017814926 156.13467594156194
67.33547824884612 104.11931540347003
154.23675287339773 22.668066704060212
76.56105588644773 53.62672125470641
7.352756763286505 201.2028771395476
26.441071258312686 37.84834595421929
101.75730545919923 159.03119517913285
186.44918627864212 179.35481356293866
80.97945031074153 55.16179228925092
116.48421586035798 155.3188399902668
215.32325664449436 163.82415419113806
243.7025180957313 120.16889713877329
65.39147892067574 2.193863496826931
78.99612370329659 1.6751386252831235
178.2667372507291 31.90331299871524
218.49845371744652 244.8279831693016
121.29198073358283 147.24829143560248
5.745587972674576 136.67687494907543
152.57217285799706 177.2937736192739
4.356853977779434 125.84647464457474
100.16369135491074 179.8488676520523
135.9621521183711 97.74499814445922
40.0709774016221 193.22089172108957
190.70964862271654 121.59558252529465
219.04464199397242 75.28745514447394
135.2922393069607 167.4668021384169
138.50148211754117 230.12703679556276
140.3391144296444 237.68007663685688
42.18470142296543 95.09773928482781
167.27378881099432 24.10819794808758
101.4468624792311 239.29040459486902
43.93191209418265 154.8253998303115
4.085597960102244 238.32111097161973
211.5538146309394 81.09460250946937
107.4165093174987 78.96735487202055
111.42454268135074 189.84887998054023
55.71423334746745 11.062284837393104
160.23276014105633 60.858995085454644
20.307047041781658 18.676005130001755
5.266477374963552 206.65726329147574
72.682815352408 158.9265899450525
214.42385052213226 114.1920766002805
71.08992974025705 144.51788007941184
80.86881573668298 101.73660710784593
230.45944573129458 216.4520383807875
225.21788413292253 104.71071152876782
22.618482815355474 24.61085108960645
91.78622663310391 221.964535765859
90.89158123386879 22.684362311907098
39.442087759679055 40.88751487354869
48.70301102446054 1.4141132932324052
163.74893851580708 79.50063530483482
69.6797901248755 170.73563707534672
136.17224966202065 109.79856423365229
212.81616525162354 19.28488602582035
35.58685488235008 215.22403159727259
19.789347027483416 79.80484106924685
44.944989991407056 173.90642786610428
228.44545788549908 63.28185072984299
239.620962238374 165.10685745149104
241.3984278561877 238.273746694873
231.59440118003158 178.43605130369934
93.45914413367309 105.09439223060608
110.54776390398716 91.99218181643243
156.75148800730818 231.8535011315654
220.08071244182344 217.2162002074087
40.482735969367106 99.32982287418704
39.07881391698806 84.15557595508993
30.73050967479407 78.86049273903079
111.88780715373045 191.51840961469858
56.69911652504342 221.53073686593163
100.1947258399595 14.11355998850139
135.83957389188996 39.428080854703424
168.7556462020272 69.04781759388962
169.45401373322707 43.480738832606306
94.89748077111088 74.36265568806071
8.390105683620892 81.464552625717
24.9952960581597 55.75582992415565
90.62143466142045 93.38820414977802
52.7197847392572 168.0416557721455
127.5289547052408 113.26545656885092
66.26634769365297 81.98488484340346
77.23493431058156 115.6921199007702
100.88255904967357 208.10415036302714
6.0300432860152515 83.16734377923657
44.70866299626289 78.70663589673387
40.79517983069611 125.45047562195347
14.468169186694746 148.4999072813842
201.90163412335144 68.96792870766527
234.833606187367 166.48172065130146
32.25749458040786 247.7782298682361
235.40722587930262 97.7633371088975
0.4049298000973478 226.06555981971786
47.237377303732785 110.58312818969598
40.61813184516341 182.0447507812775
22.400366400846917 225.68793059045586
48.129060086435025 3.322737049393787
78.9403383032689 148.4632791556842
177.3631015588138 206.00687964416645
195.6180805661598 69.5374560111888
132.21412459616448 1.3042209650209469
228.8100817957562 21.158261616411572
230.26391812085524 145.75164162913325
27.81731480691191 228.88854829175622
63.19851718551456 85.18069430060002
189.91218119601754 66.22264547001048
245.19689380311686 141.84144167057192
187.32263140003326 147.68127894637865
5.374343419896427 210.75074455653848
135.92915326116687 59.76712936794859
151.36884904722066 9.176087094972917
53.44848912055333 120.94427916277067
114.33061786802968 57.544508463220154
141.15773925246538 73.21270026964274
134.94466178024965 133.87364743099715
186.92716640160774 128.95614633177672
8.584079983457254 32.23019217360881
188.45914219974028 229.55216066192344
74.28304873740197 138.78048167735807
168.8642792123363 130.38094369533184
156.25064844102008 2.953694152366404
36.002515172477906 40.47849874096024
63.55439902350907 91.01904324655582
30.26003161464297 142.23045992711636
174.14333986258208 74.28164101468008
155.51266800424187 176.54035139378306
119.71529094740022 89.19731982508775
147.7320437708412 108.95565643225363
186.33238691689755 83.6696980391284
223.4475464883938 2.351827612601137
3.8238368669228917 119.09201832039615
201.24966186564856 123.72484403621198
10.992536186029717 141.81958326199847
110.85277663289547 112.50454870384233
69.91786815907463 72.53476470473232
88.77994693533908 171.415154373425
55.17476230497803 82.1795623516455
240.85953104094096 54.33343205895494
129.8253495352246 205.61998095446702
132.5717685772209 174.0645051954939
82.99755401241596 161.89802162852078
222.0105928508784 244.64985330588556
26.20670740716044 11.941336012046582
81.58770094222892 228.9142685333391
98.56567727465216 118.13969073332092
29.838229048453872 54.14785318355123
135.59797656820135 200.88694070061578
97.96404835171745 90.12562228489257
229.9525075736218 160.06922076289533
3.764508519688292 230.1064137504911
215.76709604351083 10.244771980572331
154.66158428669914 131.59584269074443
157.24652503826127 199.59828444600907
223.61776567461632 17.48430034931536
185.36106462890353 238.942212959749
201.10245451429216 176.69435916282922
243.13553006271457 72.47581407972662
249.02401757334223 74.81852990931617
236.87263518740363 91.10873986055057
86.03727554982652 36.04768621305388
248.09566384304426 216.7772819234428
49.24754761147937 79.09239377787807
238.5025268899915 173.65592766635726
44.15442783312015 247.06456154639645
35.28883522842288 234.4109752156503
79.72585633658838 58.73227899632563
137.37457412318062 205.18100108141988
32.83935400468571 204.89602119052626
162.19755573306705 197.38575382859725
229.97584327513476 212.18794408357374
77.75456903095416 160.8517545902658
102.77164672184833 176.46362219361276
104.28509881833847 113.82351527016277
227.04306584124004 219.08082216367015
124.18789310661451 12.130130435013765
197.42010293861404 194.2317813928477
72.80227611786438 235.80007385006613
242.43554575339118 95.9245577017993
134.48157820496363 173.8641907771169
240.0908853781497 140.7925295315721
64.53626253672853 29.875518745941328
96.32204635887493 174.1308660507334
139.1793736425383 127.97869539152734
99.19926979176836 218.71524285599725
137.29721762866436 70.10440146195332
37.876368611311605 176.6681944256953
33.04765788032979 220.09643153191394
56.92357294421158 8.909691460171205
11.289202098317242 241.88692272458852
122.47667213031366 59.27436593178065
230.27385976067285 232.68275522779354
239.78721480823745 169.4402197067481
163.07340240606925 216.9931634155859
245.52448934266346 98.63421052709442
65.62026416123801 225.5280093678997
12.230234289881736 36.740658447164094
177.94635988737636 30.500689634182095
193.81371192297524 165.39201759978886
206.38658275379862 139.0485441684815
124.44634933357607 248.20877231417222
67.8526202392454 192.66917386216397
221.12109671660122 17.97536314737483
105.18546345235069 135.4806563487241
146.8923299021264 36.41293714386637
243.79663281983872 48.906659937169664
182.8358307868055 72.62855244654254
229.1309153687158 230.9753701621132
234.81426627503512 67.68369827229454
183.7375786649316 85.64712210007121
192.7772875451675 174.79696609238948
59.02946884000629 175.56699583882641
44.56084446329875 154.72454471573948
109.36942465932964 248.3477263853357
105.26468392535985 108.98602151026695
227.3568132728562 116.44537448925834
77.41383565390103 29.49869140727557

864.7
17.2
720.6
17.2
540.4
216.2
17.2
34.4
864.7
154.9
51.6
432.4
108.1
648.5
432.4
72.1
260.3
103.2
36.0
1201
103.2
34.4
864.7
172.1
216.2
864.7
8.6
144.1
8.6
260.3
144.1
720.6
1201
216.2
129.0
432.4
17.2
258.1
68.8
576.5
260.3
288.2
216.2
103.2
114.7
34.4
540.4
103.2
172.1
1080.9
480.4
72.1
216.2
216.2
114.7
600.5
17.2
1201
216.2
25.8
77.4
260.3
576.5
720.6
17.2
8.6
216.2
432.4
229.4
1080.9
129.0
600.5
432.4
51.6
129.0
114.7
144.1
51.6
144.1
720.6
72.1
720.6
51.6
103.2
17.2
216.2
77.4
36.0
68.8
144.1
34.4
72.1
1201
960.8
114.7
576.5
143.4
648.5
286.8
154.9
576.5
103.2
216.2
1080.9
8.6
51.6
34.4
576.5
68.8
258.1
34.4
17.2
600.5
143.4
86.0
17.2
108.1
51.6
864.7
154.9
432.4
600.5
86.0
206.5
17.2
229.4
8.6
103.2
576.5
72.1
17.2
77.4
432.4
86.0
229.4
480.4
864.7
77.4
144.1
86.0
144.1
648.5
864.7
648.5
960.8
960.8
540.4
216.2
154.9
17.2
72.1
216.2
86.0
172.1
34.4
229.4
36.0
206.5
51.6
216.2
324.3
34.4
600.5
1201
432.4
576.5
72.1
129.0
68.8
540.4
288.2
25.8
86.0
86.0
960.8
324.3
103.2
144.1
72.1
77.4
86.0
172.1
17.2
960.8
864.7
1080.9
1080.9
68.8
324.3
154.9
260.3
36.0
72.1
154.9
1201
25.8
17.2
154.9
229.4
172.1
324.3
36.0
114.7
172.1
25.8
86.0
172.1
432.4
103.2
648.5
576.5
288.2
144.1
143.4
600.5
864.7
25.8
172.1
648.5
260.3
206.5
77.4
206.5
86.0
51.6
137.6
172.1
51.6
36.0
600.5
17.2
432.4
648.5
144.1
25.8
108.1
720.6
144.1
432.4
600.5
720.6
34.4
143.4
34.4
144.1
260.3
172.1
720.6
72.1
137.6
8.6
36.0
34.4
108.1
72.1
72.1

8.6 17.2 36.0 72.1
17.2 34.4 72.1 144.1
25.8 51.6 108.1 216.2
34.4 68.8 144.1 288.2
51.6 103.2 216.2 432.4
68.8 137.6 288.2 576.5
77.4 154.9 324.3 648.5
86.0 172.1 360.3 720.6
103.2 206.5 432.4 864.7
114.7 229.4 480.4 960.8
129.0 258.1 540.4 1080.9
143.4 286.8 600.5 1201.0

2 5 8 11
5 8 11 14
7 10 13 16
10 13 16 19
14 17 20 23
18 21 24 27
19 22 25 28
20 23 26 29
25 19 31 34
27 30 33 36
30 33 36 39
32 35 38 41

