256 3.0 0.0 1000.0 3 160 240 100

241.1484674241059 151.9848110693609
153.43756866484318 159.70489598010585
1.655980772148652 83.19950691240527
248.32189918442256 84.07370981195348
68.13698174094743 233.62836375804596
213.3753367750573 236.54120275111228
99.97365900295236 186.1516939133284
60.70200707857051 132.13289367353298
64.53607722507756 209.2455992005571
126.61352113927512 91.95587873697494
134.89341859774822 149.25014200378277
73.43345291803475 38.18323561395165
149.9714083277544 8.249771161093905
174.7166069299236 172.5050308180803
188.50400436374204 242.31491316198944
121.96538280957631 102.30629613239917
226.20558285727336 183.66182380385555
243.59145810268495 117.95135886229808
191.40673002857838 219.1375536671394
59.05127164065516 247.96501803462834
73.86685881664945 45.12656072324797
179.91943498232536 23.909526603663302
116.58609573850175 248.92508553420495
240.29245997441714 190.37363015998025
235.71282379722263 129.2820364581452
66.5215854696383 131.07845906403148
155.75140039622354 84.33187028089792
130.78382213134338 75.48171551438068
121.23499079554512 157.96800461076162
234.82320485088604 35.18418497703499
28.41549625423001 169.87994493587155
9.062363239157573 135.62073316847852
130.92795774547204 140.94920624751055
181.5814482190644 219.64556701381622
165.81691136998123 198.50547530817465
184.3573053321631 121.58958853349964
48.655692392479 128.68663681943022
4.549617395016137 95.36665963877336
247.19238481749787 112.68659366063677
213.66998557387512 205.99414953989253
140.46708918790276 75.70920928857203
242.76319248847923 53.82793180023615
176.70440415739813 13.644466181330166
23.25468711020598 4.7609429063981965
87.42733281175941 77.27845658609456
169.83172712806115 109.67555261819834
145.12298326943284 204.3307224925816
134.90324949027007 185.88389069481067
44.45747444748549 237.85182670727096
213.63730382648367 124.83287026692538
132.00521141763647 9.893790209031362
29.78985682116786 79.67038733841599
168.59568175394577 92.01879899698415
22.49783695451685 26.851861559824552
192.69283121300566 142.16238110252547
53.76604348708036 67.60582471079937
176.2324997473381 20.84713998501772
115.65668519637704 151.60192625534916
155.20506724174277 93.06336389147398
165.64014770732567 106.41324962529494
123.38016848489875 142.85363821009616
234.95786693892478 142.8725748437007
198.1488651471498 136.61760179945773
127.39414539672254 101.02503248076339
202.18756882719097 39.737666760893575
145.22274013387548 17.187283238250693
174.6840674809776 63.37165867667815
162.25375232441905 73.0034727384743
165.4630529444863 141.60115735778223
38.24698331835083 87.73762518138109
196.18309557760162 145.66256806327485
42.59278486033674 86.58074614383268
99.49229743449075 71.26450396866532
86.99973376912082 8.324640925068932
37.619024694325546 204.83979253361082
146.23821233734355 197.57825940308734
143.62525454187025 124.1111346953159
188.09378312714904 113.08249490561111
205.04221401938258 236.6811049267673
78.34442936680108 72.93681853521477
100.79865158557533 35.745020606901406
208.17916165697093 167.2096868436546
5.040352811038678 223.29773648741758
69.48864778675915 18.504706665227577
108.66846928926283 99.66248459040933
230.4321392412365 135.57121910334786
169.62956902367853 90.58943294215344
13.452616410956658 154.4700189864118
21.293157161641872 215.70076750447032
49.58381537600759 246.07467532186206
119.97205332039232 134.50267372266882
239.1854523626439 156.03535201274775
110.48347289762675 36.52417355939086
24.87354453649865 126.92073474722041
194.8714868463346 183.28057652656142
219.9385843049021 159.24425087777934
111.79098629385106 137.1636722680074
219.75736749237888 84.68863870863753
106.64711885679212 132.01234880343304
26.879681511354196 107.22881842185075
191.8126106056906 116.34568082807422
57.84742097500989 37.85546514350635
42.63343624276733 89.97389134588212
129.58039907794713 220.80923047854083
182.370232685873 60.69910939872197
105.51145789422206 45.49226599487369
102.21205424629854 121.63948994894211
170.44869366954114 181.69406033757133
82.15560973918163 32.64934215822144
82.24712836092255 38.953012967549746
232.5600151446643 234.0211537776877
22.54348577756002 76.30343897340452
81.18086083414028 175.8188253074777
52.19275337680179 0.8263699707698746
225.42792883090917 167.58782267643412
43.107521979923376 31.390639341298847
84.74770463287872 147.499898961225
225.36812109647798 52.638478716556605
145.42119672787237 126.90720411440142
40.82262639926143 195.63649320965385
54.17093502624426 193.049460021671
249.45379964886575 19.13852043058098
52.87800473903026 52.15275691475735
225.95910894411708 158.09196872252264
6.789318181493476 79.9057930569054
115.28108935273931 48.126150131779205
159.97659449451825 183.57921244233853
79.36376965644925 169.58025903074
12.248752140716357 149.41998018974323
170.82347078070197 3.08524147085959
147.80051690481937 0.22190682361045155
202.46816346296404 130.1045405807059
179.42780997460076 62.41466767232826
210.86396365180218 192.99515441189027
150.84076848679874 19.849656828731604
4.811966610139661 80.79431655017638
54.275095488788395 183.600344177717
249.2066393314387 3.2697163395189186
94.35837119336787 48.896545721050096
90.79024238411282 235.12086584197172
150.8613511892522 122.53185347149525
54.295370460579804 155.52843116253658
136.90098886817444 36.41020669674072
127.59484153702785 152.05021060447376
222.12658169452686 246.32514611095158
134.32366975962475 1.2103353876092848
106.58926150576976 213.57421798285839
55.27420363595736 78.2429587846859
67.49472719496241 36.66487864054122
128.8055615741155 208.16470652337392
11.411424494265688 212.17730775162974
170.23532961234753 17.065991286298264
132.27667125846082 241.86394490796144
0.9961461918809866 87.09176347344608
147.59108603351376 211.62387487479822
60.00074676799216 83.80567595293812
207.6732447296677 244.2806947902917
82.49950453567654 33.10765244923894
2.611358758857846 245.85969283323158
171.56933105558147 242.37290140923207
53.45924776805761 219.02576226387245
29.777325261665823 238.83903725064567
47.73336473185349 214.27489795675498
67.62397353639585 233.94123155726356
202.4843478271308 197.34022052388445
137.0579280913448 212.72746068534616
43.32962586172717 242.00872154149496
111.0763292493962 137.34980039309895
159.39132386134162 111.73636951280874
3.830071166445098 237.62596884173192
27.522709931069368 84.88526499682314
73.08915243356127 77.28782107083684
240.38196924085895 238.4390149190742
105.53612553900236 3.1765588772282305
66.2015765768042 146.3062597482315
118.87930661741436 235.62749702260444
157.12959392249823 225.67489284839925
178.65795761711408 119.20547852860805
86.83043475817678 219.54064966359135
94.16451735900999 95.29292514221993
31.301858651401837 207.87259513593938
123.52857234729103 74.21134496602988
144.3060951496072 77.06586193453008
137.676185660562 228.5198689701146
116.0768272827151 28.485973711160213
21.58766250502761 2.7079960877526013
175.84951580261222 24.190328107983603
227.0880627929929 230.71600470834497
43.64887041490206 217.98697050192933
171.41697095048605 58.44175826465772
167.24563647224358 59.210670538747095
142.55697429863508 223.55592983054072
54.06229682960245 181.48193290071333
144.613552194253 91.74194330711369
29.916344635272317 59.924821142830545
71.7067694540559 134.0864046270461
109.11948615337779 203.53268730277378
13.282329391098413 152.0720480689501
211.39322850658854 16.071244328557334
149.74696864551677 69.97751675855898
139.00879586482233 130.56379902511895
60.365972565937035 154.06836880781225
27.37355109036002 14.689865845204514
73.47808034687938 189.5131850327809
249.945471767148 213.26606270221876
247.7677333507352 35.58334226484547
20.937989194595772 196.4392399936165
212.96912792100767 78.89076690201053
160.9670636281187 158.9522483212879
106.11757011501555 56.06316645889825
242.0331338780562 43.88869560914513
60.80778609149593 244.03258010729445
117.93831829787646 102.42492037220694
119.0586843222387 102.2941242445077
116.6562199629825 236.8527990773863
174.3200083054049 15.970598421644722
8.68126990082732 117.03493111799706
183.43933768542735 75.50542424680887
226.67102096740476 152.5873458142486
91.46684302834268 32.27405926927393
247.9493243558365 47.127190684792595
68.6285132968849 155.03516070977685
82.5056986274158 171.72216640271643
141.98971811682432 55.91919449875593
88.39186660398201 44.57585526959859
170.69325158695105 48.21057068157752
186.42813533252868 41.625759448234156
66.67752772922961 215.2200017417235
106.27783154055089 86.83547516926274
90.21246232375543 146.28370260578168
245.0460824911978 128.69415784938428
31.462613967220527 244.3659692630171
186.848582442913 84.01758845407767
42.98167762066632 2.729597298468084
197.28223780566182 137.0676605296705
218.30980103617588 18.753406884150504
61.34518412325812 6.140536705555783
27.915388458300356 242.62389042154226
161.90950272966091 30.411044025106136
47.68200899237055 232.06864057844797
209.29438204364428 3.0373672381434345
150.6816950899098 79.97819374087075
69.8468222194385 147.980042878863
136.34172419235313 17.415098441759312
151.7740771123681 219.8884928978672
6.934661239698158 129.49925429384732
105.73373759980103 139.07397236704415
123.91495566701488 18.191757687761516
198.05303082631949 1.6978437357865195
151.43985484209742 65.7160466578448
247.23390587508044 74.59094286988844
0.6171893277429619 47.52384902812612
207.73175334339192 167.0737299368337
112.8609881592777 205.7567870099334
143.12946306809835 33.42638147904328
132.71332497382434 103.51366956419217

239.06958621632532 146.69199930407495
150.16961492366417 152.79569318112488
1.8461562675772814 83.19902595158335
247.7753592216693 76.27010149394329
72.32171536539092 229.90327604393872
207.0061438975643 235.57513682586003
103.62279796779895 193.35091261885722
60.203228559642 139.7893652376459
66.04276772742159 215.25825972582587
129.66330903801526 93.52981449936156
136.76845814206175 155.26085050855488
73.7762170744242 45.07560666590596
153.45683126143246 7.899097378616937
170.90897945145255 168.78522292035294
191.37171417114246 248.0975593630286
117.79686466598433 104.40336258642886
234.07679191669715 185.0965210406649
249.1696445205422 123.70779300324944
190.74345214624182 224.4082381451684
64.82510435925296 248.22148679693592
78.97397897077698 45.666466753173374
178.62709328528055 28.55317317013925
114.44580121203913 248.90258881382402
241.8160260883944 198.08230793731016
233.46916426400625 123.20768072297511
67.44175761194148 124.51031153244185
153.71293017672656 78.06311795653895
127.7144595082779 79.05307704979825
124.47220734490072 163.77999260382455
240.83471265290905 36.19656537683896
30.81650101844066 172.68472472978837
13.794092190282464 130.2751164264245
126.40537357737472 133.83674574499167
177.7264429858414 212.13698576140752
161.24938514135533 200.81400046347787
186.96041954662692 127.95990412846886
48.466044679433494 133.0304941714051
5.816309296256539 97.13441299343442
248.98274137689106 117.48120371663184
213.3243256228174 208.2625316282289
140.3929469945805 83.01926386378153
246.27301854058925 53.038255233270185
175.53430957698097 20.833549945902085
29.033338973279836 3.5957858129271325
88.9954413260403 75.57555563790405
161.62997918809083 108.03640985609722
142.4812575894315 209.31784971224107
128.50159592697833 190.2413032115523
44.75713521486585 238.93835030322336
215.96910848777515 129.95459262537452
125.60318833517819 13.517216026254081
26.948022614834976 74.98992964215279
169.24485896292254 98.81290386923969
22.097600676628442 23.471615966556392
187.49914418401383 143.6486874843061
46.86072486512594 64.41739030451407
179.79653491244855 21.152582620027033
116.56477344044386 149.87641534769492
150.48771952845044 86.57738670873997
169.21309165821333 113.66180439768439
123.10048671059774 135.00475002534316
231.86778000547082 143.65416407636
204.2776051471319 133.56857452482933
132.93722165395118 98.53562422353015
197.15641904070148 45.1074796449776
149.64524915612762 18.844308886657142
168.95353595689872 63.653341509339825
163.0615276443134 64.98204941801733
170.8942140258634 144.43130189961477
35.13691006617281 81.2132583163429
203.0823681583405 148.50747299199463
50.218957259607514 85.59829748369025
93.00485065463424 66.2751365846917
94.22659511671658 4.216883374134783
33.37430731126359 198.78273925345
141.34965571420136 194.24525625127117
141.33383427576373 129.89842740008297
190.3882968793859 106.24362185734482
204.78522480312273 233.53830131262805
83.53790982218734 71.6712933337072
103.30539888999091 39.46591803804031
199.91950039892677 169.10199448362792
10.520379310976352 228.03614507802672
72.90238179866809 12.231100118440446
109.57520414636204 104.98104408781114
231.09749699333244 139.43274588667316
164.01765703700963 90.2883408798924
16.61013777048784 149.55826741593893
18.22415224557855 214.30276300782143
54.57381366567357 246.8752201580056
121.74987851450925 138.81667624603512
241.78167509665352 162.5045242846292
103.07642557481333 40.0687103409969
26.461367009606775 123.06393351402991
193.37416421991608 181.6929714337091
219.31134499913082 158.77384426993504
114.28225982944828 139.5653367889385
214.37536378262232 86.97625106593568
104.70677557106816 134.02137767712867
27.035881607639922 104.67356153271274
187.10438512601792 110.29189374090845
58.7357995204944 34.607403947400556
43.01453832831037 94.31046441200635
129.48319555321902 214.98674091826692
186.45069163525875 57.933294919491395
106.32237673397826 41.171591569989204
99.56433085639702 126.08603538260346
174.19118087763596 186.66237197544993
84.87662418797225 34.364809603353116
79.42294162399055 31.001989757957926
229.59423240418883 231.00758464855434
22.12540430467777 80.23012212851563
76.41418321986419 180.6181807928068
50.901719624871724 4.4812440582958075
219.98545830578223 173.18989369923534
45.59588130539416 28.6918250022144
86.49135259000293 141.82866123332835
227.7572226675524 48.57655336583347
150.0851054000575 131.34054773397935
44.87021129559629 191.327257057446
47.96406689244012 188.7755839767912
243.89137510146247 23.172688950353542
59.88194739415395 52.731316196521604
229.3114282472095 163.05866443506966
7.5918372439574275 85.7843980825283
118.05401732306461 45.51436077186926
159.5903475971806 181.36192336948517
87.72036246960829 168.52367225081628
19.992333493632525 149.085109108977
173.78622479095114 7.618050670172904
148.93075115371096 6.968732638614139
194.82958067468147 133.31241706425357
181.34540057233627 57.22893981862096
214.05251580926176 188.93558568169317
147.62780654044923 22.66661720601551
8.027772598895755 84.96496446294726
52.25330044068657 191.2517023078668
246.28523632671167 3.8524252716211906
99.81706911764887 51.356586219142436
91.6216910122197 236.79887868293054
142.4647538473766 123.49239782360236
59.09142581512094 158.42150479468063
130.38452953450215 34.6129228645925
130.44333169281146 153.05515899509695
225.6649648700967 244.89919248621007
130.85884331400533 6.88879320736252
111.93844651092991 211.31090920965494
62.996546176071035 76.65630323074372
63.817519476775445 43.8742456841244
134.91778883535255 207.00732179632027
9.146598290573376 211.78558371492196
176.15182077083708 22.935743062918736
134.66048577827902 237.3214353438014
6.187570705322109 90.02005045578102
154.50995928590405 212.48243996277316
58.488507539153886 86.55734609622121
205.25123024992155 236.63182127579307
76.51152418535021 28.489733582917843
2.593195189136699 241.59532772334845
170.7587493058343 234.02724079020714
52.40207233414992 217.16673860567744
22.81341743268861 239.43034294519148
49.93747697754938 210.67450537781974
73.97381289987499 230.92591596004175
196.22867025454872 201.6573602026614
135.72460430699755 208.28110184644288
46.1072009482813 235.48460239792504
117.4820614896279 136.93102326647372
157.05378350414978 118.8963379673921
2.297081438342646 237.16878077410553
25.399804696339455 82.40737032941558
72.20371506276996 85.68981081072116
245.33809346927268 233.96932155809398
102.41807431901717 4.135752146665922
67.72439696037719 147.35186985450892
121.3145743525972 230.3324467077762
154.0359549380579 228.72507351374782
176.12087405049695 112.70047215911433
83.6418830074613 213.61682284488893
93.50739144961028 101.68837007709969
36.807684658681005 204.27667584172366
119.92118740797567 73.02768586402553
142.40091130154568 78.14351656037172
136.0353099011743 230.56497529325054
120.07728711983471 34.438973528252006
20.24035649177236 5.427451134098899
182.86401060377796 25.016554363325394
223.76913167890183 237.4160182013485
43.60226360419106 215.83930216042307
168.90697009974113 62.007593076491005
169.29439801023406 66.59702057098876
138.30998357710138 222.584959959282
47.628297426350855 186.31461513931214
141.64986457856173 90.57562096224595
29.915992307872898 64.69864080874399
64.08288825948627 136.5051035059524
108.46614482754232 201.37417509440257
8.594005506744884 155.82559785036602
213.50458956142526 14.597818985534916
154.97893645157217 70.5737863742677
134.28289491488084 130.3754094177948
55.861805467875 154.08083112497062
25.84575832054811 9.506348808017318
77.00530172283446 192.2198409515405
247.86147909283125 219.5139771281992
247.87995346872177 32.50722940053047
17.52055604357877 197.1278877491805
207.16794373078037 77.44511407486343
167.19193437101967 157.54670906733892
103.68764237992106 60.9892477984422
239.87262408492387 36.73135463811775
56.08732822072099 244.60359053533756
117.58657533107441 105.49472999886179
125.43222403250675 102.4904927416431
108.25352923146778 236.53957979486998
175.38103652362506 13.805745535961645
16.307567415253356 118.8914796217538
180.4781970204396 75.42014445250663
220.23841895862557 154.85909046234252
95.40827148232844 29.102370349591343
247.37134169593193 43.90569144753878
63.477216121215015 153.5220042277287
84.68481949839892 172.16215481601498
148.0093333859728 60.89198139817623
83.05152836552551 43.43945915676367
163.51360120919077 46.31262150286919
187.52322404146977 43.100362969533926
64.03481943179048 219.64798856060395
107.16001086594295 90.93574911923646
89.31368211567542 152.91532665807844
248.53578762690157 127.58525740123419
38.79701768036867 246.31665887497502
180.44932882861744 79.41611315513425
41.52560151253898 8.83684674283225
196.15544435199573 135.44133151186475
223.2044144675251 23.771788640458897
56.227222828523466 1.8869338566280258
23.758002662664758 249.78557797950685
162.44439523695337 32.954650732298305
53.91250881845247 229.10292990661753
209.42297164907478 7.985627370044851
151.96374511337737 77.51271672470358
73.30325814761513 154.2029212548542
132.12653412874192 23.666057514158318
151.41721281189686 221.10070088040067
9.772041178579578 134.5472366182954
102.74370189745954 144.14831176986934
132.03699448030744 17.555699113663948
200.02582977981228 7.877536989369577
151.1136673679592 66.37823852781501
244.7159194719559 77.29664172908477
3.6742994451473274 39.8667496376785
213.55131630982035 171.67330152011317
116.63508050900151 200.3796007176425
146.76794045587764 32.37181145005008
126.84148297328177 103.92473013866685

144.1
648.5
172.1
600.5
288.2
114.7
143.4
648.5
86.0
432.4
600.5
114.7
154.9
144.1
324.3
172.1
216.2
432.4
114.7
25.8
34.4
154.9
206.5
34.4
34.4
72.1
480.4
36.0
1080.9
432.4
144.1
137.6
260.3
72.1
172.1
137.6
34.4
51.6
144.1
137.6
576.5
286.8
1201
1080.9
324.3
34.4
68.8
68.8
72.1
288.2
51.6
229.4
72.1
144.1
648.5
1201
108.1
260.3
260.3
600.5
34.4
324.3
144.1
108.1
648.5
114.7
480.4
286.8
86.0
103.2
114.7
143.4
206.5
137.6
480.4
8.6
216.2
229.4
17.2
143.4
216.2
114.7
206.5
34.4
114.7
1080.9
600.5
72.1
143.4
51.6
432.4
72.1
258.1
17.2
288.2
229.4
324.3
72.1
144.1
288.2
258.1
864.7
540.4
600.5
260.3
576.5
129.0
324.3
324.3
72.1
51.6
34.4
260.3
864.7
324.3
432.4
864.7
576.5
432.4
1201
34.4
600.5
286.8
288.2
72.1
34.4
960.8
648.5
288.2
960.8
480.4
648.5
17.2
286.8
960.8
960.8
258.1
129.0
34.4
216.2
864.7
25.8
720.6
216.2
286.8
36.0
600.5
129.0
144.1
229.4
480.4
258.1
720.6
108.1
103.2
103.2
229.4
324.3
172.1
103.2
144.1
540.4
600.5
34.4
68.8
72.1
103.2
8.6
480.4
432.4
143.4
216.2
216.2
260.3
480.4
1080.9
216.2
51.6
960.8
51.6
36.0
229.4
432.4
154.9
143.4
72.1
17.2
154.9
324.3
540.4
34.4
34.4
324.3
540.4
129.0
216.2
129.0
1080.9
34.4
258.1
68.8
103.2
36.0
432.4
432.4
864.7
206.5
129.0
86.0
480.4
17.2
86.0
51.6
432.4
68.8
864.7
540.4
17.2
129.0
86.0
129.0
432.4
144.1
36.0
172.1
324.3
172.1
144.1
114.7
288.2
86.0
288.2
324.3
960.8
51.6
172.1
25.8
25.8
648.5
144.1
72.1
286.8
216.2
960.8
8.6
648.5
34.4
103.2
154.9
108.1
154.9
432.4
216.2
648.5
288.2
68.8

8.6 17.2 36.0 72.1
17.2 34.4 72.1 144.1
25.8 51.6 108.1 216.2
34.4 68.8 144.1 288.2
51.6 103.2 216.2 432.4
68.8 137.6 288.2 576.5
77.4 154.9 324.3 648.5
86.0 172.1 360.3 720.6
103.2 206.5 432.4 864.7
114.7 229.4 480.4 960.8
129.0 258.1 540.4 1080.9
143.4 286.8 600.5 1201.0

2 5 8 11
5 8 11 14
7 10 13 16
10 13 16 19
14 17 20 23
18 21 24 27
19 22 25 28
20 23 26 29
25 19 31 34
27 30 33 36
30 33 36 39
32 35 38 41

