256 3.0 0.0 1000.0 3 160 240 100

101.56386646535192 73.35471840072894
14.68984377406779 211.20312707882255
118.85178128105706 184.90363446857424
121.33695494689586 229.35565415320477
234.96976175912766 21.63817378059374
14.441309372752425 207.38372456758785
135.161567027138 95.14872062253882
53.16787402802461 197.298963964542
238.75051519754166 55.870519837682295
55.87772402618638 50.03090247393357
223.68063074840313 93.44093364478628
227.04867703804067 208.5892945316535
167.62127231379108 222.01647589570058
53.98124232513932 105.01277685216192
148.32664354696385 205.45381867254076
107.98481012773223 50.90044919821965
174.68151406937068 194.87518775288103
217.08849095325118 249.17506344309095
218.2298353213472 17.31126432733371
222.05665654822138 102.19055964673964
159.04316804611486 245.06260345693744
3.7074447125551577 188.90050906869973
249.42692522678198 233.58799075990314
171.47202949637412 40.363117848014326
11.218131550815109 140.6861517653252
233.37448185297544 200.8132173328462
148.42031053470822 57.2364527702901
209.18469785706966 18.93172179359423
58.10492304660023 48.773841114701426
29.866077569565054 182.53881510864272
174.04442254340327 84.42517156804935
151.84556011018248 147.27409463812182
249.6269609138754 128.60877959039985
60.58087020245348 135.250747025098
247.25580838174642 218.07998455008374
55.11867046909741 80.26837090285663
105.3992428188471 1.8056342312143814
244.8427393426665 244.15255072051642
162.28825687257836 13.587075825567535
181.58500687531475 236.99971479957898
214.83596030552735 163.6889512490651
42.46095223516616 34.74740744982668
57.81914310642514 82.74905456648959
34.85903095397902 122.73005687987771
64.62867641834683 125.40197926174706
203.14376269123912 160.0208055108624
41.31008222278723 204.13334323092332
130.36586135042185 33.807630199405416
44.52003458787568 139.24868122998933
1.642870876049085 150.1543337636166
194.4170541286597 118.56609845837804
102.5205916389931 99.90049886506897
104.71299922332716 105.28541017554568
234.9768399677384 110.01895433250291
59.6064416094281 68.82362552803149
227.80170834530065 234.0061726348813
113.02067449322494 47.714137181776834
69.77007817616158 154.27039339480186
175.32646205247565 110.99356693313453
41.46350443160576 103.81439142178958
25.184864394481227 69.72325779404595
197.58282148462226 102.39350946053594
167.75212600331756 90.88611154720309
19.118856513019587 153.57516462130997
198.11886678725557 145.59124479359622
35.10825842996179 24.055576772855026
163.1711191240542 234.46352244315952
1.9013789030766781 9.501626990048862
16.13602711731782 111.77547162791186
69.93569011493287 143.17827221564661
155.41412207328503 54.174843046614654
190.73701302902072 236.35078122700318
187.84640522768117 201.98104237035662
189.1611171464592 159.76430791079713
38.55952747950456 140.42079339381118
21.240917724386993 139.05284203901644
235.7981895301701 83.79892035623907
75.24160941726252 142.10307693434174
68.11471641891143 226.85695667241268
72.49919004820252 164.13902992982776
233.8879464495708 122.1520985345064
196.41978996258445 129.48425367295954
82.40084547995652 205.99533632529884
216.8638469087872 184.60222955073277
249.1072618501441 28.549403736098323
246.56193438653733 62.45832205624471
91.66976105763791 230.11401563473285
238.940371514354 160.4769486724298
127.55368628780728 80.40272603979138
51.88420055422624 13.293129514494462
67.2132272719189 125.63481491384437
133.03298627477426 190.4891564468436
28.80352587232077 11.60862871125859
249.38114039726628 18.566643760305148
227.862205344377 109.29986619056339
29.665659890489415 29.127700529820554
6.260568409841544 222.22366701966163
56.104103352905916 134.02282275075657
64.5405957064124 81.83636730830816
24.746204850852937 144.8584358171965
136.1957260614469 129.89019552366986
222.19274964021156 206.27827658622226
28.947288050955617 148.76426458666967
216.30555354585243 138.9648056098549
57.71978022858265 10.785849405272497
45.707181420163614 73.12899712046472
192.3941595855177 202.06393609906152
200.1191502775968 159.5425003302291
46.20757904548189 13.273979342723868
126.99421167938657 68.61823225375521
30.655499565747395 171.49467184881215
233.62620781181062 63.327612390855464
137.18502333192066 163.7007273534291
23.911184169922134 17.773157574751814
92.11097984745007 46.54344692731554
202.118167681879 235.32779059924536
248.71345211966582 230.4043139058045
29.90377952438328 56.063364637136736
219.90454302707346 138.78962468286008
70.2050401029745 68.33347919766882
52.217645990439905 53.52711828371132
202.47186823972967 15.03629731513681
52.35236973350926 96.59037433588507
177.89256791587815 42.56159013657704
33.11900082979008 219.17518150402128
75.51270120346155 111.62203787120045
37.34900262679228 54.368563346645196
138.51149188478334 150.93841644090193
190.51691029854888 241.2433990317667
249.81607053356794 158.1634505506644
45.61396364881626 161.76196111565497
220.47778817187057 153.85593676259273
191.30143855681212 79.38448332572615
230.1610987673573 65.03776503915384
130.65054549529196 217.71443142522259
122.13538569253507 143.82862701332155
41.90929266511784 227.50352714369998
171.71753724557138 48.00412698681949
142.8322993789995 39.329505143337606
1.3396901176447318 47.06096834764825
191.9435699591574 236.04931802321553
97.90518169500689 217.37640579863535
71.29472491079794 17.793370344698634
116.716524989312 220.8806806632032
222.21696214222592 184.96795048842822
228.71583575194222 223.3359911852926
172.03421232119499 106.77221539210224
71.97777262382523 191.04650088013236
109.08485635390514 193.67115447034786
193.29164402782902 45.79294284060842
178.35598443108142 165.8702145172691
154.60273949977804 165.45735299261736
220.00990983401775 69.71876592077945
99.54371534359993 15.829724020433616
96.80110633991309 74.1232831433855
41.87570364333582 65.69806578023946
80.97059169680412 105.32383250478905
247.5376193416804 55.252456468091374
31.149920511769015 117.67338380853221
174.8855914943609 84.51172547747728
10.591992922061532 180.64904288784564
1.9521102258876488 239.34618551896924
203.4177513437747 48.49064616936511
12.127117526653407 110.00667379822906
165.61836583713688 105.46626825704803
196.99401702247357 222.15255573717545
13.02488906605448 58.187665284617026
152.83068486361992 155.60654232397778
87.40031571144422 59.698629584380576
201.11465188038943 39.60154972648189
109.86202913995314 194.15623371150755
231.72694360494148 109.20029182225905
67.32997894013066 181.91804951443103
165.28742451927437 213.11870122889934
228.9514643081946 216.85137900229242
147.67696071423597 80.14610310648823
185.41689746298067 32.504210849912205
3.5148328412850374 3.363726002689221
129.22833849972227 205.32425581459802
142.39232720000385 119.39885168083953
136.6500359144741 112.15001125296192
78.2713367684949 7.908991021534861
233.99001081081343 165.84709235558333
89.20553380375266 138.11149101535943
234.11552369563478 138.36678159245602
101.2937886183242 209.2041008558021
139.1856299604961 153.548230948008
65.59391442998486 214.6526013116382
214.26159390639612 142.92832020972202
42.32562475337326 113.88987913967941
224.00041999090948 52.544490411904846
227.32447091648785 57.756160803587555
33.5568545364355 224.77767108839683
76.99597989754508 10.589916172116354
217.29930322629772 8.241450888495788
201.00151100795742 110.85864805914758
180.290635379112 12.733021072230677
245.86147962890328 92.35668459472649
175.2637949258636 122.69001043061645
165.7715312717047 165.94443873167782
102.03396861507747 78.21299771449026
38.779183203570625 210.53752541944408
75.28709529128452 104.7265595566417
45.22447900949564 159.49600149179835
17.243263717434175 5.211526847973352
99.23517731236758 138.21869843205948
122.18626423598991 143.17486462813903
165.64140518615068 63.00016960717144
173.01486194582026 12.130779744533971
229.03017787334048 54.706046141362066
193.58812854335608 79.57696587280294
221.63684516581324 79.20618579430347
57.36984768690806 65.1533061590133
124.52092933987774 22.15898837547278
138.45814398387873 98.62225794424015
132.2145143352216 228.05423065180753
61.691980717124785 191.27075239386414
70.7568064289259 29.397288790189574
115.41359752753114 81.51808022597868
238.38719876613817 192.60493359285434
158.74105483578802 208.58303398335224
229.35139446448687 182.27624168349396
64.19629546868546 235.40391150938208
29.91543503377156 160.40875992211943
141.72037868804367 213.5244395737921
138.15102964619578 219.18909535787049
239.3708697344183 135.70243726443263
163.2805936307724 244.1848754977155
20.731314596554196 240.1363113514907
159.8103052024771 236.80805159707762
45.53790618004569 158.9728339345836
212.86124539090252 10.460123785455716
97.27779172104542 147.8371319339279
214.52361943563474 248.47505302739532
154.11373391937457 224.83118665072877
130.98273167722243 173.31794265097076
48.81511767981431 82.8115914709249
14.404701839984435 208.3351160356562
43.46171892428541 135.53112761495612
86.70323412870917 42.83798626811319
29.874220668127727 170.6999718976982
53.97587021190578 169.34989356695226
2.6064763706333816 95.08563307293791
112.38177310397377 19.752306328923773
88.09412414574594 164.81335632020173
241.65140924330458 76.90222414671891
169.92947620992618 64.56815914917729
75.57599403159062 224.4244002164932
41.64006195410824 175.84587263073377
65.23957956719751 115.44094937364152
216.82147475316097 164.5637087871668
98.98843826958937 106.0137954678253
104.47604340189045 131.00343184660704
29.514452395860925 63.22842983020302
45.831315525966005 58.088376305797524
204.7219746462554 107.61833698188572

101.85192956383382 72.67465477213048
13.021075357440376 215.77446885734233
120.72897715786456 191.3295408306623
124.96244188690014 235.506101815969
228.88169117021295 16.853685022485106
11.76556855937816 214.80508581732556
130.9960993231185 90.57100870519686
45.527880906038874 193.63271738548823
237.06016970213565 63.13641192693167
61.9215449577529 53.830576160858264
227.6350109459703 88.98359177560374
220.06332559816113 206.57969953267468
165.0646413979479 220.4264259405796
59.39561107511057 106.80560163146075
148.23255599225274 206.49910619345917
111.537104163563 55.45749129067959
173.9930351215197 202.4423384700685
217.02770890995586 247.8218751814329
221.51213454339683 11.468751818539403
216.25558081117353 98.25751568633373
157.55673509899745 240.0953993689057
3.7784185313755048 192.1116911911669
247.08934007145106 226.08685121410508
165.44129650059597 44.53300952091477
8.871879542934307 133.0960191821888
227.7594631505364 204.15743532412876
144.80245034513518 50.35774551928773
208.39287223742815 22.932221031115418
51.70080232324764 54.157463717731254
32.86136379354993 180.49954613070085
171.15391293701143 90.08979455108582
155.06252484759233 147.80235635397295
244.54868027461404 129.6160790470425
67.3883942097163 139.7752605980206
246.93640229095556 211.27623037318563
51.25423870584511 87.46996980531947
107.36216268029233 7.67787090855046
242.44023697589017 248.24734850150713
155.9410761904733 9.680273488099134
175.85274605416154 241.25951130551414
220.88488309939268 166.92480849387346
48.571814575116775 39.69693951049527
52.87839203352907 88.92585715487714
34.563548538933894 129.90685588094195
67.62623851671366 118.635126338654
198.6427884256033 156.22737448758713
35.10983586489358 199.05517950574477
131.29054015639142 28.58681870387153
50.6773058556865 138.9451765117833
3.525633395056821 148.13087173767903
192.0994767912767 122.22640357859596
102.91623184715834 107.68482321301803
103.05426274692122 106.51929664966723
230.56350114349274 115.2381917892005
57.70496339477088 74.87506313060274
227.07558151695395 236.58195749448393
105.53125740813651 45.17898785240279
63.297636553325596 151.84695790628868
177.60489885208312 109.37667954032936
36.88066523782993 100.61000511639867
22.982709530269762 77.35877778859026
197.76338825712128 110.29908684816145
164.14215629136524 91.26110584552927
22.59442788645255 160.13222383915672
200.10089491872895 142.9896221208416
31.303497742247416 23.04697130781405
164.6004958013974 231.5252649756059
3.3119057736124558 13.858794695330328
11.11667787877957 117.16263524346803
77.56171427134342 141.32941462499141
150.92237981895437 51.215150614835835
189.43704877470506 231.1505688968223
190.72302642241513 197.27582217181572
194.591819997082 164.96808415066604
43.38362223631598 134.00507955153304
28.379078322447377 137.18358925589558
232.01081538673452 81.68004793099153
75.34810297046013 148.84983737020818
76.00672401773284 224.30754896578452
75.92374740403108 171.6740310749155
230.44491861014964 115.60825923241511
193.95239906195854 130.70758174268593
78.16728500733622 210.98790782308538
220.81916153151087 191.46997363551924
249.94435793916043 23.276263986704627
249.83390798412054 63.32675264878579
88.01973804968846 237.66766359340014
242.68837522564843 157.4289795988571
134.52036399805255 76.488973067848
45.818913941091694 8.752654286705491
65.66466349294615 124.5884636684872
136.15908700460793 186.05136880949107
26.879888855096873 15.250904305441098
243.45221000018535 22.245553636102507
225.14652334180238 114.45974727849884
30.097259741921096 29.520753329802112
6.629999489023708 225.14827435430462
56.31668868292597 126.93541416108437
65.21097599704572 78.50812994009624
24.250168702015156 152.38217044267523
137.6194471245507 126.41751779265448
220.11099594624943 200.18196693001389
28.686819170700733 149.014124585696
221.07362705463564 134.47566944527108
57.4415177535754 17.464147862329334
51.713184968729706 73.66584158754824
184.73790044148512 204.4148843358308
195.42013180849764 166.39504858142595
41.20782525263619 17.62571718744452
126.38266627317776 64.58249339635924
32.532720189618196 170.1676501761928
237.93005189941115 64.69600357835581
135.68597178136466 156.2360862118855
20.11748522658377 24.676495766704914
96.37785225834047 49.65545693811346
198.1097098925226 241.27219031415007
240.9656403636078 233.05928733421175
28.292980877803743 50.408913615225316
224.18224720305324 137.96118287808093
74.16482321068665 64.32385000005011
51.588434754030324 51.223577087435025
204.91148828647232 9.611693638015451
47.10026453263175 102.43425530279768
180.58125375759207 36.71708635323978
27.89144749328268 213.01568921150928
72.31520265735384 112.82546097298707
36.9266679766459 60.32968482809489
143.83401530439133 146.09200468003473
183.00530125700342 241.70745498486292
244.79651585367841 163.32577246923336
49.77371538996281 158.0443129194959
221.07542089283083 147.29278151320864
184.91800754209999 82.19035079169049
230.07353285818496 62.93305818371259
138.30917275754732 214.86777374980022
121.16178760671178 136.65479944406454
47.50577600640579 224.6100451404356
169.49066553016078 46.41105449911823
138.99480372383465 37.51333240704125
7.180191792814594 48.06627618978704
185.3333870745502 233.12982303194516
91.46184134509949 214.01876518904882
65.54271716116925 12.300056858516568
119.09157175878141 215.11551768812433
220.46963645573263 189.13186047439177
223.82381122396797 225.89577951777378
171.32206733610178 99.6727658542385
68.73502532401068 194.03455541569687
105.1330306116316 188.7582716427057
199.13693858280126 51.65621027973474
176.83849534613995 173.73992709442865
146.86477963850575 167.1551002419359
217.5614983791885 76.86845651948876
105.24224520350414 16.75946742606674
97.70074901726106 65.92951299646974
47.71495811105486 59.78998683020803
78.8802022651501 109.81939243860384
244.76527591401205 49.81921489073501
33.0810654993147 121.52873871365286
179.61434357364192 81.9458065833237
9.97547842289942 182.55202148600983
8.937224530714383 239.42354471806155
207.7554733962064 45.317945600433035
15.180379253840803 107.07547827991843
162.118786793536 101.94629512723813
189.79098112073765 222.9429676877347
8.232793923010767 60.876292017263914
149.90554212862912 153.57015702870044
89.42566155825376 66.33534419318366
199.21762916801362 39.4114152872147
103.80905665526122 197.43651468365516
226.6697883174878 111.2276645435151
64.84941947143774 175.55785719952527
166.22564357026604 217.7023877768608
223.815454426111 210.24531393391663
141.46793825496042 80.64521868399976
181.00014116035538 38.67285524278491
8.67063326012879 6.987154491193998
134.12355656692804 202.18322215414887
147.16208310992494 122.22123448073636
133.90506478778076 104.22483964383117
85.25866100966046 9.263655359110167
240.52173043411614 166.2976111276258
90.44260074574953 135.71868927062388
232.54796416083866 133.4919340090488
105.31397227539117 205.08715888942362
135.721161229729 154.01958771499
57.648389032059434 214.34103239948513
216.28123631061302 147.47877095952228
41.11167448063796 108.06501824391279
225.57146143364534 52.64471997992118
227.38069287206474 49.42627095567223
40.58030978413515 227.30948349916713
80.04040031193571 13.210665377660636
220.48528069474617 2.4662300725211415
205.3433163134277 110.4762302041421
175.19887226578734 12.816236651594066
243.2818551711064 89.90198991049034
175.07402463381422 117.38126259164459
160.01161380536348 170.60160745958956
100.20979166345803 77.37074195474369
33.67897815738347 206.07269819168297
79.9236428153499 106.28132108381577
49.622080573627855 165.73093291998518
17.055578039784137 6.256909913837844
92.58821291383373 133.18461936100485
129.89115011112509 141.6189387720814
166.6141556163887 66.42166242132119
178.62586350100443 6.599225482885441
230.56740055706416 48.78715220108959
196.8792024692643 84.98022252463039
228.9910119697928 82.9614079475213
57.43373984204395 66.47655475627693
132.18026346081493 22.680483048766938
136.8806462315025 105.86080238033624
127.51771570115989 229.70689362490918
57.21880976991029 191.16681546572673
71.80662450254316 29.623264228775813
111.5324420919288 85.94567994135923
233.59798148762874 190.7085360021924
150.91551514815654 207.91882847608318
237.0990452223358 185.7292243021817
67.68596888591848 231.63434641469934
27.722928143894904 164.92009271748697
144.88397558594977 216.73239025546522
132.40555868765813 214.33848287543034
233.99368882161528 134.7850903821285
164.10656695403725 240.68493375339116
13.45120557132931 238.87149366441005
154.06714385482726 240.39375280632555
45.86992127658601 162.31764329736254
214.2569134377635 5.156733982057266
105.63637471399667 147.88200772337362
211.33297477667108 245.73341977961502
154.0759798054093 229.02770548685783
131.252100483451 171.65086573663567
51.304607473714455 87.13741327602418
11.805449480343121 210.90101235598502
43.312975972580574 129.92915735931146
88.39473804626208 45.80069420314753
35.1261623334371 172.01487170628556
46.54120055067709 167.1125505099033
10.153033842031062 93.34327567349644
105.59823835486284 19.96449177334189
92.44586559926182 163.65414071892835
235.7718676203809 74.00089640438773
169.41146688455356 69.36675994918087
75.76273812442935 226.3349504812384
44.82193955959657 182.32184915027065
68.15654062781401 112.26941343106769
211.4547044201683 166.01625059350107
94.40255386281987 102.54375534804791
100.7529381924811 137.81842074924555
22.126093778238655 64.88499516283147
53.151069269421896 62.203322285458384
202.5268013748017 100.83038113271748

288.2
288.2
480.4
288.2
36.0
72.1
600.5
172.1
36.0
540.4
103.2
288.2
216.2
17.2
288.2
1201
172.1
144.1
68.8
144.1
206.5
34.4
576.5
143.4
260.3
51.6
103.2
720.6
154.9
144.1
260.3
286.8
288.2
72.1
288.2
143.4
103.2
216.2
68.8
129.0
216.2
286.8
86.0
137.6
8.6
86.0
144.1
864.7
34.4
25.8
540.4
8.6
51.6
864.7
1080.9
432.4
206.5
114.7
600.5
77.4
17.2
72.1
288.2
68.8
17.2
324.3
720.6
960.8
17.2
540.4
144.1
108.1
72.1
288.2
576.5
51.6
1080.9
103.2
144.1
288.2
144.1
8.6
77.4
216.2
258.1
324.3
86.0
129.0
68.8
1080.9
720.6
540.4
432.4
480.4
51.6
17.2
864.7
864.7
576.5
540.4
103.2
8.6
137.6
1080.9
324.3
600.5
114.7
432.4
480.4
480.4
432.4
51.6
576.5
648.5
288.2
864.7
114.7
288.2
229.4
72.1
154.9
25.8
1201
288.2
1080.9
288.2
129.0
286.8
648.5
324.3
114.7
72.1
103.2
1201
154.9
72.1
864.7
36.0
34.4
108.1
720.6
103.2
17.2
25.8
600.5
51.6
72.1
144.1
154.9
51.6
144.1
432.4
216.2
103.2
103.2
143.4
34.4
25.8
288.2
720.6
960.8
480.4
77.4
68.8
432.4
216.2
51.6
864.7
68.8
576.5
8.6
432.4
229.4
540.4
432.4
648.5
25.8
1080.9
324.3
51.6
960.8
480.4
51.6
8.6
432.4
600.5
25.8
229.4
51.6
600.5
143.4
144.1
68.8
8.6
137.6
864.7
600.5
258.1
34.4
68.8
108.1
288.2
720.6
103.2
480.4
648.5
103.2
172.1
51.6
51.6
648.5
720.6
25.8
1080.9
51.6
143.4
432.4
288.2
72.1
108.1
288.2
286.8
68.8
480.4
34.4
144.1
216.2
288.2
720.6
288.2
34.4
143.4
72.1
540.4
51.6
286.8
137.6
576.5
576.5
648.5
103.2
8.6
216.2
720.6
216.2
51.6
600.5
864.7
576.5
286.8
17.2
103.2
288.2
144.1
68.8
720.6

8.6 17.2 36.0 72.1
17.2 34.4 72.1 144.1
25.8 51.6 108.1 216.2
34.4 68.8 144.1 288.2
51.6 103.2 216.2 432.4
68.8 137.6 288.2 576.5
77.4 154.9 324.3 648.5
86.0 172.1 360.3 720.6
103.2 206.5 432.4 864.7
114.7 229.4 480.4 960.8
129.0 258.1 540.4 1080.9
143.4 286.8 600.5 1201.0

2 5 8 11
5 8 11 14
7 10 13 16
10 13 16 19
14 17 20 23
18 21 24 27
19 22 25 28
20 23 26 29
25 19 31 34
27 30 33 36
30 33 36 39
32 35 38 41

