256 3.0 0.0 1000.0 3 160 240 100

98.64343780354653 152.0626103379703
130.62600191023998 60.20205876601101
1.0806570590240483 107.64482179194032
167.2826016502564 247.41718264769722
0.9234543692414887 28.312302002739152
100.3213490445169 108.10283156970368
87.31375196570848 49.84195944065697
166.1693953585295 43.921614556306245
78.95155556463418 184.68952662945918
47.48594744119003 112.8420895733551
197.28470126138237 180.81146855886004
73.28086683201771 205.56245802380602
3.5261531196219553 69.91450018845121
132.9189732496674 41.579369864596096
141.36796056197616 124.89819886988204
124.33122755818194 141.1827038739315
198.22245100020208 27.025213649378376
87.67201500263586 173.30776009426822
72.74089911526448 6.318530058388728
237.25658740850537 77.42483146225226
247.85039586207984 79.45244342162883
248.60679306817838 246.0612820824404
192.62493218875838 128.21192937735188
117.15866723371427 154.3974279614872
18.087071749876642 89.62911231395596
16.493158725960438 84.21967694297986
73.79293440253154 188.49635817230367
144.8962410038213 105.12603494350597
180.60126790407693 171.79230400377293
75.48440320774793 231.43530884801334
5.625262375633072 174.6489297525375
81.71023738675528 196.1051459608745
215.3424863793954 157.54123733820944
160.74553737931933 157.07670802757897
137.80036129970188 187.14807999637523
226.1420815418349 245.3044211789539
249.77651140199671 93.63180861506684
141.3441413815407 10.79328597520482
247.34380843218128 157.182179328837
150.1451123236964 20.2615942827786
101.72703732570781 224.10042162375345
203.15288096877208 45.69492712413492
30.487843993175083 241.23867804590898
234.2334692238412 197.69228450453312
52.61805356452046 26.834715531464326
37.0586743532827 38.291375868818974
174.07411501581646 164.48754475611855
245.12291840034928 204.95879405475387
35.63255772993032 238.72138958665528
121.05077590535376 204.91054032062132
75.26676940459984 17.95804170441376
99.2141435499757 82.65265086641129
67.88282381754048 175.10096287555874
107.95266560442302 95.49736343793674
2.4503911454631377 94.2365599324881
227.6029696120558 91.55779922583612
134.98555959305907 216.94197791258267
124.84360701458225 23.36031636368202
173.3573984526073 21.360677418162417
177.9885768961632 103.64233810820834
27.802465768678232 10.553819909069839
12.206077129131243 213.37482836351444
181.30546904824666 243.16810038441437
221.73904082316383 65.36030539907401
246.54060250923567 12.880003411260304
24.441904849064418 235.31332807057422
168.18316372588654 52.63525174707115
68.407924613781 167.45307422014932
111.79420775914834 22.509405583584137
20.291487181183008 84.11037447842115
59.3841729743653 87.1589599195454
46.06487984935753 30.576447067053063
185.8748005616937 207.39491120020895
70.1092052114152 153.8616239516507
126.15072485556203 60.570945626522516
18.76969710764731 171.20584100566663
73.60878163711112 232.2590736985682
204.1269396950815 24.343749775834645
95.33355127832216 37.191770236721794
63.070495470701815 243.20706411599562
3.5711629158035607 26.05500466346311
166.2812783973942 75.36978047915144
39.97372508029062 102.3608785342251
27.547615157370615 234.07969675986405
218.69784322735578 79.26385483170279
87.57715584658152 0.7857677836164423
202.12313801578745 16.255328558546502
69.62001817886215 37.13830998575854
87.11722422953433 197.06715963610313
157.07430344335594 158.28647055283977
19.771570410050565 154.0666720639601
106.54041279410752 237.9947015321153
112.22355315798325 104.05862968121737
103.67938061984475 44.27830452419784
9.828191725157726 58.31437028143832
204.19028251446272 100.2617880387291
48.3188420710462 118.21798975592756
41.81704200861075 112.22528200393336
173.42801565799743 63.363301095302525
145.84647350951457 162.40107565443117
76.25891754985992 144.0098010148131
158.00127072948214 150.08941256133627
240.68381698250155 1.5864061111977024
1.8883566315954226 8.239173143132245
223.10561597632002 184.75245622610137
208.251686964371 152.33514990286025
43.67374154880221 86.19575146421028
14.73580945299499 100.45816587022443
205.96612713119382 64.5882070528876
209.10018831078182 44.806144926457655
188.284995560965 98.06774065798685
206.08842273753365 131.39532097672497
132.9800257232563 245.03219160145198
118.25244105734569 164.0379318166463
172.64105648123788 41.47087219490042
93.52151580301881 133.81475049527626
137.47369764892622 166.20099155697034
45.66955094474512 81.6678298201323
65.37653096861354 98.68898253054675
35.433066169389846 13.320528333088804
27.493145092075345 84.40739817305982
145.7940286759573 137.62025682660533
28.736228096564787 193.13580461231885
5.727899654917323 33.724607536483816
243.8909298698403 54.205313815351346
27.860816127221135 239.78591869032223
44.442836318805554 6.53463938146695
227.9333329521911 57.35575740379992
134.6217501550029 218.8752327238072
217.30914610038096 154.73177708520979
212.17874426267494 0.5772669277644693
49.89374895692225 3.8495316868182305
244.05502883715144 146.35679801938392
111.13910295416781 128.90128525387337
72.46563371698144 171.4661283976057
159.3774190067711 6.259828651148464
185.09418216669584 102.97624624737925
31.479766388054887 174.77924705700184
81.04031606175447 6.743391923375253
220.716567159592 242.66798696411107
146.1209232977763 42.446233140437414
5.656190640607544 213.15045072963525
88.17992542029646 115.75171087834352
105.61686081068669 79.36554860263662
212.13836795531972 43.217536159834786
218.67210468315116 108.3105997804559
71.75746027568778 80.55158430150739
57.30504186928295 235.03459163229488
191.00873430375722 244.64225530141198
183.13723039491703 234.14956490830085
38.30608029592691 195.66484683474036
175.04787304628684 165.7510729954839
51.37984355817984 81.55416553113099
221.8063164950485 237.5837224460291
70.71150727350786 154.94399951850102
77.34979584975999 136.55303534002596
121.4186245696098 96.22985791781171
122.79286118276592 109.87240558354533
28.410106603099532 189.54976994933085
101.4340938190361 5.08859486981772
118.46296098244044 75.62477862061506
196.90043871011045 53.00368429826019
10.672572144989124 244.94187066914986
108.66215356785905 150.56611225063187
165.40328650713204 79.07762794955833
34.3534864267617 100.64435192363585
101.31369928774997 158.07955388818797
52.6226872724434 198.81353463018783
119.52652488653986 243.00577826317226
199.27943594923897 5.254229629935603
173.84255633717228 125.54413827985614
211.22546379896383 232.05886112198658
87.68186042298784 207.72643416569284
246.08646290358865 145.0577120614313
178.3564921181325 216.1645862553641
44.7901644381277 85.93077073653349
201.24813978815985 196.3824917763168
54.47539024740722 239.7716145460083
1.7254483739085336 16.67397700657211
207.38006216548925 149.95963254992097
156.6247882857033 78.33634686020258
224.95181275742672 14.325183529028035
229.36101771041132 82.9932521610112
4.435161860389947 227.5965409403102
140.85507702539624 52.74930073004158
227.03152719385125 216.26220219612514
97.12471123093047 23.5360730631598
26.4538958843136 62.61205321158367
134.2111665266719 18.613587948243886
249.4287374282343 129.95202978360612
21.00396481778702 209.69412143787247
70.7841929703156 184.08579208291115
244.02455444664633 59.01491648771937
44.92787849699198 7.154890052062823
187.02940378064474 150.80957915496222
147.03507852408976 211.32367678200302
63.27466877932364 21.135096989733455
9.488483471066955 209.99013640859602
183.34152572814398 39.25504593028153
107.21026270232501 144.63532952611845
87.53215889461185 184.7679481984847
190.07657946519905 23.607746053980332
109.94143194570991 52.304509590201775
200.10204095937252 84.52356153216756
199.13269844600586 89.37848286319414
127.41808180746183 33.391438594940645
218.32586131628304 102.53576385799617
199.0245717610565 129.22258712344723
246.1639186802958 184.85501980094173
122.71441182492032 20.085840148650973
197.76019308620457 88.09082593061434
190.61821594863162 56.14709591186923
214.04933818644932 231.50759384254144
139.58470572594447 54.15307562502128
197.46187031036695 222.76827815708907
114.49039577559988 125.00103518120076
127.27845965930452 16.242811487736013
208.51926049465305 159.64535446798365
69.73883586760168 155.6278523852362
82.2315915749116 203.45078789651262
100.2196934388262 156.57949265026753
143.5463043339169 176.8981777754145
209.8625541121984 203.25945702959035
126.98000788815547 220.2229668628611
65.3578725686589 214.29190199218766
92.77575177520784 102.5589198650298
67.52731197918882 188.12430205643042
161.96626934789654 8.378209792270248
52.4889576429069 134.8935178415875
154.37839586501732 151.18234604403153
29.563908522594275 71.81458152595296
44.78695324134324 56.24693592345692
76.8464272974227 173.1948129294001
199.2326994087916 17.18359058970531
183.10312573912708 116.07432098777542
69.15732006664749 31.85049079871394
6.967320822212492 160.22084284131628
194.1280536376085 202.8552821060548
168.80588301348345 234.9920929948201
102.17968455455284 193.1138828407317
0.41077757045504537 124.87107131264338
133.93727913875819 177.56216754017487
222.33887599649572 49.94308114698834
173.88094479345983 129.72375254230394
91.48026240615337 5.320524498646895
30.1508394823366 189.35379149366761
145.01691719235086 75.0369375560985
157.23341307825763 215.80613550508303
158.8784522217495 127.42472951073974
228.38777978381378 62.20315575974067
205.91372927646432 163.56260897518257
197.9490600366366 129.99769291416206
149.09136587557717 54.91400568057764
142.30578768740065 193.2080374684247
203.78657317762176 10.53288821536863
120.73595495017328 44.34062643643505

94.38544495803214 154.83078220643642
138.25599621464258 57.87600175199176
3.959235392441612 108.39066606041206
170.4102716322224 244.17981047787637
1.2409728294838773 35.85323122464384
101.11945454913807 101.13456554961553
82.58801677605754 45.07610801463535
163.03592646347198 38.31985418397183
79.733163407609 190.06301320659156
43.862607505259334 110.6460067097901
198.99596418115252 176.1702659723452
67.89330251367795 208.35370876052465
2.865986969219969 74.6698083700145
126.37738696669473 43.28839906824117
139.5939449143588 125.89006789495161
116.6069876406452 143.85348023530693
194.5318267301636 29.35545008179258
89.09337655165858 171.0246061280206
70.00284892721747 3.6026577441219123
233.47405957949348 83.43758356367759
248.3256951868261 81.88554184461402
244.72129456242612 241.00110432371162
194.93894667470616 135.3999992138134
113.24452059396567 150.6259067749032
18.306250383957583 92.73830505218753
17.824997314042356 89.89470540022116
79.56219212269077 188.17451417768572
147.0734771112255 102.54030950162365
173.47974311321622 173.71594811570034
71.6699779387032 224.10319686409642
1.2134677201441069 173.39323014508764
86.4773848782025 198.33794237835852
216.40770759909554 155.70175817133807
165.8199468933489 150.7296551242699
139.23026636956433 180.2301138053506
220.6470934714031 241.07183300383488
243.2523893758547 98.98776123782727
138.96803930079238 15.604461103995826
240.19646151139412 153.57915577960196
153.7927592126986 25.403314574679232
99.41080529015336 229.16830609603477
198.8720060114755 40.22236229051202
31.192450540183795 249.6578679341334
227.24633225883107 198.54868099708028
57.26351573207006 28.217073486034806
37.324493726355875 40.004495264376885
181.83884577635297 165.28657866607628
249.6947286460249 197.86935820953693
30.707231414146108 240.4165653513444
121.26910390070566 198.1088825766881
76.92842100913697 13.615158740677563
106.25140397713845 78.9738909860477
60.07367837906591 175.03531006713285
109.92704316363691 95.41719471290655
8.756276254662854 94.35380359451112
231.32629882608572 98.39590287266292
132.61897415774962 214.80514353401995
121.6710465665291 24.41907761220305
179.64233059939906 19.251179579432787
180.81314565104682 98.92609121130688
32.18103085101093 4.970415078476259
5.290585610288612 214.8653896776384
177.25928225334928 247.8393767997561
215.94285402303274 68.38491217743145
240.19259519726143 8.042013589596413
29.98891797967143 240.73928004319677
169.68103415097784 55.885572460718514
74.92468426769098 164.13975881837808
107.23774422750567 25.65276605039335
18.981509895782402 79.8555755096535
51.76541766256837 87.78885727956931
39.9121666299555 27.98459486301774
189.28140242157878 203.12856577853188
70.92136300217 161.65367789197194
128.9049061013003 61.77619256263231
16.315486471450786 171.04787292581076
75.1868474485804 235.6525702446325
198.98769145101713 25.207110078647567
102.81401653523581 38.671489916954656
65.73484604802701 239.82110876546022
6.195622404532031 23.05707118485997
162.22693446706904 78.56132500385418
32.24070449250599 104.52068768946282
32.43295218018027 233.30301537683468
221.28873741126685 85.26471769784577
87.48883437481284 0.1832918364131353
203.91742564446847 16.57950566686095
72.90668393041739 35.36699441456636
89.29809358204552 197.74786508116628
154.46257591877404 154.61848664686744
15.189563241702258 149.01860117964767
112.57858921897626 238.14122079019285
110.482377724425 102.68052995051596
111.09104190384481 47.66905571577973
10.404096087634207 52.70970397169749
201.00524516046966 97.61623155688467
51.65400759935332 123.67367183062677
40.25065717547391 118.479173640701
177.2535886200688 60.33494134229894
146.68504889224394 168.60188571038395
80.11534077227195 143.407316745422
153.5366665599677 148.43135053527683
237.6939466759935 4.088361423549902
5.501810890296499 12.22994307288272
228.15934686742347 189.49651343021316
212.3333204504126 147.00911144353464
51.59577142479757 88.63854580269218
17.95715754339358 93.16789586441787
206.83042672053546 69.24659325669421
207.7329110590929 47.896808510264705
193.30356703225038 98.24921980951338
203.54019158634716 128.27805557351667
137.26624824569632 239.60209371146675
117.17248964375388 168.64452408869406
173.97408279154243 49.71050390839424
97.46585206092348 135.73157270957796
134.96886440952196 168.58671429454122
39.22531087807651 86.20718405345909
65.84579730670026 91.80032692786375
39.67535785014731 11.727758468390414
28.920890197452948 77.07939212619974
138.281052473196 133.900872595853
23.087566771808536 190.31141744271602
3.1896316585679485 40.229849675579466
239.51863861370776 47.929581987271376
28.368272354177382 241.1997879971616
46.055114318040296 3.855236070813839
231.76046225162068 59.170983626358364
130.7006990634877 214.813571907836
221.10176957995094 159.99746779596072
214.83537633404958 2.1780312390475287
46.51832872067951 4.5654481726307425
243.1697171490191 138.94879711184902
111.07187884072187 126.84191544560238
71.0075036330243 175.5566671875606
154.96336497685184 2.6236668443413436
187.2405480191198 95.05121560025673
30.038879943075386 169.7594212509997
78.79569526912233 5.4530884398791555
221.7284411221276 247.72107507413483
143.04276175517398 35.83433749926868
2.329814834003047 216.6444299454581
83.85827403691792 109.82634066413888
103.7994591601322 84.30757244378815
215.2064766341989 40.19676293863444
212.00582320249552 106.08336246189002
72.33673554549516 77.87281379710994
60.59688055518375 237.31502904527514
188.85613433675223 239.4094338658279
177.2581492617668 232.3514009540505
41.54541030341235 200.7214698963999
168.6917709610764 169.83894635843185
47.82938618797783 86.61816278554124
221.22164883463358 233.23942677952206
75.53510631324569 156.44279480817704
77.30334230745606 128.19818592590474
116.7445100504487 102.08941269936348
121.20898694675023 112.53255087890501
26.87610741560384 190.8161525145229
98.30738377263926 7.909806197493125
116.40741312621117 75.07999912334712
190.47240040252413 55.83589917493648
8.140090540493444 242.73911008534762
114.47242439453461 148.72346806713617
159.87249899529684 80.19883336439132
36.58571560334229 92.50114863319229
105.66030625275117 164.13061746601457
45.66579032810278 203.3247384593306
122.03382654593983 247.79520496506643
200.28009991142113 3.372834246092804
178.48328136398942 123.48605503966195
208.97057964129647 231.82616091018306
82.07266266081717 206.69901671059228
248.42117346194124 150.95760653774428
181.78081260203047 213.74475224174358
39.407858506928015 89.14401876336139
205.37047497474975 190.883386468941
56.96261912803682 245.80211346160507
0.0664108358216231 12.37034233780937
209.19623010877464 155.47060912810076
157.45891071751612 80.23499488972965
223.936891194585 11.526879305777255
228.41641810495182 90.10168136448455
10.622679041686094 230.3059154432736
140.4753977814662 51.893538919815434
221.35155155935283 211.43569250082862
101.51436713127227 18.391174595593114
18.632772519641684 59.33731394506137
132.824863030516 11.625319713230859
245.80526150112976 131.07509739647202
20.544882013792538 205.18715449531757
78.96155641226608 182.6108460495731
235.76433244938343 60.95520974460267
46.12951786566699 5.284314788979977
188.48235153307647 144.73695770648433
147.472388016435 213.64428118533792
61.22330434201881 27.789518482401938
16.09041281922491 206.25302105300844
188.93521352471365 37.79964892345125
104.4317090899631 151.6025796215566
89.50694251291894 177.66484914095378
186.50454310461396 26.706221175335997
114.06776716714212 58.040287287937474
200.14633884035018 79.13761414041382
205.7516176517944 93.4992224698688
131.7463406160775 38.69912913991863
220.87093346876787 98.6864137459729
200.80490682225087 135.1460984087842
242.9296956966412 180.03921317015207
119.52436166372235 16.01824747902994
196.23022560718812 93.42654403060122
194.46282484805772 62.64370726323862
210.16358869399542 234.128372926001
145.1530773140228 56.73205487840829
201.04308300561073 218.55680601529463
116.92782047035169 128.64665428041272
126.65930081237522 8.801648395711709
201.76102413219985 156.2241633592396
64.20851298234584 152.50316613443977
79.95638416237664 200.57647630202177
101.48436932250989 163.05494106045148
144.7534322298237 179.55373313041127
215.80462078686102 207.7170304485862
124.06967590325347 218.87912440878355
58.25339622499373 213.09603296262563
88.11052748370757 103.29212885496267
75.02369150405941 191.37036740433277
157.50043766464273 8.332301405934189
56.196087619845486 136.92419271585072
159.02390744935923 145.12841407107936
26.90085070036541 78.96655563717556
49.9429077320937 57.849482698511615
77.31111640026798 181.6604251937316
194.8639858269849 21.34231000928516
175.91300740725353 112.94216035230811
74.14997434800839 29.112806166377762
4.281557247079321 158.94595319108274
196.00950454156887 197.09009516056597
161.37018073559753 238.59926753247296
105.85849509696382 193.87229768754375
0.8703435823577965 128.27004365123918
129.20383472642115 171.20388900477403
224.25461577628846 43.66663440204543
175.4455094789538 123.1823109363458
99.8048175100143 5.811735488423925
36.4594689930588 189.5265298048701
144.20819289873916 69.45080915247506
162.2759133124885 211.06059907276918
151.779416594722 128.771172966565
223.96649639857765 59.43171583079279
201.4988281184915 160.02999279726626
203.30503657981436 128.17527777136826
152.86118359225887 51.85603338307346
147.48138586628045 187.14552878598374
204.54915803996496 6.784921120770976
113.36279434450894 42.775785291712495

258.1
51.6
720.6
77.4
137.6
144.1
576.5
103.2
286.8
216.2
129.0
432.4
1201
144.1
172.1
8.6
34.4
103.2
260.3
51.6
206.5
288.2
143.4
103.2
36.0
216.2
51.6
480.4
68.8
68.8
68.8
68.8
72.1
648.5
72.1
143.4
540.4
144.1
36.0
576.5
600.5
51.6
648.5
114.7
288.2
68.8
216.2
600.5
129.0
288.2
129.0
129.0
68.8
103.2
144.1
540.4
34.4
288.2
137.6
114.7
480.4
260.3
77.4
288.2
77.4
114.7
129.0
36.0
51.6
206.5
144.1
216.2
720.6
600.5
324.3
144.1
137.6
260.3
600.5
36.0
480.4
288.2
51.6
86.0
260.3
258.1
1201
77.4
324.3
229.4
648.5
103.2
432.4
258.1
720.6
576.5
103.2
576.5
432.4
229.4
648.5
108.1
288.2
432.4
34.4
648.5
229.4
720.6
72.1
137.6
34.4
480.4
206.5
216.2
576.5
68.8
103.2
600.5
114.7
648.5
432.4
8.6
1201
68.8
216.2
114.7
216.2
432.4
68.8
34.4
17.2
137.6
144.1
206.5
260.3
864.7
1201
216.2
72.1
51.6
216.2
17.2
51.6
25.8
114.7
144.1
108.1
8.6
114.7
206.5
206.5
324.3
51.6
129.0
77.4
25.8
206.5
34.4
108.1
286.8
72.1
720.6
1201
68.8
8.6
648.5
960.8
172.1
8.6
103.2
720.6
137.6
288.2
229.4
1201
103.2
288.2
103.2
72.1
216.2
25.8
576.5
576.5
129.0
129.0
324.3
258.1
540.4
17.2
154.9
960.8
51.6
864.7
216.2
154.9
34.4
154.9
68.8
286.8
103.2
480.4
8.6
51.6
324.3
480.4
216.2
960.8
8.6
206.5
68.8
260.3
34.4
68.8
216.2
216.2
154.9
600.5
86.0
51.6
1080.9
206.5
51.6
68.8
206.5
51.6
144.1
206.5
216.2
960.8
172.1
288.2
286.8
229.4
286.8
432.4
17.2
36.0
720.6
51.6
108.1
129.0
129.0
36.0
143.4
1201
103.2
103.2
432.4
129.0
229.4
34.4
114.7
51.6
34.4
576.5
68.8

8.6 17.2 36.0 72.1
17.2 34.4 72.1 144.1
25.8 51.6 108.1 216.2
34.4 68.8 144.1 288.2
51.6 103.2 216.2 432.4
68.8 137.6 288.2 576.5
77.4 154.9 324.3 648.5
86.0 172.1 360.3 720.6
103.2 206.5 432.4 864.7
114.7 229.4 480.4 960.8
129.0 258.1 540.4 1080.9
143.4 286.8 600.5 1201.0

2 5 8 11
5 8 11 14
7 10 13 16
10 13 16 19
14 17 20 23
18 21 24 27
19 22 25 28
20 23 26 29
25 19 31 34
27 30 33 36
30 33 36 39
32 35 38 41

