256 3.0 0.0 1000.0 3 160 240 100

249.87463226127517 248.19121525525983
73.25679282216058 96.28139081053541
144.86976760615983 188.71027979856072
136.04767299432368 199.67176791277643
14.659335216231028 166.64340698104235
91.89636195748746 135.36552878246658
76.44114903061738 143.23977465147397
70.09071022221633 139.4933372564712
185.1767456975838 94.80797656800965
246.94912248574317 94.17154721087357
45.02725028489754 170.37387554278442
143.17086988271683 239.03252046180725
54.34619032598739 93.04677366080699
163.47332727707874 110.0409625978478
83.94382819602484 208.7116956289217
170.67953045128053 190.3637520499078
202.7508757955195 177.2135859903044
229.09733997119076 229.90357923872557
185.1568402388734 10.838183999002771
149.87370834240866 183.98309722424446
175.26891560447723 125.89920320151907
131.7910020055222 241.9587884041174
110.88149686254303 40.145639877303765
226.2061592349687 195.80130404843527
109.31757319302871 222.5963966036831
183.39589449469887 98.96599746532519
238.86828296343978 107.55960223810601
214.826743273597 208.4709060681563
25.71792165463771 212.60827997572918
198.46144178555835 241.01167373663205
44.12148494692886 108.13691561445701
62.98522783645918 206.48543377300774
20.930289590747357 149.6654578467302
73.8643139593802 115.39368892094062
245.43206886720694 247.38055765747893
196.7577769214355 182.99526238642113
51.382600371439715 227.47112760492786
19.9732744642965 31.322357691302344
110.05598373598777 17.799801380619595
41.374740623821125 106.10899489386117
202.05740089265782 210.39669478086603
124.2398709448034 77.99002982392525
213.08762556182245 180.6384283226913
227.7694350864542 62.334551061433764
188.70156726401694 165.0582239948144
102.92446750746484 131.45315048421054
45.24913857885032 78.50060406005701
180.05297950531138 125.94347422917623
156.09107270129246 145.60948723866218
131.3022299810796 10.878956062628786
15.206853572917678 189.6649583907806
48.98370114242487 9.059135604399332
173.7020722085047 244.45946708500813
202.7501263319933 146.79520253928501
212.08043169024424 238.2650306373197
189.0964731315788 227.90191520050834
80.12261242858834 145.1296837060502
236.00704128280182 194.94082231873537
21.197881196895224 92.71156359464841
99.49239219811462 209.7619575699477
81.47674985934125 210.7297272535891
147.27672261167334 88.82776205550111
55.69139022325287 128.1154784339737
95.2846481837546 6.158549857251089
95.38291939264305 219.8156477578509
220.90756875263492 19.986566234073326
15.566343530100529 154.45313441081288
66.21482467300626 217.57819680869179
84.8395670911239 167.95976440336756
123.08506195594666 39.88508350383213
20.265907128142025 58.57374403251317
196.92458204900151 37.02862427909614
29.398684198937264 86.29023475868742
221.8583272931139 145.83348383449882
166.4012682353369 249.52486407219138
93.2996194137006 92.15093702649598
215.78871422096617 82.67149667753893
182.1061422659262 171.11164887342287
225.0866950605034 124.62717148879656
182.21459483184813 248.98459700789047
52.20234767162574 6.025299605568274
203.44347227242082 25.338921616541025
56.03277465853673 131.8792667969185
93.45433745227244 210.2637940114369
100.3971677243817 238.62766973450078
2.198017966986321 104.78158258567827
34.235573221016836 62.81133554258239
83.23390914143641 124.15786267261295
109.41340486156228 176.21633282969717
171.53805034269163 16.912943296201465
239.28286756193393 222.1330542297697
120.03036672288093 91.30804981584359
79.21116816004469 200.66766075715103
238.40899807725594 107.61386757266533
115.30233420991016 21.024852192662145
145.40167412377392 54.45458331888825
32.43674249275874 110.1473934181206
206.7852740707408 131.22752835074084
140.4022440503234 142.56881947359184
154.1316364566311 116.22508180494768
113.77148313602913 167.85567028282333
56.415082772041714 182.80046951108525
155.52596679798935 212.77411619461984
157.90751031676876 162.44796792402738
57.75210404587228 135.2141462172011
130.8457464561265 12.603669473741446
23.18116609509005 224.29877477729974
95.664483258907 218.13331509113735
23.518341665057786 109.69570414441782
87.82606656124656 52.62102180325309
213.9663586627595 53.94458105942687
32.63640956032693 212.77714730365244
132.88112077958388 135.38013237614987
166.57274922979943 245.80648771631073
130.9207906229347 219.3630061504731
55.713644545845206 213.4908444957681
126.84202612664983 239.55021554754825
220.90554939923905 165.5598580309154
167.07543285726084 132.59087275630165
68.07358485701413 80.08661966208317
63.43032111596972 192.21544747029827
232.55096096654054 194.0477626801785
127.07816593683494 13.60592025062854
23.979219263429165 226.53049703544997
42.58299676804292 223.46109940647094
11.630217575542723 66.2004329671075
240.6048227521211 11.201542568437445
96.37032562068478 217.64640358043374
58.43017655972735 10.115228276315419
90.67931883796687 176.1082171770843
68.72005750670465 56.2579248793226
153.46105508873828 21.42956843357005
180.8944011267955 153.24476249957436
61.893999015500995 68.23604419002946
125.49144790070719 37.83331637879655
205.88500915570975 93.39916937925439
152.4928258526996 123.07439536888023
32.79838764107773 91.98107168573927
227.26862128384312 224.4815781549541
19.946027909457236 226.6422506734227
32.531705425982686 109.15921451800045
195.23225351947204 69.03318226285165
193.0922996457104 29.963755687428762
154.92431565081296 231.04681479570473
195.09079603418277 235.8886769821387
225.0265142285751 197.87812615954238
247.9079444333356 146.99708590467188
129.2776683560553 125.60948521095916
100.74948808272343 47.87518832714846
182.2961798986646 86.03283537701174
129.90213739084476 127.62644189236036
221.01836084553875 44.739218087208236
207.84216522855016 240.4565446306079
224.19255427404337 87.72570169084213
49.62000122942034 32.02427199903779
248.09757662906932 151.65378570303406
150.88264886542953 79.35056526225725
68.20983453213991 175.59744250695724
10.74391092028762 235.86667835665148
163.71616544692284 156.63440276691452
175.85989097333135 31.0927324067736
64.7852325151751 240.87330020515972
214.0013187732161 166.57747691475728
21.798003585332516 57.303180374067175
192.93005445521868 124.9946922490059
220.8175341790209 135.3133068434748
198.46210160271607 102.2130481180798
136.24704902378554 60.592971208820536
154.87759611919768 232.847900221394
64.6146549308946 16.45964665411437
134.3984703169852 240.56328606111015
127.36370466085292 149.6322505762666
51.39169768899246 166.57371272669192
43.00770284815433 191.76256668841114
97.07137969468033 57.48684451990815
221.61325219864932 223.16986903044466
213.62166566990996 239.6460090903568
158.6112603613773 85.90828315341642
68.44482325877263 148.00361551048306
53.55060622676244 107.26941761459003
199.03653887641894 109.06182631661513
176.28109441962033 182.24078646358592
52.18530973977864 28.686957388552536
94.96192155447753 66.69780904442274
104.67440459593402 173.99406200885556
131.07537292655866 242.10851593888464
121.3085579429807 47.2426245979734
165.32561555770351 104.51827605510464
143.44000711212843 224.52269026762573
96.36737855173136 166.92791220055503
136.211699298899 176.2039313054593
148.75393760435685 7.912303148657346
137.49436258759104 151.10765833537337
48.65285541582323 34.69339984947409
29.13766603252224 233.65082639017757
102.15216378567821 229.44167997710173
107.46017036905434 39.693712353635306
235.77229661184228 100.65311356667398
148.78903858480615 98.18592113550909
88.86942986798904 40.70211913175767
26.563248737001803 60.2066831231996
231.8081633749245 200.3039008216565
147.82528949295366 193.65350929060511
236.35669071839496 243.89952106160987
56.77934432649684 12.420897246456896
113.70294485947635 95.14739197247518
97.42118959473531 227.0354199979431
246.3104067984965 85.70189756097938
76.97950929655039 230.93533145654396
48.798688139885556 168.14848758127187
79.23527594911778 244.0316537347996
108.84811151902207 63.18207545892876
183.0986745392508 33.185302309547666
231.9019831701097 110.33835029061845
78.21854358103653 202.75665440089026
125.63748130409125 120.23693647336034
183.68464729201997 19.706257052021392
42.78534930490993 198.96449486156678
44.88330651215502 16.953938094698252
146.03382710383843 41.788979460778805
61.09560149213156 233.4607000161878
211.39727890512196 131.65976311188615
158.77727807227606 85.60362283843342
72.17666370503603 94.94643238006742
30.346399061844526 16.03528960827269
174.65663820684037 169.4814829884034
181.066505504307 185.9696878717595
180.16207544383076 21.158467562574444
208.71286295689077 69.41052475727055
49.00371197997705 180.2758922693043
248.9809261335331 136.08258408179566
26.329778397368248 232.1106312277484
42.427963131947635 14.835485198794823
143.6711066856924 220.67963005443355
170.06444371298352 95.70383297906362
150.9256721976782 227.30506849759783
16.194953919598493 101.80362417957036
37.23714846146886 60.35115970691929
15.344411464173035 82.27945398527365
2.358504044636361 151.10089406578643
10.46516825929364 133.79121754577392
5.153719387535477 54.345478471445524
61.89712338489017 236.60173753197364
241.15551475670895 246.4321992849978
206.8145727557674 27.843319948409967
114.12485480049051 8.873892065880323
112.2109231461208 12.014413595298535
153.05171291603017 208.3862188890479
158.78506513066543 78.78511100612884
28.910897550175367 63.46324219412336
66.13080634713036 58.240184465541525
71.5465624702789 138.17227227507183
52.90496154503593 0.19145621731694873
154.0622842047225 118.20199515249838
87.01084551796353 32.98349603714254
147.36904218364594 133.65831632108643

247.11576316257657 240.27772685746484
78.7504093773985 99.73751264996599
149.7182801119626 191.43403783566364
138.8231102887771 197.1012131150802
10.10212112510539 163.90450949969622
89.02123101235753 135.39830515253377
78.59378048813382 137.87215338539892
69.2397750244477 146.62695166665347
183.21817250839524 91.50257975628315
240.34342804248257 92.7346036028259
45.866953243113905 170.88147474887182
137.30042250223934 239.13872328589454
55.31205654922289 85.2601447302479
167.73774565284558 109.25467498934118
81.75397274848793 201.0268059323879
170.87864444218164 190.98579000483707
205.762849696129 181.344477327817
223.04706186106924 228.36170032715916
191.40003425461217 13.385958423445699
143.7156467158281 184.65984349006388
171.222527764179 131.07320091735426
132.68827196713366 235.026723135169
104.20469997439629 37.81269451356042
228.6576099408486 191.16421874946178
113.9739740558342 219.75535947359248
188.78663829350756 99.4714283068927
242.76560656837148 110.64383159398803
211.7468925820409 203.20381534195633
30.18560616724389 218.10307373056804
196.36342480004427 245.97984246688208
46.176169053831515 100.17631869502378
54.82567380784453 206.8018483719703
17.088459808289517 145.99182635407072
81.28851189220734 117.77834628229859
249.3931625214711 249.68953757414693
192.7224286769721 181.94736954412565
59.196843410461994 229.1289616995532
23.740637666264774 37.57473470191222
106.2030263951848 18.24220990102829
43.74468932849318 110.07516828205652
200.74095269330437 216.83177656528065
123.47313277361208 77.43299777742801
216.46798934574628 184.11241537735762
228.1401332316273 54.0564370269809
185.43662321685105 163.11807185109777
110.00700493662139 129.40419834895283
48.92420063748384 80.26405379215157
180.0551332684376 129.03173289818136
153.6975097640257 143.7851196954243
139.52484746910034 9.333286611495323
20.471901740572342 190.0682745502602
50.15400843644716 16.793907371020822
178.56642838913945 242.28113172549217
200.2653584941806 148.28025126683997
215.1642887358109 237.04968843152474
181.19162849562886 230.27189955464922
81.75454424408579 140.01161268765398
229.97504884291158 191.8393149561695
25.969097630298144 91.1417295094711
98.79925946411173 201.74879067845632
83.51431301127919 216.97032181426238
149.41645609671548 97.02914462891077
60.204488627052136 132.71953206894239
101.26487737053868 7.518432980690465
94.58070026821777 214.90862329332555
221.90899186361224 19.542435096859574
9.855703320353765 159.00920441791834
62.067164584058006 220.265332299558
83.47014567435716 175.5175187722476
131.0753818133321 38.82661981231278
23.517704437713366 63.86345755268943
201.5062563135027 35.69746671865179
31.743392644782016 87.76019684846617
220.99788495055353 145.36695319705495
173.36386362209825 247.0487933103167
92.45082577816285 93.10536762271437
216.0833451195982 80.26573300135934
180.45679724025132 173.19540435878525
223.7954953902404 120.53218335535607
188.3574847059896 248.30379425177077
56.778643291870154 12.52934037791506
204.51790711811594 18.381384632116944
63.22357987783947 133.84923483374445
89.64848686632531 206.5928544669298
104.62853684359617 240.38740458201752
3.1102556980558695 110.44070817155854
28.737565270103183 62.32531226479035
77.01098139945995 129.3061723859795
114.4963671328422 182.7978275390829
175.0287975256797 18.77856346177659
238.13780591914693 226.67507811426623
118.89995294699546 93.10290841267991
78.98601837664899 207.6459836635629
242.8918812608352 104.3494313340736
108.31246279901785 20.39487382890298
145.15605772975462 61.72484609569703
30.438859104458484 106.64710140653149
208.13642586515454 133.9619453033172
145.30459179795622 135.77246567395446
151.09262533747776 114.39931065111597
109.20649524109737 161.0646266170839
53.75242374962508 188.4415394451995
159.2083014318851 214.06226690329405
151.44461366918406 163.0411875536445
55.317443469680676 141.13469370246204
124.51117975363957 15.876597154698857
27.855191385245558 226.26148316289533
98.21079591200655 219.38766344816932
24.442940751271653 112.1536030549046
82.19025727569876 53.42093116401148
219.98915793079686 57.679188095148966
35.296254638410716 216.6244895057893
128.22125493601794 139.95104815384911
163.20709843465545 240.23407324333184
132.4972577391457 215.9463503673639
59.73536346261604 220.06037866973986
123.11386559089676 243.50361916650166
227.34859497761204 167.27125748999822
165.8111548736223 130.6161698105318
64.80217525071694 72.80551836156218
64.27500103140981 197.062846985029
229.95728157977888 200.23062620793104
126.07555934601109 12.38147807907944
28.01008062784169 223.3912704712703
39.310684049976565 218.81732389776667
17.491048198425897 65.76778213781029
238.42493313833836 18.859633767684763
104.43609858566141 215.15360000029332
51.341954507069495 14.58070393069158
85.31843082866803 172.35386856640224
63.41312653642206 59.800468147280185
152.415339679138 23.97762129585923
182.4490560070486 158.155796289434
69.15661817310261 67.54199776257433
118.34185109877434 34.722050215610864
208.3364273763944 91.77047264467109
152.2232754313599 130.86479068255747
28.418375058435196 97.40735017562363
227.97608514588262 221.4171630538478
20.878411022632797 234.21262861500708
35.876204889919826 106.84282989759475
202.33125207245595 65.9076917062462
196.6863008448598 25.51828453231711
151.54473308515531 236.51370037610232
196.68664829903034 230.73861502841055
228.56073613612088 195.08359291018556
248.98198898206664 144.95941801832214
133.6372147621627 119.98098921747078
104.85286688070028 41.5672176360159
175.51640284989492 87.6235369707849
133.3772219914956 121.86595774929451
226.01646466813506 48.643157714706646
215.56616946373302 239.51619856243568
227.68347111143214 94.01538034450796
50.12836343388996 33.07716561901242
245.30313776846674 156.56666430303736
156.01567394917413 78.69087519159409
73.30544452322144 172.40760871768953
11.625866848305938 232.8769438185002
170.35335561261002 161.2682805745226
172.3831598650688 36.8224167369359
69.37818212855848 242.6891532448944
212.14914451960615 169.4822074095864
27.007743142962504 54.58753593658411
197.2514337400119 118.49108556702548
216.11260137542996 141.98912991426582
196.16062805510106 94.83719815841043
139.74462098889921 56.248609992587404
156.7980437771065 233.59074374375143
62.07122780488736 20.0966948178663
141.27842272165185 244.8168482433747
122.00446890528255 150.66024964124193
58.14952537848303 162.27817142014953
35.32925046851948 194.34332524938304
104.70569805976766 55.12565636176578
217.9832685247042 217.13908956941808
216.02682046502343 238.40043431140538
153.60031453796392 82.66020885169401
68.70364613477187 155.01291526186685
57.245784786660096 105.22959867067839
201.84829626460277 109.40208468720908
176.77033814145645 190.20143245818753
48.06998920854302 23.786377951173414
93.83606774489817 67.14408277318552
104.99993772333322 171.427850741015
128.296331615802 236.3398061958797
121.47732784008456 47.48742664678856
171.7966114123141 101.94872221439111
147.13547418820582 219.8939118381475
95.29576220579175 168.56389497808445
129.89365664622753 171.1976297260876
141.09660267796625 7.498658779434702
141.33540681973332 150.12759581726598
48.958373138502765 36.34765612286955
21.529938312063233 235.42485662656355
107.37655900003618 229.85872422995078
113.21521199920475 43.52836117606043
238.49308485689224 103.690875890521
141.5593221748566 94.95258588818298
85.82333191320166 43.83526832712661
28.042144305450183 68.09826372077794
229.32875013743134 197.44673138688552
144.96205653577465 190.72764972843538
232.56735897929576 249.59260219031984
49.98901095569377 11.169322320104646
110.06198517459114 90.80324880078285
102.80439235845482 231.86166075697972
239.50874070841425 81.38587512350456
76.43387314980535 237.42183442382378
44.824770412749764 164.33146559370198
76.73494495113825 242.304956775469
102.96646293988196 61.30916791050678
181.3420238318343 40.67728572253163
236.2153806574548 106.37564599990665
76.85847943726098 201.3781562126657
123.38978460003084 121.04808074877569
179.08787303191784 16.51396832183602
39.93879426355615 195.70255556232578
40.54578689736893 11.875049068075016
150.45476278129377 35.53698564524502
60.278602370825 236.98205532943786
208.5418582902923 138.11311122572468
154.6921153597081 83.33799976979778
74.6993517727241 87.0260191941834
34.0371521632877 16.633747510411663
174.20654202505432 172.6727587795306
186.16346533600904 186.7287432071048
174.44012422947344 16.85998374552064
207.65679148087094 74.65028372103902
48.04958347172688 183.5810372161596
248.1472513263454 135.86813164186046
33.58400459424685 228.6645194551367
42.91442259945899 9.438440792772646
148.80074857208012 217.84080250883946
169.7329726403167 99.71509803888098
154.80947147525376 231.94809743796074
11.003422129706092 106.75458208681576
29.03030122746045 60.14473936362166
22.21005000597015 77.37312899549256
0.6690555619244531 158.26060451204913
5.85298329540146 133.65839368420166
6.965681592111528 57.26109645694707
66.31745361433534 238.67520959481158
236.32142747374508 239.77594662969665
208.51462506773657 29.65263942674934
110.24494309460653 3.279566611515822
116.65030615030933 8.673636806072722
148.81090044603263 210.35431167509296
159.20960217786896 81.93169331074299
32.34279641326507 68.06080187915056
66.5112321693542 57.55762272443884
72.11532753422281 144.60487719554558
45.58999773381495 2.47814085981074
155.80451622444252 117.97275379911773
91.6099093155851 31.599575294831066
143.61873205937584 128.83152863564382

144.1
324.3
324.3
144.1
286.8
648.5
260.3
288.2
17.2
1201
51.6
258.1
72.1
720.6
51.6
34.4
51.6
72.1
108.1
1201
51.6
86.0
864.7
576.5
229.4
143.4
108.1
36.0
480.4
648.5
36.0
258.1
137.6
72.1
137.6
34.4
260.3
576.5
216.2
206.5
86.0
576.5
216.2
600.5
258.1
103.2
77.4
864.7
260.3
229.4
17.2
68.8
229.4
68.8
260.3
144.1
216.2
144.1
68.8
34.4
960.8
114.7
432.4
103.2
17.2
25.8
68.8
114.7
8.6
960.8
432.4
960.8
72.1
137.6
68.8
144.1
260.3
1201
103.2
576.5
17.2
1080.9
576.5
324.3
600.5
68.8
68.8
432.4
68.8
576.5
72.1
129.0
8.6
103.2
144.1
432.4
286.8
34.4
1080.9
36.0
68.8
25.8
154.9
17.2
1080.9
324.3
206.5
286.8
216.2
540.4
288.2
288.2
216.2
154.9
260.3
114.7
324.3
960.8
36.0
1201
72.1
480.4
72.1
8.6
216.2
1080.9
34.4
432.4
72.1
720.6
600.5
600.5
432.4
144.1
17.2
137.6
25.8
51.6
8.6
432.4
34.4
51.6
480.4
260.3
68.8
960.8
216.2
51.6
288.2
143.4
172.1
960.8
960.8
1201
68.8
72.1
17.2
324.3
68.8
51.6
600.5
432.4
114.7
103.2
72.1
103.2
51.6
103.2
72.1
600.5
77.4
68.8
51.6
51.6
25.8
36.0
17.2
34.4
324.3
1201
432.4
288.2
216.2
432.4
324.3
36.0
144.1
114.7
144.1
216.2
172.1
8.6
172.1
34.4
68.8
144.1
34.4
103.2
288.2
260.3
1080.9
25.8
720.6
432.4
114.7
206.5
960.8
648.5
576.5
17.2
34.4
36.0
34.4
324.3
720.6
72.1
17.2
1201
229.4
144.1
34.4
324.3
229.4
260.3
258.1
480.4
34.4
229.4
17.2
17.2
72.1
25.8
144.1
8.6
108.1
34.4
144.1
144.1
324.3
34.4
154.9
720.6
216.2
114.7
68.8
648.5
17.2
143.4
51.6
288.2
108.1
34.4
72.1
129.0
17.2
143.4

8.6 17.2 36.0 72.1
17.2 34.4 72.1 144.1
25.8 51.6 108.1 216.2
34.4 68.8 144.1 288.2
51.6 103.2 216.2 432.4
68.8 137.6 288.2 576.5
77.4 154.9 324.3 648.5
86.0 172.1 360.3 720.6
103.2 206.5 432.4 864.7
114.7 229.4 480.4 960.8
129.0 258.1 540.4 1080.9
143.4 286.8 600.5 1201.0

2 5 8 11
5 8 11 14
7 10 13 16
10 13 16 19
14 17 20 23
18 21 24 27
19 22 25 28
20 23 26 29
25 19 31 34
27 30 33 36
30 33 36 39
32 35 38 41

