256 3.0 0.0 1000.0 3 160 240 100

39.5331187962589 238.34928401084602
8.47764868231074 4.2912390133674485
114.58035174352904 239.92453005514966
192.71936932311837 189.7093683442195
44.11869794909773 110.2684179936402
155.96006895128914 181.65926540011418
64.63425853294996 184.73247753896425
190.69153027738517 195.0786051337503
113.60748226976034 219.89726878692014
57.834923027800414 93.54414671675029
21.058986778363874 137.52189461311028
77.02329693272192 200.50104620733765
198.59584528926348 4.682841611359484
203.36688123287527 101.19213720114575
77.90009970845752 183.07999958561678
69.66467847665922 244.76518634789122
98.27665275106062 14.6781079102207
75.10316218411317 66.98824930175593
45.5715193060762 105.55482263851884
10.072807186613296 183.73462991576756
118.50763325603525 184.90955213910917
104.53541452264942 180.07610792648242
148.6472257738362 37.02136730378547
136.64363352261967 237.99493651479452
81.8857023461785 218.41942201945315
49.16847833168572 90.74483051733509
160.90029698558598 191.6917496349081
104.05338709654383 114.33136731729735
157.3780810795756 152.57953103257472
197.8998450685441 142.9302331605645
55.097316650668 193.17141331293573
176.55037983473127 25.365889332506303
114.80480948780772 167.78778646893812
235.1774209375856 136.43495537321758
34.748659061066974 118.56452288788653
126.37743440963786 202.42960930992098
244.4584037161628 138.34792709634135
224.31914022955667 245.0035462943759
98.44041411948828 125.87845095982597
190.91796037421213 54.73128488788004
197.6321321499242 164.81977992808743
193.02981957453363 115.65201833670625
212.30126879239342 58.1868980975751
210.0075990916777 131.84853491821045
220.6707935621564 213.48249513209578
139.76787394889715 152.1710256782995
26.730963383736206 203.62362692442326
27.005006336600662 196.64704785088702
236.69631720126355 45.98077086814012
64.19492804484689 214.78234660210597
47.59474281524148 129.76281506472907
221.89298430063243 239.95724640921875
189.14595298445604 145.69572013476662
211.3411064258667 132.03928164292677
13.20133782686228 188.89343610648004
141.0340273493701 110.4756308513691
218.2675037188657 178.9269169629007
81.92606006410838 0.8970048450727686
180.17756036395858 109.79683071244179
191.56905106689507 205.52033194071478
81.62740704037294 53.851376572376566
200.1522120140803 73.47297987199828
69.42313742876996 87.48899749178446
184.73632968011944 115.26885530173703
103.34240364799967 215.00735628184253
176.62582240829315 74.82157849074031
12.415269534592294 167.8399821050435
137.67453980489856 173.63063842369905
125.02907701529503 239.08766652504931
33.71301722268494 2.719060280855695
146.08617487513942 134.53373681382064
220.29298801194554 95.60011486073394
81.22946575186116 165.97783901262406
123.23486359785757 99.84141192833914
13.935392811495252 227.65734630670477
205.76483854805198 123.75900283577593
126.48068139482285 152.08447146020305
94.11914228615478 219.15100257180765
26.58519405672241 140.53673473409117
198.02702755122493 167.52896711223784
212.67913223283443 173.00242634656934
89.82936082774559 239.11723881256404
69.65784134346326 0.9473880257843403
61.058892585810405 141.37793367406474
71.31689052865886 239.12652061125644
173.06608532822247 27.247121336177376
190.19759522649878 67.0691912988767
140.606101183793 115.00796155183893
165.25468403441405 106.1204645590609
176.06669093180935 105.58100559758759
224.7115660767554 30.201080461526615
138.00646731213092 134.37968778535938
191.81615545438981 242.46127911121408
108.11170343469314 25.172580051461225
31.107007990362728 19.176819005215645
171.53232136653716 66.98879660676738
198.59327210227147 126.28827220109834
10.528569830409118 84.1676940176321
243.0370543515292 10.107456557741063
100.095575772471 202.12809676261023
64.29328099877313 189.58718438118203
97.41873323942096 60.289757366193854
181.54852506193703 188.64830986135158
132.73837725256763 143.415911653592
234.01342237118405 35.92417141390339
126.55542335337344 28.54217757029523
98.59908481037766 13.497512907756331
51.72943689789111 227.702208691321
143.6120605716926 109.2603415715248
212.05026359519945 168.20465643445624
11.505849390720634 70.32560467007714
158.68638767602292 114.13952317344653
53.213533805430785 236.8039540931237
42.15764764122126 127.26604192597219
50.10112380118853 136.07498532383565
81.06328246490152 226.48882607584824
248.90054517480874 110.24634942318784
109.96221803718892 68.81534877686212
103.98134039165183 185.4962424218211
111.02347784608607 147.66563291665315
219.44910456405762 96.12312173745272
201.35979517686505 207.98634933622608
74.69819640362033 211.29479198044996
204.6470982599172 3.6593370645551793
217.28938420847294 103.2035005405486
22.568916343767313 100.6538479991212
65.41841055927627 163.53462425598565
72.17354763747267 10.636035309766505
208.17624830092862 115.13623347928417
108.14021443127467 232.27264516420834
235.89886990086825 243.01380333610138
9.094996176227415 45.09782335381793
98.8898262683533 221.13297871832935
76.43933856073606 138.47524971291682
101.02000268946937 224.64669629401737
82.44949263965756 82.64103719080259
161.05793120469662 207.09204175922628
176.95148341007865 6.2272132197039305
194.89665108294668 249.04507185098507
163.42054735963234 125.70005900420989
136.33637616868876 67.7174418118002
68.786311900891 47.650744875267854
91.23990927836465 168.97689964318204
59.186567090233346 218.78981556258375
66.22377890664305 118.67207503373945
222.00428412055717 66.95705651539585
115.27126869995921 63.94881555427015
58.741056227623986 123.84532650495694
65.19082317075033 10.533189170685798
224.31538584680638 126.82731057020379
197.50997933763477 64.01616655142467
32.61318772125924 9.20034287227603
179.55748114710187 24.274506492620336
212.51312653734158 219.8084170210998
88.08508145880103 99.79912024935966
151.89705582877883 41.58913952547283
208.45585894737752 115.58947231084856
120.26757133468172 219.31292555770813
167.00626255220809 81.35984807608759
130.44154646490904 18.515975069568704
138.62516758737524 163.9462553814758
36.90493459219865 20.771815409278528
152.61005518150174 241.41033853214466
130.66823447862026 197.98204852209602
11.23783577538784 0.24395418286840553
94.93087667272724 206.93788132109384
207.1298835189699 124.99908561983297
51.24505505125537 53.21842191948567
187.7613348164502 31.193930852187247
74.08448748634156 93.67497469217916
103.4032376767142 239.40913460842825
243.89351484900934 179.97399044027415
188.5241425500011 12.367858542950916
202.38549263097076 229.3387026542436
127.8491827268646 60.41703925168651
42.967831099159056 125.86086312083728
17.92529742394419 158.3379437989451
225.783451414026 212.4789766502114
85.7691294856238 44.9743521536084
163.59511868368338 55.945091440288
69.05984636776539 201.97862028014376
220.5178800264265 137.95451525840215
190.06373634779908 247.1939215224778
77.76131301376041 38.91630109333846
25.680966320993733 173.9986615811526
193.82497281990337 47.06648041787007
74.07629088140244 241.9266825620093
239.14510000083425 215.79760379139938
133.58356520654797 182.64664214300183
199.8342967416373 35.30046664561379
246.6242110505948 206.80476848165705
100.73368256380449 184.51647435822724
145.8393975306651 203.09160987292267
164.36933746652477 89.8148738890705
79.75054578040636 19.52251810323724
239.95410351052018 186.83449898045328
111.34539405442476 46.84449895173834
39.06854945909885 200.62034799246436
172.58306059203463 8.12563445727879
148.21121826817617 121.20836163912807
80.3272107221035 41.88871067353084
231.03078765532564 165.62975785087727
144.8347624483681 233.77301571514803
215.1717108016494 194.6014954495865
92.32527202973945 40.56524324133123
155.02031655238903 18.429906033278957
60.2526350387706 179.50419357170875
59.90487995766961 248.04859245227985
111.86533715764408 1.1680564219405942
230.8126692668011 92.56130123217007
58.32163259005957 11.166220662364474
105.65240792738992 18.659670993465493
87.24155239295179 58.454442792397174
86.65485671545797 165.5689691824543
219.65949134620703 97.06995247377198
155.45873815865795 112.12613769783447
9.87545821963945 159.18050124075202
83.19718237668627 14.155178589294604
75.6968921767687 133.42772238736356
157.69973489659517 49.601696964994225
230.90998634766552 24.682475095753443
33.82545508211293 246.78808085632113
3.3196847923194497 204.1850007399219
136.19475862152774 160.5083886574817
66.7637229331384 128.84685579498662
151.27536198395632 241.90960594850918
17.88772916298434 123.27056484580872
6.687652084309076 159.8788506487919
27.166052550045006 195.54686164290604
183.8216326508047 31.237032493378585
19.897528024180684 224.3250805377994
220.1085207129487 199.73121128777822
59.31293588430364 125.49160800125497
14.347822498954082 142.72732082542257
67.86831659148565 207.99309069273167
43.635831036890174 156.47239367027467
44.4353110048476 20.88582845315018
7.585850094403907 143.38948387154403
132.89186803913645 68.72104973325096
224.10199893403498 123.0911429130524
50.17771298124721 71.77116981536669
62.75150206315619 79.66334245916885
32.96625243299453 220.76888181477628
198.72350958847807 80.72787716809387
248.2180710372256 220.77555483839438
6.909820192101374 164.9945547362936
33.53051406446675 26.607633875197738
167.8699328312373 109.13984577254759
118.63435843820646 116.15195656874933
143.38943307956484 183.9242379238585
83.20298963274759 89.79320190540376
126.12618513482765 94.21693676705011
151.32633303260462 1.1744084370593766
35.166437619530974 8.574508702644923
112.03166072262913 183.10996256429803
135.47562279911853 229.5826500327016

43.84440170726328 237.37371447463732
14.042339193231362 6.790878132710648
106.81715944890364 239.09987654578765
188.6395978546918 187.6857972378619
47.857589925968085 104.78527031128738
155.8760785323177 189.61272890353388
65.17662096398486 184.8472151806268
198.3029969795781 195.73846615590872
116.32788172258671 225.6092291470928
61.25543402191372 94.28043681910769
15.801476464081393 136.06677033287923
81.77132878996277 201.37555395422635
191.6831626022029 0.5048499591965572
202.41926439297424 95.65600347895206
86.05068526458778 182.92502662407728
62.51898311710239 247.02164703431066
91.51660243320711 11.295510117087515
74.55189604726637 68.15342438355265
47.22105297558485 104.48065536029976
16.68292687213832 182.38553851742333
123.3623929926919 179.52552167468698
110.9864433840618 174.68440799586267
146.17387060162488 33.82794765499228
129.37402920446496 238.764014104454
81.207482087479 210.28494257348842
55.0795048632575 84.79037961376682
157.30451145408105 190.5374701235604
101.62238735900117 106.26018547455044
161.99936182061234 147.44160855869572
193.1710874929996 142.35354921741128
54.798973386365 191.54241014729945
176.5544011789362 17.59385643422623
117.85904824698795 172.14287327768497
229.64038785948932 139.64591281895474
39.08767119510021 122.36853126701081
128.61571625425034 200.9749365429191
246.8167483277825 140.96459375553425
225.08471395088185 243.70918741563167
99.10505908313851 120.56685271603884
189.52866711349574 62.872461476143755
204.10749080407462 168.23349465540207
196.31044313419326 109.0235568989686
214.45770321018094 64.27417594760968
210.8383119046387 131.70227773670055
219.39175391500058 214.73053308575453
137.026577569045 155.41884833957872
27.90045217408943 195.9707011146127
26.48270683621065 191.7615053156102
242.6049677445997 42.21547259603875
60.877052306304854 220.62194480946854
39.86366382964171 127.89131372481586
225.66948726709802 240.92796286454123
195.12868550544644 149.11912970704014
216.49434880939458 133.1492809964362
4.92239512364609 189.9664245634332
141.84189675656165 115.64872764321629
220.9732869124417 184.4212696478098
83.99815969722957 2.5085605392958232
184.28425155309628 116.65265889841191
195.85288625181823 204.40046451023002
79.59165489494217 49.823378805497725
202.22197125213341 65.35897935516837
73.60043436709243 84.02438311877947
187.99958138844198 121.26344220379528
96.93606670900249 211.01620616680285
183.9804755415497 75.30569260530534
16.51910159474543 168.07469901582536
136.69791873027322 169.6674059227013
120.44674830767396 234.99988410514314
30.467560568395445 0.9006640967954838
146.02713956240152 133.87286967853234
227.60758629914494 93.97283646266061
78.18147445205636 163.3092036628621
123.07011314553068 103.47247657880574
11.131016831255003 225.4608245428085
207.6288545554646 124.97392816469699
118.2705555839244 150.88411067594316
96.84014404889554 213.2078767121165
25.57076058807675 136.29387892694803
190.45858881970943 166.71949477789266
212.77326051033455 170.6080324512235
93.66534950554198 234.4942593495687
65.37769684727631 6.0871883961630955
60.904174015094185 137.82264793048972
77.52061157898122 238.62061428721816
170.90828591086392 30.006885562404133
194.0386351105291 63.32859151661052
142.97228362958265 108.66797003939242
166.09748957276136 103.32797676486247
172.79171660910058 105.25877359810119
224.30644131072393 26.850069740252835
130.9335540546201 131.47148993894828
198.61356918333243 244.5716464189937
107.28464327900991 23.867543072720988
32.546684340439754 24.4502671572219
174.54412040711875 72.08071990847878
196.52980069710978 118.67319237491003
11.548319846897053 81.92704348216468
245.25144746378623 2.3197063336116432
100.02756634162849 207.7730439375678
64.42494891775533 181.27438640367498
89.40763779099854 63.041275971840285
176.61191390860958 183.5205152037483
131.04399026090618 138.97134282067188
229.56641243485376 42.97936340143138
127.9222884970237 36.70712265433648
98.06795686264319 18.279436380490484
44.813177734224666 231.04233317480293
146.42024122553846 115.54484509728383
212.74177489197697 172.9585797880455
5.499936481698942 68.88116038760123
163.84776546245197 110.6985603093256
54.13661846555201 235.28889172203026
46.420744909167226 130.38474778096332
50.09769009599827 141.51757812241215
87.8332172682734 222.348182233628
248.41773511306405 109.2082458237063
110.20020806815076 61.84776460126229
97.79726194819294 188.5596457622815
115.67069342773078 149.05864705374944
222.53191441873912 91.9614989340329
201.45174769053932 212.65116420246054
74.06652524257504 208.36510748571828
196.71066959106636 2.8657212426143053
212.99260177358366 100.96810194334496
20.022006849775398 99.9793905149248
71.3152422156897 165.69539977461955
71.77192451762826 18.9561760329503
201.37674864016444 118.26444555264307
108.36575764021697 236.05984086912437
234.75574591196383 248.63363605010346
1.5385049555230734 45.27978301083515
102.75479753806582 221.85498487234972
77.99263328104136 136.84171938543187
100.57056382389412 226.43892978436193
76.99195405764006 79.68046665043413
157.22369416513567 202.58031936733167
181.69394237890018 7.786202014263305
195.85765418473605 248.76838000742362
156.89989297152766 130.620791733178
131.5016950806426 61.19579633509012
76.94957325461648 48.1577666696644
84.67060526960692 167.26306457357364
62.15101714292953 220.99563616621967
59.88793012086016 120.72206165908412
227.78142620625079 65.09438329249956
119.40369479352522 65.55747721542824
63.6514818141547 125.98594307201536
61.88898185420516 18.2210551910143
230.01220735789022 127.67005622020497
203.97326723821018 64.08137191743282
39.112335050429714 3.7771680576113296
176.38096703443284 22.874030888500652
213.2088325960821 224.81631304955275
85.7872251843561 91.72974078391944
149.19184654121005 40.53692684684621
206.89019127708843 122.13737243273664
116.6776431674613 221.56238362113302
164.32978437543247 76.62299310995083
131.20112162463468 25.47071875491974
137.54392631040292 160.4503985516636
38.66131418676325 18.0374805376515
152.66989503835472 237.94667946660894
125.53336489593647 196.69713177475094
12.878551341024725 2.7611492626600787
89.77881138075972 209.18123850189974
201.2815713585298 125.94896659014607
49.81877434282544 52.12203725402226
188.3541555247017 35.88705625634023
78.05486416665985 97.88996031073115
108.12537938082565 239.23607484101862
236.228559050588 179.12143156497424
196.19639473316022 10.223833255513265
208.71769365135629 231.28974469584404
131.27236613829874 56.71036182693723
41.11888365529348 117.69390057721085
17.382806193984607 152.66227027356186
218.46732711767814 210.42424052477202
81.87959241042769 43.469588076555624
170.9037809120879 60.2406654371557
71.15944727842766 198.13548576684246
226.2692743981085 139.80245312372793
183.3959718630456 245.00664061920313
77.37232424572596 46.47961849352492
23.527439529328287 175.43618952479432
189.0301763670315 48.078649226029306
71.28037342550306 242.57433983737354
240.69282498318606 215.4597731223509
125.85991322097424 183.6237930199164
206.96271510282534 35.16318008157282
244.01897388593213 208.1299350717724
100.67439009157442 186.215387986158
140.2843780462586 207.1344299366139
164.4931507204401 83.20704165692602
73.39392571961942 18.442519700706345
237.13159636128145 184.2442584285702
113.69332553273983 42.27622035539264
41.314420693308875 202.08974297076506
171.771558810903 15.99304943289806
153.52385290003764 127.01585015063651
82.93560003689538 49.60172294277798
225.51405605089317 169.09433958181054
139.16112941471914 240.06138599662802
209.35345351906426 197.5873325316574
93.85394518187783 48.79598596831908
158.67460703567613 14.498104435441112
59.63967170404466 177.8441673477414
52.11784203663478 246.95306780341426
110.40158257718133 7.3667999394735615
225.31301772895424 92.98943422553282
52.73721741221451 7.048025748909059
113.37934890143869 17.081306188944545
84.1708239234056 57.34565656530952
89.62770481994289 160.5099415969995
218.27888185750564 101.57027651850423
151.01583017628522 110.03485252786366
15.41741809126737 165.19746146100442
77.02487030508429 15.710457277506723
78.19678674680272 130.93564498759187
157.56358052787732 41.6496523786882
234.98894554470365 27.43414426086374
26.41022124662784 246.1200549520678
4.183466431882943 207.57891369619415
140.79578913083003 164.13487261463263
65.69909996142076 125.82492374880306
153.0612851447183 237.3606510155936
11.769183480784568 120.99730952976229
12.30936007439981 158.24192875386336
32.53687220605453 190.6235774766315
182.3622214876969 32.99567334142517
27.220526503704654 226.15578090097156
215.6258303649781 204.1507908849035
54.5476834221362 127.258500332348
19.433742515146733 148.7843470476141
76.1821290729707 208.37930926727742
46.16791604902154 164.32736182001574
42.38789452826544 23.399506354896015
5.184918026791663 149.3746890222022
130.20923468203972 68.08941174757862
226.62451022307732 127.46002886449187
48.9627214232487 75.30593151160997
60.02959440670971 82.66470190143374
31.341562166632336 219.27299451727302
196.56913487148157 81.2656276347391
248.5393631291133 215.7790115536514
6.53591746835408 167.65200297329324
30.373202787995407 19.015462497239373
160.5003818262638 108.9083753643767
118.08984016343213 120.41034005359266
147.7419073024464 186.4537306407961
86.24576232791952 91.7646255682355
133.19201346170817 90.44286412050437
148.86624782667033 5.786523765035217
35.78364245745272 3.2819028431786137
109.5404480946208 188.28510373096736
138.5275285403281 231.9528552334859

540.4
324.3
51.6
25.8
600.5
960.8
143.4
720.6
154.9
229.4
137.6
68.8
288.2
34.4
432.4
68.8
216.2
206.5
229.4
36.0
432.4
432.4
576.5
8.6
258.1
648.5
51.6
260.3
108.1
51.6
51.6
108.1
229.4
258.1
960.8
144.1
1080.9
25.8
960.8
137.6
86.0
108.1
720.6
51.6
129.0
648.5
648.5
103.2
960.8
288.2
288.2
51.6
103.2
68.8
258.1
1201
260.3
114.7
288.2
864.7
137.6
288.2
720.6
129.0
144.1
216.2
36.0
432.4
25.8
600.5
144.1
17.2
51.6
72.1
288.2
206.5
480.4
864.7
286.8
51.6
600.5
86.0
206.5
108.1
129.0
1080.9
103.2
34.4
229.4
600.5
51.6
432.4
1080.9
51.6
108.1
432.4
17.2
108.1
143.4
103.2
480.4
288.2
206.5
114.7
288.2
260.3
77.4
34.4
129.0
480.4
114.7
108.1
432.4
68.8
432.4
86.0
143.4
154.9
172.1
34.4
648.5
137.6
258.1
720.6
576.5
8.6
103.2
216.2
172.1
72.1
258.1
576.5
144.1
114.7
34.4
17.2
72.1
1201
720.6
260.3
540.4
34.4
25.8
129.0
144.1
77.4
172.1
68.8
172.1
129.0
143.4
216.2
288.2
600.5
260.3
286.8
1201
960.8
51.6
648.5
143.4
229.4
68.8
960.8
8.6
114.7
25.8
77.4
34.4
103.2
72.1
324.3
1201
36.0
68.8
51.6
129.0
144.1
720.6
25.8
1201
129.0
229.4
864.7
103.2
720.6
576.5
51.6
216.2
137.6
324.3
286.8
103.2
34.4
600.5
144.1
648.5
77.4
86.0
129.0
206.5
216.2
206.5
216.2
17.2
600.5
51.6
34.4
72.1
72.1
1080.9
324.3
103.2
324.3
137.6
72.1
72.1
258.1
25.8
144.1
51.6
540.4
154.9
864.7
129.0
137.6
288.2
1080.9
324.3
72.1
144.1
103.2
648.5
648.5
648.5
86.0
600.5
72.1
68.8
600.5
576.5
144.1
8.6
260.3
260.3
72.1
77.4
286.8
216.2
216.2
8.6
25.8
648.5
17.2
25.8
129.0

8.6 17.2 36.0 72.1
17.2 34.4 72.1 144.1
25.8 51.6 108.1 216.2
34.4 68.8 144.1 288.2
51.6 103.2 216.2 432.4
68.8 137.6 288.2 576.5
77.4 154.9 324.3 648.5
86.0 172.1 360.3 720.6
103.2 206.5 432.4 864.7
114.7 229.4 480.4 960.8
129.0 258.1 540.4 1080.9
143.4 286.8 600.5 1201.0

2 5 8 11
5 8 11 14
7 10 13 16
10 13 16 19
14 17 20 23
18 21 24 27
19 22 25 28
20 23 26 29
25 19 31 34
27 30 33 36
30 33 36 39
32 35 38 41

