256 3.0 0.0 1000.0 3 160 240 100

83.25620247774945 110.51114238239829
126.43809457120616 192.90494038347884
246.44515366227031 100.27483257275007
220.6528700993833 152.71378227347904
201.43998995675153 15.37474809787806
46.9512665124277 207.97210950777807
246.52509367656376 211.2370853806785
32.72693609224 166.69192859970337
61.82175373388479 21.612624383939323
85.00186351211961 8.784508914738225
123.24930024301486 156.8016530506622
108.17328038760523 191.54043442074746
201.18750630258504 47.29421715792023
96.4353441148787 5.678512752681969
235.8929159932583 204.87739177371535
120.3004523909952 31.18677207233497
99.99969167877006 136.32715955111942
1.6768697657601195 73.06553735865121
159.7555354217134 10.764704652349133
34.38386963720044 241.41215046234575
177.256735309197 120.88202163095885
103.94126195371126 45.061920606671215
2.833523006508826 8.19719700683902
91.93612729085291 148.753118599638
188.92599797981146 10.360456165547038
132.89707988569646 38.988576520182974
122.34978762105587 84.84179680483733
92.90945669882645 44.05467335143304
182.42713924796675 24.799890706641985
130.54237448687363 32.07552656684029
237.85215168755772 249.22562669696137
219.3068210342119 52.6676009890662
220.56935946129315 181.7524435025056
108.19138941467644 120.47249424714629
173.4186277663371 168.32131311557865
207.00789126328388 188.78591747041696
184.40576883396884 93.61500364462901
235.3919102246579 126.53362332465903
90.32100010357289 129.65848398403966
69.72087621109443 37.920306698538575
42.36923411205223 152.46733827545881
48.17072048817217 53.367477803636795
143.3905847216744 241.06422189879993
9.021248912796265 173.06755071171895
242.16416149152005 248.52323006504307
193.93359610989572 25.804135470217066
65.73293144916245 161.41742662203802
227.71583522663306 134.86552935209102
222.08519429189448 17.673225642469287
213.85863515062726 245.85598241922747
47.16947108057346 0.5883508371672119
80.40253496754279 207.1798412132152
129.28507672721017 173.77780607398427
15.559747326863965 89.70774415199966
25.872750143224792 209.87993743944656
115.83349744978463 52.46428367565323
78.9932235660168 74.92670888492195
102.6411757164038 236.95415134224913
37.08644989388901 41.56936585259663
205.0547063611083 141.94299217752786
209.1884390456799 119.38600779405978
17.642787294126467 160.817948045186
125.57371163336886 65.42533653720453
120.01686338378711 105.96527830314712
71.51885838297275 41.88147862473265
40.15849024714127 140.59804949046335
87.89145460650342 167.09369106590503
97.98454286713623 225.38133891198845
136.0410250224506 51.406990520803134
190.59494325738584 213.4291518970805
174.62222913517897 22.814581953992747
87.54968414500303 6.12820391131455
222.59839532193837 83.97932827763996
89.18231762435283 168.79617854137587
247.30654855969118 50.337787631973356
183.47473963694145 99.18966732854261
67.2965159905305 176.14250118675318
47.808505711219276 6.11701526272973
83.85729266214639 66.17983240598791
113.93498305867247 211.78719496207154
164.13777168308937 246.23924320470428
62.40017810722548 114.14612854524323
138.87891449921122 249.18998486349182
106.42941115258279 161.6316550463698
20.383440536454412 193.2773642333405
247.05293323013305 107.28599724236268
224.99860086762592 143.07316066521392
136.712398076823 9.888873653115137
69.62754350217922 22.720413213644015
27.96649795627143 156.0188047891865
42.033325562561785 32.372471469832576
121.4963054441938 152.5804832222734
103.35136508298473 195.010152117285
21.17244146327707 7.621048249905115
131.1675818369769 238.03220367418425
117.56022277334863 210.43716369949536
102.23714521775912 53.84711427764008
58.900097172779496 129.98507658487225
40.761866803839474 99.66645478471838
226.6854645329931 198.06617786129712
8.327991001296219 83.93722831878195
20.922642068318204 74.53165826131334
42.71012793089724 6.693318142395127
50.199431790597885 171.05211599424086
224.3797545560562 169.00666953347266
118.239992066638 213.36503523079412
34.352123909037026 102.14470157921843
94.48784931402895 180.77102484263708
232.78143824109125 241.11764021919623
171.30189604659407 50.45965330233698
16.210924136398408 202.3229390995547
178.07885863853977 202.8060584516127
125.14745616500552 133.53791851012826
149.4953653965393 194.05781355908397
23.123966171454235 225.3136384093021
235.21801632500475 28.373457864481644
191.13990380334707 3.213145533794953
121.48690240277828 24.904138599235072
247.89096003029022 95.58677765613984
142.86602316717716 232.4081327266351
43.92512412023775 15.566972403531803
173.4812591299978 119.12531627788833
229.30591922383888 54.59778007378135
98.14680404749232 168.70968203520508
191.85901078886863 228.72003501566022
15.148059255780472 60.678356465229456
128.2716224552408 204.88072451378775
56.8974391072041 92.18652368300579
222.86042916966036 163.7409450613634
234.75190208732073 85.0039668828747
188.43001090994562 130.40168117961477
146.42636649374657 131.58487777358852
100.19961062717334 103.83716116499619
167.10543554977386 241.09985969171316
220.21454177320226 140.84670934168685
11.115535920035502 165.84286419832966
76.62787136506772 80.69678509953077
14.250973653698345 178.1440939351129
110.829507941307 198.50387396721447
199.63471702081299 103.34936286625197
221.24994780067848 20.66847960025947
31.226609373407683 146.21995224035072
45.040226841897514 24.232320804688428
217.8659310318744 225.3486128347242
178.01146053483458 130.73497423057208
42.667637641809975 15.441678062953713
127.14595976992746 76.17355828453704
229.6393542569524 201.06266574878669
23.325622765669934 129.86394197803878
87.08060344558261 15.055972950883845
80.40226076785379 48.05143364335765
90.58260760632386 121.49730610397724
164.95483845927552 226.03737940350953
115.32058523298736 163.1337885379764
187.79714371879913 159.83144987990212
31.093339448324432 71.15646374276085
153.30189393065504 190.72771072529625
154.8741919076051 17.153166744031946
6.863642585121204 167.69316775970304
149.35661068547353 103.42927740030333
106.5274683959106 218.04719714110863
113.9688532137327 128.98279615299663
46.128472054633576 83.7273506982946
63.69881268470068 65.459482423034
195.62568017061807 152.86956830613877
219.23390828947527 42.045086518587986
132.5214033506097 176.09869344923845
196.00443846385588 215.38341421779825
186.27514775692413 208.92671321176414
64.51757958565096 193.9549183804684
164.75402299717422 239.64143568407792
210.98930304360184 43.0743507041334
47.854657187439614 158.47651931109434
127.35205107194597 163.27748460549677
8.180931404922292 124.9361678434903
249.05260816069597 144.64375874011435
197.35231434302435 72.17858946360128
85.94964494500779 88.62533351357979
1.5160346328776109 42.490008315185015
224.07617117586685 115.77226277192528
68.40174525022604 34.63603061160028
237.32499887050187 22.575701781299166
84.5587498304177 206.68456986744
59.263441957541794 212.5574145993496
46.27120288646688 122.4311176728263
121.76487659932964 111.03730290374284
39.764357115275764 135.5082610363376
62.63651091460748 241.7800232833523
67.02413263255877 182.71688057794876
87.03108796649475 233.34392584277668
50.84296245422912 135.49204901049734
218.15501548848712 112.24785026992407
214.00840550387778 135.92473456172166
48.73086203351301 147.3815518209091
95.0683419133418 116.251302769181
120.32479152984496 11.871490514325622
35.328119799278554 233.21301692764925
176.44385231044708 135.94238669732312
62.0293863259809 81.17962843400376
25.843167517900085 209.20466221682418
47.45474568476282 46.66334230242394
192.18556171002072 63.045744834869936
2.9415116088173097 97.54693791549626
202.94886392698086 79.34057863242211
175.8413896699414 19.09087251628547
65.60920361577996 131.02908628114997
98.8563844478959 142.29508447919224
81.913552927599 187.18785982415633
173.27128178300813 173.2043835695016
103.8104654901906 83.69588195994052
82.37527208348746 173.57886864204713
12.578995625731338 84.83708397607562
76.15883033451459 202.5633691913742
120.01474942203386 18.947347777610034
152.12796059685908 25.63355566101036
49.50320769048327 85.48206863029567
111.66616982263585 20.89698765680703
244.23633283401267 199.49917815313177
57.85204494936724 9.063944053156249
140.6937966416715 191.4070318834633
177.1030060997788 202.7293871133513
245.9403310150914 129.2786405397565
117.2890301843147 50.59545685618591
195.74066908770826 184.07518956055935
100.06844721247116 238.62514931757372
237.94471024841033 107.27522241273529
224.37072787511406 84.52594025665076
143.6847689419676 0.07470094152273177
51.19005300664353 150.0510686150336
40.28365542286622 217.49473436786747
116.05376883100688 51.49744466103417
67.77916923406704 128.81771131756307
27.475548202149092 14.65557749010815
231.61685908048605 198.60338667493286
43.38828282470566 85.18319871869215
231.17460115463734 241.69000299454862
233.54288802679406 137.12963463811153
13.490167711846135 41.82325440243581
166.94943964900907 109.57854870650272
83.03371146001928 223.51125588372025
183.62813315858094 152.19959167882718
56.010972529669964 38.98222530001657
188.26104376428938 168.92038846368487
108.85529420185559 79.931861926641
65.74023313210445 124.32802563575699
136.578182245629 112.69018827153343
122.74889098868161 199.77903268262472
32.55192261384723 205.45142994386086
157.35172100809532 194.20573207011387
43.464680652288315 165.91750377224017
140.54060160147577 157.66424164725905
155.4661640543641 41.86435128851859
54.69697178617577 41.18800338131923
44.665417971326754 163.254695181696
134.4287226109153 109.6827295211442
58.28764444435935 244.59942030429127

80.9048385615668 115.87029244604608
126.42915665815919 201.0690388755882
247.0305334066989 101.82940320047881
221.12181146292156 159.1243553150064
200.24553338537578 18.0311084520835
45.19363192023854 201.95105608233425
247.22315925533394 215.60046133746158
34.886358820568006 166.6283843770302
66.83673573994767 16.347408013114435
91.23731162402474 10.450152961554881
125.41013363170761 155.12106403209833
111.51300379836727 189.1905244731399
206.04885834845663 45.86967513403284
100.22806102635163 1.4723023827492299
233.3571402963374 201.8423008940183
120.06808041957528 26.02566397971215
103.39124448576872 143.21213961748876
1.6750054386202307 79.18421781137802
164.92689136224064 6.617699507973168
38.77984389334577 234.5703037584687
174.89209788958905 116.41108306168779
99.66838483212983 41.61134348201101
3.2375098359009034 2.025554583854172
94.82542130316673 145.17698097027068
191.56887840579537 8.950990840557587
132.34823303712216 35.99574125452493
119.50715926498535 91.63990059009225
94.84026389461219 48.303030889330024
181.04829767760455 25.498345665866978
126.91488569097342 39.353936355307376
234.27918586530564 244.661609084098
222.09753485858144 54.428405915167815
221.76854599651153 190.14480757638043
108.17445214222559 118.77132530553419
181.41961903754637 167.32093734451448
209.50341188464114 196.33132985948234
180.15267462940406 98.51972648680277
234.72225284289794 121.53591001034411
97.28548948106506 133.76426721879386
71.89519290386151 36.14549656368282
46.64987523264344 148.84686633695918
45.48117295488949 56.34866788751547
139.86892772010114 240.21191079703388
11.936556991216262 174.98209240277396
240.50862707718673 242.72356673921848
192.48918779651297 20.9873937708977
64.63069819265735 154.6788068807102
223.83994791723663 142.32106511812583
214.1145707686136 17.920167946848586
209.67560903562946 243.5773566216814
49.54788075095676 5.870703141274913
74.8202141601302 202.88550921332424
123.78369627665731 170.63883280430736
20.77973586297313 86.91392685282209
25.4478152642591 216.26072115631186
114.82512946575676 54.40510080465458
84.3337977594415 78.75647405057506
98.69452827562262 242.60181148092718
34.73595310765393 37.89738929506042
207.17686362908782 144.08696598594636
214.33167788606596 120.86570883954093
22.819560095932584 164.65462416564856
128.04615320523223 71.49763963867214
125.42252270087836 110.91528109859455
69.09078043904371 40.165211399183306
39.95533369309176 145.2581714618889
85.25987161235385 174.15982412174148
91.9730378730087 225.17958024287034
130.60818735808743 46.8279147562512
183.9175577456835 209.75594420477756
168.1957189303016 27.776851161142453
89.938343873944 6.455974551605959
230.03786074943974 82.36298518035306
87.2295483142483 176.28678673846503
247.59793239345606 49.4854712888464
177.4375656283054 99.75258856341043
62.73183679258321 182.18237958219117
53.05241809975691 10.182106559655429
79.1799509416779 71.64499170462527
116.4156106487208 218.05960418838382
158.35086520632223 246.952928830293
62.815971778101414 113.29949484974797
139.4150742924862 245.40235916677372
101.70726110963099 158.66036200024365
14.891851870709072 197.16622654910614
243.85884878155005 108.32020718493362
222.09612619907557 148.49486127214547
143.65393335312257 5.416651403418543
63.43176304755363 18.865922004924844
27.9334976278712 153.96149292647735
38.40360277181676 26.542284298049225
123.02977186500772 154.35573448265515
102.93305322361147 189.69460335936105
21.764006204098656 13.67165448324234
128.63950679956042 235.798563249002
122.34630085463245 210.57258323164544
100.81547019838308 61.585422128913045
57.643086096698546 127.99127741806987
40.5225052489715 107.14144700536963
229.90643004775782 198.5183007378436
5.710594676462261 85.38587250656332
27.723024691554272 76.6253110444042
46.53408869245912 9.93489089244104
51.98549527115584 166.59404622937663
227.67290476173983 164.87001948269423
114.57512705806522 215.18905585543453
33.75386652351639 105.54463552571767
92.04978655821178 174.670287514884
229.03617779276598 245.2547995967672
169.83463898085756 44.29759304025499
13.812311357139256 196.37076698380162
171.5064809345866 204.80871405359608
119.0854707931627 138.14448473018712
150.99833199719603 189.544470152788
19.07807600288805 222.6833033598472
229.0644393479187 28.60069993368386
197.38753289435752 1.908250740214834
118.92628600987021 18.10308818788234
244.68403620211018 99.47508830624311
137.07698993317146 235.68326053556865
50.78511131527022 10.620556197455999
169.2205197259756 123.97921527268966
224.54481805245487 60.02970891089623
94.57955148685235 171.7981929738813
191.55577551877695 220.9334095931441
9.101915735846177 62.71213077424148
124.52406546337538 200.23337336568386
62.68708211680618 90.60040038248377
220.32081910812983 164.74181834179365
228.372647578619 83.75964657023471
186.69832923793192 132.32421059669716
148.8247768547732 134.4696125489683
99.07631144361079 103.38841723280042
174.75346442661038 241.9161514014297
226.5589996575445 142.49784849861663
12.779448684908463 157.79463076034153
79.16115293320209 88.22713151337838
21.357637744773868 179.88250572019135
107.26598433105542 203.66551850492323
200.43517680025516 105.09132387899284
221.60799095128323 25.583787843792173
35.23555009434473 141.64316880034755
45.149260464393464 19.12392351725986
212.3047104917705 219.7027934075585
181.86990406506274 129.37112326332425
43.6383928379942 19.285157273701532
130.22861292062075 74.78062334097547
236.0828783340955 204.65138779284229
15.835562411284364 129.82906240190323
93.71512382038851 18.854443061130237
84.04829413756948 49.862151835354446
97.13390876243925 124.36942014071828
165.2641271639978 224.5576357333658
110.25534669171297 167.10559439738356
182.9390863845952 164.24117809548537
32.757321359978526 71.34481112650847
149.736416542073 194.69300507210818
149.0158466458764 12.172216161733418
9.265137571327159 162.67667476688302
151.77262193522003 95.68118380909699
107.89755106190924 210.72737001596846
120.23916280130598 130.477855721793
38.929717066109646 86.38157065332025
66.27630041634124 69.82938979993747
196.15926655935823 155.76304195299076
220.84649151523922 44.73792393712758
126.07309196983068 176.691772405116
200.05904430332242 209.8791847206596
184.89004143100513 209.90635602217586
70.68694225926015 189.77667809614127
168.72304341127867 236.99177929304264
206.94847488464345 37.82122813235492
50.13473007607644 156.95792513853158
123.24463969661869 168.5050235345725
6.82983711515811 121.36022062726664
246.85719660078578 146.99587454725358
192.03956620968097 67.38261770696147
85.57523563788294 86.5429384278375
2.4242289526154037 47.77029512493214
224.91120925723274 123.5450331313841
74.0005736069276 34.34337134888826
244.31866850337357 24.904885930955302
87.51172088345918 203.19856988545155
58.1431463943442 218.84102792701452
43.35473664771666 123.56518386500498
128.59713291492565 114.09777655294745
42.05762704654012 128.35499500527547
56.54691064781633 247.41771138551076
60.74183391587898 178.20259699085042
90.52439048652248 235.49160200606204
55.79524411510731 134.83820403506226
212.38743305462435 115.67176108769162
208.40153804649924 131.35964235603606
54.484133393139984 151.1931427172864
98.9106107165562 120.0615521458013
118.96430269206648 14.27108069369773
43.512515223342874 233.45092797254202
168.53642513607312 133.25397503390556
56.42223314240508 82.97885132200355
20.3719815372308 209.47690883986493
48.68561162568719 54.58984827135363
198.1478070977583 67.6887098288349
9.230439483303709 102.18207820570669
206.3245704741619 84.15810845942701
183.21774415555984 20.516308475785976
60.542838256762074 126.98273445257469
98.38945256291449 146.89572344550643
77.87387795285925 183.27187986554483
172.93183937482 168.2571517736937
103.44723124510247 77.41104483880767
74.27904773445832 173.33821389658104
14.41524181397677 91.58601109702974
70.55316105142163 208.44850831078637
116.99748507717706 15.971369315062656
153.43377940337385 19.896857160655536
44.358590173501604 84.32346531577453
110.38496851284316 16.18757305667226
247.68923553905597 199.0217712050241
60.75037429069957 3.004437581994951
135.5771861014057 197.6459601525994
171.73473243482772 205.18225012172636
242.68629682401993 127.10581973346427
123.99732626015475 51.21918942386891
197.29575910409224 176.44745221512662
96.86290289373625 234.8873451584201
242.17191655516098 104.98847257131852
229.9855676576519 85.22657779881345
138.94015250282035 4.595244280063526
50.144050101898316 151.411680470579
42.15960536927005 217.55528324148867
109.65689463641196 56.281007455961735
73.77814459434839 131.43390182373327
19.244053299525138 14.866657435858077
232.4229781571218 195.05327640109363
40.56020827887893 80.65059590828209
230.8983624079666 238.24002275336767
238.7165343986986 141.48964854385682
13.348998730231266 38.44651845057809
171.95598278080797 108.02388492808953
74.9752706761336 225.30822418429022
190.5565515272417 148.77520326325487
50.549514370152146 36.98514443528225
184.61232446332866 171.2172316634185
103.02887583524897 80.51072781727053
62.841070299527374 131.32270619671303
137.23334377471232 120.1952348632044
129.08083912294705 202.02874932704006
37.62720064411659 203.99753338277256
156.55570674854798 194.04654347087603
36.58745519300266 162.41897493600493
140.52344448865082 159.19190946842622
158.69629835722046 43.525765560341625
46.59426170542238 40.77963540481741
48.173678797241685 156.61201168092504
132.33255686948024 111.03729077495944
61.96553740194108 246.29948039968275

540.4
260.3
103.2
103.2
172.1
51.6
540.4
258.1
51.6
8.6
648.5
288.2
103.2
600.5
258.1
137.6
17.2
258.1
432.4
288.2
324.3
286.8
154.9
129.0
114.7
206.5
143.4
137.6
72.1
1201
206.5
216.2
648.5
25.8
72.1
206.5
576.5
432.4
288.2
288.2
25.8
206.5
143.4
286.8
144.1
1080.9
206.5
144.1
68.8
576.5
51.6
540.4
36.0
34.4
108.1
144.1
1080.9
600.5
144.1
172.1
144.1
68.8
17.2
229.4
34.4
25.8
258.1
86.0
432.4
34.4
51.6
172.1
103.2
114.7
216.2
68.8
143.4
17.2
172.1
288.2
600.5
258.1
17.2
137.6
864.7
576.5
108.1
103.2
143.4
229.4
143.4
72.1
17.2
34.4
51.6
216.2
8.6
77.4
103.2
144.1
17.2
51.6
8.6
154.9
34.4
103.2
600.5
137.6
36.0
103.2
648.5
576.5
960.8
960.8
8.6
1201
288.2
103.2
324.3
576.5
432.4
144.1
288.2
72.1
143.4
258.1
8.6
432.4
72.1
34.4
72.1
143.4
216.2
216.2
68.8
286.8
129.0
260.3
34.4
258.1
36.0
51.6
216.2
68.8
229.4
576.5
288.2
432.4
960.8
86.0
260.3
258.1
324.3
51.6
540.4
216.2
600.5
129.0
137.6
216.2
108.1
144.1
51.6
114.7
114.7
216.2
288.2
432.4
600.5
144.1
51.6
103.2
172.1
172.1
137.6
36.0
129.0
25.8
229.4
1201
51.6
576.5
432.4
72.1
103.2
540.4
103.2
1080.9
1201
286.8
206.5
77.4
108.1
324.3
540.4
86.0
864.7
114.7
17.2
1201
114.7
34.4
17.2
68.8
480.4
216.2
17.2
72.1
576.5
137.6
172.1
258.1
229.4
600.5
720.6
51.6
144.1
86.0
68.8
720.6
137.6
648.5
17.2
648.5
432.4
1080.9
51.6
8.6
51.6
864.7
86.0
864.7
51.6
216.2
480.4
17.2
960.8
324.3
51.6
36.0
72.1
864.7
137.6
576.5
864.7
144.1
1080.9
288.2
103.2
72.1
68.8
288.2
216.2
17.2
324.3
288.2

8.6 17.2 36.0 72.1
17.2 34.4 72.1 144.1
25.8 51.6 108.1 216.2
34.4 68.8 144.1 288.2
51.6 103.2 216.2 432.4
68.8 137.6 288.2 576.5
77.4 154.9 324.3 648.5
86.0 172.1 360.3 720.6
103.2 206.5 432.4 864.7
114.7 229.4 480.4 960.8
129.0 258.1 540.4 1080.9
143.4 286.8 600.5 1201.0

2 5 8 11
5 8 11 14
7 10 13 16
10 13 16 19
14 17 20 23
18 21 24 27
19 22 25 28
20 23 26 29
25 19 31 34
27 30 33 36
30 33 36 39
32 35 38 41

