256 3.0 0.0 1000.0 3 160 240 100

96.8085760396129 249.2525326484294
52.39635168522464 158.49553921301654
102.62937875724451 6.248999627687407
47.55344767747563 159.87049856656057
92.42863673123686 92.14374857995635
183.46605914918197 245.24597950386035
35.76162193869076 33.74696361958554
118.05014041789572 133.56030358849821
27.88856533608805 135.8665857205418
136.58547813665442 7.785746919864723
117.12337239395588 12.927362278215837
210.79942067219517 148.85125159261025
230.64400500043982 178.43683374502413
127.31647259187118 22.568433659437616
129.9035697285803 59.84892563699695
230.71712557445522 227.1223428078832
12.46369813648887 40.373315968369155
191.57536314115723 119.67187552294578
191.95165768296755 106.21784412769946
241.7588789477112 55.510314603865794
3.1148095827292224 41.242646828401504
219.6348268777138 132.98160248161963
65.29472245158522 184.60085115637477
101.12325375510906 78.94163112687467
215.74278758500932 244.7572591817361
165.40053732523876 27.474937516781345
248.91337266223925 148.81239278110894
38.94659128196739 100.09362006525282
206.68813555118703 123.72214818250751
238.71827943053518 218.33535685468183
173.90706447258978 66.64316549215174
200.10200904278847 144.8049123745931
245.00973939906123 149.00254872095655
102.40308193805686 249.60149460233964
118.70184652822472 209.39373738975954
22.37549220687296 104.61775259860897
119.17507942940489 186.9896688791945
59.04962982041936 99.493577379789
209.80359554978347 154.12245327468372
47.80332316958538 59.40067992092046
229.74637341880702 148.1468398931089
247.4735422871009 123.87265067442208
163.11635734838086 184.64802642883322
18.194889283446287 32.801086942143705
129.1041877741923 153.84525386055813
200.38009018543457 6.8275287924541015
181.68218637821235 111.42476309933575
105.49365812646938 166.03596140328736
82.47853542121872 223.62612245194416
106.14417484724126 240.44221184826097
216.77985250795302 230.1953721611149
102.26603870631287 184.88563954112644
96.1728876930934 128.56359111125988
65.77554552369317 174.98289174078587
160.92719056821673 201.71547373679877
248.56655658686563 56.81056495478268
137.6570096097957 16.30717986061525
142.59948140434818 247.98116283515347
127.87215065379537 110.13264729134184
129.9720617804595 28.88691936039331
79.61601499232854 168.81206638723856
161.33805505935447 37.56097589202578
134.10169144323467 231.45523636668483
152.8403134869916 187.81132596067476
69.95064413405433 13.53713732799866
235.21370061954468 75.48625956901986
201.54069620788553 133.4308021373385
109.40699736311372 119.15723872694842
27.81349655586432 241.26621915141686
97.16138217812353 9.245335614589761
27.36868588815461 203.5935199706626
158.74008517712537 37.42427370693027
180.47462107400418 40.02523974108615
113.74686751883067 90.61887064131335
226.56794015746397 236.14165407764554
75.34651650011264 58.78725724025857
214.00946179368898 44.517918020103245
48.13950310955034 142.35876222894342
13.142365929798727 81.54605552599847
126.85983916943725 216.38968268523755
102.69876746904649 37.77254500375465
166.181946460832 174.59946556383463
198.12935677883473 225.23379461424722
163.59541977442595 181.52002096303093
60.8267001925131 197.64912989831328
183.7584254151268 86.18317925111182
201.54737845190786 245.73132349101874
181.09513154596482 56.10874556892673
51.64563943827366 230.66449946968154
197.83276496513375 7.481666991716179
147.13617911602648 172.19080722561836
14.279111443244174 73.70802747535323
26.124801119136343 191.44125704762476
123.76970014858507 243.92530663711509
193.28813627000036 190.48434818239517
229.18244009171553 7.328021452107425
218.26298506183448 160.62857929699237
167.56537851718068 179.6509303707275
177.45116330918157 2.43662408953485
169.1470138306165 101.21319302583676
171.21224805636768 140.83794267712892
76.86163373671542 247.1849549180545
31.9839053962144 77.15172645976301
53.92948654508506 92.56563043879288
33.46833401054378 234.41631767356833
113.12972789626279 108.4833843532618
10.74174468539843 188.0973857855209
133.8429395526503 236.61595497521301
68.19609769846052 102.80541489119882
228.18427896017803 136.18743349024015
97.86614943832808 68.16402300127994
217.240400587641 245.88932540484856
6.133407726538421 74.94621311615876
236.79341582908881 82.31597654321426
223.51066836500056 7.839852646333966
167.55862235200513 99.22879953194311
112.90080792852156 56.52564873892663
240.19838232441197 127.17614051155083
168.22101755468125 173.38412569570696
148.6861757843568 24.838257981323387
56.50033982498756 42.515151015251355
176.12177753646534 62.44700063234815
214.68018411478667 216.98672051027458
92.95881048802099 127.90135353310595
61.281407315148165 142.77823646553205
29.126146898567573 198.31962586037005
116.8998960068042 204.92381702011306
92.61410621785055 72.34935149957664
47.578440765060016 240.9956123596855
100.88817165137007 241.51559214499403
176.1409817009442 222.22356249209184
30.55697711499672 145.959469838915
126.33559033896088 144.21902980591662
152.5123575106259 76.86158944877589
111.6879617929557 83.6159738436608
68.39448255599595 93.97799255094469
114.29004318221631 245.46984202138412
186.4691667116069 182.1441019024244
147.0729893248705 230.813236710352
86.90173301988565 140.32404525777457
156.51720171622927 112.27248948287848
53.8494576191548 219.9886334524177
186.46493968548444 191.43740136956583
50.00789735463979 216.6415994484886
123.26508203520098 89.14190561266061
20.69817910637334 168.81863502242192
149.41824751216055 93.38530352712954
147.43417635077367 221.71698496877696
38.0100875706027 126.90112578947901
38.071630658267544 30.77217094076026
57.979310551093064 97.39187639937383
33.721349498913064 147.75037966474034
98.00536674110572 101.24382439431132
93.03607895268848 229.15421452035687
178.02280003868987 50.832886346014824
234.52459486732033 78.91981675503773
30.50849770372327 201.62777469914988
162.29489275072302 183.9226422123226
35.36229965185464 199.04754216425727
61.45108106951419 178.2276542058488
91.75320815640359 73.5725527158716
100.83380305647044 240.11303144897687
148.6033065045198 174.88163205358933
18.331276591591006 101.31732372027838
124.36115363345878 201.3793998356038
46.04807492788329 5.916407191836753
49.88230790104492 163.71329384730456
141.16498934021052 217.3453298430621
69.09544306790572 193.2936877288127
143.20645120940375 132.9927479660803
113.67865258275442 35.65694146394635
162.62598549548338 82.24451087204537
244.94681573924822 236.18845153502266
189.53291759009565 166.65487818365213
236.1602270853351 62.892265352172736
75.85714985754477 102.12324279298554
204.89264309223287 161.421792730662
107.6736605511062 97.90289692898457
65.10159718154252 155.86115722276196
121.42439350736797 72.02417625607929
98.10241740963357 242.0884135434455
28.049511347503525 177.55339049914124
6.752136430756312 91.84940018779899
69.32870644820127 67.63516012164325
68.4289032897565 0.799543519696827
13.720952505220179 124.05692303149135
206.506997910619 70.05210865961067
94.7661938890678 56.61064758306339
219.47836055746566 226.2966422384366
143.75736293843133 115.03869969048102
6.214419565985923 174.98558878425922
220.81127886316827 165.9830694044354
95.6770382821523 201.37877580429912
80.11865720331943 249.81948494161665
64.2528821008366 217.8341429335035
203.74214536459925 13.794092666052137
193.0608567516997 72.64356697080123
221.7530508480009 217.29946841821618
159.09708757168264 58.77489563906066
133.0377525733666 79.7167143764175
66.45045831943095 201.8649800734529
176.15091444899943 213.83508238764054
163.13349134945344 136.77033978251288
49.802490057866436 81.21624159511038
62.896184141207264 171.81029848538387
4.906573596971414 222.81643271821116
173.86318628079977 69.69588345075451
77.36052781170227 89.2050488984561
100.05707794684251 33.77327421351992
71.23335667267075 171.1658996507381
70.87248204890412 184.95110805625367
78.12645613731917 148.14864910867507
70.95641499707523 239.60320103117164
149.69634636085473 24.748981075321723
71.9928281325331 225.97451831197685
207.40034597461727 142.38312434340043
117.85327951272167 237.9844471450738
8.292308423903993 111.88786161282263
25.593564937499398 166.82918974854334
47.63468319433495 26.564425139242314
111.40863922015743 208.86033918540627
69.06471520278915 37.66803676940067
36.112559393578934 0.23441437640656093
74.97545184958918 39.49583962244094
211.33518931175078 171.8420031121954
123.36971934000171 24.879218905116492
165.8700801367673 82.19864811126071
63.232473930633915 136.7265132646852
158.52886526343215 22.006176167517573
36.816065765718804 101.05471697180721
187.58596410142206 59.9038802075402
100.65857035934903 194.93966650373125
126.34496810804974 193.14112043138763
35.60834224772688 223.04686804715084
53.44391625775163 21.418700061840408
53.035053358849645 3.1434745904266315
218.28367559226731 102.41275878517095
100.77657869341483 124.30125422642854
104.9076745607446 138.07970625598313
158.92604746362545 79.40864181221511
54.7443555337338 198.79319637537498
7.832531962715522 216.20730893393906
18.526464199015518 142.51784796597977
60.78416808889622 190.77512495724878
200.04982591006504 24.57623478664081
141.17078901308957 164.69333144697265
207.71148370481197 55.04521238057661
203.74979916820539 211.85400002186694
74.30354163044842 10.257201701630692
225.49394288812306 133.65962478635086
247.77525349933924 98.06721894953063
156.05240969009117 55.446323877651
146.4552902929438 214.84610006649197
244.0553104964327 30.12495298748566
239.14660520211845 13.55265036911349
204.67391169368554 113.4300123723558

103.31383664359353 249.47874449965437
55.91665042080912 159.0295547086173
97.53790952047552 10.668476995995963
45.30718356748537 157.55297425516653
91.96209458401852 87.53262561304895
176.44545774578924 242.6799232823196
36.05070808326086 41.2115273110521
119.78507302062233 131.07841495137976
23.878892900088044 138.54075523416967
132.99345349633725 11.253543326723292
111.73625563237302 17.438706835727015
210.52789597475612 153.44949027131372
234.99261931134157 174.14281165245742
122.26375560497208 25.869840108898174
124.2830845435001 62.92794947252475
232.48879805692366 235.08605071630367
19.68140527943546 43.09529067224147
188.4393081999935 127.47489364054016
189.49749342350523 109.14434164269929
239.23429279785134 61.25821578542709
9.245484467447412 37.99225048431423
220.93369965625322 136.84839400581401
70.81043046653967 190.09932184658706
103.48419896576245 78.57173383701935
219.18770654468398 239.2220350138118
159.19461194868558 31.37452577313951
249.55641387537042 145.00451910477048
40.804152641458366 92.06473649423528
204.78461172185771 129.54768552360014
241.52578655079438 221.84426444762485
181.2699393737839 70.62578083826365
203.93910098562378 145.13526830701306
241.76091738195746 146.86766327575853
108.4542175299296 248.59289483279892
117.07146995105491 207.64156588504693
25.502809658188962 103.96959540218631
116.6381856822658 188.13822538181782
61.07470477739113 95.759456350103
217.26123914243107 151.44150009504003
43.08352196232418 63.82328031320375
223.24682565533467 151.57065277797935
246.68662638701517 130.74664632551205
170.28683898673478 184.92658428018726
25.87460716164533 32.17473464273371
126.07523599050954 149.46786421135894
196.3212483914146 12.600958001946216
177.9272796671799 118.75875355822293
111.75745363129647 171.5003937150126
89.41216135702638 221.63065430072325
101.49968713269503 238.9414166790161
208.71695418910753 229.1509429944305
101.61740620299261 186.28285879064006
103.11922675151649 133.22939927504436
72.88993714167135 178.47118352409709
165.10703491528324 195.48765044679212
244.32874462672592 51.57695938100251
141.63901871421854 11.635595555428896
137.6528270981971 245.6921062132532
132.38804730427148 107.79266753266411
129.6000627938217 28.4797523085929
84.61677860378083 172.98618013257226
164.14132802809962 42.237607261532055
136.30521958318008 225.67337850512595
150.8172912438133 195.92704725716064
71.79721469175045 15.351383602218188
227.20464968338197 77.81039706969561
199.43836804456973 126.39079420360952
108.81317746893873 111.70027237935254
28.93529923721466 236.95669913238146
94.74186465434589 7.2861369815348525
23.308509875334366 198.13761418894455
155.6691917576954 32.11237132514844
172.53176450242296 39.96756448916985
113.13146579486835 88.95685958717827
220.74413211257468 238.3280920497693
75.54325218163066 57.33810294771083
209.37378789342873 45.900332812492756
54.927398322482695 146.10341275225846
14.78559887653541 78.37486837278784
127.69723796109298 217.75578651364606
96.39360014026683 33.02553970420749
164.8940145964314 170.67129611627834
204.25339659761957 227.67260512441933
161.68342947264227 184.20322453463993
53.461446727523565 200.68505790022272
188.65374280156794 86.013327838249
196.65985560655045 241.38287482658356
175.1378906360817 59.79308187163429
57.855177312116034 229.77721808530708
194.9202326462949 2.139596227636653
143.37476792489588 176.90346308170567
14.619205172550915 80.75374454374581
31.112781859243682 196.17019789974233
130.81992341927736 241.21611186498168
189.59498200648721 189.81207384243854
231.64315221000575 6.821780979080288
216.1748061158214 160.71574990843553
170.5203913500697 184.38693148487835
174.42088798079118 8.826361925193204
168.7324978312904 95.76757656857363
173.99176805910787 134.40572036196903
83.18164652950699 246.0971978066467
31.627736107808584 80.75243493189046
58.574238243399165 93.77332814358542
28.127319286358198 238.8163548012453
106.72965398577067 111.48028004183091
9.298475266835721 188.53737467792448
128.4985153459312 239.7506097454812
68.13815123099687 95.14572442027789
228.69726742672006 136.2556011404398
95.79828721824876 73.44167723157521
217.6958183172764 240.65077785585055
3.3858422139704523 71.2094237478847
239.23394459237463 89.97699995252422
228.1248204749583 9.352704477240541
168.53368241083135 91.24935326820646
109.12002702251053 63.52800689102839
240.87943809238214 120.02368099415366
167.24250263468218 181.5978535402813
151.88032122393932 25.870289005662045
58.3309412817847 44.08553778885696
172.29066963495103 62.104279220632804
212.58512279970873 223.31247273306366
91.7779592900577 128.95548683123764
60.05375382038336 139.279525369178
33.88755607339983 200.08275951493943
113.33004737655777 209.37324866509786
93.59235040016603 77.78871797937653
48.7799011305537 232.698874508071
103.7249256387559 239.64549909497757
176.59387223342773 218.42047593534656
33.12961930436009 146.7111122656949
118.98070018338233 141.74670528538425
150.373305626423 75.17572821179849
116.40629723766577 79.30171578790268
73.84516025422472 98.32424987544486
112.66111725139497 242.6855980297749
179.20765807782698 181.55613461639035
141.34147432189525 233.00817643345692
88.96839150906915 140.01478469160455
151.4048928997641 105.88854519119359
55.05691080986166 225.29226734631274
182.32582184257063 191.16282503112743
56.11826209596027 222.36459728673483
118.56470743568734 96.15535237581183
22.76995795481901 169.44288291273895
154.51701152951821 88.44772556967753
143.20840104962846 228.42490765585956
34.0372832297825 132.70714780091998
36.392605824449724 30.05187443734275
52.197504579949346 92.40018991599888
30.30406521750184 153.9792635622021
94.9944956599715 104.95161184084115
90.3586853755633 224.32025604337895
180.88712799857723 44.43248061214955
232.0742344686199 74.94307058319058
27.486303425023976 199.49816226545227
160.9769337744332 176.8430382318883
32.57932941295918 194.0156656651335
63.988196775831256 172.38694960032515
95.36641337684337 71.2031606628017
97.01877861363342 236.9221848213526
152.47673352347238 170.4873465046315
22.06945460409032 105.81190557048245
123.09809007845426 202.92106789016438
38.61538703005626 9.401444985921437
53.88616871074789 163.62590592070148
133.52983707541426 215.4677778477402
71.30583711417974 198.87801800888303
142.37896352474138 128.2994197536008
110.77216823756619 30.54225304017158
160.57986189206113 79.19180377150047
249.58571789476 229.7565632041709
192.56759625781422 167.860817825181
238.42464245202277 68.44564101939918
70.11985843684488 107.16264177211116
212.27385297087588 161.9542245141947
100.9563391627526 99.3746731414382
62.52711101257272 163.6379863922956
121.83211888603623 79.23049972255747
98.92468667137072 238.94303001161757
27.42082906662041 175.7450726692423
8.384014711130344 97.97428888395184
77.20328441762253 65.70818908871387
68.64103272058932 1.303742787034351
12.398020721335085 117.55687813119273
202.70521401870812 68.8404068397939
96.65712572219087 51.582326411968694
217.241968122949 231.33310772624986
145.39971510207235 110.54229824378878
7.5604210044507845 172.5091487317502
225.67593968417742 167.19443271966364
89.63365960526943 201.73428572765982
79.28607118136621 247.2080395765377
68.96784082139295 221.98821769167895
198.10540643553745 18.15336598960729
195.08193974736255 74.73935343708352
226.9217574752506 223.4500680568321
165.03793975076283 63.40708194258687
140.0927845211723 75.36715026104504
60.45130626662753 197.96931838649493
174.4425065501208 212.6640807682357
169.74558348533773 137.50522355899653
50.77767659536017 76.6632589479983
64.86881380803753 171.14957218616672
2.853274380574006 217.80224437387054
169.06619695964994 75.2658563514538
82.68025303708778 84.08364640493579
103.68973752960086 27.034322095486868
71.11537079164049 176.4767709400904
67.281435685078 182.22430789332728
70.2858847274243 149.43623838742704
66.38958514953272 236.201326971211
156.8850981123139 28.897921601180293
70.22720499910321 220.66924430138843
209.24351063638795 138.50878481859164
118.08254904726476 232.7392496939091
7.295772926328298 116.41612670579732
20.27897342453458 165.82583579349833
52.416371358785604 22.83726917549464
115.83203059504046 203.3990609543926
61.78737896284761 39.815548972978235
40.98797710619731 1.3476087892738131
73.58072408604876 40.51703013423383
207.09554585772176 172.48315452215817
125.99666922511801 30.826973984491023
167.3535200929203 80.82432926033731
70.19272323931366 137.08669956213157
161.2960202636388 29.560878562145927
33.00978656366257 107.29413776685901
195.86173045772935 60.194172247774375
98.93148990171564 190.66320492504596
132.68549770156332 187.886085946803
42.57140351841124 218.42772878804482
49.885750253955834 27.70014995558176
54.97812933122939 4.8848208510918205
219.22414397405367 100.2718438537718
108.83970652246053 123.74649584680981
103.54886977586142 138.4391681709909
154.71137630769945 77.40735271533053
48.5290791169998 201.7852283150309
12.686486801527618 216.34582237233005
13.144255752744527 146.03231192492353
66.28783081464812 188.77230831220552
195.7577027290626 29.252328614071928
136.97155851283932 160.37384075917046
209.3075487560334 52.12761929124338
208.45854830231968 214.70767677949635
74.20965848758287 18.15473851240279
219.8556723500401 131.0525560751265
242.75171934874058 104.34500557455553
162.66508192474075 51.699845474488
141.73865969906808 215.9621167302188
239.60528806414976 32.7541768022499
242.6601056708937 18.538486257126145
200.49932828304222 111.19942937357372

103.2
288.2
864.7
154.9
216.2
286.8
108.1
260.3
154.9
143.4
68.8
17.2
103.2
108.1
108.1
103.2
103.2
286.8
17.2
260.3
72.1
36.0
36.0
260.3
77.4
137.6
114.7
144.1
258.1
288.2
144.1
286.8
144.1
1080.9
288.2
77.4
72.1
72.1
260.3
288.2
17.2
68.8
1201
576.5
960.8
576.5
206.5
77.4
1201
229.4
432.4
324.3
72.1
144.1
288.2
288.2
288.2
108.1
229.4
288.2
648.5
216.2
72.1
137.6
34.4
129.0
216.2
258.1
114.7
154.9
72.1
206.5
68.8
143.4
1080.9
36.0
260.3
25.8
216.2
480.4
129.0
600.5
36.0
25.8
1201
258.1
288.2
137.6
68.8
34.4
17.2
258.1
86.0
260.3
216.2
540.4
206.5
540.4
432.4
258.1
172.1
34.4
1201
34.4
103.2
864.7
34.4
600.5
86.0
72.1
1080.9
216.2
68.8
72.1
137.6
34.4
1080.9
68.8
172.1
68.8
960.8
34.4
68.8
17.2
143.4
540.4
77.4
172.1
216.2
216.2
68.8
17.2
720.6
229.4
720.6
432.4
34.4
864.7
720.6
143.4
260.3
720.6
108.1
648.5
34.4
103.2
480.4
258.1
648.5
480.4
51.6
34.4
144.1
576.5
143.4
36.0
286.8
540.4
77.4
68.8
260.3
17.2
137.6
260.3
258.1
144.1
154.9
77.4
648.5
68.8
432.4
8.6
154.9
324.3
216.2
1080.9
114.7
144.1
540.4
864.7
108.1
432.4
144.1
1201
114.7
25.8
17.2
108.1
576.5
103.2
72.1
260.3
34.4
172.1
51.6
206.5
960.8
288.2
51.6
216.2
229.4
108.1
864.7
258.1
137.6
172.1
480.4
17.2
68.8
137.6
1080.9
154.9
34.4
216.2
108.1
114.7
72.1
576.5
1080.9
864.7
8.6
432.4
36.0
540.4
143.4
143.4
324.3
216.2
143.4
260.3
129.0
77.4
51.6
206.5
600.5
324.3
103.2
260.3
324.3
288.2
17.2
288.2
17.2
108.1
286.8
288.2
288.2
72.1
1080.9
129.0
324.3
72.1
720.6
144.1
864.7
216.2

8.6 17.2 36.0 72.1
17.2 34.4 72.1 144.1
25.8 51.6 108.1 216.2
34.4 68.8 144.1 288.2
51.6 103.2 216.2 432.4
68.8 137.6 288.2 576.5
77.4 154.9 324.3 648.5
86.0 172.1 360.3 720.6
103.2 206.5 432.4 864.7
114.7 229.4 480.4 960.8
129.0 258.1 540.4 1080.9
143.4 286.8 600.5 1201.0

2 5 8 11
5 8 11 14
7 10 13 16
10 13 16 19
14 17 20 23
18 21 24 27
19 22 25 28
20 23 26 29
25 19 31 34
27 30 33 36
30 33 36 39
32 35 38 41

