256 3.0 0.0 1000.0 3 160 240 100

3.297353277037507 8.719190441398405
69.56414405753198 28.029192548597788
2.5796454510612357 229.94899913704705
78.86110722513214 29.13775683630729
10.234177665349453 21.9939300032769
73.12568982830783 101.3780386860429
26.61605398131303 20.915617842754948
47.96003896146125 174.27069436162566
242.0608656156925 1.3597235188599066
105.2606608234784 32.45885241585459
0.7521677885924949 49.79853649929422
41.46622221777424 77.51702516578118
25.19187885418858 10.070368742471524
120.59456993326422 81.84865621109297
97.15790876270178 230.84795791482875
179.60174832095598 101.61485696504782
222.55703176515826 246.75620888513944
29.945196463711106 229.34123814219345
202.58611139260321 114.49996023576833
199.3649562644899 180.63214645537786
11.575049078389826 121.04315541896116
183.86683498054535 117.29464896630901
31.713163256099712 123.27459288951343
170.11162309836647 140.5108648328068
4.865118829555315 99.11094942748738
117.5090479591482 175.40718054330816
180.75726561536464 122.80538946754768
154.23799708215108 125.81190371966183
163.7499298018496 22.705823789549882
111.41953468390933 108.8487648333041
22.69591920169023 216.3922205937382
106.19935172382384 242.99055800981256
233.59436975106306 2.376012254387189
165.45366022355645 123.27782702045478
46.87692890831283 74.82178041626223
65.66245249284775 229.81290696755164
73.18684905257497 166.39346530824625
90.69852558934214 98.19228425003685
118.47776863462033 130.07322984527988
123.08277746001833 209.24172849819044
179.5110939348704 217.81872517620994
211.06300316732688 155.67333452901988
79.64886633981865 114.61173042059808
98.0641962066168 42.11603220043011
208.1569743393385 218.1654152885508
221.9289717045429 211.69202081666137
222.52439402739572 69.52569325711644
37.97296210234055 35.482107928742764
61.777602891912395 18.204729042986283
215.95760088496786 122.25033309024336
2.4613556127879574 217.81769673477825
160.1775426902845 162.54945447512046
173.6693210110008 199.24560756376533
21.85624282605464 170.41566674067005
179.2779428248459 183.79000541445419
206.4584452768136 158.46706668053426
12.77854216900498 138.54217138815088
149.19893059483303 5.06352708304858
197.89310206482565 211.69992640709185
181.67795574998058 157.81372780344375
214.2046616964433 234.5165876376236
198.43806360834637 15.599345178186786
91.8382903281663 135.8664043897433
21.681408281921303 95.59764231957546
123.14068093763365 146.44529509690648
49.14723925064196 203.0590847147266
244.8869588557162 50.34744481630749
57.84376305823621 234.89467634707518
136.34630030067842 228.32248842777244
0.858811169445528 83.03874868324976
3.383531127645001 184.25639523122635
68.98372870525465 62.03413809058295
29.685588268133028 244.98694541059092
228.9786196908891 225.37045383184307
149.14099229195486 160.49535547789912
170.37315213867998 53.026163047435574
236.07180586220701 144.43915471909378
104.18505281359883 8.413593974211487
211.58810337625567 16.64525434391728
192.62284367502966 234.8284456554452
75.1686237833678 151.89813716070034
218.54789997584416 211.68489496437707
39.64022716696455 236.84170349933171
145.845409910556 158.3512266846403
24.225787496693407 153.06385945867345
174.79625565305693 60.856097101385785
193.81531956998205 77.33594119542047
13.273062372342798 73.69802299706943
9.879185558574004 146.4514841984257
219.27479614275896 122.1262326016041
200.2371679248617 219.33464985448987
117.92009090561118 46.90383311611729
118.87810769538027 219.68000414090653
128.71279105249667 9.354267485346263
111.98997673488827 195.80921339186582
23.901589250290982 125.16789575447906
228.30857405023698 82.47403577222526
30.538309521890405 218.43536700598838
240.40501906112374 179.29409503506605
2.66066802907694 16.356203082613956
213.2930877166007 223.70907263161538
170.63669520193616 143.83530301154022
214.75993378314593 94.41684523244312
223.1196583995854 106.7444564733678
101.67260402497918 245.16547923908652
150.234447203577 58.814205608529235
83.40373286680693 92.99912673188528
211.42247096822513 189.8438668436036
146.0533401720952 78.54943252260274
148.67677982997722 10.468289407630365
175.83883447366597 131.42782380101087
171.94132332687968 11.65706235159561
155.9255705589654 159.49647653818994
169.50148101856055 127.77123482170435
101.87815823718293 148.98842960841526
88.67198454318299 115.69724322178348
185.41430103969415 25.559016991724498
128.69361708234035 74.0482398208084
73.82802116838572 148.91976714925832
53.88770160222756 212.10948401023148
131.9246976079763 24.787095953499566
232.40590501956336 63.22467086759006
7.196111869831184 147.4201885977331
57.6255418711494 171.56068541557954
62.2209587497416 37.90534482753982
205.96810674929554 129.3613581692557
88.56304126905792 115.53603171550922
53.761756677265986 181.86111328165384
53.01043509221295 195.11562667414265
10.010837897625413 226.09806011775868
23.41525039682768 31.422511678154187
9.134016926725664 130.10958757422313
180.51194660456238 214.0616052640676
79.03633677326216 153.6445784771994
51.95250559196535 212.30922725609125
177.31795180635189 227.875111854604
128.96946647989253 35.59263019705192
127.56028308314141 244.3918828283764
128.06544722043668 141.9993605807158
157.96942512680576 50.93654019926513
167.41336462984145 201.17330664216556
136.5975568774922 233.6586140173546
223.7832500497673 235.6356267538547
119.81050372489011 194.80542964314225
7.809798468352225 220.4646163850284
75.49161098286808 56.40432074259691
78.19637598975754 203.85627043361114
110.54119129320658 231.29137981765683
119.20582608687938 151.58631844413623
15.754854667084567 161.77917883194144
104.83060616098288 103.23321146722988
130.25761592223697 68.99140391255231
178.6440886619471 149.86693339493306
194.27799102694271 188.365374768522
208.05687359682457 161.32081102842233
168.15765457896015 234.951253383821
43.106298451370094 59.14271387057199
124.98793034574673 16.53507499542356
8.726583979856317 52.52131379353059
126.70452538016538 164.9690269093562
145.40829186218664 110.564888379653
128.64995889841407 101.96132547164666
137.32597649863405 235.4753708760365
122.80808657138354 51.31897769271071
97.83200290379997 49.30841541183298
46.76412781828523 12.271712713436106
242.01948885412233 65.37634175832494
67.89835089273433 112.64005680013342
22.65397195466162 197.05169278488046
171.87931546363086 206.79306967115392
51.16491506603893 195.31092268333575
96.37100153872221 72.78129163675787
161.9113080206384 40.84941265156711
51.009086283413744 79.81398118431215
219.4551218733067 2.224212545529236
157.82830511354783 51.52018951628715
164.66359774193137 93.71002259288008
40.670214587707534 215.14225372601254
4.219548256514299 69.76841044844085
110.6945871404509 33.102970731353295
180.92949713128567 203.94359057750074
113.42422263047206 2.629300353915287
64.0727341163037 4.38935411360053
15.297681351986448 43.35683636507704
149.6958327142913 135.13444199644832
124.59971590040821 187.78336933706478
227.95456480326854 98.37127912184613
22.481051571632772 89.79768766199709
218.35948504471074 249.99015842816155
23.366543594828983 213.29510654151912
104.48084293912918 184.07905054869138
3.939080707239251 166.52360505974937
69.26949442142686 37.679821105083974
133.87432715776228 73.90936089623773
76.5625828292956 191.2022639126485
188.05836976681138 217.87594815517872
241.83482481485476 0.7397231020022654
240.4346658299201 147.25968073424576
83.98466735704324 68.21840992157927
126.93288795445737 72.9228456446079
205.7197647070768 80.81350572178737
113.87034975090788 191.63726277230649
124.64419442321731 179.31146359416968
197.52906055331505 120.30131475996727
243.4051451330655 39.70769515532033
101.81494907597278 3.1434110819922036
70.7192340960351 186.96647018746435
4.535795376996998 164.57674374789013
110.74977714996272 210.3841510330606
128.37111347490307 54.528419563944524
202.47984306834644 235.6077176949858
155.1375635944366 112.82928507247739
3.6057336927145522 121.35137804828686
212.2822618944469 60.87733518538041
232.82779412958334 113.86770934834672
159.03758943052986 9.523188973884267
129.7346444661924 145.04100453510017
13.299483774041498 216.4600460613114
228.54610465208887 200.84111775749395
31.127816412982153 35.44872810350302
0.26122086057908667 96.58484430578105
86.20890597607597 67.31422150257349
165.77682823116422 34.79861053655911
165.08074362334463 29.764584182328914
118.1335617206477 82.38638352420443
230.43411545135308 132.7761103606457
129.1012557459054 99.74690301985328
105.24951461694057 159.702338804263
135.79277467232708 158.41809073555862
54.41983957667826 215.38945418963965
56.726231887654635 9.275102753858594
16.43359904749711 180.09506948593148
150.97392583749073 59.271900642437814
10.701093743637646 55.71867274565448
68.99561980729716 152.38272600337643
186.68897141025556 24.746970966729258
126.7515828058769 158.6771457829676
245.24020371234215 187.4216793568801
31.900489275276307 177.76180380608042
136.67145414688292 240.26056887430673
191.90392723738626 70.30385429772204
10.34611978701755 161.0915872203235
128.27638010295942 121.86361205059995
13.651604616408408 171.6837909090069
153.6150900858658 113.30960625253705
4.297801567814396 114.77328473825015
132.20244788605186 59.73209660373796
132.22624156436373 183.59252747176322
146.6793592766367 167.50976691976882
248.75400547369424 89.43570870334882
31.04744027643727 109.65869085998503
55.70553503410061 92.21056375205019
183.309509972589 228.4331854180941
11.931490522919724 91.51411517080554
172.28523964507508 142.47265608983722
55.566648054922034 249.6275725200546

6.553406716149235 9.61744751476859
72.46357799237141 27.45488631993842
6.002071613824072 231.42023917404327
80.59912852801149 35.703590858720716
9.497270036313344 29.432241676647514
79.08312207253354 101.30583616334212
31.520176413907723 19.673939083747456
50.27383810617664 168.59876806122864
237.00708188528776 5.843195401581153
103.7822229074867 25.039446369521933
0.11282625722949802 49.68410285248673
33.418898305519946 75.07740639933314
23.272726300391568 12.547560656519408
118.63116772912646 74.26602449201086
94.37241669992738 236.7235116404383
181.9294484470721 108.78594562055687
218.69412731831403 249.8092989235495
24.672731418570404 224.5614760568284
205.54725750821729 110.13882727568058
204.43817147911702 178.40088838322418
12.26128405058155 118.5226695533326
180.86292954693383 119.36079847425407
26.860044183055294 127.32792534799684
177.2236671772321 136.4493380718757
0.5013290079477206 99.90992068205473
121.73302990120055 181.4359420793106
175.80036738466933 116.16049556531638
148.13458786433802 128.49091046163414
155.90687134963815 25.21946581657192
109.77614599724508 104.44183057757824
23.148117300644532 214.09753896186743
99.91287814421504 245.46640539206692
228.38587665377145 8.29298497603695
161.98423262914406 128.09898362975616
49.15331588625091 80.49051581986505
65.4513204403804 221.48253815505487
68.46822869407704 169.52272666696493
90.67692429368293 103.49936609548871
121.1633560036515 132.90288294815232
114.79781321100899 208.5927062812617
179.0963533771897 223.6598302764448
217.36155945385107 161.13393679289325
87.38686480770538 115.29115115614808
104.84919213500312 41.9188589622308
206.8741285526487 221.06336732989627
216.91720533318605 206.11473365347186
221.6587413630184 73.98263129779869
34.367070023953396 30.779080309037752
58.25289156207858 12.801038958429212
215.3860445779945 125.5481579690827
3.5961285317523686 221.13515559899759
160.6830074066419 157.2989363984217
172.80331043962607 196.10579183847412
19.065929021881008 177.39312141920027
182.4660472269229 182.1589829514588
209.03385686295002 151.30385756715106
12.682071270047501 141.68625132324863
154.0481279361045 0.9583192438742394
201.40685947319457 214.62917387707276
177.47654135843823 163.00284000630262
209.39499018304926 234.13248609909166
194.3176307612537 20.274963394992934
96.51978639083327 138.84440745034826
26.031346187530612 95.67704135964772
120.88691626764736 143.94757873505364
46.86031094818197 198.68470419365408
242.06768573115284 49.788736159311256
52.37870023668881 241.19526337912538
130.86140528885053 233.46509267317637
5.245083252017501 82.3980264523988
3.089861216956563 187.09405879220344
72.07864257480853 65.43221708996433
25.779030829049752 243.2333310834626
231.0282449987959 217.50221211081714
152.14006641577527 155.56853706824404
170.19152656665005 48.414473857944145
232.9380873138746 140.4566742936411
104.04266009006555 5.089248820979969
213.2352540858201 19.759637292323912
190.4296063645679 232.00838354603064
74.51931186711211 153.33629115351056
211.60604153127719 216.12242915272375
36.86783108714983 234.4866100300179
144.05123151298852 160.49908266871614
23.074931419776483 160.7968857783577
169.63280021967168 63.001125674047806
200.42328848927497 82.58897640031284
15.682834750062213 68.3108408416304
3.9280923883859007 149.00039276699292
218.79511047452172 115.14547183440236
204.71731496259318 214.72070027123002
111.75859883779479 46.82199457074868
121.5279697163098 225.16129996717635
133.60661734800178 4.73365895992478
107.99627357353702 196.81195466014515
17.165892827487735 126.39540663455273
227.60578439175956 76.11227627384717
38.72079508639858 219.12000302712215
238.0134618058133 173.4499543521564
2.2160995222333666 13.121942556742205
212.14977079662785 227.97191611048726
173.22695639145317 138.22294456621694
216.2091402117029 87.59700150586747
222.82766712031466 113.64187707720566
98.54116305741157 242.0628529518638
146.70615018830637 52.871971333431105
89.53243933225843 87.3108694501532
213.0078570139471 183.36802988064423
144.60031635906438 76.67373339804747
144.42889275481852 5.702411713458644
177.7766813522567 132.6375026974965
167.5486669977885 6.348180507927681
149.1792061371138 163.88000071134135
172.65408370747997 122.83060312218066
96.2278335426276 152.7830319431883
83.3307749591542 122.27475736414064
178.7058187640837 25.74916919553358
131.12985321747848 70.64862426876259
77.5293362818836 149.20637639891027
48.818374848116655 212.25907563830512
127.92604471030542 27.744424375712146
231.58973515364136 60.04115360600068
2.5255955896782147 151.3258031811338
57.88096102941187 169.8679822100215
62.14305740642948 31.770916786339725
203.0393322443924 125.87058283034014
83.78621406744477 109.29195555463683
56.37076871207686 180.04069900574626
53.68091802474403 187.58969504141075
17.298263853622487 223.9444903010393
31.62026967865106 32.066781503556214
3.18249700216211 126.00232460180256
182.3668570515916 210.9570742817432
75.78456166013525 157.38024987577649
54.46506809747001 219.81072238611515
173.68726614745273 229.6374646813288
126.20395082202229 34.88780693350993
127.44630528979481 243.4288187911723
130.76942401611956 146.7373368912295
164.05914957944043 46.578638381861076
162.5240632582589 200.55338396943316
130.80123450071713 237.85213581391002
217.30145060931255 236.19057297839692
117.24650095032565 197.35117509876068
5.520658027822894 222.3563895802335
79.8913481916958 51.90835127090662
77.38680643635998 199.91494697047847
108.83955039712365 239.5861515241813
122.78595831797045 158.8782473399009
17.19056414231579 158.37484815804737
105.45402085147465 108.99493149147382
137.15602227121278 71.57494686373997
177.59652592479816 149.5167459461151
194.55819112896424 194.10563900915722
203.98979442551112 168.40655359089672
170.48638318827446 237.058493302406
50.5914700638187 58.91541526286056
130.45072671543642 22.72687191220621
3.525576970846239 57.226294133780605
125.6606919072194 170.0976204732058
142.82077420036705 104.24939380122167
123.4496588354888 95.84139622361032
135.5557516927104 228.9224595769244
130.2688173942048 49.2210361717475
91.48221064098152 43.71101905098562
44.1254393989538 7.512264569722898
248.7858750892258 61.6119143824849
66.44389259927833 111.25228886604808
24.62994318110062 193.4348566950901
172.21429793076746 198.89647775447497
45.8315893830758 195.31062783644998
97.52500438385667 76.21084784854814
166.97210479341572 47.07845704790834
44.74713715382691 81.15699865870252
222.12484767158037 4.432196788161008
158.54982783437256 59.33014778668388
161.68123171040352 85.87712008286641
36.51303105144524 211.9867791486125
2.4042600060013575 65.0682009389002
109.92707275078864 25.886086259890252
180.78023123836928 198.82251701355534
117.86287221477038 9.325053664758054
70.0968173102349 4.224183451017577
21.938194911907793 45.07536360407874
151.34896861006834 140.7911857796815
122.69982928583332 182.3369130157161
228.52547736154378 98.00802402852266
21.151633621316947 83.89496093307247
224.7575623150164 244.90900894648044
20.184836971603033 220.9239336472049
106.83249674940288 192.168078216318
11.846485799417412 169.38275290445017
76.07825749361838 36.731114470361675
137.47343870825586 73.81633110628366
84.35902217625873 191.70733131781512
191.79960011784053 218.45463392721766
235.7282596024275 4.4586500264933715
246.20906611941797 147.37410842472332
89.09065214428472 68.59611923388195
121.48345436717611 67.3187476963036
207.02248295040508 86.08042098761265
106.31290519428768 190.78519270308647
123.6205895578809 180.26393238834254
198.36247425666025 128.72728304410788
239.43328507325995 34.864081085147355
101.97616259314563 1.933518974273879
76.1164376610392 181.45623913447832
8.964911605713361 158.34646337523242
115.11765485176032 212.22162418807812
131.26913327128696 59.37795498520196
204.85452255140626 234.74591045127457
148.08689942357043 109.19491291978551
8.967007502067831 124.31398375449638
217.51058719348177 65.01903836037474
227.4106143560873 117.13986378377777
162.63064462608915 15.570822392739936
129.24781666521307 137.79706522457326
21.09121831653324 219.42053296410995
227.38190373289135 192.78075935824756
27.239548981549373 42.229704102120955
7.340670886339024 93.78572106349559
86.7590371840721 71.69943034836382
158.54592167921004 36.89604702748134
157.51622797771122 27.157452011739135
119.70031248062266 87.53800080401969
232.54145098123317 139.95079453588144
126.16008673375106 92.05574835398794
107.01227660068749 161.93213102202978
143.02063092912917 157.671938574766
59.63004700145397 210.34197690144714
58.56021372999212 11.602421270990842
10.97922661286127 185.88774982851226
155.1844714787256 54.95075654224493
8.48873133692557 51.885840229369265
62.22832720375254 150.25569033050138
186.72229577332752 22.21793219946172
134.56860901486854 160.06485145884622
241.20583615723103 187.52718285175598
40.064804245676044 176.80598533939667
136.8761145637863 241.53771287735125
196.60844259384123 71.9331766840735
2.4686316898245018 157.9678422434961
123.21270228999346 120.85413038662298
14.698314542398533 173.21734356496245
157.3923794857607 114.21590164268109
6.219981764390564 122.59048973103145
137.88996331671487 55.71843952745878
130.55984275590316 185.7919967403327
150.99063068570084 160.26088962678259
246.3409373758323 84.83210715657766
32.7842302602501 111.13972825174592
62.929658980115875 91.45871490834467
186.27302475039693 221.65341915859955
15.245319192363993 96.9475541308889
170.17005301659708 149.1243161242377
49.62570055132501 246.02687599350097

8.6
17.2
25.8
1201
143.4
68.8
864.7
1201
432.4
540.4
137.6
17.2
103.2
154.9
36.0
720.6
36.0
216.2
103.2
288.2
86.0
36.0
720.6
216.2
68.8
17.2
432.4
86.0
86.0
114.7
1080.9
103.2
51.6
432.4
480.4
288.2
68.8
154.9
51.6
72.1
72.1
129.0
144.1
480.4
324.3
540.4
72.1
129.0
540.4
114.7
103.2
34.4
1201
432.4
17.2
172.1
216.2
144.1
25.8
260.3
720.6
260.3
172.1
216.2
114.7
258.1
260.3
540.4
144.1
864.7
229.4
288.2
144.1
34.4
51.6
1201
260.3
720.6
108.1
36.0
206.5
288.2
540.4
324.3
144.1
72.1
260.3
17.2
260.3
17.2
34.4
648.5
72.1
68.8
648.5
216.2
540.4
34.4
34.4
960.8
432.4
260.3
648.5
34.4
68.8
576.5
25.8
258.1
229.4
258.1
143.4
108.1
154.9
154.9
720.6
36.0
17.2
258.1
324.3
36.0
432.4
34.4
77.4
86.0
260.3
68.8
480.4
288.2
25.8
154.9
480.4
72.1
144.1
103.2
51.6
51.6
648.5
114.7
103.2
288.2
286.8
864.7
648.5
77.4
648.5
540.4
206.5
137.6
114.7
129.0
154.9
260.3
72.1
1080.9
324.3
216.2
77.4
34.4
51.6
172.1
216.2
34.4
720.6
216.2
432.4
143.4
288.2
129.0
206.5
216.2
17.2
34.4
68.8
36.0
34.4
86.0
960.8
8.6
72.1
216.2
36.0
576.5
51.6
137.6
137.6
1080.9
34.4
720.6
258.1
960.8
432.4
108.1
864.7
68.8
25.8
68.8
288.2
1201
260.3
216.2
77.4
286.8
143.4
103.2
288.2
144.1
25.8
648.5
8.6
103.2
286.8
432.4
1201
206.5
260.3
324.3
86.0
648.5
25.8
68.8
1201
432.4
72.1
288.2
68.8
1201
103.2
864.7
103.2
432.4
25.8
324.3
114.7
216.2
960.8
576.5
34.4
86.0
86.0
77.4
17.2
77.4
25.8
25.8
260.3
540.4
68.8
51.6
36.0
34.4
51.6
720.6
432.4
172.1
600.5
286.8

8.6 17.2 36.0 72.1
17.2 34.4 72.1 144.1
25.8 51.6 108.1 216.2
34.4 68.8 144.1 288.2
51.6 103.2 216.2 432.4
68.8 137.6 288.2 576.5
77.4 154.9 324.3 648.5
86.0 172.1 360.3 720.6
103.2 206.5 432.4 864.7
114.7 229.4 480.4 960.8
129.0 258.1 540.4 1080.9
143.4 286.8 600.5 1201.0

2 5 8 11
5 8 11 14
7 10 13 16
10 13 16 19
14 17 20 23
18 21 24 27
19 22 25 28
20 23 26 29
25 19 31 34
27 30 33 36
30 33 36 39
32 35 38 41

