256 3.0 0.0 1000.0 3 160 240 100

125.68462503726516 69.43242215032164
7.9584727907986155 249.5233683057809
26.06029035831575 88.04810012620989
87.18713557513655 199.89906597924718
239.14422557726286 73.00169275764392
48.56848511460113 108.74133646939882
174.23150740066094 95.14496197687173
185.23706464539413 136.51912595483955
181.5134194036246 65.12309627043919
160.40597121563113 145.45149750120305
239.44197977365823 201.76221221572692
113.62519392468884 154.0077099893151
28.746994648345346 20.552019484519928
239.33693328212283 54.25449408988278
54.76550473129566 46.53902501182991
60.09491979243967 217.83052219847318
2.165272267210722 103.19972802776631
242.64840694720067 105.7333300225958
144.34481370922072 114.10604040607362
238.04675135218736 203.20166578299444
38.8974589719025 123.47190419180853
34.572725775100736 64.21474113209533
93.14347600988715 38.40826217013352
41.82605431900671 146.46624984536695
39.1928768145319 53.55647451430562
81.62609057295155 233.16300195868124
84.85453170495924 68.38988865535173
122.00481076246261 26.53056975104334
220.74664397770093 52.75424368179141
209.0184113568295 61.25755899119456
182.31197005740165 131.41406202500156
23.74447908484134 131.3921090972304
103.03326038656424 242.43611091178082
144.79791211175848 109.69324062129435
214.07892183041895 86.75632097135369
230.46467499105995 153.87536413893602
21.897363930473034 98.93899864306782
170.35125917376865 134.7572215630677
26.458055055921413 132.52134184661506
71.43743075912376 227.16372827889688
15.435656982781653 132.79399390780387
71.04400814389672 199.53323973354625
33.54921081506229 230.32590902539062
205.5073708397233 98.30819105282288
135.57204029416368 35.94087901083321
150.12055487449624 181.69701254562978
94.90669510130945 36.20450805982742
105.04161961259022 50.673226463690796
217.74461742099606 166.80468381503
59.764071325272475 172.68964024320908
68.07000443088069 71.27150795480911
233.75891911621707 122.75990726717018
26.432006526420775 219.46792492390617
229.12306191866693 131.61752705248216
134.9086048082646 6.1166112615107515
80.8321052511447 126.61059072508179
212.25762495815505 60.70657044827235
35.59060016161719 18.373987869376272
73.10859026521562 24.468237090860654
97.52134244099351 23.110028366366524
186.86965471460172 45.299532461244965
227.6852085040099 34.642530229459176
151.54999325654856 170.61829067159061
42.47341214889752 117.56697559171425
39.56570266699272 248.66501107062564
50.40591124027344 111.32362509836985
206.82798338515062 155.65134352725443
215.0381708782277 12.196901463661202
139.5073536008478 215.3679833019869
207.96098850949312 157.12670708961045
119.1680060125907 145.51099818901474
40.747105287165795 232.86171580845647
174.304108955884 101.08436134550813
190.11039131152728 177.58047410422023
135.6195632718049 212.85866951749543
65.20995278002655 40.210672013465455
210.15362625473963 154.29422949176043
134.1358591212808 36.63083147663004
204.39264034916366 38.437136708204505
152.07228898443984 146.521903561156
10.736453815463149 59.77268942237799
54.16978063610334 97.83107713394001
207.43901405972505 4.308284746205065
73.8918736131417 26.155666406288802
162.23864836303161 115.12111863323204
166.58005678726653 20.60587229655411
144.18443067044663 200.42675287626173
147.555631385177 177.76868806145913
169.96503097280413 140.47545845614835
96.10867499435874 69.94438823053181
239.47591992408928 200.73794805995053
69.9126282319857 114.42846868318082
169.75989391464557 31.35568951114945
123.08012997466581 34.98213827975863
204.20129032182538 132.77662370716882
235.30999201182107 5.42676661112182
219.73864067513682 173.58138583325788
237.397894037949 58.16439581495772
68.09036070574857 6.47295624110189
36.45687569049807 56.96343064277332
85.32912333042664 120.54707230436493
13.53074343858357 20.289361383432375
182.65055630058345 154.6761120076707
126.84525046684769 100.40444044180761
199.49714358874792 40.123268368570805
221.8398287024074 128.8156098074031
162.8812919933393 244.75090513313006
8.577426072221783 17.44410977766231
136.81325423802554 207.33340017503653
49.01084600128233 235.64176016202467
220.43125106131055 88.22273894815044
20.345022655919475 160.4192595988764
146.63816042014034 239.51214894426207
55.56587121136919 41.02782264470839
53.58800613627226 13.14321485772979
62.299755629301124 188.5324239936615
103.47828591180964 210.7190071315618
246.49914077540734 65.83366292624413
220.70490416915203 91.67326847988
88.5685531201818 130.3051688968782
27.07688830436264 235.05661735402288
222.19707362882858 212.8944512423569
103.62455554273131 148.2659525451545
41.268689129037 160.79757907972476
235.2164702284688 55.28213101124951
27.48043568811426 218.33586582430408
85.76071066971555 203.2264864168736
123.11162874828621 115.73586132436375
216.54904900008358 91.80358922492634
177.92470354537608 46.590366284563004
87.98485207718915 239.96632572547065
206.81349785192825 98.06704678249318
240.6796623604584 106.66426477038738
227.6974563652591 14.693183281716038
41.875957705899246 29.269685993628446
189.02548667066273 0.10441209863909506
26.984954925883457 165.88850322546335
130.1081053748351 38.68853814995485
94.65158834743059 201.17101896924027
66.41967970484242 41.32654905932423
75.99074479140621 178.6523196098835
194.01720448831148 108.33065822707586
175.77471230931346 122.05689295641974
37.67843377659563 182.32762157510152
114.58228216562347 11.951914301112199
70.8519796035445 225.35891799342093
19.66809394190444 234.5274040633979
246.3464165727711 238.96396850365244
154.15875818934867 145.589705817349
33.62327620612679 73.77187377316407
12.354700696043524 57.800641967011764
148.20053178895063 206.39127804483275
146.2654926594011 46.37086592332601
43.57736709831347 161.81981215523052
108.83161642299721 200.703704779957
173.17430589561545 103.96679229003037
232.46791499153102 74.55664594023784
239.20543730281568 196.39196052679893
212.82233831205357 50.47381906497508
139.52087923718577 242.0410698753555
160.7430372221791 5.932250436914449
188.95904898029772 239.18018245712858
230.68162484287487 203.05777472679162
187.3585088924835 44.667726800565745
160.23351331239607 123.90914960299293
65.76756176486084 222.65920266647885
97.84724575689494 224.85103133613762
165.83514452051506 128.10263140438173
121.93387378896774 14.646733631834884
1.217098977339931 241.1303641409098
63.07604465411906 132.1159632797634
73.80582765037414 122.61284494518854
66.79633550841582 133.1396945462538
58.76929627223676 124.00998441338292
138.38883101230226 12.553640856353827
86.63985278069012 8.294571086452262
32.44445587589245 81.87330343385655
22.99846191336724 243.79857693680847
200.41025011778012 161.3974325680869
24.64783117247457 213.28040125529827
202.29003288353658 137.47826730573547
115.65101917990394 150.21696092608732
151.83541823933732 160.28211942991905
192.55314418061283 7.4302834902239825
217.80306016286627 174.84115932528576
249.86823059461986 37.60357910199122
224.8058176039629 23.737733090160805
151.85451559213692 227.8853312428769
56.08354335103122 21.04609312727912
42.4503003922837 13.105580296647851
195.99781891722685 127.30835418309874
7.994291825702382 64.01129959396174
212.19755447396068 89.10047526772752
129.73932527009998 80.96099903355325
49.179643474166284 239.7999556150708
143.51947141086612 69.90523070326735
61.11794866592268 249.26085961034266
223.47446721212177 137.1792090797251
71.21823760484561 109.6795989737099
168.75387639512013 225.74780317821117
182.8132886172697 249.45155678016894
232.79125496328217 189.18162676617155
86.89716207070545 88.39259029166227
123.38630364002209 148.92810864833484
180.485530000564 108.6914854471886
82.93332106998935 212.7729624664426
2.4390838860293416 42.97274413852145
104.6745010010764 236.47811248495012
150.6694660499725 95.0321082786565
101.35594711005812 17.96758126978462
91.4370626426401 22.92174332312591
18.53133589256692 162.8368063962693
35.645750657704426 75.25954155041408
22.237347743573 100.2251897123804
53.6763729014452 197.98898256464005
94.227922723227 11.410440125370874
185.614595912314 1.3394970458358857
6.435478746259992 196.93869213429855
80.65950815154152 162.6564449316373
69.78739384994532 43.17246744111311
27.913382679889438 244.89330157037645
195.95280132160937 31.840658783021112
7.008131054776101 220.6877837605342
247.17920847801588 206.39860432290703
1.0137867147107238 235.91802967117667
49.06322553090059 209.30906547159304
20.577287256216632 204.2522877113736
56.25658834716857 70.73094749915437
196.7219799441778 234.34817071365623
130.86240542552935 108.32285601729619
54.50481616254793 14.221817040854928
95.14251805026286 48.15452205208703
151.3445195641625 10.477479060709117
4.300347877268241 76.80643487971834
226.07612881440846 171.91255838487913
101.28833149005723 150.16546725512637
159.6385645155792 110.04628322335181
38.66447697361763 86.61198749334048
116.82528762004124 50.15295539816067
153.56937565537967 94.6778961509635
209.60051735882024 63.5963684332124
194.0243221810755 194.9608411701765
226.19931289728464 46.316911039364115
129.42846525873497 234.9567837896476
135.7001551171905 27.040963487578644
248.25562664208812 27.04346138033592
224.25833418304023 230.33204679052332
18.711248120664713 194.07553531404355
45.82340956988112 141.91862448138207
39.350846765287024 205.1361027210049
42.88272060492446 209.65165792253293
167.42999883164285 30.07722383380046
91.72884941746668 109.61185888399727
11.763188009713183 196.261803585731
93.9917291308169 34.274277988889516
149.7223651370938 121.76195542279403

128.71567742221475 70.80313220918535
4.6327832910270095 247.6080085921992
26.16970757065873 91.42413242137806
81.41733210929411 201.0839359939013
243.3621457876267 66.31964587636993
45.894639397205616 110.03265416190192
168.16684538785515 96.57328629354441
180.09228368634447 129.87545014298178
181.04221980251202 72.70702047030528
161.1070097443361 148.07364300859092
239.88741053814198 201.72530861223632
117.40063348327845 155.30243925147548
20.99866490874297 18.147825788506573
241.60943064358273 59.9938012180555
53.080009195867056 52.52813891894989
59.28710303346696 217.67023231457708
6.779717149532683 105.07639747845421
246.74845708381775 103.78526811282856
143.63003971266252 109.97082449983655
231.24071201026226 202.72930386009747
37.45311588316727 120.1024168524622
36.07277226153488 69.06855320038206
91.34981560667674 30.69649537289612
38.98330782990614 141.71691530507695
43.21241607686585 51.005765196399736
88.5516403201502 230.30589310013357
83.39274435419061 75.35390670538943
119.20467875806828 34.44451385092265
218.22239005719774 45.67694359941687
216.42923794521997 60.37194642569402
184.98533875131506 135.80553217050058
25.23675899107758 136.77140693620305
100.02201246013328 237.17373963703457
143.7484047273919 115.29558292444412
215.09122216813037 94.55656973626928
222.28369254669127 153.62782431038534
24.731002894844785 100.29353624567705
171.90805078031497 142.35088207422862
33.90740269375367 136.20298393917093
71.3588856173104 225.95765770868917
21.056444220321325 133.04292926002412
76.89487371323955 203.14606151409828
35.114389148648975 237.34913405170207
204.8236240889506 105.60190357994867
139.87794941814215 35.4477672479043
148.44820283276505 176.16154412600443
99.74341639787227 29.845774183870383
106.21602292957425 58.140888331401854
217.88968569435224 166.3997126408412
63.333006904296916 176.85597002495226
62.53745354435941 70.02274406745593
231.01082683086173 123.88481711061752
25.018857298364978 227.47954706035344
225.92007749942834 125.62447807733326
137.91379511396875 1.3230403480556374
85.18751157971738 126.2210640775554
204.4154370562505 61.73536481125089
35.45944697776932 17.2066109752175
69.2776268848411 29.23718479627216
97.63051343123277 23.52162027731122
192.3987537661955 48.73374508565495
228.86085623470794 26.928626515365373
147.71918219089028 174.0516470372664
49.37030285321789 120.71006048779121
31.934240815235963 246.8166114414124
50.99316116013425 107.38336104825969
210.24081866854345 158.564564413452
209.7294544470801 10.117603412579806
146.0088565735287 220.05121444182845
213.08555245388453 162.2278087693066
120.44822229929791 145.60574698512312
44.10982970002528 233.76585155387184
181.4316586483077 96.49568680972057
193.30304845423254 181.39548279816037
137.42005544885663 209.61655876897427
60.794781425703604 42.1919557219621
217.30256120655005 152.20406196435817
136.26675001735583 30.694224040635042
200.05883248777587 35.769579305579974
153.42878510186293 153.07498743170558
9.81562599535049 66.86535011620995
54.98017352450929 92.80763655908666
202.0158146629265 3.4237795056288878
72.42139428482625 24.20064725288687
164.25314034653962 111.75828456813441
173.318522343291 24.56998557197762
141.4674435302823 193.00506309571824
146.43909780583704 178.08793432413657
167.31093183364885 138.7695050607956
90.76839605246393 69.40970543027936
241.98523156131822 207.0204357415327
65.61784978109897 120.16046674873334
162.17868842475616 33.54965876243379
121.69961283328564 26.94472748908122
197.0987693801232 134.1991134048134
234.59029895942902 12.390584806773825
215.9717266129191 179.11142439181063
236.44434819245865 61.976505311161056
73.6226375581894 6.925909768665944
35.166399830061366 59.40396283666674
79.78765963760803 120.86841922716098
14.137554728202579 13.196847296354703
174.61246921544065 152.9767600728264
126.13934566371496 101.16269586176912
198.35820312670398 41.10909379562294
226.79982859288168 130.94712402347855
157.57175403270904 238.90784060542114
10.915787242285784 19.542450607831107
132.85631307348112 209.74727595306757
56.44974869102301 237.55397306498793
221.4389270382031 92.89168741444436
23.715769930552522 156.8682920884168
153.46967360747482 240.26597078682292
52.57703077312353 43.7242121319292
51.56075658561588 5.307169290251018
58.477090152009445 191.17557162778252
104.23415568465782 217.08785095039295
247.21136611532316 73.49710968330608
224.25646700183648 87.43555588692314
92.26310832697033 130.28999122348802
26.62375876426498 228.53220718601156
218.98050091169947 212.77423647834073
99.21766458996234 153.54955657242866
46.005163869531074 160.47308177403414
235.3946505978614 54.058024497455364
28.835760953560968 212.96141268103923
90.48057132023521 208.59012835144765
123.54785153872946 118.50203057329969
211.367941175624 87.8078985608379
176.4965511535334 54.57210849871519
85.66669508053815 236.36608606963316
204.37045413513383 92.63456706250378
239.3335886450948 110.78588326137536
220.99892325263386 10.496712899946663
37.177215278585116 22.279722776647386
190.74787981215928 5.88483352246369
24.444537684919247 164.35350551334955
133.9080341494329 45.59563450184875
98.24966551993383 206.39184812557863
67.15151287828111 46.968139028939426
72.43422376990216 183.17386255369604
187.3477969899702 108.8898779317139
170.346735405873 117.90606186934777
35.72477839991362 174.817707458084
121.26047726971336 16.41090324625283
75.52016407058812 230.59945154687102
19.17875397434679 236.95880587793937
242.44642065159456 237.9187187296203
155.2321765068712 147.28850204100817
31.681679336718478 66.21391271353058
10.991734199714498 62.86314579510341
154.92393142841226 211.11806338628432
144.68988404583368 53.63467755827531
37.806426888909535 157.51203881220846
113.21649370951212 195.80780972311229
168.6439197551602 99.49698581878596
235.43395787115838 67.34700939367826
247.11671011684166 193.7900633095401
217.63423899226336 48.40910662276568
142.48988360286268 235.87415943538687
153.7819066869969 1.700967420873084
182.91260560814527 237.76847863988706
233.01306125318243 201.230564254482
179.64680593382016 42.777192191824824
155.67865354359975 119.01458723819627
66.63876104945851 230.10862238999948
103.12534118082003 225.6491606288158
168.65883834520915 124.29710230886964
123.19697028665041 18.028544874631873
1.3795755499432794 233.5915611650699
66.34553573501195 138.6823363588258
77.17210068504966 121.39096643400093
67.26722191582721 133.31443120755225
54.40869143606572 125.785448369886
140.8170556206196 8.577285508356763
84.93555378706368 6.078227291453187
39.44885489452085 85.52623798655118
26.583777439566497 238.90521240570635
201.76512669407487 162.6882161226576
31.437792681212688 209.72708425449537
206.66070405522453 144.71767170225698
117.86250607140065 144.9008156799329
157.96732984782997 164.64617959907926
186.62856759910835 13.419840144885509
221.61100689260425 174.32083722827636
244.9102789925724 42.18750630487442
227.46032245981982 18.850127098879426
152.64328989883847 235.63406156926862
57.524394303383794 23.50299314533269
38.88282286951883 14.652341075509057
202.60271635139614 126.16922550208353
13.802061387533204 66.82501817455567
213.16624616415456 83.6871182720878
130.31556432084798 74.38418915195064
57.357516106623905 239.29724721986807
146.65104821689457 62.56560456962035
56.373204582763485 248.96638149986012
225.54986754744124 140.4144944858081
74.48411729918628 106.48110492214877
169.93578512660943 229.784647719793
184.44717363770505 248.73878184862235
231.44427208857272 197.41123364575415
84.54116801390293 80.27725682109407
126.90174712455709 147.84165550258606
177.26308974251523 113.29623496883626
78.78091507065366 219.89793553588325
7.533578450526379 42.660927332659135
103.0768243425435 243.65681586210624
152.66413076026538 87.90296601377928
99.31271384491289 19.384430470859083
94.38521686625157 20.917094913882245
26.33260540390825 163.2179779790996
30.85717308376451 73.09263582751485
19.950794531076593 94.68142023655821
53.11845019626368 195.8012311026436
93.48375469505183 18.460182908209777
188.17863664800652 2.1471933217803163
8.063617871597122 194.12185437852088
81.40476884920581 156.36872891883846
72.33235310419242 45.10220873077045
35.17463338383053 243.19029930808676
201.21293758161087 25.371229606982045
0.7298314350183133 222.36627854731486
246.47727210643598 208.858424982873
3.9668902683807628 232.66437925732134
51.49183372625249 201.9808526143391
14.876538271302032 209.6118516977695
56.63126214535063 71.25039845938235
192.4676960949268 241.29571016977513
136.11356951114246 108.59175489037382
57.063243120862886 12.98373350145196
89.62842191222755 52.338833434860845
158.44371956568688 13.379985171650954
6.241331487261137 78.11169341311566
219.7424322054071 176.92271425299214
101.8821064054463 152.99925122491678
160.08917664846007 110.66266301135252
38.70141910158095 94.029660685809
120.8588833459179 43.7270108626224
145.8108696574757 91.9421771760619
209.57437739139473 56.990327756343326
193.7447335525442 189.56868534462967
229.65007015508994 53.59761267883054
130.1210026019094 234.67715796236405
142.27042876763164 30.83776086006182
244.04721385553452 22.603000623285823
225.38950753417663 227.77152278843542
24.136804157893433 199.13269308609858
45.38014896678275 150.0509014273687
34.819625935840534 207.8913258077726
47.05688512663889 208.86724517781033
169.71272285380837 33.813375597253476
89.97828514066727 106.33767522395968
13.54218615748648 193.090548571802
97.97226755671151 38.369579429024164
145.75476794472138 114.74569019604311

68.8
258.1
114.7
25.8
144.1
137.6
103.2
72.1
36.0
143.4
86.0
288.2
258.1
72.1
286.8
206.5
143.4
114.7
154.9
36.0
480.4
324.3
864.7
108.1
720.6
129.0
154.9
108.1
137.6
34.4
86.0
34.4
648.5
480.4
129.0
216.2
8.6
260.3
154.9
154.9
34.4
286.8
1201
864.7
143.4
576.5
216.2
432.4
17.2
540.4
229.4
77.4
432.4
216.2
206.5
143.4
8.6
600.5
34.4
34.4
34.4
77.4
720.6
960.8
216.2
576.5
229.4
432.4
103.2
480.4
206.5
108.1
540.4
25.8
216.2
480.4
34.4
137.6
216.2
648.5
8.6
172.1
34.4
154.9
206.5
154.9
324.3
540.4
8.6
17.2
34.4
324.3
288.2
1201
600.5
72.1
103.2
34.4
25.8
1201
288.2
34.4
288.2
68.8
68.8
77.4
108.1
144.1
720.6
206.5
206.5
25.8
324.3
206.5
34.4
720.6
288.2
25.8
576.5
432.4
8.6
72.1
216.2
108.1
103.2
324.3
77.4
600.5
600.5
216.2
480.4
1080.9
216.2
51.6
77.4
25.8
72.1
51.6
103.2
648.5
600.5
216.2
432.4
77.4
103.2
648.5
1201
288.2
34.4
129.0
72.1
103.2
1080.9
103.2
114.7
25.8
137.6
144.1
68.8
960.8
432.4
720.6
103.2
432.4
8.6
86.0
648.5
260.3
258.1
154.9
8.6
114.7
600.5
286.8
143.4
34.4
648.5
1201
1080.9
864.7
540.4
432.4
1201
260.3
288.2
25.8
86.0
17.2
144.1
576.5
129.0
288.2
144.1
258.1
36.0
288.2
154.9
432.4
1201
432.4
103.2
258.1
34.4
258.1
108.1
77.4
68.8
51.6
648.5
114.7
720.6
17.2
154.9
154.9
720.6
432.4
25.8
480.4
72.1
68.8
288.2
51.6
108.1
68.8
432.4
34.4
8.6
72.1
432.4
51.6
34.4
144.1
216.2
51.6
68.8
51.6
216.2
129.0
216.2
154.9
324.3
1080.9
288.2
36.0
25.8
432.4
25.8
288.2
137.6
86.0
143.4
216.2
576.5
864.7
34.4
600.5

8.6 17.2 36.0 72.1
17.2 34.4 72.1 144.1
25.8 51.6 108.1 216.2
34.4 68.8 144.1 288.2
51.6 103.2 216.2 432.4
68.8 137.6 288.2 576.5
77.4 154.9 324.3 648.5
86.0 172.1 360.3 720.6
103.2 206.5 432.4 864.7
114.7 229.4 480.4 960.8
129.0 258.1 540.4 1080.9
143.4 286.8 600.5 1201.0

2 5 8 11
5 8 11 14
7 10 13 16
10 13 16 19
14 17 20 23
18 21 24 27
19 22 25 28
20 23 26 29
25 19 31 34
27 30 33 36
30 33 36 39
32 35 38 41

