256 3.0 0.0 1000.0 3 160 240 100

59.661481008381365 205.31396040681193
209.36040819030677 172.97606482395832
144.5896595035787 15.353675765199304
70.88410808028395 171.9978347046899
163.8689592292848 181.7491991659672
192.75909194662077 15.14072042197226
46.908113728768605 28.838998327314876
232.3421017199769 16.226037433757778
139.95111180752596 160.73121895786795
50.401999484470494 144.25403180629752
138.459848578813 235.84486601151522
94.80761769165171 1.4613117328466652
5.657603076916152 22.16167239355177
106.22295292413683 194.02693214698058
110.88029106994674 90.46969920903639
239.70520721764393 185.00462050971464
15.266783721022747 41.081507944949635
43.12611262385027 204.30730978793426
79.6885103909864 169.76914313355186
86.42930714165905 48.43000256496188
206.95288099182144 34.67710264376384
139.91634573398616 3.2010068032125583
184.78786650747483 123.65212673656333
72.74317480078248 30.420469409843527
167.31006750338287 10.271132029874119
248.31213564125585 99.95294963554949
135.5578850966269 106.59159663251913
166.5922425068595 62.779343955693484
210.19244190540905 60.24565110273397
236.84481970563854 50.524240099824816
69.51222792182449 12.565537156318419
98.0175599869674 155.2810946148764
141.44343771651316 34.52387682053659
180.81534407532192 122.4721125418017
111.99809406689876 149.42131938191395
45.65383260576758 51.909503286680064
229.07729040029778 51.631791089090804
225.4361517816572 190.81662038221282
46.115724335510535 102.72891186180277
137.09061345256157 0.5964841619141015
195.70243973175178 213.7630375796565
51.780135726329945 8.979626732594227
120.21345459369672 19.56957535537793
159.4133106820181 108.78102397880382
188.0242532425726 96.04720663177963
154.22865432417723 68.70831787666188
95.32618622824232 175.38578945215735
188.33431439180347 215.5364293719951
229.2871153124006 75.86952169747221
39.81537756571601 144.3710164243689
4.862717166963071 108.91415215911668
177.7381131141381 35.263583034222556
142.80840284917696 123.72792660682194
110.67085233674631 84.10496423836774
220.52546526137002 170.82595308956624
63.068326989958095 211.09135143775202
47.00358830560628 157.32080708408157
181.312117406291 96.76763055628587
130.56924623803042 142.19504300779957
124.53304290920805 171.67726552245287
34.29843292141205 192.05078630511446
192.38442854986624 140.23440013028153
109.80420286292208 170.8921531771165
88.96758793463194 160.90587091837327
5.525483763263312 73.79558719616361
47.287194176068276 93.62280252679595
64.40254999509162 214.92596374311444
210.27650452274827 189.64788626775186
46.17796338271268 126.78512831191277
71.38271666899595 99.52113438361265
208.28914773155614 3.2355713287863797
141.70141240071948 28.444501689107284
58.180089964181114 214.19063528028076
197.22371065622346 116.1977526731795
101.79679735923419 169.0911623670178
213.7564832794728 121.73328726970364
39.04402425865058 166.01908920334432
64.21387198780768 241.05212923560578
216.80166726348594 87.87844035832032
180.65633581940398 239.75381189008263
171.7505267914352 227.60544043704837
129.18861855268585 115.39553284429657
62.765990854158346 204.58427705184
141.14961116330954 148.2952141568264
82.0217136370035 37.73651570408093
239.79636953461608 193.97951431437076
79.91011602588915 70.35454768855459
123.41168350671613 86.38573301003969
167.32734809079838 234.94740638226864
33.170184809240915 158.08843270829442
68.32317702574656 182.93940484054212
168.3344947735861 34.81958285081205
208.1322811553987 65.52553016864209
24.515751835451237 71.55836875748217
87.08660250778566 86.02142453629672
66.20338694200761 118.84550761987705
214.97544272925168 103.49218489060347
48.502514948131626 182.69610854019328
67.32835587427846 206.69163480384867
89.90812185839636 179.77847198483175
238.0045818172472 138.2293286990568
229.07140587630468 226.0808284778853
238.51828402294007 208.41423060480486
220.06816170048322 61.51174146627583
15.418255383511825 178.00496603055655
204.9559757607128 202.23804517749653
182.80321374476148 161.06497332381008
208.3048177097997 126.46246170372983
72.59807947050892 44.996284826305136
7.513620855740394 125.58063429982825
214.16025795082464 196.03849619130042
197.93990096463295 184.46970231170198
154.61892304138811 159.61363103273968
129.82068887342103 165.4018200650904
190.6975302839123 146.55723480696264
160.71583527864394 83.62682108200575
172.33899382402947 188.3304835641738
8.64667600976507 51.878624443113004
53.66836369469175 48.01845095265225
170.64484951628884 100.18144465506148
25.89016884351422 240.3299661051769
112.50941054637231 152.59027397833708
63.69107906813859 219.10691623143228
27.752503853049117 133.8426718302945
19.07055447260228 222.95509152662822
110.78801149256721 47.97514202080514
144.21707195254447 99.67081153827753
177.5275048399761 133.83150178488165
187.06974295943994 218.23183455308373
239.2542052085981 19.63751849542572
120.11898703945387 26.807125355990724
162.569093407038 72.12602374803606
7.638600215129049 101.4518977743478
133.34643595958215 152.78592635957338
99.4669676453889 220.6176334474694
199.306368042083 222.92488707904965
23.157774372082912 230.76335475092304
82.33620764202082 125.9621163023203
157.98951312414445 167.96868425440607
38.19483241181965 115.21594421017292
192.98808343977356 45.773800608061634
127.08188393387756 84.86771298367454
76.28077828329269 149.878019319276
95.0745589799262 245.02324123301725
163.8972853999156 83.41621389198325
86.42372311717098 127.92859926276698
2.987809563389371 174.1621070550659
225.8999190259706 238.70763964454648
133.30017231056777 42.86720545108547
230.08185531888287 84.57169100715711
222.88261978413468 126.34096424123281
182.16879382056976 84.55176966278177
234.6449149728571 180.4385816903385
105.07467773761981 34.00663256967548
83.3343759409949 102.12254315888542
167.06131006621632 135.174582196134
192.2965036753976 122.33932751539997
70.18164052494103 147.39775987566247
202.49558926457246 210.75372719659416
24.850490929511388 67.3313862530542
24.731309096784198 122.29212746660068
42.60243049573878 89.34293447447578
201.28534411598594 172.66823049331262
32.88863428555064 209.19545870793186
191.1251627537026 14.485672307960968
5.466941111946289 226.6980288366201
209.2658241298837 77.23091091836659
208.99026414491308 7.189533554914668
15.002121482300652 24.74170562754574
115.62850587118677 5.494902198285578
230.42930961529385 84.54740219129262
135.76309372366407 82.9870098958185
175.59528966167838 154.63610370728094
98.4273128211243 237.92576531751448
240.0628875759659 128.45782488425286
159.74960877855668 144.8717100349525
74.57251035085999 67.75262856938579
14.012062009967712 203.5457615878837
244.33702528273153 5.593386595893119
116.49531978246912 124.77025631162547
184.5794184662823 4.603919155443393
36.97019915070124 107.22959076570643
147.1661053166588 123.22840827139589
48.399533674985676 49.35596935228268
15.987108314794607 75.48401529945056
175.82628802912598 190.17659368188632
82.45374727193827 170.26724079716053
114.42255837873489 64.7403845186468
228.47755922016594 101.95443504417246
197.94008176274136 223.27509275400067
35.771078206195014 180.9507261437252
20.36369929493509 226.59500534306295
237.211718428906 174.6338598303057
158.56491062732007 206.54632972414507
95.57680570688254 177.42217401902957
23.502615376710168 188.88509837994326
91.13606891673732 234.02116415326833
72.7533769986691 48.446463819839636
37.691871619270984 36.59063192631151
217.57444365738942 127.5743695312678
57.91812410680389 99.05352748757126
227.45508352400648 146.46366869800016
150.3814252514049 70.08738542889026
49.904358906810856 223.46064527664882
230.87313040557558 108.561907026715
29.866233020654136 156.80975050426713
109.44560535940518 94.08725897226505
168.81046941191488 194.76265902076312
61.99373362240454 31.819855853965212
64.46150934622924 60.58778452435737
226.95601544072346 230.31663708950526
164.53885814060106 131.3413567627496
210.88664842121776 232.0303395862891
15.842073324472322 169.2162703184077
118.84603380938466 224.64041571269271
104.89120470891106 137.33004348520427
87.67845597008045 119.2309552791268
28.27228750316582 103.42565188794481
134.06643323466744 158.6555622307144
4.794389904204416 50.64575227056309
130.09208737347882 90.61829798520543
24.716020311669475 31.479654324180345
153.20604602746832 8.285750908610668
216.3433642079583 62.701017305613924
214.61729122570526 246.7765632785508
118.06718628771404 118.83498905739611
235.95468653311454 28.11280034219321
190.10718049560154 77.54011135701072
185.72615488761548 166.27093698899884
140.1856930217953 79.75181026196529
171.0708035802221 201.22741909805092
31.997704339966347 228.79343704279464
127.97204715835508 176.71440254460398
122.14656883670067 66.29648724280482
2.5213191544513904 111.55112013887586
157.00029633883779 214.95517151845607
47.55893149618212 69.7850721450512
27.20089394047351 38.72673312164271
147.9240424008432 50.932223101305766
47.84947806059825 64.83219711627744
66.14330525173756 94.98193832363307
19.25984828311858 59.59300292055508
146.9044403359192 42.42483736136513
101.93411625750393 133.54475245084316
84.60934396647549 231.7321345800024
38.845587691560546 224.25529611979002
165.6128670641729 26.430237708114063
212.8038382013659 219.37829603347416
228.1333795952246 99.17178014778801
26.554700482998406 216.52044678526002
42.62088836316658 161.80089373437477
160.17611595633065 80.6958401141628
147.80658167077127 127.5313081768697
39.14706033483129 216.2853933221621
60.547274094086504 125.3600338775247
27.516471058583598 123.38268037778715

66.88396846519173 202.30690650678474
216.77177902333463 176.50395008172327
147.68038534114325 9.748997278928945
70.51217136461943 174.5589192563801
162.51347525456762 178.94428247171447
194.47442601297323 19.15473637655171
49.64000993322301 21.84187623583844
232.66431419964 8.002909393673708
145.53304354589483 157.21797800988537
47.146860992958175 143.73796924249294
133.22851915599958 235.08010024954848
89.00255149239109 7.225870808094392
12.31873874649983 21.856853337534453
98.16203251502296 196.166328690705
104.83399892515105 88.74971975654155
243.3357006820435 177.48981158000342
19.45105878187364 46.18901086452831
40.26528656750394 201.79618519064172
83.68602907119632 174.4036786442331
92.43830297986055 53.48051004150153
198.9670529464445 36.879689168059784
135.42001180679492 0.5611194211357917
185.0371005377041 122.86115807084883
69.7863366187926 28.85600849348169
175.5336298504619 8.454737932119787
243.9274379362486 95.62050730106405
128.9303403639462 111.70695889237273
160.11059962462426 65.716927736463
206.9610315858723 56.98686112812873
239.4818906862198 49.13436772827012
73.38793751842488 9.052275920979014
94.50966287545614 160.70926078397426
139.7109880624811 36.08448732886302
183.33289662623503 124.93534257181373
113.3949640817251 150.589694947595
40.33147154391689 55.23851566342727
227.78812447635227 58.95377991005174
220.54908631028565 187.52050231551567
39.889744841715256 97.46936659791564
140.9509422173701 5.269743466234211
192.4963283400251 212.6745529827048
52.26931650583755 9.17146735862584
125.14728817776616 17.829659989169635
161.88671059053797 103.38105767000746
185.31356495086797 102.88323212185831
154.0040660767504 63.14148599967537
98.70914265384762 176.67673959705277
194.0611085137887 219.56770459632023
231.2248140873936 82.38475921175004
42.2346644208309 144.50813682069634
2.4470088636528997 109.02925871972435
171.40128930197963 39.37538549669928
150.40158601088535 125.13789386550012
113.59551451984473 88.48265012542342
218.92192585000473 165.39273858519263
60.19192259902448 205.6251701201729
41.492190593217295 155.58279860172942
175.9176626756596 92.1973401459481
125.49641297883835 142.67505049478967
130.80385615266545 175.3734352769349
30.65030516879616 186.43225223801053
194.08922211548605 146.40967817755828
109.71085641873715 170.49167090317576
96.28308299593994 160.59964467344997
0.04503492311774826 76.95625654092831
54.179988469078374 96.11645950639084
59.00418908255484 219.77859733942196
216.80701586336386 192.2071365622503
42.35631086346686 122.95364449917068
65.83168947566963 104.49188340233545
203.50466667382025 5.780018138138998
143.59550497148118 32.11597744534892
65.15467728179733 214.8796325948035
201.63237225133693 109.58939151063984
109.18437239452477 168.5344930852121
206.4897041181807 119.65500859418823
34.003932200365874 169.2944082363176
63.8007730512842 243.30189294850925
221.39993924760017 93.378509382118
179.4861193674713 233.8212656343021
171.1237308489311 221.7909338179484
131.06571245438323 116.63806424631271
59.86331977375711 204.63720638047525
140.91915278789546 153.14443772827318
84.25565069825034 37.24747748824153
236.50680111910026 201.57486193954634
76.7995995512307 68.92644535331944
125.72212613364292 91.2915365501551
159.98384325400244 238.51094370983722
33.95951622837517 155.7675598357553
65.36497835957358 190.07560516501175
170.9952400924815 27.082954263565856
212.98343895308136 65.89874618209838
32.514322534566844 69.02992240534192
91.28182880879065 83.1147654351305
61.21044732314932 116.36509816935056
221.91334323201036 105.81253537046642
44.717020836902904 176.42059398622936
65.82237052101897 203.8273057164344
86.60893481480781 184.08639078948218
241.39204668666434 133.98160842290943
234.92164780644026 220.6815669326991
241.97036312083185 204.52698458053362
214.794184472038 55.31201721776302
22.10364175770313 176.1063191536379
200.95475364828013 195.88226169608947
177.06936987778766 155.5495390948225
204.26582520219847 130.5524737604274
76.25233584651097 39.7815224135645
10.353152569907737 120.83109220780902
217.043568759102 192.04693825303647
200.29362226118843 184.71035308737336
158.5855187181623 158.08383407564
127.53410416643723 164.93457280457267
196.45535547737748 147.541128537905
166.73598706009153 87.11333388642522
173.16935820244757 190.0814456479443
4.437226703550151 56.603018228516014
48.375723521001056 50.0280813950259
162.3847707542397 98.67822335556612
17.709424082741204 242.15226744312343
111.33588252846299 148.0303346113055
69.89519485934528 214.21492477761356
26.23248210432966 133.27214781020373
21.95290531635455 219.47835357804783
105.8621625256938 50.298334882315885
147.19419208286592 105.9984844102758
175.14220109906105 125.85622023279019
186.42426303862365 219.20484584729076
243.46792654054636 21.678497412278453
119.8436238119828 18.760824729332686
169.66762921146812 73.24515089142253
6.1565316135264725 106.63823003357803
130.31563776023944 149.0453964598452
106.53950508568825 217.29843198061545
202.67590501839456 222.57868720300957
18.2156117293594 224.49843958787497
77.86103871783138 131.16403403146012
153.15885095656702 166.76463466320035
42.052907221174635 114.20275014476869
193.0920602971097 38.28756478490758
126.89422336735245 83.19305463257126
82.1797358126153 154.0379468956633
87.61617112538606 244.8719720642679
164.41984776524944 81.14098288112164
89.78232059008826 132.99079396956702
1.3739082880281916 177.76635858001305
217.52320974611965 238.6634844254278
132.92124924094708 42.87183202071909
222.73181459614838 84.25819414036845
224.54130580712393 123.50222947026676
177.54746420706553 85.8560873419206
234.13330818605425 188.2477808423322
108.57045658992138 29.47232333563582
82.06749050978677 106.00619082907195
174.46851436437348 136.09266356906377
191.5278196363197 125.39902119736362
64.33979845224502 153.2402254768617
198.06410602821595 214.38042637439523
21.93425824846551 64.24248621159236
30.29726592156673 127.8670977470949
46.12270890199402 90.2967891030929
203.4029179264995 169.426995191249
35.55358663700642 205.47597226999136
187.2026292504412 19.48724368212612
2.722185279278977 224.46998835232066
202.7167814780266 81.79983271375765
210.98963086167043 1.60081407277482
22.93766953645793 24.549071219207296
109.31698311968997 9.49804366883461
237.0570361105204 87.07791630971434
133.78766688972559 85.71616705933666
174.41049348832226 154.55351490810096
98.97704562731802 242.77073074652893
240.50708936421321 124.41221276290243
163.58398536693326 137.4359224010375
78.3561292363464 67.89765625142724
16.310434020946897 209.09994286005838
244.5228222864268 1.990828506588438
118.50005585563534 116.79334854421272
177.9835479994002 5.057735162933979
42.1852833817557 105.19667510504252
146.93496299892024 116.26248439264059
43.729343304182876 46.523048578430206
20.101696930801772 70.33638821442176
175.81161222571836 182.73625174190246
79.01500284801766 164.9206095233031
120.27289999309457 69.70377113399768
232.10407763333177 97.75992378012322
199.2241155096481 223.46915345744725
37.42213588858462 177.26990908529078
16.572499840118383 230.27197468516766
241.64025972284944 178.133325767244
157.41759373836902 207.9406969471067
98.69103889776135 179.64612524391902
26.786085069815808 183.07823201776318
98.9471704962298 234.29974490575285
74.05581312731485 50.556768894469805
43.736557026060716 40.6260103470798
209.94483666630634 129.97034940920182
56.16805685735316 107.34562053615143
226.16406552506294 141.3230512921624
147.5057910321915 71.9093648193288
50.99703712869177 222.3257573513965
235.12756482618076 110.63641437803767
23.63583575216799 160.89960611953262
108.24095159537376 98.95832948676758
171.02528318781177 198.65065664142097
56.840192317877595 35.635093659216885
60.895052939625245 53.731858545936845
223.75710993660692 233.36030150425597
166.06743810848212 135.61375664301636
213.5041233988253 224.2649181061293
18.572842403119044 173.47010025158187
120.46726492328852 216.5402912076729
108.86647463827123 131.79417585163702
88.07415536103824 127.41743304943118
28.477227562081346 108.48606454121307
138.64246820350886 154.32682987259676
6.628454574789139 51.536879721432946
132.97955246178574 87.05499249615382
26.95857365941981 33.13541862035868
153.55717770204666 5.724674204798913
221.7154643997333 56.38146369465449
212.00343712092865 242.27640508572
110.49079736309237 120.57296478655239
240.71110025783787 24.929649390807246
191.7609325043822 73.61723658470032
184.13874513786973 166.60658808496083
134.36332620907743 78.3011899402939
169.97967543376404 200.47582430506628
26.65924284535806 225.5680413909019
126.25468300436876 184.46727869141847
117.61745990004444 64.9750599615138
2.6694658054097764 109.91851815535524
162.67122058153376 220.59194904060163
48.08715321871498 70.31751933998743
33.78453051560279 35.1792512300304
145.69079910043305 44.62012184510472
40.921681075931666 65.3464765809866
68.3740516744135 97.35657476904572
15.902988003494684 52.60465710428958
147.07125248893698 43.29134739284498
105.92055349332233 130.50087234771135
78.14764382062994 231.6698719292059
41.799396608800635 227.75450700459166
164.38977268991707 28.09126323635258
205.2509576695371 218.52585083080172
233.61676902054603 97.4236859103432
31.017101186841227 220.41044227820876
46.122713550542706 162.94684667626024
163.31952634726045 86.51144966994781
144.17669697172377 129.34283573227495
42.29042940587899 212.2812417848615
68.68021582545033 125.09007262197103
28.485303384963494 122.91185972167936

137.6
34.4
600.5
648.5
229.4
154.9
8.6
143.4
154.9
260.3
258.1
432.4
960.8
648.5
36.0
600.5
114.7
288.2
144.1
17.2
68.8
144.1
432.4
288.2
432.4
72.1
172.1
68.8
144.1
34.4
34.4
72.1
86.0
36.0
432.4
216.2
540.4
216.2
540.4
17.2
103.2
540.4
36.0
324.3
288.2
1201
432.4
137.6
51.6
260.3
576.5
114.7
72.1
68.8
17.2
216.2
34.4
720.6
540.4
108.1
600.5
68.8
143.4
260.3
108.1
77.4
260.3
34.4
137.6
540.4
286.8
51.6
216.2
143.4
258.1
36.0
103.2
432.4
17.2
576.5
108.1
206.5
576.5
77.4
576.5
258.1
258.1
229.4
103.2
68.8
648.5
216.2
144.1
576.5
17.2
51.6
432.4
432.4
144.1
72.1
51.6
432.4
36.0
432.4
108.1
51.6
540.4
17.2
576.5
216.2
72.1
216.2
154.9
154.9
324.3
720.6
72.1
864.7
432.4
1201
288.2
17.2
51.6
34.4
103.2
540.4
86.0
540.4
288.2
77.4
137.6
324.3
1080.9
114.7
864.7
129.0
103.2
1080.9
206.5
600.5
72.1
288.2
143.4
51.6
34.4
960.8
1080.9
648.5
51.6
17.2
960.8
432.4
8.6
286.8
51.6
25.8
25.8
154.9
34.4
34.4
432.4
229.4
77.4
432.4
36.0
143.4
324.3
432.4
137.6
1201
36.0
864.7
137.6
960.8
576.5
25.8
258.1
129.0
103.2
648.5
216.2
1201
68.8
108.1
258.1
576.5
144.1
480.4
600.5
1201
114.7
144.1
72.1
260.3
216.2
576.5
68.8
36.0
154.9
72.1
129.0
1080.9
216.2
72.1
864.7
103.2
288.2
51.6
720.6
648.5
103.2
103.2
480.4
25.8
68.8
206.5
648.5
288.2
68.8
324.3
229.4
286.8
34.4
540.4
288.2
103.2
960.8
172.1
260.3
137.6
17.2
600.5
600.5
77.4
288.2
51.6
720.6
576.5
1201
36.0
720.6
144.1
72.1
72.1
172.1
1201
286.8
34.4
576.5
72.1
1080.9
540.4
129.0
72.1
648.5
34.4

8.6 17.2 36.0 72.1
17.2 34.4 72.1 144.1
25.8 51.6 108.1 216.2
34.4 68.8 144.1 288.2
51.6 103.2 216.2 432.4
68.8 137.6 288.2 576.5
77.4 154.9 324.3 648.5
86.0 172.1 360.3 720.6
103.2 206.5 432.4 864.7
114.7 229.4 480.4 960.8
129.0 258.1 540.4 1080.9
143.4 286.8 600.5 1201.0

2 5 8 11
5 8 11 14
7 10 13 16
10 13 16 19
14 17 20 23
18 21 24 27
19 22 25 28
20 23 26 29
25 19 31 34
27 30 33 36
30 33 36 39
32 35 38 41

