16 3.0 0.0 1000.0 3 160 240 100

160.80108079365687 49.382681190928146
44.735283698784684 2.0942483993831864
202.23311324190033 35.1693650917532
4.840750307939679 124.44421311051154
194.17233057354184 63.06806671723933
151.65776713841976 110.6601696755819
230.51502665293847 156.18899155806136
189.96022745418674 129.40328978381865
179.97453766056026 41.297538535119166
211.37703035253884 148.18238960899828
78.1275379169571 242.06594973116194
225.18668518746065 157.27315546746394
93.1757856901648 196.024282472468
19.351577966530282 42.10142636436187
167.4734203432116 74.76490909774857
244.519663924822 30.83879230234804

155.76263602326708 55.0608819687376
41.991286827929045 5.1427108081991415
204.51751911929028 27.377261625978228
1.2198422100306305 131.38921322828205
196.87947723207031 64.4530882246525
150.53247316107962 118.64102895635742
233.27997827931347 160.8892122500518
183.77163943304035 125.2644654199817
186.2717379253957 46.7030632523566
206.14787122699755 151.51225314234935
75.26257875659473 246.01591127250717
229.18979426682276 158.42106636323788
90.90182432458496 199.12797510664953
21.246246016905722 49.85125982443026
171.00182864727708 78.3379922082694
242.01060820395554 31.284731502478845

216.2
172.1
68.8
216.2
1201
216.2
864.7
36.0
324.3
154.9
172.1
258.1
864.7
480.4
68.8
129.0

8.6 17.2 36.0 72.1
17.2 34.4 72.1 144.1
25.8 51.6 108.1 216.2
34.4 68.8 144.1 288.2
51.6 103.2 216.2 432.4
68.8 137.6 288.2 576.5
77.4 154.9 324.3 648.5
86.0 172.1 360.3 720.6
103.2 206.5 432.4 864.7
114.7 229.4 480.4 960.8
129.0 258.1 540.4 1080.9
143.4 286.8 600.5 1201.0

2 5 8 11
5 8 11 14
7 10 13 16
10 13 16 19
14 17 20 23
18 21 24 27
19 22 25 28
20 23 26 29
25 19 31 34
27 30 33 36
30 33 36 39
32 35 38 41

