16 3.0 0.0 1000.0 3 160 240 100

139.87832095350745 20.587094385373707
100.30885763388898 193.73501829822604
203.0222432640893 176.88218411720803
40.2578409879209 161.3491635401092
91.37254720625133 190.87810962118652
142.1064526901943 168.5359951127584
57.287455064213816 115.70669373605419
174.35138519644462 194.35429656861868
6.569502040707831 236.4387109768685
67.04210311718691 196.34216768767874
3.5199814153182576 76.93163476407072
93.19824936711093 5.147139125768835
62.138962792360196 88.01152383417454
23.120604799610255 126.46337406778743
217.42690024280145 198.25902676010145
98.2540892208276 187.82817990123425

136.33632112485705 15.023300298620617
97.33608883764852 197.087337582927
205.42197406572467 178.07025917954005
42.38758804458509 158.04916546831114
95.54271130442032 185.2054723250947
136.5157292286952 163.97263293751317
52.500881458246305 122.23267183972774
174.8781806116876 191.17623030724084
4.360494831306905 235.1783710766815
62.581718671420596 195.7164950391736
6.83639492218846 73.51854972661049
88.82444195959341 2.9339990159475695
64.623476993476 85.30325352364001
23.86395419491566 127.30252812448093
223.1911721099075 195.6051378993889
94.82857368572434 182.63523638578565

288.2
72.1
129.0
103.2
17.2
51.6
432.4
86.0
1201
216.2
432.4
129.0
34.4
229.4
114.7
864.7

8.6 17.2 36.0 72.1
17.2 34.4 72.1 144.1
25.8 51.6 108.1 216.2
34.4 68.8 144.1 288.2
51.6 103.2 216.2 432.4
68.8 137.6 288.2 576.5
77.4 154.9 324.3 648.5
86.0 172.1 360.3 720.6
103.2 206.5 432.4 864.7
114.7 229.4 480.4 960.8
129.0 258.1 540.4 1080.9
143.4 286.8 600.5 1201.0

2 5 8 11
5 8 11 14
7 10 13 16
10 13 16 19
14 17 20 23
18 21 24 27
19 22 25 28
20 23 26 29
25 19 31 34
27 30 33 36
30 33 36 39
32 35 38 41

