16 3.0 0.0 1000.0 3 160 240 100

59.39947431453002 78.71262402135856
72.50040643590059 179.68749676761053
202.37799882921925 127.26499464212343
120.11982583982788 99.10773802166983
137.51961871557364 200.34919418238974
118.36895750983301 226.51460986668292
4.290161023141003 113.33876699055922
147.67955032472813 51.756818168202464
173.1873174549056 155.10096897825895
15.136749560198004 192.20331058537982
156.8085675939943 150.65363293237277
138.01215519521855 80.16091279694935
24.557540095461487 112.41191636876682
210.5786512753599 54.83494430014932
241.1979516778583 39.89043968702019
203.58144768746104 98.33272923732483

55.624735786945074 83.76694685776611
73.05643058359746 174.08601466491768
197.18640375362946 129.77172921100743
114.91244450790836 93.33077042097513
139.21943962522644 201.72729830025054
122.06649759721067 233.22898521325357
10.125393677772877 109.01906302364465
145.1443564271978 58.10410829613086
173.43977213418668 151.21149136289293
8.197183537325682 193.01194275494962
157.45650488137764 144.5830279594626
140.88931046980508 87.06434375187203
27.716638674516876 107.3054138528464
207.72210776907707 57.321604643678334
242.91545517062 34.416282624327415
204.09921493405233 96.54071161962824

229.4
8.6
8.6
51.6
77.4
103.2
34.4
34.4
72.1
51.6
1080.9
86.0
154.9
960.8
36.0
77.4

8.6 17.2 36.0 72.1
17.2 34.4 72.1 144.1
25.8 51.6 108.1 216.2
34.4 68.8 144.1 288.2
51.6 103.2 216.2 432.4
68.8 137.6 288.2 576.5
77.4 154.9 324.3 648.5
86.0 172.1 360.3 720.6
103.2 206.5 432.4 864.7
114.7 229.4 480.4 960.8
129.0 258.1 540.4 1080.9
143.4 286.8 600.5 1201.0

2 5 8 11
5 8 11 14
7 10 13 16
10 13 16 19
14 17 20 23
18 21 24 27
19 22 25 28
20 23 26 29
25 19 31 34
27 30 33 36
30 33 36 39
32 35 38 41

