16 3.0 0.0 1000.0 3 160 240 100

100.68674532345447 160.11614846028138
137.84891046567625 160.80991069347186
59.17731622987385 235.48893631734805
161.7285141478368 81.54388845608251
89.69399153846707 185.64405557575247
191.3601309241016 22.352359914860926
202.61388704650258 74.37199064996996
69.19603221477172 22.846127483712564
85.7007955395121 110.39611956943976
87.46164873133996 143.37648574150688
172.54575009224894 246.3304167879708
214.65454918265624 119.05134784040506
146.43715092305192 18.148877440709256
99.57233012532177 178.78628165174536
26.380225187170897 207.93872030473239
223.4342036949854 37.35217034216287

105.3512978502108 157.69630162501926
133.32855240997947 153.70539325631427
59.12281759174232 242.2089189658324
165.5286265666084 83.71200046527252
92.41667629156103 183.67813701011644
194.38950950707297 14.714650674814255
195.4002178612133 78.64345381238775
70.21621133966785 14.591136919931525
93.07105984458065 107.5556184782559
90.15885429929207 148.82127894504694
168.65393867915532 247.32995737273637
220.7513359169442 118.32247431599666
148.56375941586506 17.324986097163265
100.97950405702808 179.96989487920575
25.016422047997423 212.89091952802184
220.43681985418277 41.23325132515307

17.2
51.6
8.6
143.4
540.4
143.4
324.3
1080.9
540.4
108.1
8.6
286.8
36.0
648.5
17.2
68.8

8.6 17.2 36.0 72.1
17.2 34.4 72.1 144.1
25.8 51.6 108.1 216.2
34.4 68.8 144.1 288.2
51.6 103.2 216.2 432.4
68.8 137.6 288.2 576.5
77.4 154.9 324.3 648.5
86.0 172.1 360.3 720.6
103.2 206.5 432.4 864.7
114.7 229.4 480.4 960.8
129.0 258.1 540.4 1080.9
143.4 286.8 600.5 1201.0

2 5 8 11
5 8 11 14
7 10 13 16
10 13 16 19
14 17 20 23
18 21 24 27
19 22 25 28
20 23 26 29
25 19 31 34
27 30 33 36
30 33 36 39
32 35 38 41

