16 3.0 0.0 1000.0 3 160 240 100

88.88314839355402 55.16622672474416
44.650949738067744 103.52814157170468
3.933920877927821 125.30433930346216
33.24763298737493 204.5751014283462
0.339645117755194 146.65152877145277
77.63039429554436 187.60548783372667
95.52115900288626 240.90647718380194
244.25508952848844 33.321144654657076
232.188600713545 118.74578702127245
94.43018683630055 204.03988911619743
53.161617900247926 27.885807718539546
160.22144241365726 243.4691591820891
72.01776592698053 193.0901398896824
82.29433432615141 114.95063746328333
88.73810548535455 247.0322071942973
244.84251206475383 231.76107303960967

82.27002496908611 53.925047450179534
44.9499067648404 96.46177454617408
1.2850511289447808 132.88497995130905
33.574982478151135 198.16069014983194
1.8983403119258446 151.04534421436284
80.37918343449776 193.80593198079606
94.40443733177176 243.8587276316721
242.99103619204035 37.39695996439299
231.9230804654816 119.2862490735711
92.89154774143954 203.4563305824705
60.06875483803309 29.968485281989643
155.66784845204822 242.48538439035428
75.64568524494058 198.93945290599305
84.33314673555459 113.03643263170449
92.9960210740648 244.71420290598599
246.1276601401334 231.2296574917128

68.8
720.6
1201
34.4
103.2
17.2
154.9
103.2
172.1
286.8
143.4
480.4
540.4
260.3
960.8
288.2

8.6 17.2 36.0 72.1
17.2 34.4 72.1 144.1
25.8 51.6 108.1 216.2
34.4 68.8 144.1 288.2
51.6 103.2 216.2 432.4
68.8 137.6 288.2 576.5
77.4 154.9 324.3 648.5
86.0 172.1 360.3 720.6
103.2 206.5 432.4 864.7
114.7 229.4 480.4 960.8
129.0 258.1 540.4 1080.9
143.4 286.8 600.5 1201.0

2 5 8 11
5 8 11 14
7 10 13 16
10 13 16 19
14 17 20 23
18 21 24 27
19 22 25 28
20 23 26 29
25 19 31 34
27 30 33 36
30 33 36 39
32 35 38 41

