16 3.0 0.0 1000.0 3 160 240 100

64.36885704189854 11.031569490509014
123.72891116577698 144.09616473415545
101.44847938866558 77.05282715707476
232.2871187111234 185.01999280169474
64.87038968456076 63.29967704944034
55.41820109525375 109.9120763750468
124.33556718380137 236.72837848749273
189.26438086843154 165.50609259339024
181.1874751053382 220.3189969008606
213.21384676961782 170.04180203778677
54.203809667216525 103.24997586352427
132.6760137467224 237.9093702305761
49.31062272001513 185.36842562574623
83.64353774932914 232.86045060307572
189.2489350409058 245.56693941006185
60.72057376740139 130.90846260358038

65.1705697026205 8.962116768059081
125.10018888230856 137.28870351833555
98.35719834984313 72.10208526586676
237.04043481385432 181.86233752924602
66.97313094836349 68.31367390395926
55.004375992279336 113.6717944387972
128.76541867816087 240.65283140648125
188.52841162934496 171.9727232749011
189.4799365183494 219.83147604839706
210.37369186709375 167.23307254873507
57.03491181496359 106.61721017793688
131.92892363827315 230.58210333649427
53.848882405981264 188.19997789528483
79.53486237831916 236.2405457723916
192.03168250590917 249.75663317107586
65.08200711867538 129.50278368502975

648.5
17.2
108.1
324.3
258.1
129.0
288.2
576.5
129.0
260.3
576.5
1201
286.8
172.1
72.1
143.4

8.6 17.2 36.0 72.1
17.2 34.4 72.1 144.1
25.8 51.6 108.1 216.2
34.4 68.8 144.1 288.2
51.6 103.2 216.2 432.4
68.8 137.6 288.2 576.5
77.4 154.9 324.3 648.5
86.0 172.1 360.3 720.6
103.2 206.5 432.4 864.7
114.7 229.4 480.4 960.8
129.0 258.1 540.4 1080.9
143.4 286.8 600.5 1201.0

2 5 8 11
5 8 11 14
7 10 13 16
10 13 16 19
14 17 20 23
18 21 24 27
19 22 25 28
20 23 26 29
25 19 31 34
27 30 33 36
30 33 36 39
32 35 38 41

