16 3.0 0.0 1000.0 3 160 240 100

32.81714620169055 199.12309642553748
232.58333636743467 113.36408604017883
127.78681238807887 126.2187832628306
175.48452186332742 19.035199102061252
82.04388212622487 240.513742806968
39.09565534605791 54.517833074258725
12.808472166951358 119.50651978622496
51.92516366994646 135.35581623655943
43.427953553880904 238.17828975959782
107.7972956685927 37.63749568506164
97.67141507015883 240.31572376153738
47.72531992885703 72.30832592056733
246.45162366214004 219.8424054020405
140.1006171328583 1.0421795752608431
221.939103364777 158.98818088733591
210.89744424216548 73.17385717239819

29.287688876111524 200.91697943052534
232.6281741288694 120.04384853049055
120.31074335934063 129.00751876657955
170.46223112829645 24.09171645370864
84.46548937268223 241.86429624130972
37.419215793911164 58.27469146040651
18.71952566576354 121.57875614358471
54.608453107577084 141.32583409964298
43.4506648226988 241.474065382777
103.91783486390696 39.14968048675152
94.05828481506529 241.0547452648092
48.61724705794698 74.84567073713374
242.3923710767303 220.7698456239343
140.46923085409705 5.916089285623566
229.08248562077446 157.53034292301123
218.35820690576506 69.46361554700894

144.1
144.1
154.9
288.2
720.6
648.5
864.7
103.2
51.6
206.5
129.0
286.8
540.4
103.2
77.4
144.1

8.6 17.2 36.0 72.1
17.2 34.4 72.1 144.1
25.8 51.6 108.1 216.2
34.4 68.8 144.1 288.2
51.6 103.2 216.2 432.4
68.8 137.6 288.2 576.5
77.4 154.9 324.3 648.5
86.0 172.1 360.3 720.6
103.2 206.5 432.4 864.7
114.7 229.4 480.4 960.8
129.0 258.1 540.4 1080.9
143.4 286.8 600.5 1201.0

2 5 8 11
5 8 11 14
7 10 13 16
10 13 16 19
14 17 20 23
18 21 24 27
19 22 25 28
20 23 26 29
25 19 31 34
27 30 33 36
30 33 36 39
32 35 38 41

