16 3.0 0.0 1000.0 3 160 240 100

79.99024926844484 162.4222759747713
125.77942704303672 32.88173674993256
53.95218147343581 34.20709947773151
0.5538712840240656 78.79803410885656
212.84503915714623 187.2117587400028
241.78614563821606 63.97562670053378
107.96585399538309 120.32215261956422
47.4852646828415 90.3555278188041
242.28290558735952 125.86164901719538
65.01916489621392 4.619767167600291
86.05254992104958 140.61818223601767
71.41623738153471 219.97566443554643
246.850143009866 147.51893346678426
70.83319471831601 12.815761726672925
125.24599878553602 37.99046688516972
246.5582420802221 5.395051694136788

77.11246710799644 159.334240601047
123.81286061445567 31.790815764107194
61.78510222770939 31.63340194033734
0.3236778308186583 71.29755999939694
209.32882649091184 180.68856056607353
237.28457749339037 67.09974749542427
110.36798798787537 115.37499594020045
49.72838620902767 95.76144588298277
235.65211795245006 125.94803172490124
70.03510886714845 1.9337806822981862
85.47480201103116 146.76017020219933
71.68048094663934 214.8854397393202
241.9721879077904 141.70385112094925
73.89640777229612 8.438449215878357
118.07538190970332 38.7244628917019
248.10246977168856 0.3855898820836756

324.3
720.6
34.4
229.4
864.7
432.4
17.2
36.0
432.4
286.8
51.6
137.6
216.2
960.8
1080.9
864.7

8.6 17.2 36.0 72.1
17.2 34.4 72.1 144.1
25.8 51.6 108.1 216.2
34.4 68.8 144.1 288.2
51.6 103.2 216.2 432.4
68.8 137.6 288.2 576.5
77.4 154.9 324.3 648.5
86.0 172.1 360.3 720.6
103.2 206.5 432.4 864.7
114.7 229.4 480.4 960.8
129.0 258.1 540.4 1080.9
143.4 286.8 600.5 1201.0

2 5 8 11
5 8 11 14
7 10 13 16
10 13 16 19
14 17 20 23
18 21 24 27
19 22 25 28
20 23 26 29
25 19 31 34
27 30 33 36
30 33 36 39
32 35 38 41

