16 3.0 0.0 1000.0 3 160 240 100

75.23347997555094 52.845058890428895
246.6761483331315 24.98976511140219
141.80261290830808 94.3199667017137
50.299270162937475 43.778110463119965
22.77657131463606 9.765685839599774
181.438976303974 173.88415721071422
151.83991812124881 148.5357612764181
21.803772053187675 218.05217119952437
131.07096449430477 82.22743010305514
171.18116819806087 35.414310568541055
48.099035086983626 44.983579238865424
123.99561741017104 207.36295739478757
174.4757773845275 9.690336049175574
121.3557860381618 239.64929014211629
111.73715613476188 64.51703761941977
39.19937927034195 3.914923929934977

75.97676223830402 60.1718251933841
247.8513048971155 23.638063051082874
135.40774544837362 97.71018235682155
57.81504705575402 46.970875472486654
27.148170309356928 14.857659915556292
175.83656337264307 180.04087123003936
155.51780447523242 148.83803002195953
20.51749189258048 219.17240355834113
135.16447713427937 80.98946900164822
175.33051967216898 31.646279911432014
45.05772239362535 42.06084224418799
129.14424686618545 200.8229109736054
175.09410953932718 6.456467083571588
119.1824799415882 245.5230815581968
110.47710159829072 64.35648574420286
32.153683266317984 8.445659750545536

36.0
144.1
129.0
576.5
600.5
51.6
137.6
172.1
72.1
864.7
648.5
103.2
864.7
144.1
72.1
68.8

8.6 17.2 36.0 72.1
17.2 34.4 72.1 144.1
25.8 51.6 108.1 216.2
34.4 68.8 144.1 288.2
51.6 103.2 216.2 432.4
68.8 137.6 288.2 576.5
77.4 154.9 324.3 648.5
86.0 172.1 360.3 720.6
103.2 206.5 432.4 864.7
114.7 229.4 480.4 960.8
129.0 258.1 540.4 1080.9
143.4 286.8 600.5 1201.0

2 5 8 11
5 8 11 14
7 10 13 16
10 13 16 19
14 17 20 23
18 21 24 27
19 22 25 28
20 23 26 29
25 19 31 34
27 30 33 36
30 33 36 39
32 35 38 41

