16 3.0 0.0 1000.0 3 160 240 100

60.45712875820697 15.587023727076849
22.615025163188584 169.8736933826802
118.40265133244313 246.01402317026876
105.12931650749319 45.57449039911429
77.98670214949416 219.86553472775557
158.15040865921614 189.3110066334147
227.7502968432423 223.09241807927805
132.19469873380015 67.47289839114212
211.811853576068 102.34410296822422
0.8073191284378445 39.953778233672715
199.1564240216463 20.559740198742958
63.75834116377471 1.140685744461134
145.76604281072719 179.5300319940967
80.86312934765249 173.86638009968826
38.542404245474145 155.73485261689294
95.45298437893052 184.16503385850118

64.83019473434668 11.190346691893643
21.204764723946113 175.3954486487434
123.44062871668379 239.63484937656293
101.19092108048827 43.35398595623205
80.96587009100637 227.0552970644468
158.27311471270116 192.46989520119158
231.83469036896875 217.340621008521
128.78944807966647 62.190649238627024
214.78893806831755 104.21893384359082
5.012449353277216 43.99839023261845
196.3739223483693 18.416062950392416
61.67077487478967 1.362140011447549
150.98385438005062 183.77586253618975
79.89055844657311 178.78659297798254
34.52750394946214 155.76169253871603
97.96561125534481 176.29550976709638

68.8
8.6
154.9
129.0
286.8
68.8
260.3
144.1
720.6
108.1
34.4
114.7
260.3
258.1
260.3
68.8

8.6 17.2 36.0 72.1
17.2 34.4 72.1 144.1
25.8 51.6 108.1 216.2
34.4 68.8 144.1 288.2
51.6 103.2 216.2 432.4
68.8 137.6 288.2 576.5
77.4 154.9 324.3 648.5
86.0 172.1 360.3 720.6
103.2 206.5 432.4 864.7
114.7 229.4 480.4 960.8
129.0 258.1 540.4 1080.9
143.4 286.8 600.5 1201.0

2 5 8 11
5 8 11 14
7 10 13 16
10 13 16 19
14 17 20 23
18 21 24 27
19 22 25 28
20 23 26 29
25 19 31 34
27 30 33 36
30 33 36 39
32 35 38 41

