16 3.0 0.0 1000.0 3 160 240 100

81.16951294448855 155.7257439506581
224.5804371160202 181.7669195699514
40.5126018623235 109.50222839554577
207.82141417531824 23.20038384446768
216.0064307639431 206.30088551097762
145.24999905907666 140.94207839088088
190.9392472580187 247.71193310630602
35.45497607490547 191.40909426787556
205.07349880431687 55.736339998134376
12.95156981398965 78.3403635719154
172.11952992417127 103.02222902558464
112.6383922340049 178.92851038752096
221.07461385215515 50.78843914274256
209.7390731632587 231.31237822211497
195.18894984833605 132.68788570302326
67.46987894823562 196.9674961799206

86.80594362618166 154.4957706855602
225.89744925086939 179.1971533995241
44.28698623521965 108.6586796857102
210.48755743810088 23.623151260643183
216.59802326175722 209.88324687726654
138.12078129258964 141.92132435782835
190.5524676980837 247.440565386706
32.07831635999689 198.3842070223757
201.9157109880046 57.234691963601705
6.97684545709934 74.28730431595132
173.33061670353788 100.75148562617872
108.66935777097281 179.43542266614006
223.49544875590053 49.46946651987544
211.39481544418712 224.4593510971123
195.7080601977621 127.354190914372
61.758314841194206 200.29639306085667

324.3
600.5
432.4
216.2
540.4
72.1
72.1
8.6
8.6
324.3
108.1
1201
68.8
72.1
1080.9
108.1

8.6 17.2 36.0 72.1
17.2 34.4 72.1 144.1
25.8 51.6 108.1 216.2
34.4 68.8 144.1 288.2
51.6 103.2 216.2 432.4
68.8 137.6 288.2 576.5
77.4 154.9 324.3 648.5
86.0 172.1 360.3 720.6
103.2 206.5 432.4 864.7
114.7 229.4 480.4 960.8
129.0 258.1 540.4 1080.9
143.4 286.8 600.5 1201.0

2 5 8 11
5 8 11 14
7 10 13 16
10 13 16 19
14 17 20 23
18 21 24 27
19 22 25 28
20 23 26 29
25 19 31 34
27 30 33 36
30 33 36 39
32 35 38 41

