16 3.0 0.0 1000.0 3 160 240 100

175.99353583870862 33.307233269957216
209.1559195946641 61.816032514830674
190.21698865926462 69.8818231965739
92.60124441941386 116.81161451909719
222.89809802509234 55.82788861360305
173.99520337320885 222.05743708473415
18.252796639795925 26.95787365274879
18.779560018835404 71.25348718204458
142.1892268082472 52.45543102670794
69.9046735395852 189.44064250763392
59.24394835359073 191.708890078204
45.902653425771405 86.76722838912012
68.22369989835845 3.204467014320173
2.580460713902888 36.376162626045705
111.8211461658641 239.4054582132817
142.98546241460565 239.4030888754625

179.51135154142247 25.713882118232444
214.87722487435084 67.23900212361178
187.37898455914055 71.40961106526089
96.35965401509542 120.84569316591323
223.9990612218905 61.946517300508845
180.0111045414186 221.09087099204132
12.447704760870815 30.893963752668785
18.835400577758676 66.65392062856024
147.25847946160704 53.843022146228634
77.25560213418456 193.5420549753191
62.41294087064267 195.6252513053831
48.357570602793 79.24204132807294
70.11649371262868 0.34909266435326214
0.20270474665093352 36.55680065309125
108.67246619278836 246.24472484347643
137.13604667657864 240.98248860434126

143.4
17.2
258.1
72.1
216.2
288.2
648.5
86.0
288.2
72.1
51.6
108.1
68.8
258.1
72.1
286.8

8.6 17.2 36.0 72.1
17.2 34.4 72.1 144.1
25.8 51.6 108.1 216.2
34.4 68.8 144.1 288.2
51.6 103.2 216.2 432.4
68.8 137.6 288.2 576.5
77.4 154.9 324.3 648.5
86.0 172.1 360.3 720.6
103.2 206.5 432.4 864.7
114.7 229.4 480.4 960.8
129.0 258.1 540.4 1080.9
143.4 286.8 600.5 1201.0

2 5 8 11
5 8 11 14
7 10 13 16
10 13 16 19
14 17 20 23
18 21 24 27
19 22 25 28
20 23 26 29
25 19 31 34
27 30 33 36
30 33 36 39
32 35 38 41

