16 3.0 0.0 1000.0 3 160 240 100

94.22182410826515 107.62942124733718
208.77683066958284 12.137122923772143
54.96955499391587 197.9529825060143
173.17793701261832 96.20123218370915
149.7100814474014 117.2218704701396
151.95559661648724 249.68952070520078
134.7136682564816 104.2538954715637
204.96095620763208 78.88087486711053
155.8338048799293 136.48634412933043
3.208873491435477 39.841900690230666
212.6833907650195 171.29724945594833
184.7781519602339 50.3526610956182
201.92219086467927 62.51101262156314
166.61961668122353 200.199469915712
65.72512860167554 211.61567392409648
88.02768663839436 43.81966013719551

96.51131475499177 108.26127685898825
213.42069434672248 13.623075652847538
50.03538545429437 194.42280733603843
175.7541411059259 99.12698484816096
150.14879184284794 114.20311765582305
158.83064589447216 249.18405459353787
138.01247713802874 101.0522221977584
204.5635330520401 70.69525445260722
158.63785055195112 141.83617718230025
3.007603614378601 33.21879592954621
215.4918040423569 177.1465003390713
185.7999420596834 47.16786382647683
195.67382232909378 65.77443227550148
163.03978704453783 207.69860002023904
64.1850764065313 210.66412876691035
85.28618372625793 36.272988286151886

103.2
576.5
129.0
77.4
154.9
216.2
68.8
720.6
129.0
17.2
288.2
103.2
25.8
144.1
103.2
229.4

8.6 17.2 36.0 72.1
17.2 34.4 72.1 144.1
25.8 51.6 108.1 216.2
34.4 68.8 144.1 288.2
51.6 103.2 216.2 432.4
68.8 137.6 288.2 576.5
77.4 154.9 324.3 648.5
86.0 172.1 360.3 720.6
103.2 206.5 432.4 864.7
114.7 229.4 480.4 960.8
129.0 258.1 540.4 1080.9
143.4 286.8 600.5 1201.0

2 5 8 11
5 8 11 14
7 10 13 16
10 13 16 19
14 17 20 23
18 21 24 27
19 22 25 28
20 23 26 29
25 19 31 34
27 30 33 36
30 33 36 39
32 35 38 41

