16 3.0 0.0 1000.0 3 3 160 240 100

0.9674359917833386 49.9972389472593
239.77452343694773 69.99005209664097
72.63483052746884 73.58789154269144
119.08978558020547 86.79362863964684
95.8583726583228 144.49480605931194
128.29633844783703 97.01406862979836
50.80448679537925 221.17480434422464
13.425807953046348 166.1245605904794
52.285426723954586 38.58891772202175
44.18724470656377 145.33494771673352
62.260554225477215 140.53363489862681
88.26506567200116 190.54232629025822
186.34000744050735 119.39984212654622
79.01746338349002 222.26958321982454
154.54828251405144 90.44759844874193
116.21110554620967 110.28181231267023

1.1339410186446408 56.67786060107582
238.07021852492343 64.59905124767667
68.20218843082237 72.34659896568077
111.39472780827586 86.50605059228195
101.01264999270862 138.99033914061962
122.73318241114286 103.05018740113228
47.61736601267158 226.1293203221056
11.789461143566049 168.85163125428807
52.47496856687775 32.79940258572939
39.26098571230374 142.0756952002721
63.17278411937963 138.13213266710113
85.31860733144259 193.876190153714
185.94255447629547 119.7905606410924
83.06333527875273 217.46132068863312
150.0624456870468 92.95173473650603
115.54895831315892 102.25855865167865

8.6 17.2 36.0 72.1
17.2 34.4 72.1 144.1
25.8 51.6 108.1 216.2
34.4 68.8 144.1 288.2
51.6 103.2 216.2 432.4
68.8 137.6 288.2 576.5
77.4 154.9 324.3 648.5
86.0 172.1 360.3 720.6
103.2 206.5 432.4 864.7
114.7 229.4 480.4 960.8
129.0 258.1 540.4 1080.9
143.4 286.8 600.5 1201.0

2 5 8 11
5 8 11 14
7 10 13 16
10 13 16 19
14 17 20 23
18 21 24 27
19 22 25 28
20 23 26 29
25 19 31 34
27 30 33 36
30 33 36 39
32 35 38 41

