16 3.0 0.0 1000.0 682.0857832508826 3 160 240 100

16.24745976890446 76.93975948045271
107.81422948498998 134.7644722434871
182.64192357824825 161.3428834641116
188.7235838512391 55.29709012989928
233.62632243476781 13.424706556143084
80.78566919923244 110.27661572917779
89.23260900438699 123.63464987823473
109.18596525466937 215.32052762174354
163.96881663501358 150.7347121178018
241.78787048025626 200.57535023825406
106.14232027439238 29.31850413114234
123.1274720160321 230.968596881647
22.774972245440782 65.85720953600543
12.230874506938438 202.70142260639017
49.024538890665106 246.15364811696685
41.97410398043089 141.55305198793732

14.051714697266432 79.45122350907604
111.4936375222682 140.16953277711787
180.2613029348188 157.5763793296465
185.66953753223567 61.87105002835913
235.72650344137054 21.21863221332826
75.98244759284454 108.31466138735877
95.62687965652397 119.03533664360877
111.13909717094036 209.0962849153158
159.52598085849246 147.63581494473942
238.76785735184257 197.84975886375167
108.87658031291797 26.227379584102593
125.90154190355479 230.11881029477144
18.734694952836083 73.20343455988818
18.69969864165663 201.207589113456
46.544016351105135 245.33982930591196
48.12108991009092 138.41527669987428

8.6 17.2 36.0 72.1
17.2 34.4 72.1 144.1
25.8 51.6 108.1 216.2
34.4 68.8 144.1 288.2
51.6 103.2 216.2 432.4
68.8 137.6 288.2 576.5
77.4 154.9 324.3 648.5
86.0 172.1 360.3 720.6
103.2 206.5 432.4 864.7
114.7 229.4 480.4 960.8
129.0 258.1 540.4 1080.9
143.4 286.8 600.5 1201.0

2 5 8 11
5 8 11 14
7 10 13 16
10 13 16 19
14 17 20 23
18 21 24 27
19 22 25 28
20 23 26 29
25 19 31 34
27 30 33 36
30 33 36 39
32 35 38 41

