16 3.0 0.0 1000.0 3 3 160 240 100

215.25232463451127 99.08163355656424
102.91841556229927 140.18428715807283
26.279777033622388 20.106913058250797
183.90460348296216 216.84384962288075
140.93308720005038 10.487566217776884
249.56570910012056 179.57557168005013
191.48159753826587 230.08332230107467
113.41674509078572 247.12066771153306
74.80143202135739 74.70216452518824
82.04967262695817 40.70704554775759
47.18517189858817 135.04415390978923
222.77051134222924 154.65791365652572
114.83418117260602 30.6716408017228
59.53297395403881 211.49381286009645
194.47889329639085 104.39553539729121
103.65976379982637 180.04637774192446

210.88472916815783 104.70540318348512
106.00835824772494 147.83442351030442
30.419403694159104 21.12046441233978
186.28187577399655 214.6446131825121
140.79800314657365 11.111922890982118
241.32178441341222 180.61164219415014
194.96672165493135 237.1568749376547
106.46613173149285 245.79092071370533
67.31469134184115 73.93733831886526
76.7423324399 40.53704153880183
45.31941458777511 137.1804536862074
223.27653959459172 160.92684171852193
112.62761051167097 35.908743882075186
58.22777841700733 205.55829651159203
188.75652086917557 101.9994742654014
105.04306739123933 179.0747752386299

8.6 17.2 36.0 72.1
17.2 34.4 72.1 144.1
25.8 51.6 108.1 216.2
34.4 68.8 144.1 288.2
51.6 103.2 216.2 432.4
68.8 137.6 288.2 576.5
77.4 154.9 324.3 648.5
86.0 172.1 360.3 720.6
103.2 206.5 432.4 864.7
114.7 229.4 480.4 960.8
129.0 258.1 540.4 1080.9
143.4 286.8 600.5 1201.0

2 5 8 11
5 8 11 14
7 10 13 16
10 13 16 19
14 17 20 23
18 21 24 27
19 22 25 28
20 23 26 29
25 19 31 34
27 30 33 36
30 33 36 39
32 35 38 41

