16 3.0 0.0 1000.0 504.5490717713405 3 160 240 100

211.52690842785984 11.910740350556198
112.12142485118257 133.4570781626097
18.84972175504773 100.6488190610686
11.894704801922561 149.73702709261366
226.24127847500156 221.18310567956698
234.6604107058725 4.196830998896949
234.26784708901803 213.61967081698447
185.34505867601428 142.3338643134083
145.26159701703673 90.3463875521757
232.9220510451203 143.94366274898422
187.3725217285232 241.96546329823855
46.63696003609088 132.78174891115592
178.22600046655472 35.27038788151607
73.56369893328072 214.40172910391527
234.65160649836994 110.61123714418733
69.27707398742447 141.27711577832534

209.43880832605763 10.209542394267052
113.4095001771901 126.39053119378119
17.837376620603585 94.12436248525727
12.86693641216538 147.49932996101282
230.59121117708136 216.93461699712503
234.16829868668472 3.504836018393992
238.93615404947354 212.39971216008283
180.32767123265486 136.44629175598698
150.90947033598553 91.31609419934883
235.3200321041203 143.45429449590392
195.50864545315684 243.64964754569954
44.27659679501589 132.4693327651878
182.9070439944057 32.312320190705904
66.37267355679877 212.87768822477705
239.65457927438342 109.84915720874905
66.64098714978984 147.29695861626786

8.6 17.2 36.0 72.1
17.2 34.4 72.1 144.1
25.8 51.6 108.1 216.2
34.4 68.8 144.1 288.2
51.6 103.2 216.2 432.4
68.8 137.6 288.2 576.5
77.4 154.9 324.3 648.5
86.0 172.1 360.3 720.6
103.2 206.5 432.4 864.7
114.7 229.4 480.4 960.8
129.0 258.1 540.4 1080.9
143.4 286.8 600.5 1201.0

2 5 8 11
5 8 11 14
7 10 13 16
10 13 16 19
14 17 20 23
18 21 24 27
19 22 25 28
20 23 26 29
25 19 31 34
27 30 33 36
30 33 36 39
32 35 38 41

