16 3.0 0.0 1000.0 523.2209611585599 3 160 240 100

163.59542739893166 70.10606190817259
35.806579574770346 48.2066776927616
83.79092166545266 3.4778470259288485
92.69069449665673 127.87617077094585
146.09981219088274 116.23883312771821
57.184713713645 176.99433434069115
222.00634569195563 21.40788134190788
187.75535468753836 58.79482401941053
48.18620034616103 119.13756394497071
13.916465842944065 116.9576678425949
4.821178615512456 225.72944552661517
66.0494071567724 53.7180062795643
33.47217757932755 151.89476344035023
206.14812472501956 159.63401963868048
187.4835263156734 186.0959131490678
175.82447466163183 112.09414226346718

166.7094114587941 64.53131196075496
41.249835745466505 44.842040882071
89.38821062596325 3.3987199529229297
94.4956225403162 130.4723146195677
140.61499320520963 120.76057946790031
64.18524626093863 173.79224778297072
226.34305823028484 15.607036224577348
191.62156137622327 64.81923381643654
48.78101835341578 113.35804748797626
18.74158880771251 113.84246793338116
4.732558514082941 224.59782086869086
61.995502864134274 50.903176510474324
38.949336579137714 154.0998917914709
207.23997038070885 153.93282119741747
187.59563565487227 179.52747023012088
176.22073074441064 110.67029377030363

8.6 17.2 36.0 72.1
17.2 34.4 72.1 144.1
25.8 51.6 108.1 216.2
34.4 68.8 144.1 288.2
51.6 103.2 216.2 432.4
68.8 137.6 288.2 576.5
77.4 154.9 324.3 648.5
86.0 172.1 360.3 720.6
103.2 206.5 432.4 864.7
114.7 229.4 480.4 960.8
129.0 258.1 540.4 1080.9
143.4 286.8 600.5 1201.0

2 5 8 11
5 8 11 14
7 10 13 16
10 13 16 19
14 17 20 23
18 21 24 27
19 22 25 28
20 23 26 29
25 19 31 34
27 30 33 36
30 33 36 39
32 35 38 41

