16 3.0 0.0 1000.0 3 3 160 240 100

34.191501433205204 174.4788934732647
122.74456305069337 53.927803891351324
195.22896733105645 36.34213170262821
194.9551486090499 174.65768810658454
75.75184020694053 18.43330899539275
175.53540302662518 203.97170298645
159.47762974930913 247.88150273711256
132.71776989567408 70.68163108030276
192.6613609586769 165.79585573584308
109.48934696807225 230.41428181287426
122.39443613352988 238.3608099311187
186.19125343808858 67.07372730735284
100.60064380237532 61.87816357695258
40.83676063243383 210.26603432047284
137.21498927838573 220.69845644315959
73.08659879547938 108.9245689800907

34.533233473789394 170.53690954282263
126.4543879505784 49.79803034465366
192.28635493318956 30.506828615569
191.61773828542772 173.87719690751302
77.42858892974871 25.780875988590246
177.34979534272793 212.12025741286433
162.29800051408245 243.16775239802436
128.79094792024642 69.95610779648881
197.0911888476896 161.46809211256462
112.4444956488418 238.2648714071495
118.0055422717125 235.14161225991887
194.05341872295665 65.3163410273947
107.85119306537244 64.93172706799302
45.51274170712089 213.0412656460752
141.79177461548431 226.60783683053415
66.88792076121416 107.22914653216378

8.6 17.2 36.0 72.1
17.2 34.4 72.1 144.1
25.8 51.6 108.1 216.2
34.4 68.8 144.1 288.2
51.6 103.2 216.2 432.4
68.8 137.6 288.2 576.5
77.4 154.9 324.3 648.5
86.0 172.1 360.3 720.6
103.2 206.5 432.4 864.7
114.7 229.4 480.4 960.8
129.0 258.1 540.4 1080.9
143.4 286.8 600.5 1201.0

2 5 8 11
5 8 11 14
7 10 13 16
10 13 16 19
14 17 20 23
18 21 24 27
19 22 25 28
20 23 26 29
25 19 31 34
27 30 33 36
30 33 36 39
32 35 38 41

