16 3.0 0.0 1000.0 3 3 160 240 100

231.1729392485659 193.33058853089315
14.788646982237697 82.07275887588314
134.23774813647017 155.67209916820735
209.91564394266587 99.00373041236601
61.48881975551945 233.9219861190545
29.681885197975404 0.29162227160850485
65.09762838725617 132.32504917326904
70.89672979282702 28.899011117838796
190.22365365170862 133.8255930581667
199.0208099264142 129.84725642765255
168.8442817798599 232.39110724709536
118.5774443363935 15.344875534755499
137.25500864222093 212.2191131840318
223.62248747875952 132.37977663277377
82.20283482140891 73.93619387318884
108.75174871776824 57.555425894303625

230.80976695330384 201.10637203866796
14.094917388253748 78.09200260150077
132.87832324846687 153.92076032745297
203.2269578308074 102.49124957447405
55.954901132936556 236.80795495220494
32.42576722547435 5.4384617188068525
70.18172136385411 133.25707805547057
67.36738870225898 22.64458945870529
187.37666024076282 133.54740270311754
192.72958025410497 135.12578050195302
163.88101105517714 232.70543977223775
115.07593942878269 12.412625098758124
140.01190581605647 212.7008753803513
218.88660601267975 138.8705715538871
75.67042948872802 76.84230201508385
116.12898843621896 55.98752744649171

8.6 17.2 36.0 72.1
17.2 34.4 72.1 144.1
25.8 51.6 108.1 216.2
34.4 68.8 144.1 288.2
51.6 103.2 216.2 432.4
68.8 137.6 288.2 576.5
77.4 154.9 324.3 648.5
86.0 172.1 360.3 720.6
103.2 206.5 432.4 864.7
114.7 229.4 480.4 960.8
129.0 258.1 540.4 1080.9
143.4 286.8 600.5 1201.0

2 5 8 11
5 8 11 14
7 10 13 16
10 13 16 19
14 17 20 23
18 21 24 27
19 22 25 28
20 23 26 29
25 19 31 34
27 30 33 36
30 33 36 39
32 35 38 41

