16 3.0 0.0 1000.0 3 3 160 240 100

50.97555555911789 35.71625074379228
133.13560180208302 93.18775431263433
228.63149181767358 223.59173213844397
183.62605254503518 154.15697269448043
76.29217372104857 69.80592894967918
36.54127102895899 145.5529466709558
181.5778011206745 90.0993163368681
132.8566360770618 54.59966023617879
160.94495845420823 155.93430979694713
85.57167474030433 208.990791383726
16.098763156553535 212.9417179443094
77.88646085407616 201.95188781008787
218.35301047076842 20.631031253479897
21.20361321166331 13.055360072059235
146.1032949681248 74.82310379524552
94.39965899611668 4.8465151693543875

57.35122035329551 40.63366011584629
135.93411720271214 90.17129507600194
221.92217289840335 228.16681279544235
178.81413833813428 148.46030078841
78.12330045249321 74.47451489642657
44.594743931708564 144.59105809953962
176.24840653948533 87.38455789862331
138.92938969667117 59.29627296620407
157.44631902328533 156.19876248437285
79.24498049720613 206.671628530483
14.95175009514546 207.31006813998783
81.19186568738931 199.1090624999566
214.4117033730589 17.778497951550428
22.171561976895347 14.05838475165974
147.31796880043174 77.51309803507151
98.00494585891065 7.676626531433584

8.6 17.2 36.0 72.1
17.2 34.4 72.1 144.1
25.8 51.6 108.1 216.2
34.4 68.8 144.1 288.2
51.6 103.2 216.2 432.4
68.8 137.6 288.2 576.5
77.4 154.9 324.3 648.5
86.0 172.1 360.3 720.6
103.2 206.5 432.4 864.7
114.7 229.4 480.4 960.8
129.0 258.1 540.4 1080.9
143.4 286.8 600.5 1201.0

2 5 8 11
5 8 11 14
7 10 13 16
10 13 16 19
14 17 20 23
18 21 24 27
19 22 25 28
20 23 26 29
25 19 31 34
27 30 33 36
30 33 36 39
32 35 38 41

