16 3.0 0.0 1000.0 3 3 160 240 100

163.1814706882198 2.6015128030991432
218.1359655180605 46.309649002275826
140.5708073643508 110.61203272237088
124.29806151919782 173.8422484641773
230.1482226599396 166.518266355118
150.2255862868949 109.05562346351888
204.5024205556667 225.74934026451416
139.0693730000437 224.4696197098489
84.71298387986128 94.28735451593612
229.75875720036692 95.04315991053625
232.58343555391514 110.98011627541982
239.01388602665375 52.04342439656662
155.09609883435107 55.57315500806054
248.06416471882056 143.99210945703769
90.30992869799937 248.39090756332422
10.636460816262849 87.07586614743262

165.9268632081015 2.6474130498299053
218.00127244274694 48.79535565643833
137.71489883168329 115.58144959239941
122.64502247049197 179.90982636505504
231.24435570360083 161.18122723379966
155.1374919536831 106.63322802266228
205.15982129246078 231.53272860071502
138.86454892733366 229.69178395578695
82.98950006475572 91.19436551446556
233.37924540027797 94.66774854951579
240.74141831980654 112.56951655347817
241.48371484616746 47.20263993985052
149.61737310574009 53.2868152179739
248.25133883298915 143.67204120988436
93.37139832994012 246.3134185817961
17.644033104380757 89.37894786978437

8.6 17.2 36.0 72.1
17.2 34.4 72.1 144.1
25.8 51.6 108.1 216.2
34.4 68.8 144.1 288.2
51.6 103.2 216.2 432.4
68.8 137.6 288.2 576.5
77.4 154.9 324.3 648.5
86.0 172.1 360.3 720.6
103.2 206.5 432.4 864.7
114.7 229.4 480.4 960.8
129.0 258.1 540.4 1080.9
143.4 286.8 600.5 1201.0

2 5 8 11
5 8 11 14
7 10 13 16
10 13 16 19
14 17 20 23
18 21 24 27
19 22 25 28
20 23 26 29
25 19 31 34
27 30 33 36
30 33 36 39
32 35 38 41

