16 3.0 0.0 1000.0 387.7193352323388 3 160 240 100

121.8185214604714 0.4107517139211869
210.9740774269208 191.5654069182364
7.561184749539623 238.48086391219874
149.54052027749935 52.688530810416914
217.84688236872393 204.09840849823073
139.20652517498908 202.16064847931926
188.86533670310484 229.2396918118599
176.9013857848824 175.9583317233797
186.96115772018402 29.230084246411934
111.08474134364931 108.87553336910786
121.5742021014909 241.52366753010247
146.20638330279192 110.51533137481945
208.45755974341324 137.1944823291304
224.9653230216274 161.20287039679386
42.2753023147146 84.13568861853537
55.11655259457807 15.062899377997512

118.51601253595082 6.134107960018925
217.87922003742617 194.90624346044993
7.276468148484927 232.01348231060524
145.68336456746738 50.131835352137664
225.154042872716 208.39410328851736
141.08865849120053 209.4574379521062
192.2841317884451 226.10894561987521
176.81249552549951 180.35018438468907
193.51150449581078 29.01083718372638
105.34682451177792 108.49453407910192
122.15947949054845 248.4545399879278
146.73453494114943 105.12678046423046
204.45940851692424 135.75228646757697
232.63215648135238 159.84602750339073
42.29856584557984 91.09573717857278
49.509787994484604 19.816882716852586

8.6 17.2 36.0 72.1
17.2 34.4 72.1 144.1
25.8 51.6 108.1 216.2
34.4 68.8 144.1 288.2
51.6 103.2 216.2 432.4
68.8 137.6 288.2 576.5
77.4 154.9 324.3 648.5
86.0 172.1 360.3 720.6
103.2 206.5 432.4 864.7
114.7 229.4 480.4 960.8
129.0 258.1 540.4 1080.9
143.4 286.8 600.5 1201.0

2 5 8 11
5 8 11 14
7 10 13 16
10 13 16 19
14 17 20 23
18 21 24 27
19 22 25 28
20 23 26 29
25 19 31 34
27 30 33 36
30 33 36 39
32 35 38 41

