16 3.0 0.0 1000.0 323.1006698754683 3 160 240 100

144.80725130687875 131.0694929233918
170.2355015139722 14.818149666721819
47.82295029354675 156.7081281335512
142.81682087686616 182.72802507740414
38.67099112391295 26.564778370915114
173.65571247251796 39.61145798057358
192.80508197292835 64.7943662971881
83.18883709248837 189.43755289785418
4.704012394131929 69.19565900295804
136.04255638125207 58.634820299635706
193.52497241285297 243.98714130014383
219.92403968194105 158.7825952073777
233.00433293097 93.51462216475312
208.2853522389438 232.05264250997908
99.51481168351445 246.47410420249494
211.85470849272463 106.83189761454636

140.24067316593056 129.73950629404445
163.19617769795863 11.523800954519519
48.62900858200811 152.01787000985115
136.48174206802216 185.6290395550788
37.3966111670743 24.199201561883903
172.51039014000696 32.93033067779738
191.6102359229052 57.462730517360924
85.45735710510027 185.16312387405208
7.514794191773616 73.44505561992443
138.37327386012782 56.59895028208795
192.32200119550455 247.89595073669446
215.88339460123413 153.06820655421882
240.68828808269998 95.91459300498634
207.11253993657465 234.79277920742348
96.06743286268085 239.98426886034622
217.846071646358 106.93499210035895

8.6 17.2 36.0 72.1
17.2 34.4 72.1 144.1
25.8 51.6 108.1 216.2
34.4 68.8 144.1 288.2
51.6 103.2 216.2 432.4
68.8 137.6 288.2 576.5
77.4 154.9 324.3 648.5
86.0 172.1 360.3 720.6
103.2 206.5 432.4 864.7
114.7 229.4 480.4 960.8
129.0 258.1 540.4 1080.9
143.4 286.8 600.5 1201.0

2 5 8 11
5 8 11 14
7 10 13 16
10 13 16 19
14 17 20 23
18 21 24 27
19 22 25 28
20 23 26 29
25 19 31 34
27 30 33 36
30 33 36 39
32 35 38 41

