16 3.0 0.0 1000.0 231.2096250729754 3 160 240 100

152.13917854156352 247.0032986887286
4.854775050181781 96.46655879110838
114.87303392376161 121.28419553882819
170.21845232012453 48.077020045125266
186.75142345618804 99.86211968866388
152.03340435689347 127.39559573948576
11.44756065935304 244.2170379107027
38.12826043893949 149.80672208170157
8.14965229978104 134.56684866731158
235.13279054773764 178.19659415307996
113.81965633666219 142.63241433421376
136.98797132894697 17.297180501182257
98.58209416265423 132.80853147779973
111.90033841982743 106.21445043743824
225.40830986397478 179.3995666980396
42.452185006740805 234.6985559810152

156.3244437927768 248.0616424655768
9.354767036169582 96.77663192470348
120.26693842857397 120.29494451673823
167.80859607435852 41.14848574965366
193.97148079619487 96.42527175489931
155.65313079768063 123.05082682933158
10.65186515256175 249.80793129306565
38.679915610882716 157.35294512434965
1.101105002015934 133.97862732358806
234.26023203157987 173.18153090577914
107.23699833134204 139.44720640404594
143.46992362955726 12.343352777666155
100.98199305022271 131.5932076873729
104.91597711330999 106.24093051081127
223.56611033427808 185.85720494017195
34.518313114369704 231.78270033145927

8.6 17.2 36.0 72.1
17.2 34.4 72.1 144.1
25.8 51.6 108.1 216.2
34.4 68.8 144.1 288.2
51.6 103.2 216.2 432.4
68.8 137.6 288.2 576.5
77.4 154.9 324.3 648.5
86.0 172.1 360.3 720.6
103.2 206.5 432.4 864.7
114.7 229.4 480.4 960.8
129.0 258.1 540.4 1080.9
143.4 286.8 600.5 1201.0

2 5 8 11
5 8 11 14
7 10 13 16
10 13 16 19
14 17 20 23
18 21 24 27
19 22 25 28
20 23 26 29
25 19 31 34
27 30 33 36
30 33 36 39
32 35 38 41

