16 3.0 0.0 1000.0 439.05375469693763 3 160 240 100

39.0773790528951 44.68640745663996
10.190592511435447 1.2475036596715783
167.74799269161682 45.62856896710518
104.84420950734743 220.91721287546437
190.02836969244504 99.19210525103905
1.6237491046445784 67.54108498852193
137.1421948236111 18.92221356234705
245.590860206844 166.2696260502023
116.5906358757795 1.1705524090263042
202.7624593680986 104.6463691746628
95.71924673204923 189.12426844113241
247.37148134781873 164.70391465243497
71.58261063409348 34.43343642161545
121.5775907621825 80.90578340628682
15.236463913318454 89.03458470219672
169.2161916615153 166.51856196705464

41.54561724989897 52.71763323315723
6.8028568948764745 6.430062855776214
168.53011891076883 38.656604004163455
108.91167981709252 224.66620067052946
189.35490740948111 99.69747316410712
5.725226349388657 69.26109840500492
141.04501776527357 24.210450898420362
241.77023013978177 160.51534199228882
117.77805512288228 0.29653658712586184
206.8009011327702 105.43272479066657
96.47923622950577 182.8835827395974
242.27226561994766 160.9346653281249
73.9033610199634 31.54929863478412
116.21566252236593 75.17177064369365
12.179015208694688 90.85151762191657
166.81543638878853 172.44455723694182

8.6 17.2 36.0 72.1
17.2 34.4 72.1 144.1
25.8 51.6 108.1 216.2
34.4 68.8 144.1 288.2
51.6 103.2 216.2 432.4
68.8 137.6 288.2 576.5
77.4 154.9 324.3 648.5
86.0 172.1 360.3 720.6
103.2 206.5 432.4 864.7
114.7 229.4 480.4 960.8
129.0 258.1 540.4 1080.9
143.4 286.8 600.5 1201.0

2 5 8 11
5 8 11 14
7 10 13 16
10 13 16 19
14 17 20 23
18 21 24 27
19 22 25 28
20 23 26 29
25 19 31 34
27 30 33 36
30 33 36 39
32 35 38 41

