16 3.0 0.0 1000.0 3 3 160 240 100

43.53426602002977 7.278348321956118
226.5734506635682 66.7214914546079
176.22198786218075 32.89558561571557
182.06935502335577 91.01542258033851
0.5320967626788742 46.78950082445088
59.122862667780886 133.17695559093468
29.89266145255995 22.09128449100084
119.22899379346464 249.7217178351922
34.67104184329056 228.9400082150219
192.6658452126042 48.648234821266485
125.12837766344772 92.3576676822781
47.98174604356831 103.08841579057399
202.0892998344047 169.74032043865554
176.52906550313233 98.93864054025723
172.68852094960516 170.70907020770005
61.36516579305212 189.28695261221586

43.94932892208969 14.44037822498112
232.98271672384988 61.98082647675682
173.21243118933936 34.106551727217436
182.81063125481498 84.50594992583596
4.328861568426295 44.21839598402119
60.55877691511344 125.93313553811353
34.29444416973032 17.206556873196945
120.24919365881226 248.77117373890772
42.65025570412859 229.71244859544424
186.70528112573407 52.33727152107012
133.12717138279996 92.33345951986122
49.77400635290968 106.06132510876782
206.91886517530077 168.61485767135824
178.14208941048133 100.72872488295585
164.37351697567001 169.5921864559883
69.26325790488005 190.3738361044679

8.6 17.2 36.0 72.1
17.2 34.4 72.1 144.1
25.8 51.6 108.1 216.2
34.4 68.8 144.1 288.2
51.6 103.2 216.2 432.4
68.8 137.6 288.2 576.5
77.4 154.9 324.3 648.5
86.0 172.1 360.3 720.6
103.2 206.5 432.4 864.7
114.7 229.4 480.4 960.8
129.0 258.1 540.4 1080.9
143.4 286.8 600.5 1201.0

2 5 8 11
5 8 11 14
7 10 13 16
10 13 16 19
14 17 20 23
18 21 24 27
19 22 25 28
20 23 26 29
25 19 31 34
27 30 33 36
30 33 36 39
32 35 38 41

