16 3.0 0.0 1000.0 421.66728006206944 3 160 240 100

63.85422709935509 23.842804314579663
111.75118024227773 179.11749127584764
51.940188027443156 186.6903319586505
104.5734662862676 27.250822612592206
179.15389738186667 222.3004795997079
93.3698671293405 67.54190114825049
157.174696253472 148.931433041294
196.85931257518024 26.52830259444025
118.48566381457617 108.16940607079931
91.21979310029512 176.39475537043023
178.45961246689737 160.46004690571206
23.247510066941064 2.9750744674110208
97.91843114892993 92.63530019768056
213.9896533870803 68.21807760638315
187.81092262000664 59.82142566446316
11.414256796255712 243.367033531545

62.00670358961513 26.55372088224056
105.37273623491663 174.38964029199178
57.57403095498975 187.72792598257362
106.87884943771448 28.21262362598506
177.57960294120264 217.30544022901827
94.51105597271592 72.7683996662629
156.56305790123787 145.2365627535934
200.44979266934308 19.80733072925553
121.07790232863108 103.34059977515004
85.06025288351447 178.7181623423341
175.97000528312395 161.31211465698382
26.97344434867621 6.973116357234854
96.40977480740104 86.7003848879048
212.2739931063308 72.67310948048383
190.6389014698861 55.82860935025613
17.833139912020485 246.39462780678673

8.6 17.2 36.0 72.1
17.2 34.4 72.1 144.1
25.8 51.6 108.1 216.2
34.4 68.8 144.1 288.2
51.6 103.2 216.2 432.4
68.8 137.6 288.2 576.5
77.4 154.9 324.3 648.5
86.0 172.1 360.3 720.6
103.2 206.5 432.4 864.7
114.7 229.4 480.4 960.8
129.0 258.1 540.4 1080.9
143.4 286.8 600.5 1201.0

2 5 8 11
5 8 11 14
7 10 13 16
10 13 16 19
14 17 20 23
18 21 24 27
19 22 25 28
20 23 26 29
25 19 31 34
27 30 33 36
30 33 36 39
32 35 38 41

