16 3.0 0.0 1000.0 21.140775050621528 3 160 240 100

137.86988655227313 44.1415729636242
213.82753317931238 69.21625038508967
124.5101007914818 249.33721950046942
162.17132398453185 170.63730127170058
234.00779334872914 216.58895558521567
181.42449823186234 9.100701416244556
116.68325020752368 174.24112612958245
144.18013716962398 228.44335604039955
234.8321787391309 124.57438564353588
89.72095658550239 220.22858615328434
197.48794586826347 145.6637270963542
19.82446568772095 191.14130575883746
65.5610533628491 157.96184523620252
49.774781847849944 34.19414546937441
0.560054715524616 221.81173610638845
93.14923017703889 88.50109956840849

138.09404163979863 52.15677071462643
207.3760406185563 74.50270126624287
132.2828544479854 246.3758924492075
167.83743164021138 169.0612713947164
229.43932434532243 219.29995246497214
178.38115332604363 10.541255420336404
115.45675315248668 178.2752128761245
148.06323534628797 233.44206106718323
228.27714565446993 128.37846278951497
83.15574502417103 223.49037688322971
200.16253975608961 140.72530073223285
14.449924372828743 190.52624305513334
61.11941742479188 153.10679211969713
53.998716925585136 35.367685363255156
4.689911152853249 223.5416795575651
91.40741230126353 96.35363395330143

8.6 17.2 36.0 72.1
17.2 34.4 72.1 144.1
25.8 51.6 108.1 216.2
34.4 68.8 144.1 288.2
51.6 103.2 216.2 432.4
68.8 137.6 288.2 576.5
77.4 154.9 324.3 648.5
86.0 172.1 360.3 720.6
103.2 206.5 432.4 864.7
114.7 229.4 480.4 960.8
129.0 258.1 540.4 1080.9
143.4 286.8 600.5 1201.0

2 5 8 11
5 8 11 14
7 10 13 16
10 13 16 19
14 17 20 23
18 21 24 27
19 22 25 28
20 23 26 29
25 19 31 34
27 30 33 36
30 33 36 39
32 35 38 41

