1024 3.0 0.0 1000.0 3 3 160 240 100

151.98116513517402 77.8876833497403
54.72145713451487 62.96787845200277
169.14058321692139 203.84945052402995
88.59543596638508 99.49355156998598
10.943679431113795 15.493672131699416
12.810524223020343 116.90733542106318
237.6458549293405 62.49204190606233
82.00735746841956 18.350154834584604
10.360062439167594 81.81905080193417
159.25700783020415 14.941228177586307
71.42157103391503 133.3425432522354
74.69564655647667 186.335557747471
145.1838061519856 107.6038972382462
150.6782162208786 158.4245270897245
246.97075156849058 178.44528058751158
216.42818903270995 156.75867664135598
129.63287741228675 111.59396633100302
54.72534742660781 4.992946960372446
168.0194730581242 29.12693531422078
22.467726039071295 80.30002361574063
197.34891898650545 100.04526461044708
33.81691616685095 97.80006555153284
78.00598380004428 122.64987734281831
130.551317518635 215.86097986198934
119.40704287731529 213.2350030339898
96.96008919001575 148.06569524546617
190.78444393124877 226.72655483401584
69.93557297498678 94.00012316979509
103.23389753984166 162.7008205252925
128.34061879955 63.422903778873355
125.18619570260556 35.53607084353613
239.74614908699198 9.179219559032337
187.52838773423505 46.40391586833278
1.385800925776337 4.195585617872255
124.97812035468581 224.61131755659596
152.87134320918335 87.55469028018864
208.4367379905894 19.574497192501678
33.28952238329988 129.22302645913516
186.57049854377004 92.28109051204311
141.9864890397966 90.58411998552629
242.1172986623865 111.39997615294239
83.58849918082328 197.0262297171727
50.999788821539546 100.34594283865839
208.32378814605644 56.72916361567623
19.139042803704378 13.701757667473197
180.50066347595876 62.89316958141472
66.8931430968722 15.36616864189369
5.950876994046478 241.87189175379567
168.28380262310748 43.934046193706386
237.0559713160974 116.85716755164944
192.39680024625238 178.75517696519313
99.65183012874543 72.16435020061357
219.2041056754204 232.32299758385304
2.1196685457291196 55.41346476103412
211.42293270659576 37.41769417351504
20.513650586061612 78.7821195983979
7.4146493265417615 66.91785398324815
165.41643997962817 49.569447731361485
55.10527760520056 93.37952093469539
155.45521236010302 159.71731783352203
163.8116871923451 181.8400432437668
197.00001705632462 97.46120211788109
132.74985928788055 59.77594198201494
50.78154990255979 11.318069033951716
153.36535303113487 166.2250674569935
46.341186812171834 123.18026696314018
26.23601438321857 60.78183448555641
90.83419057225811 124.8262946250003
58.11962071475429 225.14801015603115
239.85928949600742 60.8651141465453
8.355583465362193 242.79810191063513
175.9279198447042 66.89590041658852
116.4659204308637 181.32232041908392
202.47738336571638 211.90908181813967
191.4278250270751 62.8826526082572
201.58512156866698 15.675083241685178
168.9982323208659 118.03448561158886
139.0150830977615 16.280533177467554
38.29185104439306 172.487677736215
49.33530393932861 17.625131483037293
157.78909587380812 202.79847248574535
79.77112897894054 228.38025597718604
185.1959867239843 11.233909568000634
237.2689258950144 136.70174221545565
210.21506832919624 49.35767320191242
57.01023705107377 101.47134129759228
13.254887775653563 79.91918220217167
113.6974081109334 93.64719622987045
184.48858214294515 34.45923279996213
171.6410762917871 8.766420939817248
2.7572122689085155 88.2944996207703
193.4303527663955 109.15435286974218
12.589313621992199 188.98123481724548
1.9385958465733266 242.6378632714817
42.071105135895735 11.905974923786422
73.08194444749606 0.6248714562875068
176.04730403430287 85.32194747162347
65.35984555849062 222.01080637154948
109.58055063500035 147.61535055707245
186.33356336862713 43.364719964356006
29.219110766119716 97.45927753330457
177.2914598515122 54.89190726424997
102.97274325256842 233.70188621826645
247.13812790355246 49.14981767798734
61.80118928892245 95.7890369882533
55.37199032273116 124.95571630507962
227.58090057598744 60.96895177556533
234.19733064802296 184.31062861845712
22.120020791175225 160.9322694522556
99.36394137904772 224.14056859972067
63.46887771146109 14.176798186314121
175.38484343030117 92.39504239710585
6.099710632544747 235.4157836144996
98.87585297591778 40.32646174330934
122.57341218425947 51.9844864053518
57.7650081425832 161.55144847484058
91.23131334345113 216.26767520763093
165.60559134169426 149.85340526714353
221.05320400955603 186.23185760952896
57.55155994754296 178.94040109087052
127.58615715228657 19.735929604381084
122.44102625083833 80.39548992299683
108.1594120937428 127.13655240971033
140.36707980834504 5.92790009987218
194.77541982607374 160.19307581597363
48.735716336575194 226.59229329138304
32.07258298515689 153.9172553065799
172.5528183447924 135.26880931572703
189.65805957177915 235.17168973268423
106.8359551246701 162.87658698056285
131.3768833690471 11.226408782697428
137.01794437757349 157.50590250839787
73.85213705690397 55.893368336795284
205.81888352750002 223.9135094219003
126.09643028815351 195.63241216830383
120.45982289353246 1.5322051704347028
83.37770181389828 182.6082159749703
3.9484179585577985 34.66244894651444
108.00248800923274 21.747240519525786
65.16209261155271 115.2328654527796
168.27122418726734 50.21872140543887
40.86392536964356 159.06991694703726
215.95303388905427 103.87608127220615
200.66304140792036 133.91954898307753
111.94876484805619 69.49580499615426
31.869311026484436 204.70127746950246
230.23991140950676 153.199676452433
61.12187831486043 75.82469206318532
248.12617905678823 172.32935814337046
197.730832426239 161.54195257419835
185.06651543109137 225.50287440325891
223.72990997247408 14.192031474558526
231.52885542866355 37.71292596058426
108.58590485897385 204.04885935313956
55.76127601035474 205.05577728259473
34.064289547528325 164.49013069532958
32.71520592252017 102.34996410904262
88.52096559839693 30.255756377676246
38.617215578711146 43.25135785777251
21.1557176925338 198.87551638523485
120.31308262071805 244.3858765652465
57.79522544367233 199.0432446415969
35.88985696801827 137.7508774639917
129.12932953392666 190.2295633218869
26.174958709315245 17.822236676650423
6.232075551143551 62.85093355202567
225.57801518488472 125.00323294762723
120.55089199284342 49.47049434197087
164.29445552269434 17.835275900722564
165.43333287215108 33.04987312704469
83.99645966766181 67.86977985476605
120.84519397729058 6.594947649800592
60.48154845875525 114.51155015348397
20.96904099914981 32.28947423526246
207.08180639332437 109.6177097833628
12.236709151454306 58.72393818055877
79.70251651961735 75.32956532674449
175.3092965666746 198.4726318779192
214.97721986765163 176.5230296348551
118.43100224493261 115.67850743920474
194.6896447294534 101.67755594239786
59.62017257499619 241.58589001255243
155.94417594080298 73.32272216607826
9.169077274385067 201.3075327755302
46.810487802768 222.7728833157261
196.5836094286166 172.34189592981878
176.47644432583922 20.120760636740982
119.34037977332399 234.35777929716514
156.3290788559775 15.335556720355664
169.87414725730474 111.73914226438478
223.94417780512202 21.449584718446907
184.67459823684942 102.63324297368426
119.70671213939843 215.3718071376535
95.85491567034443 121.5092636606834
81.25324772875118 107.9703174900581
116.06739247699386 236.90689373407304
165.98942508165769 13.494855275606094
54.778744242388846 8.204588471570545
13.739046024270369 75.08117130840807
120.65369967455253 202.00582337106678
49.1966808629698 85.4152373749894
136.77939181082533 199.8168435707405
7.598778360065284 234.14199347409942
141.59910583080227 90.54363086833634
184.40075816646188 229.2854079482235
213.4775848433847 131.27127696537178
213.13256938336698 138.712506273383
208.53997025561074 189.65361418807862
215.16056161309828 213.76156931255161
220.86563687734733 27.127013536173113
180.73184903575753 38.54638830879392
177.2151282590193 0.19468460146956912
239.84443664280775 157.49584065912305
207.74859258589908 16.13615251749548
109.56683979521672 158.4092728700473
214.1781393378671 220.68799086596394
79.80379751623751 1.0303387734783842
90.82190334753032 68.74265812669783
30.130400770760733 77.41582316657828
245.57828145135804 55.29693619071782
77.65694269914516 191.4380384058101
102.57185069591918 196.4332439430637
172.09439212928868 212.75551461647734
175.00131787719698 210.20358320778172
21.367180591357197 73.3432779805446
6.990197392216624 188.40041170595467
100.56801917208544 93.05329968882944
17.05573096459179 189.2505220849267
25.56660064825206 130.9251971393186
182.53267678767472 15.34391481331493
179.8991978270955 94.15691923517203
139.63695746699628 28.397091256621653
101.40069700501988 153.20555695673906
147.24851992945793 247.03684432329405
137.58733457210562 210.61988835809808
108.30876513753623 221.4639378027285
85.42277437591919 243.14887505238642
23.071937235141643 53.15956916484993
78.3771101206284 160.8736828746634
109.23688460502024 10.256908557799981
145.88908369326896 89.52987950014656
108.85726082342507 50.21617005356252
39.33465014036394 40.731256095711046
82.02404047212605 14.766281845609935
126.23897925794994 159.73409084155375
198.0468705391502 140.8258260708569
103.4679103806222 7.979450347574218
136.67479926910624 10.248840574134332
100.15898602514336 208.30538865020597
240.56635354569443 142.08939899797443
72.86502234237705 102.68721478952445
125.35056740445214 186.3507524998133
105.74171640193228 171.23511861355
78.10579171392155 35.9084434919682
76.61913305101223 135.3228481670738
113.16505036689361 137.5934792270634
78.47759913893704 35.09883608466241
45.28589384006171 115.3051755579248
231.58985360624476 170.64515005721609
75.3185088241482 96.18628008786494
216.78094959563097 189.23275655057705
93.88576765643492 93.23947874875066
1.904388427882514 72.38915936086721
150.87198738199996 72.36162674091106
37.54941126555797 120.054508326712
179.95743225439304 146.36021602307775
192.41381960184495 24.717593216408236
15.641898673397602 178.2445341556471
15.951904530778826 30.678454955191505
184.46568304343097 70.51043120634293
67.94936960396284 77.97529878004849
71.2079611375248 65.8771717000082
229.99694569676507 21.924639149145747
80.60804838417774 137.77994965565398
115.37806585688254 211.88300935789383
182.1897512888285 141.7236426094998
187.6504694576006 141.36622259259926
76.74088599483883 138.33734955980404
59.97645957246706 31.681410404640815
32.37230957907816 119.00329279985647
217.26415355393982 149.9844667117649
200.3380927352003 68.30788789146553
56.55833685969105 156.48533238989776
41.63950964312988 49.859220483467524
44.75787144402868 64.70741470272176
173.8309697713957 29.03430927580708
232.17069531877527 180.9461675712688
246.11556119238733 116.04187022208012
171.5089687961403 39.05092282397638
26.207973122586935 79.42772572911694
182.05635691494334 78.38258479039084
100.17407845391283 206.4490000362985
186.6160322891234 11.415843617912508
208.3774006837622 46.83946767191593
206.74482525189933 141.53256998321635
16.651367793939777 159.15140454696243
168.25032757518966 190.67958333459364
245.93649802637734 46.599473401229
61.81566754557494 218.12563225294454
222.9075289083468 147.27126405418113
167.37091649280447 186.29353352181474
234.23381344880855 18.587504670373427
202.4102951687145 57.73115032916248
166.96622310941808 154.39114756025768
154.74857081264204 116.1135778064617
83.55850442776428 60.74744663796788
146.64220265237168 171.68096694060955
183.57887076894306 209.89525882467927
74.59362335857381 102.07481127401097
157.3222677131985 52.22725073389253
52.4065514711565 108.04486819091802
231.47520464649548 184.19686909929837
242.32083319242287 242.59280814575462
122.15562074481856 163.21236859753662
69.60301752447428 159.93011956276314
99.26858937172861 54.7860257600814
116.09114647326912 57.228848267711825
123.27034456686079 111.74689310746567
88.46071132487532 247.21834842013865
19.488405879692472 181.3957864488101
81.36011622539563 77.0877919805449
180.76759762848985 60.24150632189004
70.4160203124822 138.79865398707838
13.141785165956293 143.6593059582753
64.28571205908808 146.0857080215662
114.97102029175771 160.2077890111848
227.6387085424299 189.47340306359115
226.97534377366662 157.32646364588697
59.89919494801599 17.6973134481537
114.37572402079171 188.02689257599607
53.73888276936212 123.29405304140076
226.229040235704 44.00847423500673
63.280681516420714 66.42703310884893
201.481706226217 214.48606015178544
212.0992554659788 236.70013116979777
24.34500778200527 57.41519897972078
239.14545627049185 227.33513445455864
39.13029027446888 116.61321575561908
142.13035144618897 220.98863201993902
132.32028493829245 112.88230074434033
176.1060786146236 113.61311064765955
133.04615176327562 222.28128126034517
237.80094688705267 103.16857436497254
145.12446209351387 24.264843147268373
11.401424375460378 76.5434921155976
28.646116779616204 18.184620764074456
31.32165236961085 99.0544308509293
219.14023552026669 73.82843471691
231.30229868800174 246.65067440149372
159.02908996495157 121.30409338938946
8.948705042229166 0.48131953253288673
189.97432498963906 237.03361092363596
156.49721819004552 175.11657274757178
92.19142179299877 142.08136797415443
93.65396980690791 243.5897509911141
104.2571979120781 65.10628579329224
180.14219154300508 224.21221142475187
45.206151113948266 180.23339255011396
181.1163219565024 209.3656990635478
123.24104014870011 240.07822715582424
230.36214913671964 191.52329004445318
195.22038450455616 164.44011986021627
218.88038168616566 50.288722044143256
43.761876960928845 137.7255361335835
229.4934891468282 79.6553126375669
83.6807123926106 62.07699862749971
5.291141959492485 110.31104787853229
82.08490438460878 232.16401949110957
38.172847120290704 21.430826896303408
226.55288544552744 46.447134605839544
107.91773022327045 8.026672003058676
165.60449132070272 83.72523392170925
30.51107019448665 40.36513517998424
49.533109412752324 199.04605355738326
196.27487354602474 199.82878378284968
243.63504808095067 44.135379410935485
11.879481246765412 92.25211514531709
105.63728191433577 69.64169909701364
198.58823647833754 48.374490576457596
14.152272330267307 158.63932374015013
92.41736005999327 63.87933540104648
6.978127178539017 81.19103435065797
20.376149761766744 121.23277810617108
36.68664523083001 234.9943033560892
241.09203673787246 209.39246985239237
17.303704841656664 246.08307204713893
129.24191335766758 71.81369653959233
9.079455804511694 212.54800244247772
138.2464466693113 14.790272225613272
7.10456817751065 104.19259279759247
234.62570863564403 37.86825008902581
51.59433486673695 188.77750586806872
206.68197968214167 229.68202122844434
91.2863284881904 239.44890167981973
55.42448688170834 77.24707198965555
214.4716067048139 205.88160367970187
160.1235050968833 87.08740187138245
92.67030958958381 40.021478374172744
7.754517639420532 8.951181801557851
10.318804486909471 14.506428962688556
178.46764658092988 221.98816737117966
36.10093668166856 93.13817274868649
10.902594464379856 198.98001299221968
25.494911985617236 198.96484559714955
94.57906813003241 219.1902873532317
113.07187967307219 204.56767586398448
208.2883261073755 217.03774957127936
74.79108812630112 196.9343154682728
196.86339447624655 113.88358111389391
167.17339508543478 33.0901041055702
20.462541164726648 11.451837677011495
67.11906941735573 114.70881690851533
196.7368996166179 93.9300540877662
65.26834832764042 83.01794197581191
230.3859498369033 21.232377407150782
190.3561548757231 64.443164076805
237.8410819881617 65.59328996030425
143.28283247388478 52.347795014329094
22.19987702203699 9.032983219461887
243.41400196756575 162.79298557960644
106.59090214549546 112.57001942938147
160.66319345095744 184.96357060039392
247.99077167009347 213.88433083613256
102.54438921522113 228.80633312165048
75.38301844777892 67.33451753075714
78.97607807716369 69.17889407222717
91.69492880394733 202.94648159131015
91.42992783797538 68.89606515698848
34.99753110553721 150.8670962381534
77.22067168846044 137.82212956808843
79.78699240767581 33.2878019360518
174.95327983170534 154.82180583998027
183.22203313943683 153.75480925086308
43.09185435012347 60.142936406203134
24.021335524340078 33.37627985074879
20.180921052180974 28.612315897718815
182.73079227495415 239.98432884242047
185.37643614378405 218.442050701858
170.40509011211898 221.8373758947063
133.3927479300823 150.2394839768563
57.773852820962645 128.48191033602885
178.90832399388503 43.980348051781775
157.54027242073872 212.9205023886154
47.49731505225579 93.00652224060923
135.73447891208494 171.86469923172572
18.65130512462271 175.12263027708727
210.15241009286547 83.77917657342623
89.12423624920551 49.50750449957772
204.76833437068566 230.76650666706414
60.76205739789767 237.82424915704198
126.1739158077731 183.45487450382984
225.2129112382894 240.1036111639449
25.407029311705852 34.72853659579009
37.97968609711774 142.9940727164905
149.24984178874703 49.84362056231995
173.9186065470031 18.618000976879102
151.24796808591347 30.639899412247317
215.79237483745712 203.83632274260466
227.82788052712985 103.7199480694887
216.4618060417788 70.85398643084397
26.68111431479342 45.17231834298743
170.16690091750493 211.01872764604602
150.49631560884305 3.2508533666339154
5.930807151605988 239.30823887020495
11.01948415195611 147.20062618398472
117.11874350499673 128.94675906698723
22.646267967320195 147.5097508922843
22.246937332416174 221.66315576862632
165.09214505923265 100.45236808954813
22.18443768528569 0.6081026597244132
12.598459011395475 87.58804703336048
67.08282599342849 214.49057936744208
180.4194845291975 187.26692412631894
23.143463583482905 195.14537001019423
55.23550575343783 130.74120062789987
17.659370197727203 124.45887011617796
159.1732401840552 185.69887016019644
96.88063693858979 234.33678124683954
78.42529120692241 65.56109365053106
205.5250447694056 178.95370179943325
71.87680287030402 35.57621114121726
79.85089457049521 149.21070572125276
59.75164827888693 150.34224132288787
144.9795156628544 246.30680216491618
217.19293814608528 212.28010585400966
3.7322266889273923 216.07981135910197
141.68252083161028 186.0696654712865
236.43074949634814 111.33950790935556
157.73362006252182 231.65750472486687
87.7734283641741 243.33842716512532
18.531139480976872 107.53392172458857
32.579435716779074 27.399192845005665
208.10370743375216 113.28679407229039
239.64528585447837 174.6499702087425
111.06908662700371 82.51401839490855
192.72684878745528 15.413295689080064
161.17193884482344 21.512867962201533
210.04515347141688 147.0199422140568
70.36436040670951 38.67820016707971
97.41237930660432 94.6832370689642
48.15184225237395 225.10021025306972
176.25569337491143 211.82104827589765
10.814118639727255 5.375761200662049
40.32390438152642 197.08823110672748
117.95002857899262 140.18856614958437
156.3320419021566 109.87983279559357
185.78551055958118 24.835472493987293
181.2288105250784 16.85640195382013
187.33417027564022 240.76167336105476
177.0501034011334 200.04287574694655
249.98205356678292 120.76298352700799
12.141416082849549 147.67358027263904
103.46417377260616 232.8844300434537
64.31244133943353 60.82731148694981
97.98308849065171 111.95281111125055
107.86481008511181 189.99625057579817
223.94870689889484 32.8265271628353
96.24530068211324 45.33202515769996
165.9960535053292 234.34252095325976
168.51300969477677 202.1650596686392
54.4167090929849 110.01418477600491
219.70501930287162 101.51720672063827
114.29526962669162 7.366174284125254
96.38412073195579 99.65594111643139
14.640737699895572 170.1295113391925
21.87322123271557 79.83615393899784
89.97735852978667 160.37721618044964
77.23805167023865 72.79577019704134
92.90977559271599 227.75222895438236
5.249979580116082 100.12128133768921
55.45374318675006 64.02894735309378
74.1645527170903 54.26404224617418
0.6234369282838992 88.64543597057262
35.16136779688556 82.0212802059021
104.94092197705193 157.86286302798288
194.26905554896493 86.00813005344423
116.6237164092733 17.84582329924683
81.78577219298633 175.98839483122993
227.42117961270884 142.51490708104555
110.29169641810228 97.11530070485728
109.41730209023973 172.49313595168812
132.36718915877316 166.09033787324339
230.31943859234323 101.4776345560308
133.68571689298304 107.51426455618915
21.30670791562575 21.447494397016207
133.0089723313562 68.63016798148405
44.58436743769817 129.11912941654998
239.54888248349317 140.89998467094102
115.64878630650546 171.71319395124394
219.4712518091014 195.4488453799942
126.60284272690942 2.72756069529978
37.83022032823763 234.26161710232583
2.090449620357343 121.17057613010607
76.93639939639971 188.73799300291526
202.33376225547485 107.09831935268552
68.9704133959464 95.238651391675
23.397604860478733 151.91041161900023
118.71628314780824 216.03824436618098
208.93439735209097 183.4010036806779
197.11353244313239 131.48394696637206
104.59062116654974 35.896693875319436
203.71438639083996 235.51168465016573
1.0955191688553911 165.29283983963865
245.18670079839202 151.35757981074346
199.32906488249745 45.26241227236738
240.68791917706375 165.88014407248846
39.7187963945389 135.76029004121426
156.7634829607327 61.717483521559174
60.76794157002316 217.83042729593728
67.2241046409312 230.49913900776417
134.94935594699027 119.67984650077315
58.396190008522034 189.17751313675944
220.90345325927277 219.21378671256466
26.12633698030961 42.70560340356508
84.25432696010971 33.39782528410271
16.282668301897424 231.08537804735107
28.416353971528697 176.61155071330833
116.77291203959308 19.764788024830253
96.38446959736702 41.467171789731886
17.19754374704552 81.40424374424074
105.23170792777404 178.34438142657964
237.02178808877792 183.94614185707022
237.47960427323068 127.08560497162885
178.76616333309133 242.56626437294506
121.51820548167119 12.804958769998015
48.34193935232281 139.40700113027023
109.04807501106154 180.2515297222778
135.4840372222334 154.0083408797533
102.53307613541068 55.023408062041064
218.1264471070765 5.024566463672054
14.747573445501954 93.1321401339485
151.07463983466363 130.65333661032747
23.559958749372694 99.53222679893189
2.0454886900505844 64.65195571156221
94.59817749932317 223.54974445470273
209.57190545612994 227.18075141585524
183.25540420733765 10.573246579677814
32.62950611358653 91.98415666891587
188.06611867228378 57.51158033869797
200.8765647468002 164.43318834298358
51.87167906843135 147.33273415822336
241.13149511736663 241.15113442643266
15.17763574834019 104.43162693853905
245.30018286243094 243.257293210134
160.3997726782467 76.41710506530123
42.585239015979326 75.52455140380374
149.82413409731288 99.19176044059306
101.61120607379226 30.46751157118399
246.04562612511089 57.7415651221779
249.84713977467334 207.70341304640962
172.76128585829903 76.2209884221435
173.91922624400547 213.421030781377
11.410392584119688 0.11371854781261348
115.75758834750877 237.8377590712221
186.1512718940937 18.82736572609023
85.60701174626229 241.9067489023095
148.36256819730085 246.04865870952625
213.06639635965217 178.38520976450508
47.2200728031959 33.029117665815704
113.74997229528012 227.663824864972
211.23950186536862 234.3334986934768
80.92293437883963 75.96038796090168
80.96990132195565 86.21010406246208
163.85561843240063 115.61172750172524
185.2148330679936 226.28822308417926
81.88393152051957 97.9049360180215
37.149380553038434 164.4630263132961
35.169418162375315 114.47020368639241
143.934230081076 34.319965319978216
172.6801402160571 192.99112237156018
109.45794606121837 218.24668400316284
229.1981856657108 195.77977685392486
129.58225802733483 45.635507024407076
223.16935344059124 199.23873866856732
1.0872833279798877 87.7807108083252
62.20937009169034 138.30392694096477
235.89416993225166 106.17046357145507
84.01095607138268 216.66086666319754
212.33569263427282 193.9968249312567
195.71649029842646 75.95850183462
91.07157159986647 193.46586101654762
185.85767258919728 158.67849128900653
8.67378978754335 208.14782009211578
165.09213026183627 124.99556274822521
32.53333765975544 113.57329450016162
3.401582756477728 192.05542847152137
199.015221904485 22.42555914840022
166.67380218774215 139.53939898907223
10.626594521326805 74.3184446595275
63.51199926664508 133.9831355010137
115.5817791486857 61.69760370655572
240.60213444896996 221.50608906267988
22.93266991560938 172.4761170427837
104.4649878936026 50.3051793259375
165.62620582705253 133.63994264387176
180.29123789251614 15.856805926959316
138.2870869268035 142.44504131557684
6.537859477254687 121.26463295037837
35.76975743647731 180.16865642878537
73.49488921477534 8.188216255023
215.47574653304818 96.37972991285973
180.32685493742608 51.4048928519103
180.1036886487914 60.390627470324254
143.75459046399405 154.96465051499814
154.0826476515897 156.9464524378561
235.36836463074323 93.93429340274665
77.06213774880716 215.29821755025662
191.667041435866 72.71241798999945
110.39643451970177 107.22029602809405
183.96910575767993 170.7831263462918
22.344914901033796 134.96665295502996
75.63742196462897 139.08931461864645
104.96929918655357 75.66315296329543
55.72045758996044 60.01176833299865
129.22835957144787 70.68850305133061
158.97159603037983 177.60252590405872
186.17262466001418 218.98711984101124
90.45997324846886 174.94342771447586
216.09898507600224 16.878831181672076
247.06802522728674 197.75093264848837
115.58614747282914 245.59774012768668
89.81674780744078 162.2478734206935
142.119150175981 102.42258615370712
33.51675853640793 248.28509772917832
110.48362080779347 228.24031177684344
125.81648730918027 179.05189334644854
59.09595860940608 11.10904104015445
70.35317669421681 97.95758829260467
212.44585550177356 51.36785016655557
118.8435088846419 23.613988621254745
100.24196540735217 59.89590505164305
146.50903370782095 5.3804596764013
177.75907140823472 141.187669981887
55.75514173523138 12.789645606518935
201.00378516093875 246.0441906841951
236.65346869828258 107.52868546783556
191.66805748380096 168.08271382231064
59.01428808529 219.46330856364696
228.35567030961673 218.05764982329467
235.29523437780813 128.18512336279315
198.17201490366992 176.04850440318796
0.11582029311762998 248.6323002231501
10.09755276436275 243.5676600735866
23.06069617570153 110.18485227681325
139.59184109375752 131.3604643019356
1.8996287691211422 70.68771761079526
173.82290893580543 107.81078893181802
42.15894525082692 221.58623435636358
201.71537513417329 65.95851961824955
48.904477170226336 77.73210388111046
129.8616161214866 0.08019600075109823
220.3663452762487 154.28475516019336
120.10842477819092 75.58524853106105
23.410729337497134 232.88508612644205
158.92080622551765 172.30136313903714
214.1089174208584 79.23900986128376
199.77921588079786 142.56513544126548
97.80990084778854 50.15912235868791
51.514685651214144 24.552502886326433
193.75252985767077 5.660097900438421
97.2590659884782 26.677285785802585
217.12314613088927 169.9955926035222
50.57213375688921 172.79393625725987
205.2957588271373 124.92122166953983
59.032628245858895 202.88255233894694
191.17909470329678 163.98675259738968
175.0118501861998 235.7544597640112
119.11227422334491 161.075929867262
212.06342213636918 203.07172372529192
89.98726075332988 30.654217860937887
18.363865124419483 153.50146179835784
78.41756873809419 81.5593635694075
5.831131332843742 172.93779658499167
0.5566101457631922 88.20134768683502
32.23292440531916 74.00961224458516
76.44621487323111 232.86256896807146
168.6276540287604 192.86736039823555
44.21221445208642 169.39146275622173
177.329058923878 211.16929662172512
189.86569473700092 181.77989312460454
46.18792599619967 166.84919452974228
50.20112210647171 80.72170129728163
10.698251253352803 0.12837328147644045
92.13710579133496 219.51349943485013
157.62580498272746 200.2759600487017
78.42284168566977 202.0924772496199
219.99709357363432 157.12114968791082
35.22681936008243 144.29818524391524
248.25022672313642 61.77813590855602
74.58274775027729 146.30179516880764
52.89019569612158 99.1940099217533
35.66794308370194 67.25452250963599
88.37229653485609 170.8643802445999
177.50162907493348 138.57454204077186
81.23462014840493 214.54990751534606
235.15423676670233 121.19059170139029
207.46259453784268 4.7558565353637565
147.30908117830035 201.01641936960237
138.1120447052894 24.964125823391107
13.901306051432805 44.997516555284136
11.950613711648405 137.17776785506376
2.2294772467884583 241.02925097188646
135.52409435898556 53.46846430117583
80.9172929806383 69.17622058069398
192.2043326885823 19.345142315080167
249.86793099789486 1.4675170468360643
180.0907373261451 123.54300076823534
117.9146227719932 3.4043109625410404
152.352269097427 181.28670311588326
213.24211013403104 188.20068202796486
183.71476017532714 98.47808505404551
118.37939387820637 221.6167266417508
0.9857538935294508 3.1403460868051347
39.52525240662755 220.6728943559394
15.13060062078292 78.17608999342515
157.44824778531574 176.89516711681225
169.50423113033142 33.95355629362359
171.72405934554627 66.96277079421739
134.57185263004519 64.07179909689553
22.95674340128237 12.33144463226163
100.12062246891965 50.26303068712623
245.97408840526765 120.68843636599178
36.81824437432157 36.05795007715468
132.84344329966768 152.34106118813463
203.23911918188602 172.5411217031701
144.21578703803254 149.8086788377666
6.542877927569718 244.01581436850643
161.84909829311323 106.81952494532642
101.02398590378172 98.88828695230697
113.81852490255828 80.03637778703681
6.5817084159940915 136.16233722682767
31.67132717926374 25.823830737316563
67.63447646567619 55.04069805498241
183.6951493390162 132.44958943537372
95.86977493696328 78.0930981586899
82.20861112546099 19.878471250486307
166.2159867822123 165.74360654293187
104.8138882208533 187.77044303202135
64.40774355554882 236.93730169892925
42.22286074129183 48.289918812209535
1.2068957465415364 47.93239191260768
176.36953160256277 53.367262737152224
147.68293663242565 119.90882041262452
40.16061561403556 64.0149387312178
228.53362433051376 131.91507522407977
240.83084167228017 121.4068228031751
206.84075371300193 178.6242966792942
13.965871921052392 61.82709505400361
84.97092288919819 186.47273742086196
73.76776604726662 84.81799273566217
151.40602160453042 206.3704625352282
43.33020541040941 236.53074897805965
155.92856442516558 72.73405032163208
49.801317769531146 105.25770272195959
58.815148763763204 174.5961469805223
68.6721172305049 185.5824613924256
169.22189016251485 74.40879190672293
65.0515468951059 227.66167086938128
43.09636512555478 114.79727186835201
237.45211063089045 27.862524416062325
105.05816641457882 21.384145867615196
221.8559984410459 186.1179048858604
233.74769251115495 142.59303382500494
34.51195019846109 7.739967148419208
130.98969219901554 206.31138306389968
112.64432023267987 156.23322722780793
166.96807718257435 197.94459252390993
188.43012427101212 62.06057386214539
92.4047444848434 126.14424586152818
203.0339154668269 237.2400043682988
163.08023663344332 196.87054464941707
0.2735583098760763 238.41661186352223
202.07437698364492 100.04110734021346
200.56352943098295 193.5429489257105
124.82238550375988 131.78441646054262
120.29709507606876 74.57007095009268
214.7279213556189 16.68384649032051
92.52122204682713 32.13922686985174
193.40441056268 136.38579662702108
66.77692151333537 220.88599805617582
177.03929846292803 41.132884184365864
96.47094992410327 2.1082685371688337
131.60021390021976 204.7178718041918
138.35097991885388 191.91474233426237
195.26886718634879 108.53274965625504
140.65225985326973 27.150528434221695
109.96130523739193 238.37360407930927
248.50586395865938 199.23303310967069
221.81402612254013 118.00045512400148
230.59529594303962 30.17481530517735
22.034573388406365 173.29812769182055
211.36630997872007 222.8015904320016
169.13061931250283 155.40673779304225
133.14346024752044 192.61531598649646
66.99066500064235 222.75674901307767
217.09160606770598 27.603199369537506
194.6634015852081 66.93913603296336
184.06585628507082 206.99544081705443
43.108132003174845 215.67337234557712
78.85442557554667 43.69591812299339
40.23072054789234 140.33629570571674
97.0971425196018 42.60105022608279
104.92812838028101 194.31334282612508
48.47782761445604 8.883035003563162
198.9338633698584 206.89075492194064
170.86605578588063 56.15121608458665
183.03494053766116 171.32776737950857
105.73840659425993 63.46910036611644
67.01025275591587 138.12316117360803
224.96162813768882 23.05530658698554
206.56156898742663 78.17762382843408
152.9563229872649 32.26534411329104
18.70988767018475 81.37082357460632
106.43069888359518 118.25473677117101
99.80274102362985 75.08833238166496
143.76330402564662 45.82848981518703
192.87570233815734 80.20638742144514
139.48917201089364 213.50789139915375
112.34034744165403 20.637035887555278
158.94259861085763 228.91723780933802
203.33593456684017 230.5379970351452
192.49796342727592 80.94698018307598
119.95068860778821 2.6454096365520208
133.10306785703216 32.8192085598103
206.8646642391559 187.34023525448777
16.2783964436852 7.9473610076082055
42.051026508447606 18.603247349022357
206.45607724244508 9.958622427439167
184.71072610938984 38.73055170429623
139.2906285577057 185.051659819372
186.85866696060043 18.632757859184863
104.29416458201865 110.46747354718042
187.59681163456582 204.75995060984434
204.2919111401689 227.9912282294643
247.22190436286274 12.025238200528864
4.733020635047796 0.9902760963999557
104.7855278523053 236.86224316020798
230.7595130629704 94.04362104982786
65.11792016567064 32.54878018767091
51.14053527332782 68.37755464002073
99.38577413790661 202.8774808101729
99.05846528916409 183.32479583414155
5.208402982901705 241.05768158823506
21.414908048079802 185.60633634198373
126.56963207123498 222.48205629935129
202.5394372554935 121.59424471590158
61.39745912881467 187.07459675874412
193.94183188959042 243.5623706826758
32.88341402908035 74.99694633206519
22.378118860236523 79.41712539099885
75.84618730253595 71.16648722549104
133.85484653301955 222.4880439260765
195.00193413862763 102.48914342780108
23.782760643382584 207.27230655227697
10.725067331074701 81.28832924862719
72.61973817858241 157.08588979126262
121.16359685432562 209.05779857134232
86.73770480081596 191.3438488329376
150.1341164414224 72.38653968586293
32.00577634333132 128.91656951634704
183.73683330299957 221.6800634359802
150.757654920185 99.72579565620893
18.12011125146684 95.25833188377133
106.45924502171738 115.70531480252657
146.77135994493182 78.75658848021216
149.74859333345117 14.899337121725031
152.78920361409365 169.8294757526648
192.72203642687282 214.37397690980643
161.89240295298904 152.4473411157404
233.0867765622159 3.655703280521505
142.55172639949473 233.16481811677602
144.03192804549477 235.2965023559237
30.382441602301164 70.66600023405562
125.02042915672918 136.2193988684432
186.86202502508328 70.16844529723582
72.54024752651375 193.15987520679673
171.96445612539233 149.0994951082962
68.84237080164517 180.7491509618219
236.35420733549026 28.231206294451443
229.2969112260518 149.6937596775597
126.735545765186 222.487130658833
213.37004274575884 180.92167880985104
85.79664424954944 90.0236614074012
236.7992297446875 187.9439481967557
49.52257403669272 171.5234220052087
88.34460665503855 36.49372165490997
69.58602982428003 19.08832177259387
35.25704311790243 230.11445763293128
33.078752703035676 219.0104967573256
111.67565754753964 144.8869976934787
27.31289787292021 83.42902825262091
234.33568702305797 32.40036412576042
36.90318050359526 12.321420837317715
82.16801122795691 214.79435195095047
243.84217504556838 118.77818166166502
81.53469955428716 76.40354313424163
9.158493946925361 51.06699708771123
54.30648490616874 190.2815852757533
206.2009657195801 215.10703536882744
247.44227406434283 130.22578605660394
146.8686586096516 182.04812032999635
95.82468764402427 188.98101879699422
148.53188450865787 49.71447329393597
105.34321196787604 130.39944482539624
44.68463992352464 177.32361663300327
32.27522609584188 132.96411734541886
231.13794207109095 141.91924786435547
25.856873429532275 31.059901062940654
157.7858058404161 141.43769278154957
189.73383971624077 182.30901836676577
73.15402703112292 34.66098502929904
220.31561194534953 146.16953829542408
185.4656600030547 98.55354933861521
127.31196457165905 74.11012520466822
185.21702868985057 160.95516956653097
10.443703977661034 35.928820608446266
135.52458318432937 241.3983689013879
63.112062016779404 237.34341664641335
207.14835259490266 165.7812199557936
38.00385905812567 104.65096225808036
9.705230840486829 199.52974231847207
195.75162451426112 138.1155532913191
127.45359213611316 187.69783536270816
67.59050617085668 223.89893007648752
165.74363985007963 232.83784512000457
240.16991557378097 239.04157041274732
56.130878193833276 214.958308530781
47.15772762893125 190.91318947280203
91.69769312523532 160.40888268475095
155.32930575390733 27.093573957567507
83.98715258385478 223.79192310497882
178.70673373976777 191.6820239426419
140.08000522858552 106.52432651743291
1.3506708441825277 206.0724249724167
100.32424064006109 216.9044625298966
221.0039442980562 31.959300734486966
129.39268064220113 46.77815767358751
231.71582102566327 215.3761910354438
21.023251594746327 74.00004449509973
42.60307122776927 47.189479470076314
61.29755123491043 175.44012306152408
9.170359147881834 97.65521872933688
114.96663954011377 239.81165670170577
133.16959212036508 244.63178988765117
118.5338753046056 12.280754635613484
114.06890791803542 170.03093849737073
163.50727832162895 220.76619819578613
220.6563917093928 158.56704726760015
39.649382197267215 91.22330671354383
154.1693023249294 117.00051579407369
10.80508785230927 209.54826318441746
185.2477279016282 89.73322485768558
0.7888004786287539 83.5402626029875
114.08505761859914 143.32203872905555
95.38796191769202 60.885355146117035
148.09016662817947 169.87692140011927
128.72223073373797 106.21088736122915
23.597792689400656 111.15678759727548
132.83140902994123 106.63777481063805
130.32940714606235 70.26588589164037
150.06352658841368 53.15396815769724
197.28742012206246 40.94160382646345
236.63301858733809 75.30043441285869
87.98190312120846 44.890826705435124

149.33791555319087 80.05059339767442
62.455790377897166 66.27542398038028
173.05846160749425 200.602618298906
93.90951960662056 104.39539171970968
12.382133384275267 20.73717208696521
10.58413953829787 112.12267327376102
241.0383129950085 58.41253200300861
77.31085168905958 17.675974381904798
10.577420720289638 88.76426720359865
155.72777907086066 15.09224243559293
74.49747119374595 135.7785195372001
79.53457917616055 182.35319569049932
143.4024818273675 115.20002630625275
152.10497706556225 156.9802721235804
243.1994047436196 181.5472080954686
223.0297987417591 157.75958520694445
136.6840768293152 113.83307095887105
53.85401970399584 3.163211170456509
163.58815077862755 32.900932921044735
21.489841001079814 74.18727327595847
191.0687622093734 101.35323801861607
31.69375857311482 89.74459680462299
78.00418547301821 120.08348530512791
130.62201537371155 208.55110606546873
123.16420190407094 207.56678014144842
93.99365712594052 150.5720526433456
187.7916673892964 221.35212156187876
76.8250417753478 98.88796538255274
109.42233839419124 168.47964543443035
130.56358274973775 70.90462054737081
129.75619293072137 36.73168174114455
240.49938724465218 2.7495486074002318
189.77618994526406 38.51404674746273
2.8050805600058624 8.342216669394304
125.75155045730527 219.12996665389568
158.42924179363442 91.86709141902521
216.31443585672469 19.90316808518419
39.884138049521454 128.68096845433791
188.13712265859647 87.8965733735873
142.61242476943892 87.00972813009905
236.67135422519837 109.94853533290936
87.02452171971647 193.6291472618826
45.21475679540063 100.9299052456502
208.76695249787332 50.79608852395512
18.439401824166147 16.67288946860912
180.38405783631757 65.50928831726837
74.5894560039517 12.192177915913899
11.188462260928233 240.57189755243576
171.2261213387843 49.62232072677713
242.11782307058957 110.40138245034036
193.4401686553888 180.30510348230487
94.01556386055557 68.04971309888161
213.31801222020238 228.94989580360615
6.084741848027542 60.32479618359182
207.22342983353832 35.53706061110204
20.199751361762054 79.38573306919133
4.909817195261567 69.75385882045029
164.59876881167452 45.38845277377551
56.59014063034423 91.82531507553762
158.6675098345991 166.154805251417
165.84863532373907 183.98889519619343
193.83979847253593 97.72257267909976
139.32603829992652 59.317897113662674
50.815764086605206 15.386991584555393
147.24132872960655 163.70370625451545
39.75632406597504 121.48538311547306
29.5125527148965 57.20764151165664
84.64208761448403 125.26948932804017
62.10465834741716 220.03343651460168
233.89460244045955 56.017401240672726
9.557911524833651 248.42872486807968
168.6829153156638 65.48122034662774
122.93113542783918 177.38128639813812
205.66530790284736 209.9388723894768
192.5921094075217 62.540095666304694
199.79972684939722 12.812276254951211
169.9925878176392 115.93823453272626
136.3485415569306 22.729494594833614
44.86085111284574 168.09182584868373
51.12582198613244 14.854593564966462
161.3443535190304 196.82164144727548
87.04748770722512 229.2889334258065
179.39349765721974 8.308648724196843
231.62850461576548 139.88585319467927
206.3377548106705 44.90779220739563
57.178400779078956 108.79105782129858
20.621105469699557 81.34364515045795
109.30537121897041 99.55494961707687
184.77079061632716 41.21977166919727
172.16875588768895 12.469268490555518
2.203296287228096 85.53088159324213
191.7779777698422 111.14352537480343
11.975083298682105 190.73030233972108
3.173071596494159 239.06090824668996
38.83446580357566 13.778708455576162
70.3567452022163 8.64371230888447
173.24031519998513 80.43705228382464
65.1693304154288 215.0939226990157
111.96961625574211 141.2631289451879
181.55863873261487 43.99505237173551
29.350502569844174 93.17313394507771
179.64733222677643 52.91329371503528
100.0496718540586 228.09045230993922
247.25151148265917 55.68687608436637
66.62555719457816 90.66209862925615
52.66546368432526 120.41998027148634
228.4018349354099 56.41282004147047
228.63446707841226 180.06867817923964
26.686563241426377 163.05918784231113
96.14185207215247 231.47213755989927
65.88035795829208 11.168422227487623
180.5587936869407 90.12021257851943
5.375342460636867 236.36887991785363
92.35413789305468 43.20772850463006
114.80944943687582 52.767035718434244
62.39543130620972 159.15312958844584
93.27258987506018 208.14182638567698
159.708919477029 145.13852179929196
224.94004801356868 190.66461602125602
54.57254279414442 185.50529659926272
123.94160293707668 24.363949370744486
121.83040555332667 79.9475637293686
114.2598205270886 128.99924816240085
142.15389457606744 14.054916948289753
198.83385717169878 167.52345360686036
54.788185207302135 224.41907791934577
28.002996535503033 157.10309310005778
173.5032400283619 133.1499823165931
182.71840224890173 231.31734556831182
103.97265846702702 163.64398048335897
135.14958242849102 12.350977089811504
134.96367365854934 158.96164967358965
75.51916096139435 57.23314466258852
209.68249814097496 229.80516744182063
126.74634788114535 194.19765811512505
117.97472513655042 9.544124181105229
81.39514661594744 186.88797848518183
4.102496842884273 37.915264483999486
103.59084846116004 16.18835534391089
68.51246638035995 116.34452566460382
169.022945361229 45.70945720394914
46.25072598510499 154.76259541952646
216.65581309428637 107.93010699035923
200.1897548486282 141.0743651523092
115.46851112570175 65.61586297432551
32.58659561572977 206.91999456982933
224.68195508941244 154.52552600875933
62.33660255909662 75.82679251249438
246.43330165335024 167.79654921969762
200.57802466058615 164.89556857474554
189.00702445707898 230.03832636161945
231.77897023627824 14.30517980830015
226.8698978473528 42.542334744500195
105.03448372828555 203.65194355897785
61.30284081501261 207.82925036576808
28.37917524519429 158.7335650845177
30.89845361032567 94.10814509321649
91.44190267574292 31.3237645864429
43.80134773051977 41.897312703792764
13.813356054596909 201.76505065349372
125.10053013595076 249.6269173483529
58.74121890353837 201.94462009754707
36.5523915585623 140.16553722165276
129.91911041598178 181.86092141729262
32.21438874161658 23.117895636564857
3.9754745933168465 55.853880510835644
223.12697023555586 129.33676675266958
117.54399238300664 49.02032467736356
169.09100317686108 17.472637273618556
158.50251995021668 33.47652819401992
78.04378988075113 71.00801191808337
124.03126582793556 7.902975133076362
63.92831314357764 119.98229021053305
19.859177145826244 38.803204677888644
203.2413098433624 106.03760802100467
19.689476549806518 55.22431531425398
73.94315474951959 73.65449988763845
181.03902670008327 202.1953599674807
211.12717411573257 177.3920723961875
115.23034418881731 123.4506007002327
200.92088918896178 100.62108851026657
52.36484578877429 237.62608484826495
157.8107520362666 80.9097086899196
17.172858968307338 203.5155553496514
43.66681210909532 215.6609076504751
199.5054555245925 177.4521536318619
174.19584752078552 21.014123060303287
119.0931041432118 233.09654935301023
164.2327364887202 17.967494644493932
168.19477697300482 104.00301955627204
230.12493085445038 23.054079598145567
184.67445022418195 99.79693722292618
113.86079034844856 212.25576162032698
92.93900990574605 120.86554891187495
77.46840262625659 106.82447160792807
117.62068555583454 228.77667365551957
169.29433310230596 14.06821992744725
59.441043774827506 5.474751649351322
12.448947745016842 67.15283558989135
116.29161166234886 202.74093093961514
51.095998109615095 93.16775692999069
140.92048145926117 204.35541823303294
4.526529822341752 232.58004160543584
142.59693760326383 91.37123946583775
179.8094410912928 226.0480909491722
212.5992399591529 135.28455410457883
218.80448913310786 133.04839746361128
214.99501855414908 195.00698584879552
218.0578450367828 220.5582474359608
217.39296993050394 30.168567640759314
180.89048533135332 34.79176432375974
180.69630343279258 5.014030949816034
247.72564076867081 159.73210086130305
207.70550424367536 18.53825481590504
108.60610098278636 163.6100973593716
218.4313298281529 214.89783306516463
78.95972291323564 1.4404368966164927
95.13204353072143 62.340551259170155
32.750985831129704 80.1230032874931
240.33392179753136 56.098806383852505
79.30218153180898 197.9643119887551
106.15706715798645 189.98256436698682
169.49323924924525 219.17155171776153
178.67744328749342 209.09836457785917
22.33687191820949 76.10469386341576
0.9574375178421635 192.13791985199194
97.75403722191648 92.48488445011726
24.088269442631372 190.92680954678008
17.851823111854042 132.4293853704421
175.31615387491172 14.487523033006793
173.33574623664308 96.95436793092657
139.49404806758457 33.659677373101324
95.06195141960325 154.06251665143571
141.47715455446786 241.16240301325792
140.79089107488755 206.56364862827846
113.35276682538529 218.19388350656487
90.81319972516059 245.46446809228485
24.24316387828518 53.55968929710875
79.51120621646035 167.42479376884904
105.26588833963943 9.971573425486685
142.21549026848393 89.08646439350285
114.14775696955017 54.1310247747073
35.832215584250704 45.82228504475158
78.41630199103002 19.997640289028507
119.63539127000291 164.53115493787644
192.9724215549574 139.79873078512782
109.76844375254935 6.603252209635868
138.7529717843976 9.717330739145325
104.04696972635186 215.29774525449264
246.55846658268803 145.58012630813403
73.10777958990217 110.71843635153778
131.198165888742 181.05336290370846
106.1299900006363 168.52469541313752
84.58235365355738 38.739363579962856
72.4781575736416 135.83655317064645
118.64906784618302 141.40680812667063
74.33342694586548 42.43294431132919
49.288263836590716 117.59673435995643
237.59480468135158 165.07318699051595
74.04468838106568 102.1816638534769
212.5909027402482 183.8388452401491
91.04743959841741 89.64971015140583
0.9068188656809195 74.3002429203426
153.847781296861 74.20030601983393
43.206795919705385 125.383653225872
185.43573815684843 149.0078714726775
187.74715057353686 18.707514644356273
8.556274531701325 179.23381038759715
12.529354910839258 36.21564417973342
179.50303919642238 71.03777940658793
71.34589234278482 76.16561180497806
65.83829020927087 60.02652954389184
224.1386317418636 27.023572377007227
80.79226702003054 142.0150702530443
121.5890403366825 206.4104267327724
189.60786883968 140.48962795411492
182.87874312273794 140.91799800119426
74.93581677234259 144.0536217632761
65.45293403414956 32.419122024798156
31.51073185788547 116.59340451391712
222.05414490874827 149.36401438825806
192.4689371685183 68.672131048784
60.822906348572346 151.41011687127641
37.58618890579618 54.62215300793305
50.87502028091495 60.228562715501866
170.21709786004078 25.803665530383906
235.03807251736094 175.41038693147092
243.50065794445376 112.12156349424615
174.9881650138076 36.124482422214335
30.68685335653226 77.48588380045202
177.50805892386938 84.04570655469418
97.35796440671784 202.32029500454433
189.19481255178454 12.789384741937415
203.83207147679565 51.69787564125655
205.77413685422783 135.40707797033912
10.608820835670302 164.7513017071582
163.96847954870353 185.72793363031042
239.79548447492084 52.32668150719172
62.62057509637214 226.0385529529844
227.3927501372812 144.40541648363117
170.00150826377313 182.4812586392605
233.88077950780982 20.807589553016314
200.6548454744655 56.74826802524427
173.68911298447347 150.83336835230256
151.09404668129264 116.40874279604782
90.98362813767855 61.4366410387808
139.99312104912642 166.47034907147332
189.21416356442583 209.2894464798865
72.87283982316507 100.5940351700142
161.85630271590665 56.14752899203962
54.296696469672916 114.39357439788989
232.07046622888993 182.41915382043643
243.073280451389 240.71427730977317
116.13191880092604 160.9632974040666
68.14154869888576 164.66271416421054
102.35709047430261 60.669418536126955
110.39881677686594 57.476752018271185
125.3827025578953 111.24226010722211
95.56558911849896 243.65476889482636
15.447614643734674 185.57570561904384
84.04867086227263 71.46446146852223
184.2920333620224 65.60657422382025
74.37831641934461 138.87005506205048
9.508954320454565 141.88405966765012
64.5155793939309 150.5837988370618
115.8971572587457 157.78350507015313
228.05502775554723 190.62237844094997
218.77118900084665 158.84507308648975
56.556273585298214 11.294613302440082
116.3568431036775 185.23234739801717
49.7869330643515 119.0354428475687
231.35035330859188 38.006199753405745
56.21772628951269 62.52546085138358
200.68924114964747 209.14451821038477
211.18309973237177 232.3323069413939
30.775287430759633 56.62979703655471
234.99670494295424 223.02131476654998
40.97517963227393 110.3798442378986
139.14623622177945 218.99727401120262
125.14867887122976 115.86574490518439
171.53026157310396 116.35580744005574
133.16198886462757 226.9022232076487
236.89723611959002 107.61704403448805
150.8605057053817 18.15547377227242
15.446821475595367 72.74206333983568
25.310047750205705 17.504371319026102
29.025383756198703 102.16464709852357
224.48858657478868 73.46721964707048
235.91944395455127 245.681002345028
155.1559041497575 122.05442372789535
3.8279967170613824 3.808191489324347
182.64805705184494 238.64998865045953
162.44775467514566 178.96059316931073
86.11661988462329 143.92741044813314
93.64056040327159 244.36238677460278
98.11787056443936 64.74657947764567
182.49216686133875 229.60258155189942
41.060471402367654 185.29483551384115
184.1476348244453 215.5280474475193
121.03674927098604 238.3977515514427
232.78193264666595 192.06151121770924
194.941828208554 163.79668259006743
218.0569627835457 46.76012006270322
42.071249761609444 130.65948203312072
234.28760608036222 84.4138464189064
81.43382802208716 61.45974654983319
3.6542048798329505 117.31594434217799
79.08250090853997 227.69418610235846
37.97439010830669 22.09991279683815
234.03260557019428 50.00597510063706
100.71565837107124 10.217764201239572
164.31874149632884 89.75922588446488
28.2440222059773 38.360054753321684
45.03169577680341 193.30157210731807
199.08970530681924 200.479086865401
241.69809656991154 44.0373462758325
15.19794951966219 97.65524954820418
105.87450471516347 61.69294699484226
202.34323380716398 53.29176707432798
6.733425153837319 156.7858342481437
97.2992115961448 65.90550673566304
11.661537536942323 86.00693870567821
17.430933787569852 123.20809015618639
39.49972376741876 242.78827173430147
238.4962079326602 207.7347893514087
16.5267921895714 237.97165034267292
132.91712171684097 65.4161357519567
9.589612396685599 215.5246671886903
145.54406007269907 16.971141502482716
6.203766195767319 108.59235443180366
230.57041748289524 39.945449167582886
51.297445254392755 188.41110340755725
204.0344009119136 228.00178105365924
84.30415543773789 242.33587087057313
53.33512752026085 71.13482294870727
216.72536401815663 206.4542611869596
156.06613322216188 92.07192776871712
96.9054198399185 36.91955439196582
7.551115751777942 4.920858638528619
3.804487865773476 17.477369466942726
182.49739360192618 215.63581451169296
38.772368171611255 91.973854644016
11.743115250789305 206.37448039406115
33.20033259439506 201.99266504803552
94.03376743077621 213.19199909891518
114.27541511520458 199.59331654445077
206.34476129863637 210.65947032610907
71.32071427423358 199.89712436827978
196.28212776817182 118.61250791470837
170.8704919025882 40.63212481375309
15.984297187865259 13.496917038216955
63.92213654923087 120.00357214934931
193.63253202675742 89.15165022310944
65.81405257970538 79.61640313889839
225.0828661214005 24.190056501267627
194.21338065188232 65.23148026081982
235.07023453109224 61.111564761988866
148.04638119222872 57.889442929038
22.43387720497836 10.460638124246024
237.6146683969477 158.17553075500578
109.20757856871191 115.83905466477349
162.4261065110999 178.76231323659633
242.10567709110802 217.2738245701148
101.98980927051024 232.66405825763326
72.39119909480104 70.51015547997774
86.04959404239516 72.96312643481146
94.33951450195435 208.15964817675345
85.65879279572073 65.26052689862632
39.615419880474846 143.86089480244559
75.88728890072063 140.7658036121747
78.53072199083269 39.83876779800843
174.9679060584172 150.7162852851523
180.0389775518379 158.57357297376842
36.82600857615004 56.381900069571834
23.587727991421918 39.682719011744666
22.790830976057997 20.690185627270903
180.2959781248107 234.39267744485306
189.31885472390582 219.74575155819545
170.5010193182017 224.19805820252446
132.25491429903084 156.15775114721978
61.62381855716401 127.01810597022539
181.4675590088255 49.71741120966808
159.99345019585692 211.67363627641384
44.01250435485166 89.9820158367858
132.09989400495593 178.73941877528011
18.03710989167573 169.0939205858042
210.7178928266275 88.75237736833257
94.31927998885595 46.866350291283915
209.81588497682245 224.8106345431315
59.37156711541622 229.64502632758825
121.78431808988054 181.1215797601849
222.4752368850729 235.28276201084668
24.035323763512196 32.57456755644744
33.659299689694386 148.4070241566242
147.8050284228641 48.01947924490854
181.3340041868078 16.719636005853133
153.46699226585267 34.47115376731718
212.76904096993468 209.869859706202
228.06244662978173 105.88767916111146
212.60548189214686 72.13736978267637
28.835755916291365 49.48142613023729
178.00191363607604 210.10368577939212
145.87491709436907 8.992699101605133
5.393232829045635 237.75187409609265
7.354911921067048 144.54218229144254
123.51313065806568 132.38824374458537
19.219359044789137 145.06679230095128
22.1880257184236 227.4581279169984
159.54979728649852 96.44519709833976
24.83141325937646 5.054233337300401
11.676901134875628 79.72816249679893
63.15132932656825 219.43818076638706
184.80983736808113 186.12053345413415
29.65853757684947 195.36701074732397
58.08044544682247 130.25765894450993
18.41171828618987 117.10928323503383
156.893782804361 184.27820509323882
95.72312396630794 228.98496779531524
83.07633435067856 64.44029450974179
203.54745026364054 177.82396499176224
67.36299505372179 34.202776295447904
81.33408624707484 153.84766569386744
58.341129381439174 150.35841786338204
137.82961698865032 249.54145179311692
213.63389205366914 211.46272433981326
7.401169970131905 210.76572734313294
137.48705176183165 179.30251608743364
238.8579790740564 117.84566859420592
160.77320680524468 228.31991248444206
85.3018075972827 241.20347124007384
23.78334291817566 105.9941783673569
25.15735182678333 28.256230783918422
208.0916641794882 105.66538278487036
242.8010992771708 180.92346448231638
109.44750947897714 84.60803357316307
191.1690602964107 7.5262016293038965
159.8601753289338 23.165711601906057
211.0646331169959 153.59513305967968
76.79714862000655 34.527614999109005
91.84505208389784 92.72037603980598
54.29204863975951 221.5481237123298
168.3599905370937 212.15643021045696
10.963886415989082 10.730246324275244
43.9664335742099 197.1795551841065
111.53694316718816 138.7261839967334
152.3349535807292 103.34380970022805
182.13699326551685 25.918356702901686
176.09806036158713 19.264404470598155
183.5453216217323 246.17944159150073
171.43885772875853 206.0720485966567
247.23047658163276 118.35565714668935
11.749312659433548 139.81396596685653
101.0682357913596 238.6378984854273
62.43465876373494 64.31325856492523
98.36678554397533 118.806414650272
101.29493404551113 188.9987072324348
230.37978160533277 37.30440426968265
98.39265283974655 38.50201382285809
159.55095275924972 229.14066730345908
166.14904867525004 196.21266812625748
57.06161150648389 102.1771878857062
213.45466656001943 103.13934110892805
109.7001112751844 2.509849590734886
91.82315514039138 101.33038617951695
9.082171779043746 175.03670780742863
17.358095243273254 84.74691928686457
98.21038881245195 159.22749357692422
78.11923000889063 68.32311648811543
97.20770884058552 233.6924087345324
5.391232716924127 108.53680008703431
62.44740831848058 61.45872402609997
72.48446207210651 49.72525555219109
6.8453085713860435 91.00041397231654
41.535036832578534 79.35383687276729
107.20296492140075 155.2519237868476
192.28841683980838 89.27865692227418
112.39855603604774 16.41586862187244
84.36422628630055 181.74675107559418
232.72539364127985 136.85143346969346
108.47015222724357 98.82504422592162
114.89815035513217 168.5488835318098
126.20335529175694 166.66503288082566
228.89887127195607 103.04926591261409
139.16918024839407 105.07912225507354
22.86004563713276 16.701162904045635
132.97355405433868 65.04226007245917
43.57111220886753 124.36273645168924
234.0632181955262 140.86188785946848
108.90964574930956 169.43292978989547
213.7411963656031 192.46101694432784
122.97804101714586 5.464882718104386
30.824244014718616 230.52141226547135
10.497469566961792 121.32083375230066
75.9678082168748 190.86414940804153
196.08831341672177 101.48353523499564
64.01083724119711 98.18416831581672
21.83812438773744 144.10459055605406
121.99212845692107 212.60751080010516
211.98600272295988 177.29023268931758
198.05801503538686 126.15628240098343
97.30026067440653 37.84199045171141
202.3929861688753 236.80557145944175
0.665924872336271 164.9554609023808
249.18524337036692 149.46305784995985
202.26417075242958 50.539592309934214
245.5104697343924 166.3632913524297
38.49674662878797 136.16582159871896
155.30912930698872 56.207298946276104
60.01114460917467 212.8045851235389
64.91981749844194 224.46755506458678
138.74891204072472 118.39399068859693
51.9892886392681 188.96294453874725
220.60514734586462 220.67349262458947
23.170525397595426 45.94339502338393
88.3227053294372 40.648823292493304
20.742599355389775 237.3316915260058
24.925183739301776 175.64064803343604
112.04484952799665 15.933377753155591
97.24983855471345 48.5657393684347
15.747197211658627 81.04945162881266
112.94476396462838 180.81971754677096
231.98378545152173 178.58417532007087
230.23634397688565 126.56369370913734
179.19173935919844 236.8019998072295
117.48427014463746 6.770708117159269
52.05757436437564 141.97988074287454
112.1254845327978 186.5769506210407
142.43683707842902 150.71553005650588
99.20765816323309 58.149718065482745
210.55838271603793 1.729896487651511
9.09417140591734 93.81317158527328
142.96841735658325 130.42531153368824
23.19457100838804 95.67841749069092
3.4844275552458894 70.3451171032046
89.22185581084798 218.71075297965868
206.63210506642756 231.259195308069
178.32952725663847 11.021817818262836
31.59445085008447 85.91449445964808
194.1243132792626 55.285721703975334
207.8965230051422 164.82106564557205
53.13548359050793 143.10061708297937
238.91794930247545 238.8046535132138
10.735073967490266 110.54933488808896
248.18195278306737 249.56163324728203
161.25263776865754 83.71833723400715
47.20895710638792 80.82479581503607
151.90768960078086 104.76467764813563
97.13116301712219 37.09759203886542
240.002048858667 61.37093109869199
247.1756653131451 208.2016744622168
167.68343064016804 71.62992244038244
181.29383055362095 213.191899919734
10.098273284783188 2.158294277337325
108.05352857314668 236.31358919792828
184.45465862518327 25.268051610266212
81.31738852973899 235.30870169134369
143.4123779495862 245.077990597597
208.46659797373673 180.10444475146184
53.3145865755334 35.71703663271919
107.7756020673604 221.97848592332522
210.58126534082984 229.732900668668
88.52288560134905 75.67744414239408
78.88112356716873 89.38101109773619
168.2256068691585 110.07553817150072
190.67727975714544 231.83235054009594
79.77165714770715 99.99484946285297
32.25004236809889 171.20108722175146
37.199468114071706 111.05681274104751
146.70982315430604 40.90555412923255
175.5151681751135 187.03762007948566
104.67253312612101 211.806555511979
223.54316027433393 191.87803354923798
130.79862812393657 51.84605737728179
227.77303013780028 203.54834171690933
0.8379153006658202 82.56327610740033
63.09513173741474 145.3692087016381
233.99209078538738 113.05707573300874
90.11634273078717 216.08342958296532
211.14880486717755 200.2404391982383
194.2340741531794 68.83820347298675
92.86188694078123 198.02768139606255
188.66029260827668 166.41564862507744
5.786365970235852 213.82004781200882
164.7631386937203 125.81717980753288
25.532145114753714 114.10032410910748
8.600105672961488 197.14520432109137
200.5373669870302 22.017552729393653
172.16235170687764 143.02806242757777
15.751661288965934 77.34367980153667
57.15430752447992 136.8289444195002
114.51918177936166 59.69099194728136
232.7525935542954 224.23225092957642
26.014103321591183 168.1468417634181
97.23325446806486 51.174591017181775
169.1561901124429 140.68929112441708
181.96193569507253 24.140528970288287
131.5129471996328 143.04018297114933
8.471761994908123 128.70818944109115
32.144286736147635 179.65953807517508
71.5667778084785 15.120473694062554
216.93907845014894 93.24977784484415
187.2472170327392 54.69942579276504
185.6115850103232 57.40690048005581
141.27959388335623 157.60121601101685
154.19780590429195 160.6502233622194
242.66219916574198 94.7638215862866
81.68067361149181 216.28217335083878
197.03523066479244 69.0845746410979
112.34229929917097 115.28402745724006
188.35747914734438 175.61353042549473
20.986504062840055 131.5243200726978
78.03198177087533 133.5105316549074
103.52281417028847 67.52329905788798
61.20965504857217 63.93451471741612
133.79949963003614 74.20815361523452
162.19688546585914 174.47829575517886
184.39611670717161 212.267157698556
85.56936143408245 178.34400654568987
210.66691144249248 10.430878254804766
244.72794298994782 192.4689686370391
112.31666549657652 240.89844047970425
83.60318310266993 166.48212450186432
139.240806641957 100.40022797807241
37.40328513156702 243.0820485218578
112.61255015527425 224.56469250889506
125.33368315508403 183.55382538713806
56.200655742986825 8.390674469641285
66.80134837273327 94.37694014798848
208.74949126647743 45.1592917242146
120.3048482121668 26.34335331488477
103.01936259316494 65.45083483823555
141.56084086293276 7.231795568825195
182.0518095023168 138.09134696485148
57.26051491858333 7.301265309421434
200.54601737286143 238.8027264950479
229.74114342689242 112.08152568443427
190.8435768450019 165.00940471942812
56.372320592626394 215.0915654058053
231.8934158774797 225.45085986415677
234.5556237804792 128.64279254657788
201.90522967399647 177.52684724799224
1.9354852424341706 240.94850424892778
9.869689809051119 247.3365249766521
19.469658094412146 110.30044561571026
140.93093540137784 123.07621565834062
5.128410341391499 68.90601895440807
176.68461000878665 104.27983776420646
45.2791887382194 225.6049454507567
199.83087689496946 62.64580471947861
52.49106880920229 70.97153186364552
132.49458375827058 5.651604486388074
223.3967345030075 159.05446056793187
115.63223560165548 68.77514678423918
27.197525101930104 225.8970499593682
165.28280980266328 172.7804940274625
215.18905850723223 82.95778339602091
204.05478415777313 141.46135342131933
92.25303742763502 49.43655051260684
52.72529879469337 23.17879402677592
190.14006071349863 12.825067480271318
101.38098061356779 27.415531760952906
223.66829364197497 172.89985353262875
56.24606252424852 177.42590423665726
211.90206667783823 127.10719191947193
63.02538546290914 197.81208131659133
190.8697063972737 166.72333051060602
172.95576434069332 236.2409883389297
113.87040484005689 158.5179444633325
213.0756468677003 198.32384659786484
89.35518804769896 33.72200052735425
15.310866343182127 160.5613160079952
81.80208771514866 75.53532860836087
7.369138593366353 180.56196073795317
6.569213393471357 91.47836429911102
33.45930082336998 68.13153678795939
81.11191890729982 234.01724033109002
173.30868942573704 197.41603869066856
41.57624496455145 177.1156165901063
178.55606508386686 211.2904280588369
183.45767416136752 186.37119988124272
39.513128881472845 167.96652856857057
55.94442487286641 79.23638354729445
4.58149484200554 1.3793961516207764
87.59963808588556 223.2583349708874
165.26265586947656 197.9597090408731
71.08183335517145 197.90184117861844
220.8876852642509 153.6210044233976
30.202778951297166 142.80336885333264
249.40022918370698 68.86978667947515
77.47352728274787 151.0772511743875
52.50871516219902 104.0158535240385
35.33055991373135 72.22952695593071
82.99009614009681 172.19823390141516
177.02529882813974 138.39128276251094
78.39395129293698 218.95485750053396
230.45804520621826 122.49708046713359
211.93724501169663 9.735950240105346
146.5406505031828 198.93939263169037
137.16723992246213 27.1114136913444
19.03223026478107 43.34610473456929
5.426546201015375 135.6337586260537
2.2002863693315886 240.0628574838593
143.61656217334172 54.41542172155309
77.31106683450453 70.12155203719644
192.97569261113955 21.785539534705606
246.9596847684127 0.45071793797127335
186.25675860311424 126.94902802535194
120.47403136802807 4.427233521285157
150.56883617256932 179.72780858327445
211.54273254700595 195.79589590684745
185.1032055021203 104.845989034414
119.60831938088457 225.92521755282115
2.860116177641092 6.854896508911745
37.96973788473543 217.2783716564212
12.597713501084462 83.87222386805627
161.872281423518 177.44911933453506
165.2011031452162 40.75797558066102
169.69629375038798 74.99140104155336
140.09667829316226 63.00902644538675
16.997803728411863 7.0219197590840885
102.88745519518514 52.915316194918574
241.85520924570838 119.81999810124358
38.47941689890402 43.72547063155777
127.11567384519023 157.46866372821844
202.4387056386795 172.71482143447824
147.41243724237788 144.3300004447106
12.52518514412701 248.186452561918
161.92780503561306 103.88414977123814
106.00291907942389 95.59430121829998
117.02110696622867 79.30171820597653
14.007505803247444 135.32864130905958
23.887153855018827 26.611958410589722
68.60628159209215 60.195018316231334
179.18863459824266 126.90730203454146
93.60815795710703 70.04619067916343
81.02745428080202 12.872476434165725
165.2808754190713 171.26683710601318
100.06123004584181 189.60726973804242
63.81683483972572 228.90899910179692
40.890204357407114 49.015849050602576
0.5653945744478195 53.32583065593663
180.9178540190791 52.39467949259874
142.47620709253897 126.22589382259325
37.100266843994284 64.43067807984373
227.99049094692617 129.12214790899503
245.2966437929813 120.55785149801216
205.16892236859803 175.27941710038357
11.644867611087296 67.96921144441758
81.12769824304591 180.72805012987374
75.53180101996814 82.15522245212905
155.83389458195356 205.88858754965673
45.143126998499206 230.9978782278094
148.46494255081416 73.33157442660765
51.0377551011083 110.1538143914258
53.644831998294784 172.52405191556866
64.54083209608547 178.70287987405965
173.54982679009507 77.2024823702293
57.92002894092224 226.63033613856584
39.464380072744525 108.25382830784605
235.38349953132416 20.106423940508627
98.68053238769315 22.758080362896532
223.5991491892691 180.85928712061767
231.39806137124958 134.4972499063114
40.94018174424691 5.157357546753671
128.2763110942065 201.0209675672221
110.77667954077788 162.66117486207844
159.98847252218272 202.17303180716019
186.8270813978713 63.475174966920676
94.57482015978316 130.36101494941957
198.9151008208869 236.30165458814082
156.91029074167614 194.95345183391416
4.612155670553536 235.61940043578852
199.30433108772857 102.06601563497233
203.3218941839251 193.70671364291374
126.98376902243508 134.4259648796097
113.89966296100287 77.84684756402879
214.32035364437942 22.049267187518566
86.30943575086222 27.899931126088877
199.69491913909158 139.7727257163328
61.375205663161374 222.47794654743095
174.2710147023034 39.93541827462357
101.42140481184394 3.2876632651364925
132.78787887373224 202.68919022596202
132.98016465184358 195.94924318441244
198.13870549401182 106.52944237200668
147.9293347124932 30.825051355505757
107.78031935848267 242.74272238268145
248.6997212020626 203.36522669328485
225.9208092811653 122.67119789234732
226.9668614875257 23.193934062590294
27.07746531230648 173.12183320531773
210.39723005899685 216.73968240554694
166.17526075554898 153.27663143099468
131.45080695098252 195.2925819011468
62.95732808213597 215.60231794942013
214.6925152332084 23.102782940252865
192.09686993442065 74.92912209093713
184.32306564786123 201.44987783841887
45.406332125847634 223.74629953366198
76.70812720314113 41.628800236322206
47.26452032211675 135.6406823121468
104.14413333614766 44.26625414241933
103.84792054351824 192.64163987926452
56.02192357110325 9.01527177390607
202.9972101755802 208.71881996071306
169.1473177486335 52.285081605735556
183.33172981049842 167.5630603566274
111.16644652639442 67.8101567137857
71.463086593395 136.51764760796385
227.79280023506965 28.568865645741433
207.368839732651 72.5628391587185
157.5133397186633 35.6842984643442
18.693342533040003 76.15897478329033
99.39173886539001 115.00997973476176
101.83703938096606 76.14139446165622
139.21829551668628 41.96752467742157
189.06779263376905 74.4883406885939
141.63655167285424 214.55164499517343
116.03496664256835 14.976998701250299
156.92356691179577 226.14685404712796
205.19640611932837 234.93396792266034
184.9865562707427 78.39209385067974
126.11416509212758 5.211451574427178
133.44919748798802 38.819557303259366
206.7776306291794 194.82134771564233
15.910051488528671 11.983446349330713
39.804721749926856 20.820607881742585
206.69917778923949 13.71148676364417
189.74766306423285 34.52935470826549
133.38381832650413 182.45315602511707
187.90961936544716 12.72400197070031
99.89147808179494 112.22931901018565
190.94915400812755 197.84072938314512
205.830674420717 230.10251029942756
246.99911295493578 6.012778842295729
10.02511570830783 2.1282942932397964
112.25227345479466 234.29276451274285
229.46988795151645 95.82781564871759
67.84241617040857 34.694852166709865
44.784754882083746 71.3187216393886
91.924285746593 199.30669896739602
91.31585195610029 181.30100922326878
10.932808120222237 236.07308075278306
26.197928517539324 181.69232272949972
131.16850157125893 216.8826416662301
208.41968325486013 126.84650865045349
54.93791740640047 189.34026476151718
190.81446202918002 248.12355361485945
30.437158183894862 71.2783180528757
26.34068921518576 74.87957953433727
75.10892271743175 69.67661903354599
128.7947153717845 223.91500258538636
193.3516869105658 101.8831157051131
28.763707046498027 208.1905024693855
18.42115208377751 78.2542499295123
69.2621549577227 162.11246042299962
123.00540313246802 215.0214943978658
94.91317022290632 190.06391589036136
155.22362505930874 71.89959456801844
39.18454271411104 127.66308664074852
182.37258399106975 218.32850996003697
157.0868267481872 101.94693017930956
19.23589074105145 94.52210327646948
109.22315622250034 119.42387780346816
148.89332031140188 85.33455533469694
146.949730109082 11.021053126476248
147.2590593409738 169.9099491774396
189.9210169384826 219.47718304747517
166.4528911124247 147.65830593200624
237.5845780848568 9.7537844733456
139.42527454431084 226.67646063792392
143.42047759645664 227.4885219283688
30.248733779130234 77.7809253708314
127.84850305566431 134.3134393994329
185.76444818240475 68.9636959557694
73.12583595545175 199.9825822425306
175.73503846020668 152.8917012556639
61.333012787727654 178.99884273224743
233.05582361127185 22.792549516420348
228.64549097598643 149.97472950223468
119.905088554364 221.3614563172484
213.0399844496202 187.82117052685547
89.18646789254728 91.87885699427808
241.89527167313585 193.2838518573695
43.75100113597041 175.64794253374717
81.79212359506582 34.50070395170213
68.13012337804783 24.80424746508986
28.81778861907097 226.05846154894877
39.64977897808578 221.14854477077083
114.87055574632043 151.26761773008081
33.08953960119107 83.48840213090305
233.73972153530366 29.85684866965599
32.18221230976137 9.2003712394296
85.86846728215075 212.9100751391463
245.20247230799356 125.79903457252468
78.01785664523992 83.38191218082483
14.671857585366682 53.10153853591201
54.94543556197645 197.523996921206
205.3278962974245 212.2770951395707
245.22020490239882 130.38707943390875
153.06218597414178 186.0962006619169
101.6838599070819 186.09327702226363
144.86174668770852 53.69536471390876
102.575278797439 137.94004690004755
49.64417521075728 174.43521332290572
38.42647854959089 138.5651390640636
231.4078587396457 136.49635926283338
19.228297550291344 29.26208152302401
153.2755520957926 146.6308948663052
188.11989931593445 183.99297724993855
66.73029061925828 33.410147463138195
223.72761585755487 152.5890752009077
189.2165332263693 100.99461680714735
123.11016068770375 79.30940883349008
181.93473178598262 163.77814545461933
2.357732172905025 38.19290326988328
128.60206797086926 237.14576458337905
64.78557067725902 233.79833743909373
209.82920096146438 162.6376450364073
44.18760903147556 99.6928424766331
11.528206315821132 206.37884102781118
195.2458837575712 140.75709752948222
134.2229442686911 186.45699349797448
60.52928540107441 221.48691672002525
160.1521548528899 231.54822775184192
242.0801449552503 243.47613887077586
53.56502428718218 219.96661816622708
52.006852074733544 196.97680734056067
89.95241329194612 157.0094541475468
158.4436506411328 21.084274254354522
81.7561404333594 216.840579366762
179.0026467165394 187.2919991096037
138.0272563491545 114.46051078641983
7.501992754035958 207.3248371859875
104.23937672298663 210.59855949347437
224.15280256987134 36.66127884648881
128.52154767837985 53.28979141338613
231.21928135173147 211.74328129020554
17.709486518246166 68.35362003843409
35.69854131994943 50.218777419163615
66.5428876884411 171.3276697121038
14.288799395336282 97.82786995855483
110.77530222561508 237.46996670784773
135.62267109647672 241.1790744490248
112.2283731312137 11.686208869830711
113.44288951697273 175.24140887556445
162.61050092815438 215.77907470644385
222.81015642458328 155.4342915626285
46.76466113432073 91.43827166026419
153.91242833349202 125.44279011458109
8.156440612075016 201.56651546471895
183.25064823442105 84.41787554029234
7.361750947302125 81.36236585230839
111.59208467206766 146.60890421476046
97.60667346732568 63.223077443279095
144.95987120891314 173.61140903866928
134.74385637831884 104.39948781602884
18.229249312156526 107.22677864654462
129.13553691904826 99.99427313490811
132.27409456912363 75.42861029970143
150.18486141546975 54.826812084475264
190.0239252909472 44.44579685830868
243.70415955458688 73.7066362071114
81.83377816211087 42.08331150294159

8.6 17.2 36.0 72.1
17.2 34.4 72.1 144.1
25.8 51.6 108.1 216.2
34.4 68.8 144.1 288.2
51.6 103.2 216.2 432.4
68.8 137.6 288.2 576.5
77.4 154.9 324.3 648.5
86.0 172.1 360.3 720.6
103.2 206.5 432.4 864.7
114.7 229.4 480.4 960.8
129.0 258.1 540.4 1080.9
143.4 286.8 600.5 1201.0

2 5 8 11
5 8 11 14
7 10 13 16
10 13 16 19
14 17 20 23
18 21 24 27
19 22 25 28
20 23 26 29
25 19 31 34
27 30 33 36
30 33 36 39
32 35 38 41

