1024 3.0 0.0 1000.0 3 3 160 240 100

55.09449342553177 234.20432512102946
235.52770350943345 205.4825200441102
27.785322783185602 83.34264343066027
208.7339366383333 107.9196297471223
180.0106137018367 11.308755543327969
65.49328757859968 223.81634525832794
0.009856993463119856 45.610767663446545
47.168474715578306 248.0845780185507
21.596664825774326 70.35214490225938
218.13221542293314 154.89109225284878
169.91034629569913 117.59073089452501
142.0198063144391 55.619341401647624
192.0235740727947 247.76441437592936
18.55189369087551 71.25382578731835
2.0772521111190043 210.05444987096726
174.40647730097962 24.51406691516564
0.4068849055276491 78.86829928275516
138.9369541631747 223.13364983704346
200.78915447005951 131.2768312175285
18.876251515557442 23.578092648661258
218.14843759070467 5.894203205474541
114.43917981218532 184.20961553738056
232.47974940250933 13.186843728899472
65.32909028253067 133.72056310197362
127.58604088150436 62.66280055676063
25.462336407106932 185.50450578287456
215.584276944899 168.26494977189793
145.8416123087288 30.58027122359644
112.66086394676813 67.38305697801253
108.08861283802312 46.29714656434056
166.26066668726145 214.8570235624198
248.40664725257767 104.096744032145
68.0370490990915 234.21042303641428
116.57170656672847 185.38382911249542
178.6117036314979 45.36870504274215
167.25494978144857 200.16802138208993
149.3120993324563 51.74397496966751
107.33581844525955 46.0026960850565
148.9667330825423 158.50537235673247
140.8871095034459 31.53433757289245
50.29255716348538 111.79465160367965
189.61221762384264 87.09054857218248
24.882232238124303 219.92284374490987
163.5681359259696 236.8722700511411
240.429304726871 118.62064146863361
86.28911646990659 10.82635265309484
183.38038089170573 85.65063289604663
31.97502800960747 175.72677856541958
150.47039766294688 228.84640611975848
173.1336109581597 159.55097877017323
132.94522176919298 94.19859187863752
113.45729621359246 169.72288449144705
166.9154628177269 237.5637664841666
207.4892319363903 153.4696645736792
141.07419054688927 136.96355628265908
70.74980993726643 190.45787402494017
168.22409337269312 183.92195670621604
216.91234200542507 164.88846760803878
180.12838062021376 103.12838627580184
236.81939090796374 155.26119729810054
93.36271653827899 165.66212186171535
215.92074080260892 49.904442952614396
145.32786440812706 28.462375311340075
2.7781520885084565 196.74843118484605
29.12277425042062 222.42027576495892
191.7352469674107 27.25116515793122
123.14699837777634 33.053645967840325
44.12854767237553 226.62256285228418
2.3127350357381173 178.2393666189023
162.41669155943165 211.70415695261903
226.4642429431398 247.1706495701897
182.28573246902812 98.31763721904424
226.39160465781822 79.50840037731308
77.9311281698614 109.1810370099191
13.076674508174847 5.967518055588705
114.36545028697789 59.67553698715258
103.30440316516298 234.8773826659705
234.71157338534144 131.42325470341564
130.77496499637212 55.016379189146924
62.59445566309466 85.42626745077264
58.95516231916761 85.76498031661814
95.2605282405819 15.31651972949799
196.83456692593705 135.4126993804494
23.14684843028192 200.1397377588052
156.52425824154952 117.02807603028157
178.29069540011943 213.41517663030305
98.06696074630567 35.65364636456722
71.3357296971476 105.18917623580847
226.35286739985898 40.93016673051233
245.70220138057965 235.3293664664365
12.6742398378564 5.769963550892071
19.869579821706314 110.18878483906033
42.26868411722498 12.67401385339581
188.34653346065178 215.6454849562774
206.4318123709371 15.694668752845226
178.55828007842393 199.97282376264533
92.64573538512857 39.622591781836384
229.46986382775046 107.94612230384587
9.913200712049125 64.71568679582614
141.79810541698032 226.45172283754113
218.24106168044483 144.47734507869862
95.83914775231686 24.308835393743344
28.371115387814864 68.1339062800133
9.47203537980984 66.35990088352342
197.9997292269844 233.22283446120653
176.77630472578176 161.02858353427416
72.64548320457607 242.38820646738137
218.1141181380593 106.74583709885455
128.53931907318187 59.8300212005238
173.12782005747962 98.10307013477953
166.24711560056443 85.53689313137322
11.413149265320637 87.08831135642814
121.37611602423613 157.43380456183655
226.84111454016738 118.94243169032298
202.9607404895346 44.888663010993504
109.84973271485632 112.75559640321178
67.17270535563391 71.8404739483974
220.36059044949133 156.43753411700942
217.32388679304373 59.376019911562715
43.61990655079229 213.95328545911494
166.3493770998729 123.03651940584773
23.67337673326983 128.61589321779596
204.28597366914843 112.47521078063222
66.71319683055526 158.3002030603738
140.8602612435514 38.39935995438187
217.41845144740293 201.63517025086344
69.54646760234264 34.54933486415154
107.62111100661804 34.601481044033434
236.554910435489 64.39849759905289
113.41550228641306 2.7425856018407915
139.8186317726277 193.37998373346926
114.61669634821733 143.4174332146873
50.84467120416794 13.0798192648226
71.80294948641136 47.495775654765396
45.0708402797006 117.24220822286938
116.7336289087757 217.79051828212704
204.3822046850863 52.23692015891024
84.1000754694077 152.84314907857706
96.65081073808057 160.92807215424085
33.25976686338272 37.58598069360183
221.3611810377621 91.97485826791937
25.48406635180814 60.08870484443468
56.233440004129776 50.516761104759055
185.05000457680796 84.51788850591923
58.32866407533135 84.05672898185459
224.6542718585213 230.3404891823477
72.08681327310737 186.1647071758527
50.82888845045788 160.1059723776644
240.71746553580172 64.517225212397
231.4966851360771 75.70865240985484
196.28516919074238 209.10405197484323
171.48933147940198 136.05634910978952
195.91448267013803 108.17136962580118
187.8873692965619 91.32961996813866
31.32962692051389 243.91886609285245
143.45114123794713 226.0887075128431
93.76273518094982 6.305046066292425
92.33812855645215 99.35360142147215
79.28637948991016 178.70340667870718
178.1775448402973 225.73968919561312
93.9999034583745 29.10401148247832
15.87842366952144 3.9195788367026028
87.7555187354609 141.9682028618655
169.16233050537295 184.30223700781616
77.16151297581037 238.6039959650749
128.3640329642638 81.14621761356364
240.73445666213343 115.26284254758193
48.93260753943851 249.0253123418311
31.815765837789584 186.53284191146452
166.22266627235047 122.89920218165115
19.60742640815799 246.17986695512104
238.3174041982949 200.54863048800485
210.21658127318562 235.96133906910543
12.12167268640066 186.92968748845735
13.155115236896414 5.752575894092643
74.75929939091375 189.52455166195193
205.95305623738204 198.578632967841
153.73151295761423 131.16223125778515
33.30967411604194 220.42693215495632
179.70621993862417 87.37898932266089
102.9270676166861 230.73031418892342
91.19794186276344 52.02637780102659
27.449128605713053 185.5962988467658
108.21965695650829 72.96716507628386
200.36387925942563 208.62981500880997
2.1757024625717603 105.09667846234902
223.85388459410956 185.30130286166855
227.4703558381797 170.96915814970322
124.47613391492199 181.54940611966157
132.34415292073953 193.33869930645406
239.07236801732583 1.5746075021607908
15.826613765431457 105.98670818735425
51.829988590101266 24.930118011735473
162.45380755124484 29.119167226698245
101.49029981470328 47.660926396471375
160.13857989317023 118.60358615309993
48.32316247941992 178.31886027519985
210.04555620475728 185.99656655906807
53.49235053873963 197.7674325260671
65.73993421909024 3.2309230667290634
195.7182085385231 39.62141745845527
109.02756827785318 175.2957412602179
80.84167344801182 225.13399253345307
142.20058657679996 107.40325553610487
192.81376681868363 130.3737050570305
53.16784125697998 39.77775988313148
232.17680982646831 45.7891407470854
209.2488342645747 81.49211728389902
13.77529486825077 229.57161124183827
59.37898656907145 235.00095906578034
229.25322543980548 28.893309899036378
190.2337453597454 193.17862197084094
96.35091097490512 249.87939670873268
232.31727982806584 138.4408248786748
207.1731654103979 175.64846644752905
183.33475993891184 184.33177468196942
140.14723627798534 21.10402302895417
162.4896304192266 167.23574503534428
28.10016052083686 65.4399051335979
102.9489836273332 29.86106313976289
231.55537368021416 76.13562587047699
193.81866108765396 72.2034052561355
77.30629318846275 195.92508830355837
28.015975804113275 29.85832263603094
222.26929981326757 166.28240484988456
77.40587289726119 124.38173878767824
82.61988124682199 216.94444240800735
138.2328484179239 6.7380383093434135
242.88299278146906 228.46324171955942
67.70714777200013 34.48789999649915
210.71862959687417 126.78988702224176
112.94482032399745 56.23429637367275
145.22285065943973 177.153847870777
240.4488485196756 154.852205631538
78.02560181572014 224.25947706690044
122.05876256816805 241.47109872779785
155.07107034110132 138.8060166484149
103.9133739670328 236.1767548360164
96.06249086110135 135.91877826445392
214.91715702839812 184.50338575495564
179.4164901571028 148.10553856565295
243.42265805502964 188.2278410406232
187.14501159471442 68.06034237744427
161.2855887070682 138.90111554982573
81.31246693107838 96.1803750331447
28.895782460466897 38.95363019012304
130.877646687493 82.04284747253837
240.6878988748626 207.64390999421983
9.23822874155858 94.36656275782587
135.46225711581076 134.34791565142748
37.51695019574447 234.59578262681163
119.07269144029478 236.45409691780702
69.49534434451351 2.56399154160139
29.989081286825424 20.962565000997664
17.86069758819528 241.8148817010614
23.347497079438174 172.51009360211597
120.956709025155 103.92071335273192
149.53470647711893 1.1968388483565018
72.42509246133174 117.18558809668447
144.94598869044697 203.92820789838555
35.522678140356064 217.12797010837812
116.60155396819904 108.71504038794461
33.63044617890162 2.074166523419796
61.54104579575462 15.186210874983619
0.1828207584783359 149.81553394285308
112.24799418512868 25.763369171460937
117.35852295122001 8.158561610963066
175.3225087699617 5.509853301428336
42.53753367725974 208.00227417967497
109.54899457905398 149.06680072363613
33.82943429749835 200.91807927692562
56.92265396338053 248.68114414552764
24.629944947445026 15.296376668888584
207.62126458917183 42.8295382939318
213.1140451783755 56.724053392485956
102.48872657457412 150.80911229570123
129.96540205761235 160.16343631785827
159.68182225368312 117.39261269244328
45.034528642756726 61.38821961796592
135.7422325769386 52.180586434682155
119.2625642347099 150.051342612109
128.6579976207665 220.2448951318183
112.19422334108286 63.614680478978336
112.89074747535035 46.97803584413654
4.703177331446401 183.0860381546814
201.97732641371792 193.0488748687168
218.41131312700492 195.4747900678859
157.587675418281 239.71774512594416
220.95847168888056 130.88890569420033
89.53311957185872 198.6864226613967
71.29357560797669 140.69267425078675
132.370327773371 14.568486943185327
2.8795243843837692 51.025917272530144
105.6563503510911 44.19635811045536
226.74722501776552 10.111248321080346
53.99291838869258 208.4397029555823
96.13689164509422 103.17483998631042
131.40650989358787 195.16514560142483
120.67091483338235 215.68321025095213
163.88490735768596 174.6288668438045
1.9989737329891843 66.37967157514197
106.28783206470347 166.92877274716068
107.08568113465664 204.71104946306585
44.634630607993415 246.20115444889134
125.64063871662931 197.48330914835654
121.29305185017508 7.205352999992643
97.40257145492178 235.35931468952177
123.15022035879072 4.365132094650309
229.597168544086 132.1487023697023
126.52084362282856 38.39005850357732
187.09495409891312 93.48410289843359
90.94839762911583 135.85579680004605
243.8684557809761 210.37962852937034
59.60481338293056 181.5836225020811
95.00167485295083 173.89713562077216
220.37583373992575 190.71771994338454
113.27325013343689 6.609794912569717
200.86608200020947 59.15471893042123
136.27326827505246 121.8186817170947
132.7107068742191 142.9017216458381
153.3346677361162 35.45622280021429
222.67250413888027 163.8641024883152
77.43344101973992 201.87327020303914
107.65897551120108 79.20957276541327
247.4480047380328 23.149337289070093
147.6519841995584 59.17381326853782
5.84043995186928 127.20658220522316
194.19688954788768 173.80163095357935
222.38644866873776 43.76311233301291
49.91921052136675 16.304291946959314
208.71678123453106 207.76838500860626
233.14385168675543 130.69685561106814
19.259054891881703 96.31811136692455
166.37994417010626 41.328955624594236
172.93337137716628 171.2808706264538
141.334807870638 176.88584996004136
247.44889246522752 151.72604508354746
127.42065809207823 195.86436763203994
43.78909610052936 194.61278365164097
153.09674099204585 96.02898184530234
248.17265256411656 136.26252357477367
117.3184691891222 13.967035858553745
46.52168493058037 249.44060425325387
55.73787523747634 131.30525788102517
90.18249479773225 180.16064456863006
242.39289574899038 143.94706544833275
114.16698572528792 146.1117609539622
112.97590821790907 208.67442053804223
195.1944255783706 186.37072460354224
129.70589577767905 76.8301291415725
65.59052464835821 189.10799292492206
159.60714945263854 19.14375935505641
176.1759004470682 143.79514884540973
35.8090521950174 239.1078015873578
97.10786891938153 53.17720497217277
229.12559080882653 175.46803552292468
159.81397775049808 168.88060554322004
126.87985938490817 15.299921773971214
158.78144507021594 81.03868817924048
117.27986595807657 94.70666306646561
169.83066914595875 244.28703426405622
172.98361938818314 55.03990843146531
177.5597311853095 160.2426113648842
227.1822484957963 47.12286114253203
241.9307415353373 238.22027812301553
136.69469603881694 135.51225771713086
95.69869183899077 40.1756212348621
116.4034232450338 181.46607825962138
108.74534715110445 97.62235011886797
201.56871022317293 199.44585371444072
227.74725262590397 67.08682437434548
96.65978312284274 185.66462062874876
97.2577833748828 166.12273115920993
172.73877628589247 5.565411134863362
92.84760852904644 10.46857967630263
231.20955362941743 89.6064573868442
88.2886969172138 213.62849056700378
89.65761576180172 121.24507008281915
121.70879783888375 151.71377111788848
189.1495039311883 36.819652712215465
77.49155371844171 184.9730987069193
9.290955262260786 123.67914697737878
32.937805689502746 200.4822142443075
137.55765710808663 51.07164864374836
230.68681973157842 24.26763905413834
152.49138893834802 189.59057488111014
229.01953436498607 221.7143453371084
234.6306634996884 186.0442903238673
118.89685966555066 181.26387730920186
86.48462299718828 92.1280551389396
196.76238995377227 169.14793252572514
237.48489048694083 140.16000304414524
95.91568717704536 124.78349664432345
25.08733815568226 141.51296205609245
1.233812757486047 114.77290299399456
99.8259949065535 204.4404477784601
144.4728379715208 126.76899420108464
9.818527838922314 128.9831076717476
215.50019221031613 2.24118096308254
118.40189611713883 193.34938422986875
200.31704289347584 119.2272024224828
77.91552559351398 5.8861587562786255
101.51694015404514 33.57168385343082
111.7593449977065 218.10050652705684
216.71208154925216 245.62886406162545
59.6514545244938 206.21829136298126
82.59058771977482 157.70850094957362
6.310800908744863 209.45472019264827
13.143070446505645 120.25149058858479
220.42903239285073 219.18318499337266
174.49081952412408 78.7817273300572
159.21521444250274 1.8173783530889276
49.0807092832714 168.62141740594987
182.0191124847777 4.866364826962455
225.96456719764706 139.6453665894016
174.21164127680325 76.52251932976014
205.18466702029332 166.71944884260844
94.40058738716131 160.06308646331516
147.2601671173989 237.05184837037635
118.84423669303348 107.39690603793287
86.12377280166339 70.7239683968781
225.38263109899057 248.63034134790016
247.23710125162057 199.07167458696892
15.486907216403834 159.10719941238327
221.49108915943899 0.3521365791578912
235.9857019713121 248.15541508396615
10.686725901711686 109.50621050544623
68.52490298190517 193.46637764897775
206.0004642254179 43.05637079686439
166.62903625455687 104.78970724964928
105.94544123719524 108.77821555762279
238.9848469113066 134.7572475484232
135.30100388239143 236.274789116336
154.20691401076633 0.7276424523891545
142.73794587283084 168.71226089342463
241.0460168935653 57.30077797086072
247.19222212192605 189.24034012975994
62.865284835071286 21.65620005077043
20.516354727749373 127.15260993274639
53.17427219431165 100.27622491168947
146.40536379502814 37.80818369532712
112.18605879379787 63.461156190695505
209.41591496619984 5.784153803885472
70.81635467031239 61.3217568570954
68.9694050113332 24.93679342222982
95.20061173013785 165.0415097731456
55.62650262352989 92.16639678851644
37.78556803063207 187.66466603433145
120.48357609269816 187.0582079920226
223.3603423819603 202.30662205172143
225.4590039618256 212.07838276272722
154.89687105174184 46.42791265974261
209.32191674637946 56.132293566145606
164.80072423829077 79.10075274927641
46.818031369884466 119.0583364179669
45.26777087505379 83.95537890088029
5.244155153040802 1.4373393625825015
150.9716187782375 68.87864836075828
26.40084856268135 103.12214964662093
179.40368816792613 96.74803019166126
235.19370983235234 175.84351890717863
6.6409585160219775 100.96786355102653
151.4389059856961 223.78279296201666
165.0774916094312 35.04254764311707
206.76051512146472 31.452655165757097
46.41607707939313 1.2095288131503956
182.59390709279177 167.94238005013463
196.47580739223744 111.95549269665278
7.00578260402987 74.75442753685846
85.0740018981567 242.43972794668827
194.45442847693369 189.1270822580536
16.97810255252949 188.15421126960456
143.15898233997035 203.10518192571257
150.07633876689738 100.73086151409599
198.093194180433 153.18662951373432
143.27447175660583 73.45090617530856
59.340566703615785 208.82754544351116
91.76744574687496 178.78067810410906
166.62736028503159 128.163961517855
247.45293781831592 190.4966359449672
199.03189284434632 60.318994638181216
110.43217897027039 15.806306994224501
146.2718465714415 122.95774603388459
27.491052775438423 108.24032294742905
3.991467902212553 129.57890599143138
39.299178470416166 71.44654115134166
149.8560551186732 233.31628689799095
188.48067294610115 208.46552370464883
131.03835425980478 183.34893230230455
16.08537129948867 4.133827816099888
219.00652852995336 211.78216474200588
243.35215748197396 79.39262859179044
48.42106207705438 140.20052909421472
49.81472540408735 70.70322082805627
222.3065326711613 164.68771331810595
68.48181730434521 24.96478025579568
98.18995926567712 220.76706007968463
236.2438550452232 104.84493576981086
249.33481430689645 68.19361840066301
81.01350451824122 36.07706053667278
48.88990667369747 160.57931055460693
137.9935276158314 141.10869813497663
20.492581189972604 175.59941311431012
200.89383016746186 202.45806818437765
168.75908212918478 209.32552238090543
33.280079214489945 43.706554661868346
222.538116455674 33.90589021739379
103.73385665392077 120.7822007633127
93.38718672441668 201.51993781175028
158.6999047156628 69.33809462861906
156.84629233480925 129.99095329645922
0.7711830755038618 199.8299880285393
74.47566952482451 132.66592189732518
40.239162284850664 93.86680132314376
117.01022447606549 30.26179976707691
72.7925828623782 221.17450666964245
57.415159890066846 243.78469612145463
20.402961776281508 203.25145074005576
129.36369237596074 56.155635014668555
215.25701615732933 179.6710239458857
62.19061532048975 153.02512081183568
140.42303621929798 226.46542508167042
155.74429354782518 103.43645444977747
233.03062288526485 216.20733687989855
133.39530828482134 67.70932613506572
116.34667762260185 126.86648119328729
182.94257467715198 201.13677120305792
13.171319031761664 226.6529554035912
30.554371829220134 61.26432568531126
81.10089210912632 3.991332194041436
7.746729798122298 146.4507786883686
111.0327750928984 45.01707662405577
105.87170131828591 143.1520152939487
194.88183441589223 37.076234473031015
124.86411786544824 141.61733599832343
32.30531184064891 45.15670173118186
57.43820381154377 1.227006219437693
14.467207629465657 146.89177001460445
151.74444547758728 3.9855587744766496
34.48039372424158 83.3848155730243
158.03583288241714 28.356963541716684
147.48773115603814 78.20814528413447
248.71963584409255 69.92866955003207
238.22176659870667 231.48178936488696
127.81619823182267 53.55211830454628
207.54878969389628 4.498291437719265
154.32045557168934 74.49808577290526
200.42659557811302 247.5582364796162
213.66443761641975 158.50998297867
31.41389580291662 49.466967424506066
37.688061334179565 99.98252551460071
56.83036347291126 132.2702926487079
148.89420936201188 121.91463798498178
173.002261499087 202.11856093207473
168.80561168269548 111.14391189985112
75.33309776260366 52.260740428882876
194.50830392723864 151.6855882065577
130.11145497606495 225.33163904470385
146.72881126676978 249.14588431769485
230.08121956780536 161.43336548559043
170.08440724472248 215.662695054278
120.62997437217827 85.86101328751303
127.1827467415432 242.90263657564006
74.52140430801616 147.93651214507804
116.30763010310716 181.8757838516725
6.12114817514195 162.53138516772347
26.02304114046608 118.0433965641097
223.308432165542 129.70171771176032
106.0979337490722 164.4687515851579
114.03317654912559 22.99063452138611
146.96157150420268 147.1771736681514
166.90346144476783 205.4089743866803
174.53602229513504 62.29942197702773
74.0156731776872 41.73179783563039
119.14439237712612 95.37053116246675
33.3456836256944 23.404611878316995
89.60244589065513 168.494216496478
16.763137230211722 201.6338708540662
193.79034201085426 243.97740472751283
37.4342953816473 218.25992493466208
29.02027649338293 169.56059146819481
16.50449209072255 149.19073026799094
34.49060821219852 157.21849590209007
207.58037118144594 19.62460270683192
24.206059872783765 169.1012695886442
145.35717508335185 245.7795587400829
83.77192202989667 92.51593369110864
52.197696741404094 54.2194263797546
107.40642252601884 207.95345503904053
16.922415590195 192.1102242821724
61.74699992416702 192.2702794842238
7.095485551583597 181.22940771039126
64.83062232869344 157.5594355164504
59.41070558272082 218.30977480789147
6.246188471930619 245.94926690873038
128.78157170521274 21.600397075626304
119.48759649008132 192.6537315051253
188.8688414710463 163.6419985321623
84.1551773934163 22.08779718047435
64.61878631237012 160.2511503158556
36.41992374486971 184.35256537461822
32.131421854874276 179.73218270833624
139.5067666490338 196.78129673798023
103.21121665259558 238.59447909346386
116.74024637393171 188.95091946682808
111.92488160094291 167.48699943235334
223.8244603320234 67.54179673260857
167.5208443900338 9.074398446436094
180.77687964829488 17.577774672658975
147.75967413614944 60.478174607211
226.36159896889203 49.873963403411324
11.637472892152251 114.18060102557378
238.79058916512517 178.840146738762
248.71267963635594 232.5510145618553
241.5778966529619 87.42211319094459
1.2666422137721511 5.853533876232775
238.56437551914368 50.726490129829244
23.049834387871364 223.2926129963185
49.18899302309384 56.10949731855233
107.71632973928402 126.69461401228082
180.79238305775937 104.03458074649996
229.64579303626837 219.51384157835926
62.39861541596866 225.05196007397262
228.05156965111237 186.09836915691034
190.82427441914933 203.32088372156707
60.694084683792006 208.70412601268825
48.156222620609064 215.89677440055473
96.88812076636441 64.28901804971667
14.434595694764102 34.2624495833917
26.096662362310507 31.792940565476602
79.61086050533075 168.24078456920614
98.45834750864863 130.51002360267046
132.63093595072272 140.43315572093832
40.3254823276834 41.13859949401819
247.38434368758396 103.41318067279917
194.85385763522865 213.26347030398043
139.6423665801242 140.69183010057344
23.396381998864292 219.41760883883285
53.552268117274814 62.11633991716334
63.07906479877312 213.95390169251914
85.62780709200712 94.23779497467305
18.98384867289593 192.14470363849327
139.1256682481466 73.06814075718576
120.80048636031854 239.773558836226
119.15562017248685 114.04547441302692
114.7357632285976 145.97322045459404
51.20262338939091 97.23806245602782
156.8486764083776 203.64970462195708
143.18336647554992 77.19545891746982
120.05813630674639 105.39860912416799
220.29945678473834 212.54004774178588
199.6135813412624 127.76111321503176
1.3603590275494681 172.59257372990314
166.43182061530575 81.06885137766764
12.379437794149545 187.34815601397034
94.13495061629324 59.032245733408956
118.88681152553163 151.95164925611132
125.83573748697785 29.241009627830994
12.95185648768274 220.3471411793118
63.69740537109925 183.0590020526735
126.61503496009574 169.44248514554053
207.26235096656933 214.68574021311477
173.873757066819 14.0122218670867
188.87625944847676 126.9675839188316
56.070838949429216 33.122300991890285
246.90063679111447 40.92864241259409
206.67725894512338 151.53452966435307
69.32636684186022 159.0868854916812
167.44826013701152 44.70118597470488
143.4440705264978 2.482295798466927
209.0461523042213 87.24780040988009
138.21279952206493 245.45671398415178
227.656580695601 22.736745873382702
224.77361232733975 128.16165728055446
0.587045615570353 206.21837181653893
96.09039049278104 192.37985516051083
129.3369962044462 232.41748216087473
78.7066499497863 210.0924314516269
222.05491699164295 43.609858121186754
10.113886383777443 106.06034406026532
181.14329431012308 104.39713748506769
227.58197705387963 80.47683663303104
100.24588477042576 57.874856288074874
102.05980324051318 151.79024640145113
164.76744451777836 173.29125139687017
224.45338010422802 203.20164841426032
25.83961527838022 84.03165776648022
187.3103715968831 158.18248207911168
128.04455578223966 121.82846277572926
222.77214088460855 10.56736849498227
173.23385149828044 141.81730088947853
104.76722511985115 157.3714482493776
191.44825816285694 90.25862984493574
149.52710052373712 115.71775241614196
94.09981964539533 80.66617981772909
189.7476281055468 19.61525512938994
70.9388923488605 52.6264416970712
49.68621704239834 108.0380268525832
92.31014217036754 1.0737023916186361
92.07229022966865 68.79821106591733
229.58122303584324 90.06462612964097
14.76802290364182 5.562424156870582
240.32654830768234 182.63235899354035
234.531608420177 173.09423070695595
115.36417111520478 227.61211108502937
18.87753505715556 203.99855809027912
47.31312107147306 241.61794533886825
175.14169680243972 247.44803726694235
220.32206341486076 170.11515292177273
87.60065854033495 5.461818296300325
64.09122167881809 105.89317553971708
129.87731481749356 197.59574752582125
55.194486277489794 75.1734990723456
137.95977266462762 109.01509945274074
187.64774811335562 130.98068206261678
55.40212096674363 27.96999251847651
32.90539541346807 180.9359317734315
243.63277795622716 25.527242980119574
248.13549293605723 213.34430725265042
44.217250764991334 128.35724913453979
30.710883734661685 202.19194301067537
215.69863145487804 220.75893011181307
8.854746114783097 241.62774913586918
144.91689185050703 199.96484780307176
162.22874592460917 51.56128507248214
149.93501437727903 243.97009653022437
98.49677933998527 227.56793197800485
212.04466387280556 109.04083339848854
124.44789282666552 81.71663832259063
69.34325680216585 137.19992057381626
79.60797034927344 245.42267512240338
131.37372680047523 9.547779845804655
242.58188674261274 175.81965769822406
62.145157327413905 133.48209174018493
242.0253048572977 204.1389517626573
20.317650566048005 185.4661590543821
11.289872790482075 90.27985185483561
58.313701538277975 200.30641922407202
187.54656653801902 62.99887001697332
235.54635619802204 34.82949851107933
194.03765987724498 247.47842491669797
49.94283100931868 228.18250653175508
158.82473430484902 45.030948008058374
17.451144946119296 13.760002736253247
215.07257077679165 214.11810395764286
173.79555304956014 102.0247540699297
90.70674240122636 72.82423321961961
35.2966615510405 127.42567203273691
26.793598298661042 71.99412678851152
97.51223298121108 238.13293119304294
209.03875048741702 70.13715120378075
164.79715325388807 173.61362931780187
90.24300602841062 185.79838026170103
228.37768811076575 247.76356853685283
174.27887386233056 136.24582816609782
108.45380920700673 98.96944435704668
175.60083631207715 146.13876898123382
150.0522971399575 74.19915351854873
28.887601314215612 190.5110315419003
32.48699211749151 56.1862178412923
142.7101548714402 11.47874971548965
19.88959646678276 164.3414474123101
169.6632745064874 148.27393968191097
96.2752450936628 64.35749399179436
98.8977917944581 16.230551832686622
81.05280812080818 183.25650227285888
150.90059331240752 242.26323981897272
16.379128070554554 193.4747051127653
79.05648553949521 123.1292971531911
137.2447833897638 27.23948177573485
221.89961896733666 133.16016500798628
249.227404843158 204.60464308969495
84.47316045323383 60.51862838066152
224.1694797598413 223.40537119408106
73.33753251560526 200.95768905338682
175.8521567117363 156.30508960275714
130.09718467678027 211.2963937880701
19.224602433099815 165.13658742031052
200.12276013562345 83.96113597068077
173.5351772716582 52.15755013273074
58.242964593628045 33.60944089481599
179.09405605678094 215.83178559362008
75.14921131881594 109.74576933077013
146.72451093001072 132.16174570439762
6.474555450196928 125.63359932908189
1.7125367595864083 179.84738616994875
142.71088940532115 181.97815682444633
228.15060268082664 227.9224668176874
50.71468760594175 67.64763174911401
145.32783649180263 63.577727385898676
8.476311378195017 94.09649514605664
192.81960889484984 190.28962244775283
201.0302095979764 68.72734172697315
73.2990952226418 52.2169840231172
177.07015857276554 18.603828939749185
29.217724068270336 31.98946355324164
43.79687999320792 155.41972609882686
204.60447066579204 147.89137762720867
217.1193884004932 194.86444479135605
84.5041472468801 222.03390663887092
243.62687549326614 220.38281410247683
18.62132767627356 89.69543973137439
40.70116053657924 120.25310481315337
111.16624078877085 240.15374004098513
124.39163724520311 39.309744634656916
207.7315439713765 156.1141713238703
31.717610601486978 237.92725032519922
196.6584211480678 169.38209903450624
241.30352139303167 72.78394720878728
4.462084466273914 151.74604581650652
114.83147186475479 100.74645273325056
112.94390787797425 239.13488433106355
113.9783389230295 20.545311750786414
196.40880538055498 235.7648291166354
81.08677632474785 4.752911406639749
153.15120850847566 234.76478914705174
183.7700850795857 206.87442522819964
240.68719822721025 198.78066384738602
109.29285699715669 248.58667127710171
38.70924547616425 80.9915557159783
204.41778488253408 191.50124470575767
179.04330477701518 196.34405154637724
146.35713021824338 113.26693402930879
154.50767447923698 32.635485561447354
34.00953617385319 100.47086869532507
234.41459882127188 239.80783238149894
100.22359785121552 147.2493789772007
42.10486959223486 129.0375670157258
120.50808492458795 158.81770207947835
45.72740529200267 222.14586483143924
15.14811123130319 1.0679211170063763
8.814096560670004 184.43797143543296
14.922009584774521 148.23442353114828
193.68720916084206 219.6594621504021
233.26944371120518 18.63309605093841
117.61859538734376 159.38610914113252
180.11594277928586 234.9590184125443
106.5984857734667 87.3157115476361
97.47068181084889 4.835325685242947
26.228030495933695 241.78643218284424
49.41049984895701 160.08472853608103
20.202406246240397 72.48082681137838
138.39629304649986 76.27118363920698
163.3474705795848 64.10582652184482
67.6620379026966 224.45906965245933
29.86646408173402 228.51961743250885
52.48376568740029 25.33943997596949
163.73614625066503 204.2738063195933
249.04963460304643 76.9764475693704
114.17846010667174 217.0017380168482
229.77484744456058 179.66068758550713
232.78217454865006 35.00961720232568
147.05667509518196 135.34778681978008
40.793024740685716 12.721066503098621
170.22373854519242 26.67012081886383
1.3179900892267282 78.5939979080022
86.88999110583507 2.4227964841316565
139.1430046903135 161.59458395434453
31.48907683386956 104.99977770841696
143.4890887436223 236.00199265084026
70.43843857963905 171.2600578153414
204.13021042524414 192.18581786845286
119.18660898639524 147.1689687639825
151.93992212470386 206.65236071087458
63.42208817583092 87.11952404073541
7.331231250633619 33.037877686968365
160.49691233979064 114.58725735354278
49.689773051571215 135.28672397070343
42.673007658459134 170.66208189172343
44.25246989889459 76.46619736905646
89.88658974665559 158.93775205922546
50.62682943205063 27.31095754065044
228.3931561436361 47.24455008975836
82.71313766022195 249.03479423591205
192.2887796974223 116.91625122399526
207.07083971527797 160.95055227550029
83.49944716999819 73.08679134036241
49.22619476283827 166.0696169593006
184.13597125285597 119.06660729777835
62.132643083407935 144.76801602346995
200.94569840913567 15.50003991595686
98.35754620154776 194.07851214552457
23.89113554801789 15.827313998670324
117.81250773848775 135.9775546680811
1.7333435470985592 10.446790015523844
128.4453996231805 135.1075600761929
185.59344052600008 106.45597506204976
108.78279657013648 83.72168229239158
129.22800061173797 30.006674908224674
246.35367569813744 210.81770265151923
229.75651945668653 145.90652262093482
109.17565430581678 208.74848265620972
112.83034901293718 92.03495241765641
146.21606769488764 6.835426604908934
111.70959628144605 244.24538538906407
210.43852359575337 6.097830050722342
118.38200015180597 126.87978847167847
63.240585404687714 49.831987117418514
164.0523583420347 249.57417250202747
174.6443009829516 23.903140984076533
169.93679733275144 177.96884411639545
193.6606414202074 243.87990586211546
55.16785200942825 199.25092024473514
26.727377380079574 237.1197974265658
179.6230654617274 67.61105841194146
117.81301501194736 210.3143569550933
182.67653375704785 35.49083733245026
164.5473002690404 177.47314723768594
34.66469572353395 145.02466831098283
142.8338552058581 172.0789219193723
228.96680665689215 54.30370536102064
27.221040851227755 216.0766112353335
219.51357179189597 190.83678614611117
85.20223588873732 58.89990073074061
132.3719064796155 177.53605662300293
158.21184648869334 184.8133228193828
194.09816363909215 190.61269143411687
216.3432638953758 55.071675927406275
73.43863783737153 48.10066526588486
177.13453515270118 101.83286327151964
133.00699656305156 225.3064583355633
220.97991157882552 113.06491681651725
11.730479263950683 117.7149083819596
228.5618211540165 109.98410233131287
231.09581397347972 47.575181976982236
153.88128300677167 154.82646079890037
92.63213774558685 158.20856876103437
62.800336457995485 190.1190121636769
88.61465194426637 14.919742503775119
48.41242383985478 167.51799730938404
92.28035221769463 43.65884772540321
104.7630617785954 205.89091112522723
53.95298787388417 154.85697543554502
228.35980003302956 53.46058742805135
40.403281966832516 141.4974338846748
110.62282994684988 249.13284732351727
97.07897772972373 37.40231078334935
238.54384397979325 3.8088308265456225
136.6302049066168 37.19592481544273
62.473517836303614 97.8841659695828
187.49406538726367 218.8946033509429
216.73845069966717 105.0259484555166
10.02246032039092 75.64456489932589
121.29494896930795 113.33127710384844
38.462541156443045 215.68774857530568
56.2115421056269 57.166268492621356
183.65305906617775 38.4843297659882
44.70029817414059 93.06321773951112
126.36669719990867 205.93805343330735
105.92346811802875 172.61085941135445
114.19733634774192 106.99583027182052
124.7053988346222 133.2978150074448
238.92709670784734 88.2812049444881
37.76267959004592 84.26745252762974
5.71485224187121 39.079219534925016
58.238744182861346 144.4844356057626
51.78983016775551 134.7862735346511
24.188015678980463 3.3644042100483276
116.93420040061841 11.510398026198853
65.9765298405104 100.8707646818137
91.7280676705683 165.32008488060393
220.9710535427216 150.17860574464842
235.72330627509538 219.60502323944064
132.25374979692472 139.295321142798
93.85527392736564 172.15600630401389
232.70164402733977 86.65564945855562
148.3648835065458 73.55725428005938
50.074127774167174 24.815922398987333
34.108266433891615 42.708419961594885
119.10222849509375 183.68019041409897
78.55855543744758 40.78982119646024
60.20633381924667 31.54746080508933
108.8749076057806 121.90824408627901
27.85179808009186 110.22652139234188
239.98477306388384 191.54710098399323
158.3916280139401 225.5093535555145
145.36321333958756 212.7310170384765
38.22320210663865 129.21602778211675
30.52449669508239 37.86835516551118
224.6481721101835 126.35965942698884
45.61335991598342 222.27838594720114
3.653600330355916 158.7358406715223
89.70806391566893 22.454187722563162
11.596154767497257 113.57400995829356
14.04215502294015 188.53724809419276
81.82825997919984 4.290666844548402
178.3041780785644 104.80399427569276
224.87910348573567 130.54515143815877
13.102995360503883 96.32452204850611
55.20340376541069 221.3688237677336
134.5990449536954 167.25778633016705
29.69059430322024 96.91843867175123
3.3279168625255373 45.028163609750706
39.318484399489456 136.4719809181028
203.50991254906913 30.58565971911853
164.1981195864169 151.23000962447304
185.83151578618805 16.394982750519148
191.44512506889905 68.36005855534488
150.02706934121088 115.86189304176075
230.69280430967345 246.28939650716282
89.51621267889969 224.97076184737182
215.94366617929725 206.13269691024195
51.600830205223936 139.04862722738983
65.24428767040666 17.92058844381411
188.40024411642582 171.43016492820814
161.17931859207673 85.5782702737318
237.910577489417 196.35532967354547
66.12170103693138 28.472832481666625
141.94110712278763 190.0591232528852
57.19552484337464 7.681395368167365
98.4301908171834 53.92236404727876
114.95515820324734 89.53954766286424
158.5117775163659 248.6488568685521
143.996439706825 31.114855270160945
223.86142801462952 17.579250044747695
95.08523386899242 248.30213832218544
247.1093347020913 164.8539721451378
82.97833419815018 126.95320902211704
158.89356099352054 229.75376511991718
70.63999473791586 118.45569797265554
222.04950354034892 23.038248305874227
4.883506320294301 200.58377213992802
160.76375814558438 88.85931854652054
3.0479302442433798 100.6540329967181

55.00691176015382 242.24582933394518
236.18674090082442 209.46448560843328
32.823781411687875 79.92778642637127
205.5818005687319 100.34087948622405
180.12159074224311 12.45350591657593
71.03021159659362 219.6985793369206
4.8392515083395535 43.996572793348314
45.8102268263027 240.10770933504324
22.37559901425054 70.36050771586208
210.69586319537214 153.52922108053215
165.81612732027105 115.37266778896412
148.99149051546436 57.06435293003687
186.0846056608971 249.84238229533125
26.320379902645573 71.89597519349047
3.1781867307265896 211.51850173241914
177.7943429427031 24.565981108374658
7.923148177975459 81.17527498372476
140.10416016324407 228.79883302911034
197.57797430855018 138.07215438865242
13.981907491474738 18.203563722126585
213.75819994249167 6.625218286382184
115.15090918088245 179.18945426779584
232.199690275782 10.325882395779972
64.44650679493083 141.0933583201187
121.02111959567591 59.744925018683446
23.981383117116533 189.42213505670716
217.99382869483497 175.3040978287122
138.2374972855508 30.297769376550875
111.28204108270137 72.00456802862962
106.02011368006461 39.229397835942784
170.36199847163942 208.30684652999085
244.75937051909085 109.0779549170324
73.44122228790775 240.376414723594
114.41955152459978 183.25498733707067
178.4429603299375 52.53495135418637
168.01236925055926 196.10716795583383
147.70441821794418 58.69079200785621
106.72887579142224 52.28628206274971
153.0382010119397 161.5804702917655
133.01405228355296 28.520757571510153
47.06072871137704 113.18015255848925
188.48333951553195 80.48955770517341
24.072224404923293 219.34846510429867
168.67935517459762 238.93223889665737
235.24829134290175 123.77112286946016
87.19421744660418 15.160981151833925
182.058354443861 84.84506778191722
34.63590642313563 171.77038713877477
150.4603551977596 223.23311371203837
175.1151218518723 154.1497442227773
133.5727214552563 101.18178905429109
113.44144034609447 165.64756076046598
168.67285297503605 242.07967657532416
205.44751864672762 145.35208698452882
144.05640458527645 137.75163457794108
74.56730775823885 194.64885212114996
164.34396298381478 178.8678190624856
211.9654695947388 168.47631696850135
177.89646815625886 104.35818570088415
241.3460305303217 157.7258574332039
100.20928560287334 166.17432379398662
217.54956105086856 57.38004825562701
145.28974291464294 28.816656228555782
0.9813370678306843 189.92925605127644
26.677387930021833 222.63444767342
195.51352067888928 23.131872282557502
121.64716902901685 35.39507940413464
36.73457818413678 229.20181810880283
5.7967458264891745 180.09158131393494
157.9905953656417 206.4804533046794
225.14112436802426 241.15309452092563
182.37322494558063 100.6165155721783
233.24134732492195 83.83340446661003
82.37364270388348 114.99935022363967
4.994836686223775 4.689149876948101
117.09042950398249 56.02639921886396
95.99359238714594 234.5517360219589
236.4387953285134 131.37673714617247
125.3760061549837 56.81523435393815
66.45446149956224 87.13084891173986
62.634739778978435 83.58781043009006
94.13499564813252 9.59069926474912
194.9491108377053 143.21108535330148
31.262256770381747 198.83737565647414
158.12253152909216 124.19255488388403
178.26943806641685 217.85758836902258
101.82144206853383 29.53287528970919
73.3560031531684 99.10105429248168
226.60061519059602 40.537372464562935
239.79754803501245 234.169330730719
10.05093652859551 7.087137222183099
18.113485464210015 118.31984470789652
36.249142611160636 6.704558110682407
187.4369300897988 207.7432990419854
213.65866885828825 12.149672685755897
181.54708181539579 194.3804560091582
92.1324915358576 46.44295662512696
228.59744275614804 102.25529523225715
13.022600990766243 58.911300320744125
140.8619454716153 222.68220869631728
223.2216814367712 137.90761656349122
101.14011805302609 30.070794542409825
32.19375982906863 74.48942604528605
13.30854673870946 60.07722570853502
196.73935374292176 231.7077744775535
169.0949476866305 163.98191477020686
77.27357156749112 236.00370473319148
223.18049940642172 106.60794162686824
129.95893916015783 54.03400108962963
172.57778616480468 90.30226117535406
166.26098163584976 92.27319454895857
5.326415125722461 85.05555771018827
123.22458042696793 151.7629603834442
229.18921005176946 112.69307025762181
208.63250331495706 40.09775011711303
108.9608364495165 118.38962797574038
62.13149903729131 67.58794442774271
216.42827260994054 155.46094351063914
211.38724378474703 62.527749447342714
48.56113899700093 208.46558226651914
165.65976499790986 120.83383710299469
27.395847813106528 126.28501976484566
199.24128257430908 117.96522194501685
58.76216988012292 156.52643213844334
137.249534516489 34.1398600599889
216.51476566688905 197.3419111068896
64.46769380218828 37.50735122214302
109.48022200241836 30.220205912718374
231.38364513607422 61.285792281237036
108.03860100698517 8.562995442426919
138.62056929871576 192.33995381360614
115.3373060283531 139.49870430587742
51.67699941847742 13.818497264509178
67.26262469632216 42.13405081243299
50.76002732901916 115.1925233006598
115.05517124574565 222.42401975108024
207.56348465869056 47.81030618123563
76.45977365246193 153.04487237802005
92.41775609947075 159.6181872045567
32.515652143968374 40.52368626529673
222.4559439060155 85.72644668295798
24.541809007414482 67.26493301240308
58.19564005007677 51.55639728287864
177.95382668558017 88.67754171943044
62.29290949082741 79.37120959992241
232.25747480785216 231.45535891945977
71.43693777199242 192.53050630293166
57.197819851286106 162.67415036604638
244.8694885760231 67.94039186493947
235.1881380699103 78.76191090010416
197.43513862045242 211.40378922951157
169.89346250234505 133.21819437777447
202.97920617157078 105.91842184282727
186.9958544066355 97.41622796106181
37.24038430227661 242.24102797670454
141.19436917544564 219.95465709713966
93.84469283537636 3.0541736568689695
91.04603391812938 105.94809420458276
79.6071418520286 172.88773470353772
170.8845258983325 225.71363859835876
98.6368957901169 27.529043284158533
22.19011025522835 1.0230546743150992
91.20323286214979 141.5260667489504
162.62619812686194 183.4432301499291
75.96920221926368 244.93894426780778
128.1992769909619 76.08852853691633
234.40766462803046 116.13982136990772
48.63250976793618 241.48561221653426
26.87441622766337 192.25737797918657
165.278717857058 119.93047570929336
18.22500659263973 247.32069325181837
238.12149803500103 198.46548537529128
202.88498856249018 236.9931629117141
14.26602683352679 182.46905575020673
13.074690608773782 0.23840661429147536
69.31864401728188 183.17425144190656
203.8566488939515 202.51948760214887
147.31174141574468 126.70477791654339
34.10315007551201 215.13790872927117
180.93334859279773 88.20990625073146
96.94519273769772 226.70260625078856
92.85255212322613 48.48158658700494
28.99724633996853 188.50297591343227
104.6687209779463 76.81478865744576
193.1419510641593 205.1309042903822
2.54793575785453 111.64228857758593
220.06677381261818 186.39736297498553
228.80286808493813 168.84625593488275
118.08495274564443 186.76193713209034
132.338664185592 201.53568346851392
239.2398853626699 2.3640085734007443
23.841396126171173 107.31680803412011
45.97944756906639 28.510100297882534
168.31771702608705 31.160060788409993
109.93559553440573 48.064508203922216
162.76584300816202 119.38418611362897
47.08267373983782 172.5918791784971
212.16393951108887 189.53069483207585
56.03520879884247 198.0853437944282
72.9434927608342 6.585190981021006
189.0523361702769 42.081049079632116
116.31978483738014 172.10784228366265
85.37830288492928 220.5623068192318
134.4998771314041 110.06445098247347
190.1260288857001 133.12064773138195
47.500982979689354 38.160162724608035
228.59133249107563 41.698031851653994
211.3466052842379 77.83971307067273
14.781112659255719 222.928765794559
52.717447858388475 231.1747951409592
224.33545808731708 33.66296072026742
183.77177203104623 198.506302866566
101.1389857887462 248.17845487641617
230.0122480775493 131.9844901186934
214.16449261209948 180.11670624690402
175.5765705502251 186.87933146047962
143.8139862803566 22.00213359233405
154.82567604932797 169.0603075593962
22.719742015030214 60.80193041194612
102.91386473622566 30.280205614212992
237.80347237184742 77.25854946978758
189.59637644389474 70.14032760722414
77.64663253427864 188.60215353222011
32.784523013101804 34.4119485932996
221.161579641883 169.11174575554048
70.10879733085406 121.09212154622145
83.22589032712303 214.88345233442558
143.79263297765416 8.976745921515095
247.00839132784427 235.5073983778955
68.24378611991713 32.74508921928954
219.09927563397974 127.54444862118547
109.09621794050625 62.629406551413496
147.82445569791741 181.84346027796272
233.29055865068025 157.65231965557396
79.45638341987762 225.13632124985435
122.07616412567596 241.47180098365283
161.39150327315085 141.63830080810604
104.5752029051776 230.9301041101032
97.2106304999593 130.2615746942323
222.10940512513443 185.91780716901133
176.5016266313305 153.43076170472605
246.80573668775745 195.56806665998417
186.51894304786347 65.40937819263794
153.79670341340244 141.32878332358246
77.23410618495465 92.68000323203098
35.42423201154726 40.31344431624248
135.68073492887106 78.82975923161231
244.85401609885264 203.13481789334875
6.28498033209865 89.96045379917908
142.32895907252393 130.05273424451315
29.51656138060016 232.81087687653044
112.45859360969926 235.83366797334014
65.59823196624842 4.80406575571482
27.554180213891723 23.76760704948261
23.915411725130646 238.49274803308413
31.21655899142689 172.76303049449527
122.1148001592492 107.35439393956597
151.61205578116846 5.384803526655324
79.44463670768698 112.54295821731033
139.67055542991113 202.13826836499504
41.32213483803954 210.97298741041288
118.0222000979082 115.98309255613131
37.30480363850744 8.614117588999937
66.72107116116993 14.561960981689465
1.0843353883619178 144.13990243786753
114.93465228790886 30.627776429282218
120.39238186473055 11.953544530454218
181.4195152746774 9.079654613083521
41.5638267662024 199.73741017043469
107.65725553454278 150.3120031841819
29.213896611260033 198.66996255392257
58.0034620082818 247.0647650419975
22.96114105141511 8.735670925353462
213.2811813357331 44.65048224818441
216.51206122534904 61.88669607611938
100.13594212706722 153.72366288466847
130.66759155413226 168.0982095021107
157.5554088828981 116.9897125646365
38.075362979188895 56.749347374689066
137.01352865841932 58.527235209271055
121.96325940927427 154.99165153191976
122.05545679075055 219.92224137518028
109.72902897062964 64.82554748417446
109.42566902156797 52.32741553546958
1.9902228833784952 177.2934951765274
205.55290879639452 193.9003962627975
212.21152470854906 192.2840941423383
154.80558728957462 240.1947193028531
214.72378963054527 133.98281626777973
92.34284136024634 203.1620687002145
78.58419314017634 144.7809438700185
134.5164523174859 15.615503278098325
3.785287400728782 47.78547503753033
113.73265547139597 45.98456048390617
220.66080789221937 5.526483875332916
56.03781199229199 211.26709569889255
102.35398148720962 108.90318457159404
135.2911071117445 198.26952177813425
117.16252695562979 216.83786608009896
159.42728392658626 172.4698635587572
6.820008979265574 69.78119399356339
107.25876277844651 162.84377443212608
99.8484165359072 200.3668765413822
45.74316337987955 240.86474890276068
131.75851078953076 192.9633366264661
121.41411091669826 9.450790444628264
92.9372491435814 242.32235214947966
129.63525865240752 0.04470344772231072
226.03548683507591 132.40094262620022
129.41322087416432 45.828798889384515
181.49451277821535 97.16827075401244
83.42120458932995 132.09652829209813
249.7342988792084 207.08580567337535
58.333282334232464 173.54241349999504
93.40275021708288 168.68918568268535
225.75566431474545 193.69365126897566
115.2923271739176 6.273061349235443
203.78648539339537 65.16697853317865
134.36117781909027 121.1699367050292
126.10912659845988 144.41967563158968
158.25957930406372 29.04292863081964
228.78679052467913 160.21872090479883
70.17944216312591 204.16813005096594
102.74579610711557 82.90080422078181
246.6381810224977 25.084297928088557
149.402063023663 56.670196588621934
7.293466983449348 130.0743806861849
186.81674105890977 173.75007583890857
219.40092882355873 44.13609290487636
48.51524256017059 13.347479199240563
210.6546335728688 209.57213268914606
230.9436384726893 123.28153099522032
12.484080744235959 96.06317313481391
168.48417487853885 44.9704524421331
175.69564383297532 179.1572133440341
141.66462401200445 175.35879220821528
249.82878285526306 150.57051319924358
126.38613622819791 189.9807044072742
44.827348398429 188.64403399956012
157.06936388798934 90.75463870074637
248.0100065558862 140.3436358205479
118.59277169930641 17.408284412718356
47.70191914362398 244.9741239171067
54.33500619332038 125.74862095698892
84.43591112100604 176.39018462515
239.57403294552583 143.4439961754968
117.78480800570674 140.4345383445652
117.77560398436252 211.08189883679452
199.61788248226028 184.13621834975302
123.70418819612885 80.6681930608156
71.51299246424159 191.12857678429467
166.6643155440523 23.819442721786793
172.05540338420158 138.7639816973766
39.08957175708183 242.601030150616
99.66866710285366 45.731568586124595
231.0999355331569 168.92583306664653
164.22114820507096 171.28965187048294
125.4474147526394 19.216491855811924
155.7054352972917 85.71890597325324
123.78133925599843 98.90175322138458
168.1022494560074 246.24626668821352
169.19283181418245 52.59373132864958
178.07453953338438 168.62281650901107
221.84249322850926 44.92872604770101
241.25072666737734 230.13567588079385
134.99776422619732 139.06860774027447
94.5485116325461 40.445549603915
112.26150645444935 177.81541823070046
102.48884977563038 92.10525567182087
196.94065185889966 199.30987575161507
234.36712420375278 61.92364270369424
102.65831891852584 187.64218212314347
89.5705380872081 168.51133787263853
164.99257416969078 5.920189296641176
97.9291100822137 5.832399448183451
232.67817095397146 93.92374826507313
89.2379858995796 216.5499756084825
94.67976317709848 119.41121652102981
125.49660435487122 153.53430583155307
186.0909947416614 40.33863738199791
85.26365466420707 182.5066501287144
12.6929881973398 118.23648189406596
37.814038114018736 200.1796595578968
140.5842120207927 50.15417336061262
226.43855675545854 26.9878426253847
153.6353860367752 191.31989422074992
227.92620889126977 221.700598324531
232.4384889137284 188.97805720034904
113.5076712058945 183.81234286302373
84.93685326733817 96.32233374124307
203.38054440530576 165.3313294239415
238.45412189769996 142.823222102803
97.51687180996724 123.49710987218259
21.30881122540476 145.08661807384325
4.930150571802128 119.57308123985617
97.16298975557189 206.84953965873032
149.5742751014818 121.48485390946972
13.871642106995068 127.75196788041224
214.50311681409684 1.496034066057056
117.66979563294538 201.33166379585603
194.95065949357013 118.92979038534607
78.1132184624535 0.2155697324162098
99.71556521934738 41.313760943238435
112.38939817879695 220.98119903004022
219.46749421651398 246.60676122040815
61.98261944197186 199.8312913458299
87.94535444671075 154.1486658649195
8.974422501325241 206.21197506427256
13.216167839626813 122.68937034553079
227.34289784502698 216.92211602335104
175.83830848686702 79.4113930315954
159.6591707573161 8.10043914792552
55.058534830978886 162.87976585119773
182.29614701334506 12.35388537039217
232.62164730976716 144.08102702567817
166.5378995303081 74.6022108525942
210.06490855342528 165.05633258261904
99.99136622593579 163.694966571386
147.34198752552282 241.58922005590722
118.9923035663453 104.44940488199703
92.33456550013302 65.21527089013904
221.44858471066058 243.9748779210687
248.4989779640183 193.8209467673895
14.641216723923794 162.80611988379965
226.82287080982417 5.223630093583398
243.2233455305008 246.8763531428276
8.287481115711316 109.69093158897606
72.94651336919722 187.21129928302804
207.87683301293336 40.70539754778954
164.89938363131563 104.74843227085675
99.45644809495852 105.4806275649751
239.5783512674863 139.1026479654418
142.71251867313848 234.77123422148023
146.43580263150298 0.3793040505078449
135.5296953192448 171.7789848801737
245.599998187414 61.010948718444844
245.8865604116022 194.81858068523192
68.29348159071594 25.30148176136915
25.597601596173302 132.66301417225364
57.50703896449591 101.43624070812282
153.36590613799893 33.80254911162412
117.09126542746831 65.75877544643815
208.09882752863956 3.870606965744372
71.95387172091277 54.60931550608613
69.15002795611824 28.501844216388655
88.68726332847699 168.90064637929453
59.88012638933915 87.34318393117718
40.12942030418326 184.75135016265136
124.78991055063827 193.8027074621357
216.5454486723322 202.8942572869321
232.14786204906468 207.29006669801888
156.3649393283642 45.790062957938304
211.20422180821325 58.51712454999791
162.17544323058323 75.82218921285944
41.152073056302584 115.14766232025919
46.3543005782262 83.84727636784672
7.617891133489901 3.2316789774722023
152.6836491740203 64.56072016774725
29.918722339130678 104.4382836822827
176.10623817735265 92.5485733172579
237.40785019040226 175.01648172155555
4.738507523587815 99.97663962081407
149.90283259970914 220.1079531919961
164.52283061552632 34.94157699080191
207.70025371551645 27.320462380878098
41.59973843304837 2.968560921705582
178.7026554273716 171.22926335388112
203.5601552958128 116.2004769473765
9.922338225742205 80.96906139264343
89.35240128381852 246.02047289419917
188.29671364982252 184.9493743963436
17.84304300592096 195.91272106384656
149.71280647158866 204.60967593837802
153.237108162691 107.2681572560556
193.67686494607517 154.39979369819093
144.93405846363936 78.41663926947514
55.4146659863006 212.12332747779598
90.65099098852292 185.17439176928278
163.69231735962882 134.636266529829
243.91890540339534 195.51232911429653
200.27324231559118 52.8171311893795
116.3274826728245 19.656704801841535
153.2432474591352 124.72731125431515
33.477014556641564 109.30993478295974
3.9178387582005647 135.47955485427687
31.993213332464464 74.59868231614276
148.36716436328456 236.1293361833195
189.98147552852146 213.5886098280685
137.84210319574723 180.23777873695252
15.79964134003381 5.042139432711784
225.20684605129148 209.37665654305536
248.52119492978355 83.63015107903543
47.728571870811805 137.16337678854123
57.03171054489864 66.7425074780646
221.9845937872947 166.37981515525414
72.58707006848297 26.164180302833213
96.50865365047842 217.77536945295162
233.93591987265165 97.72337321305213
244.71317703512238 65.19610924839958
82.30639139585693 29.98862250701767
56.6206027772293 157.60120146778718
144.03970366572543 141.89999067237318
21.96569321089162 183.89905068061645
204.98799358053608 209.77940197059323
175.92197036225159 207.0831455454828
36.602537604891985 44.718293967588444
223.13654386560543 32.538901271931266
105.79649941172411 125.14721635160905
92.32180921713801 198.85045395166378
160.67302914828895 62.85570951072292
160.42059117865406 131.5781974689972
3.296556055612021 200.02146229680432
82.54793692466194 132.9119950613508
33.736091487426926 91.48679388305351
121.76633606437545 27.916080500178825
77.8768490471585 226.7742117670986
56.74542072939012 242.3245630321383
18.00294805366076 204.71400188471114
129.0400340403578 62.89740998862156
213.31295134387003 175.40518281606586
67.29706421310341 159.71022108007247
148.16303469741868 229.37569037513848
154.01393543928037 106.93418340721273
229.857996925039 209.85823082740023
128.7588342086071 61.05661544568794
116.09409679959973 129.68068519211448
177.44623170321697 206.69646886641036
6.38337766171021 225.53883764750026
32.92541989396053 55.81307769050184
83.4565520947575 10.961712345770119
0.524848417560897 142.13949809151927
108.69186078914608 39.08027171256112
110.19425419608056 136.4515505318646
200.63811628807485 39.32970860682347
124.32459366594972 147.76075062344836
29.16121397342905 50.323936604934616
54.92871694787085 4.169275869010142
10.052128789168835 147.84308599871403
148.05881133486739 4.726550167602789
39.9319928063534 89.79761498345651
158.3606900971332 26.104399884227135
149.51751603894994 70.63142494679722
244.9740385734156 70.43000271471722
237.22418333396467 234.40252583261906
123.60392741123377 60.89808948154815
214.19172828318915 7.349009937054091
160.0365542291271 73.31700678239287
193.93408606746587 242.56514067267392
219.3003820596082 162.2764533115555
33.34351427151966 45.53123188860811
35.03994854248954 93.30695541355973
62.18020078804815 127.1142466281434
142.30615290047322 118.84074656648261
177.79662585986833 197.12227001627804
164.26389881429202 115.59185754458886
74.70092812314147 46.31025246264253
193.98833916073463 148.84660903805758
135.77693297176026 227.96087596221273
145.42218520259252 246.28506905212916
230.34665418635763 162.12470924708316
171.53746625831022 219.3210293888741
120.08586973575355 82.25675802923077
123.06760891665589 244.86528837538776
69.94718659813282 154.70150815203414
117.38731486580528 177.82824345258726
6.410034013106331 168.21411936755325
34.03765657289826 120.75066734857567
226.50210375764223 131.87516748093748
108.72878725773202 163.75595444293052
121.22397081727401 25.541415722788063
152.86657717263384 146.75993099889112
171.92888587571233 206.2657654540248
175.14412534122067 56.913947899917964
70.73213974959624 44.21194057692335
112.15030203182941 94.30820803386958
29.80817475689765 27.84894941449931
93.99380923755027 166.19657784829414
21.734795976884463 196.5008725772829
188.33436594314168 237.7050557348679
42.42426016588532 220.56541795537686
24.409916554669316 167.46014794878312
17.571355519340194 142.01083328656375
36.46658428737407 156.17207537576343
208.39261233324524 18.707490448403558
27.615650583813377 175.45296431149464
141.8143286848692 243.1244315075182
75.90015978406234 89.98863695060513
54.920429054073296 50.57968471363533
110.20306166875946 212.39257759340128
17.726166724323143 189.5086104128852
56.89592560940351 194.55695248901944
0.32584558807999264 180.96780316340758
63.69567599859191 162.9502454249622
57.36229615552465 210.92145004843454
5.7877901703341506 245.8492694611559
130.7516640596449 27.97944004648198
124.25754025565455 186.26970383569451
191.62200863584462 171.4688918035545
76.39070240294424 23.63081986757151
65.63440355122339 168.48192010723238
39.12330957968205 177.1092691380922
27.644908054193394 186.72172008497515
141.76464767738037 191.20326239699637
108.04912549682031 237.78539263245423
117.03937445379518 192.73846700164935
114.7688880962234 173.01768608316485
223.57751281410785 68.57664649497997
165.54244094055903 3.5391597983982503
177.8573249361313 19.190814639324817
148.75417274938079 63.053604934804305
231.92671035229841 50.46469502769846
9.955295045365297 106.02033366990246
237.34509701590943 178.0564773473403
244.70473088094522 238.0189440558886
248.83100873586122 90.30819148652239
4.101600543136436 9.990680263588459
244.2547427518747 55.39026437845723
24.226310812055534 225.4763891030999
45.657654337476124 61.00129457546721
100.35541867486621 129.49507079686762
187.19322604455286 103.00201498276499
224.79798496960493 222.0998678517073
58.061620281333994 231.98712113689862
222.95385875206506 184.4521878917411
197.67891781883083 202.36420013426567
63.27253094275911 212.93849649763027
50.59737104573664 216.92150297467015
98.4438056526733 58.77270808891191
11.09975698831825 35.009388301947716
29.496850579397577 30.434044442787357
84.93892229453068 162.39521224807734
102.05811720315744 136.90094572765784
133.6690042206817 132.83578072773778
47.04635209286403 37.475631013051874
242.40222844950188 104.42295770904394
193.96836208860842 213.13035362836666
136.56991460950326 142.0524115213289
23.252231790373752 226.32838942889063
45.92798713599427 61.384498078035946
64.92703963587782 220.9260145596953
91.44414272415491 90.04389266836593
18.72403064972389 188.0385219987309
133.8897036823414 76.32589807391984
116.98468304067619 246.63738881235952
118.14394752407645 118.79642807447507
118.08973258909455 143.61767215126213
54.56548403501304 101.61692968779535
162.47376239724278 200.08581478362845
148.42260680737206 80.5108587939254
114.65360826541499 99.23435556081944
221.08088213721953 217.52260037270256
201.3961420023994 123.85625225659469
1.3493148121417886 169.48274322295228
163.08187363292024 82.29225352543992
15.255382831209447 185.89936787653397
97.44339112085942 54.222679390404316
112.14133951967828 152.4091204202961
131.20174312228622 27.963060007463625
11.627301758795422 213.5843900994082
69.02290795173333 180.18647759068483
123.75759151893331 166.5841396435214
201.51057804328843 212.46286934750336
172.61931178587176 20.808949901307855
193.13362146656172 126.14238380834541
61.10914836908152 37.22179293502109
242.10600877989654 36.56497080325549
203.12398196051797 159.0568768327044
69.23265490741615 166.97417664837943
172.39636569449948 44.735901937926286
143.63553877313964 2.7793939439519075
205.63567563705837 81.1254336415687
137.25390139113034 245.8270555771195
226.82043996063436 30.115972736011713
218.9623340837216 124.77052818401327
6.50824690421889 205.0588952522182
100.53211387474273 186.40574789041037
129.0054039405584 236.86165262031804
78.49853799406314 212.71072888075668
221.8971951894125 35.33526727026476
15.149925087567073 104.07497072459968
177.6459728356926 102.29801279187537
224.77925081920773 76.28853642385536
98.77600803972234 59.339269144477655
98.1789619758526 150.57165889489866
168.65257196795852 169.9600820563493
229.50868872864493 208.66252115592704
31.320968763737163 81.12627294955114
192.1048320761816 159.76626362893913
135.16496335031266 124.82440849031993
220.35795474197275 3.1970744163140608
169.39810141923033 143.13424611634366
109.18414531368487 159.65140850883915
195.66716615985217 90.28845159557983
149.55899169943956 114.28050073019614
92.84716674754323 86.79751861694501
183.9396925856754 18.52627717818514
72.44039469165422 44.63664119473207
46.088130350621036 104.83382870595025
97.43217688883166 2.6687095600107513
92.77396642509001 63.38005208023381
229.05232801225105 92.87913346231974
19.204483641231118 7.068384811268757
231.89360773606867 182.47833252856734
228.10008002654345 171.06365942961347
120.51235748462344 226.08423711031475
17.15390539039871 196.11935026073684
52.22431027198687 241.9965887135728
170.62885300458672 242.12913578948186
217.87915283674096 172.08894939211876
84.0422969395718 1.049197982431832
56.419373479769995 103.73716577651432
126.6782089321458 196.32352429400913
49.07076380534844 70.25131315470972
137.24104611040514 110.7907426383225
189.08732156507392 123.08106353383938
51.22706463368862 27.659838011631603
28.66368914988654 175.35693885967157
248.75360583622327 29.145504901015446
242.06840820169984 218.24552823631117
38.82885239364836 133.19504971021811
26.77725053481478 203.5191419332331
215.6428940534558 219.51428186960473
4.370814084323299 247.47306485622363
143.27493926705412 201.78489001608378
165.29453888700246 52.80119456698315
143.95164016413142 248.34751714409384
94.82105171231802 223.45609165012723
217.14055870104963 111.13342068563273
127.76990948899913 78.36831979979253
76.2816147858378 141.22924623878566
77.47488137129791 241.23691083808808
126.09320068343612 15.213597521386873
247.67533986823233 182.1379421542422
63.17312940431222 125.11185352581184
235.34960226260822 206.88777734334636
16.597135086863197 178.76519160643423
12.441034862723077 97.48239071911772
65.06595589964934 200.40331759195772
179.80883867496036 60.64038762530835
228.50322227920958 34.15618037464652
194.90804367957998 246.02180354529008
45.625029396545116 222.39719483334412
154.4319218547079 50.31340903929063
16.94934875323123 22.184730058041087
212.1438868679007 212.9710409018189
176.34842192106643 107.51438001331486
94.1075030672354 77.74990256365277
35.512073563094134 135.74382671578962
28.404448598456977 78.02174408941539
90.40360683025823 236.42346247653842
211.98325595040154 75.81517273167618
165.68152704323458 170.90207718402613
85.27644571045265 186.0504179350698
220.5649163286442 244.8862998739409
175.05038792857766 128.47791706886386
107.79073486329726 101.73053399216431
174.87186243876224 141.9180009979122
150.66064444629595 73.01518619108244
23.759207919532454 187.66337599835896
34.91525368028972 59.1129016459776
135.13770443987548 10.78185455368108
15.990254100164163 170.47236124498215
169.5715667222687 152.15192668356315
89.76516441187165 67.45908204716703
101.68184788110577 19.083319972832218
78.75159940771745 179.64341243575643
155.7835873211002 248.80973815037632
18.431432846352514 190.5829644315574
86.0661863583616 125.48069084116209
133.4921586155303 31.618442273034812
219.70328553967806 137.72235313611307
244.37198494060542 202.72158645640548
87.61977994530693 67.05636671594623
230.82732908993836 222.70591298725085
71.7706738239563 207.98014756643846
174.76834024400927 157.07698662511794
129.86321474083394 218.21511197201312
15.484379535060071 171.22681329636245
199.8441822990007 88.53233383919057
173.78500902146024 58.13844832882833
54.97024891379773 34.27991774920844
171.5030910596688 216.4056477672933
79.89719744993043 114.2677189897657
141.8750776429073 126.18554382516545
6.7320368513563436 121.06863702330887
9.24690724154159 181.05280955204637
137.43045191028108 183.6163477358713
221.76288647667934 223.30949632867947
57.11651603091592 68.46796848085555
141.8567083263697 66.49829687419984
3.672278676333851 92.32768858805349
190.67978276557645 194.7836228957419
200.86828962700213 71.92789669770295
76.46360034408453 48.758286469003295
173.42317538031202 16.481919776073024
24.602942516941727 32.42395854075109
46.61877923894359 155.9462611682047
200.9180008977324 146.59377538435191
222.08694311016035 201.33960978414288
83.52950355880526 226.50933482798544
246.16955762757922 216.38417471077565
13.642322720745364 88.72552540303977
47.29696049560816 123.35613782579787
109.04146579957127 243.34099081360083
129.5877866791813 38.374877185169524
206.60532662445397 149.83884872809247
30.66273523862484 234.41876792514836
200.18671711926734 161.74199347988133
242.5181205506463 70.28630104054615
4.612645661455667 147.22257798569132
119.45100586198964 101.70776344861903
119.24877723418184 235.7806493540468
112.31726171285536 15.965598410208088
194.6570255966803 234.15919580694873
80.36738288702102 7.354062795400989
148.16154551623268 231.9268589277209
187.5353827133378 201.0478654265339
236.1779316730846 196.01484826014155
111.11893340260998 243.06709787251165
35.688719179429036 79.91419924545171
201.00331574496693 189.05278591291383
172.36922846203225 195.7217779444529
144.4572497884277 105.1035193795139
161.2436996912376 37.58689882588884
32.21779705928709 93.79238920789118
233.41483592758462 247.38229199806204
100.28891478158997 141.02620372832806
35.70665018479388 127.32710675717313
123.90141573774332 161.8657370142277
48.50779750881792 218.81531399595747
20.475323828279517 7.328215561609036
3.98214745083561 184.2905497549784
16.380226858539487 145.52051457098122
194.72571583440896 222.4385638518796
225.24493755236912 17.21218484245879
119.68198498949614 164.81136428138473
184.69552351673997 240.63831150808502
111.8557910683487 86.97239290892541
98.20301542695589 5.00053710847162
21.42650128878168 243.4864543232599
55.2225904867131 162.90753737080414
22.1733222042588 69.56609607125719
140.6093443590371 75.23679428797594
170.12619893769033 64.5239384293377
72.92619009209658 224.79599180543966
22.166076256279975 225.2525182122729
55.525795828654054 33.241882502361456
158.65566802280526 203.75593621192525
246.45350613962123 71.19743157837088
113.8120630562067 224.15939489297074
225.4830772449201 183.08467560323788
232.3457801045743 40.58010880504523
139.43880121714787 132.7568809417909
39.00540341450526 7.8840533611158055
163.250026899385 29.690340494697015
7.00048765238534 84.0713971686442
79.41218515852147 4.300778375223829
138.36690108482216 163.6934608942621
24.60571678138823 103.18968004322163
144.86342518715233 237.5486212144035
70.6485075785167 170.28970017204244
211.6887948567875 191.8081439286112
127.40560083249278 145.29794586352517
149.88153117287456 213.21769524653558
62.32161201009337 82.92405316600099
10.027194025128388 25.649932282045235
159.84933124913326 109.73549548442882
44.1599111708863 133.71284251847842
46.51980574354134 169.6008038348713
41.26555362353809 78.49582806697367
83.75802842711896 154.88080925951726
52.03275610464875 28.013909079940667
234.57649572868152 48.40117623788465
81.99704892010037 241.97656965985658
198.29586518519153 113.23401961522511
207.98891731788711 162.42407761854543
82.7369057456341 76.29263444845513
49.37625546676047 160.02198709669932
189.54914385460305 114.25884586211107
65.70337429363632 138.8099891282152
195.72846511230028 21.365787829256494
98.95691311231472 190.24341007944219
27.42480841720174 13.549293490482729
115.6883239910246 132.92514294204167
4.623763717199358 2.88212764674764
131.94277762887106 127.49457219427785
188.26928420788272 109.02430569120416
106.02846468735355 77.75960397519677
126.50921853073024 35.05457941494716
249.54634980288665 215.6672103122643
230.77450457981288 142.6854022748544
116.3623405759939 205.68937774982345
110.98365043250321 88.57378668908733
142.5571709907228 14.289262073267334
105.90412055232035 246.7538108283502
214.4534613343867 2.310813471946532
118.64414175236881 129.9809855583404
62.148461156487315 49.73646697668682
163.29595483158266 247.62913089862772
172.29939370864545 17.56922999642363
170.4531522463688 169.94993181393104
194.4272867168247 247.6626182116239
55.46462177800382 202.4815529130376
20.102746881541734 237.27753921475528
178.32947461241693 71.73980875677103
123.09662854219275 209.9484526299785
181.56725043400345 27.31270203451766
166.29194226295155 179.44638732389853
33.9381775331282 141.6292241135918
142.82295879896168 169.619107139794
227.20139187050134 57.54979610793204
22.99122902834491 221.45086074579837
219.71095675774197 199.04335872777114
84.99699861279997 55.79872625439375
137.83129684570227 173.87826921864828
152.38172941862982 190.31754212701418
187.82418284494432 185.51873893024498
216.97139232403617 57.711340416745
70.36184865718015 49.14402511703747
175.23937613600003 100.58446696522077
131.98591886914213 231.29511290224966
221.6214083658376 111.0047784587759
16.302005014784154 111.38501353953018
223.47210135694573 108.07172172894907
230.86109328911868 50.72284093146814
148.37013895775348 153.68734033119
95.95248305594318 162.71773319165686
66.6956801990629 196.09536122451766
82.26585711602033 10.459383345162166
44.11884912489411 167.99283749902494
93.05562185346619 47.953783154439186
105.29273115523341 212.01259586444755
45.936464769927824 156.4593038816
230.34055329760463 56.64134067179313
35.09780850813235 143.07255483540695
111.64484802956956 240.8473256769729
96.89396527855723 44.98075230187268
236.2228479986204 4.943230466073506
136.7003321852543 35.23262837742572
59.5345106900399 99.02602534532865
181.0757200768265 223.7403553817592
214.39063148230534 106.14679789231721
13.643859298281825 69.02841500288237
123.32673405437791 108.94064733392297
38.75787852426135 211.42769240200008
52.00993200051806 59.39447030346193
186.4531982122424 45.86820552655915
49.10258682572019 87.9041839542258
134.05906240918287 207.35899988971494
112.72349518875168 168.54030546464801
113.59367723990063 101.17531419837286
128.4545264968779 136.08467363278623
233.60438046079383 89.55813508846181
44.35801112785834 88.79675546982918
7.8570110986554145 47.0913408821092
63.02499978382522 146.2661043538563
56.11086062667403 140.40898337976714
31.484346441119776 4.895738392959981
118.01358259190079 6.3440925699251585
73.7502346875363 103.05285424725541
88.24355162799661 162.42974665739217
225.1127171169837 151.49188064028436
229.61696895595105 215.3524462591466
128.39840676132985 146.4098354989349
89.36638927143764 173.08160751494853
229.56519256162446 82.32229983368605
140.2991671642656 75.04367167651577
48.47509009936099 26.97202388118189
29.41301842507954 45.26171364685786
116.23821598475637 176.06034041823585
85.98704328568274 37.062164569364484
55.108885165413405 25.10761468128847
114.61430618397492 126.6067175693101
26.857153711792982 114.38890282408245
240.27590910326867 189.94016269146724
152.30066826286333 226.60037581375872
147.3406323580127 220.62604323227916
35.75690499316922 134.6123848994771
35.882881792367456 33.53623263170369
219.34950088858784 129.11477879170533
41.68206753335829 222.67363982634913
3.417204291650738 158.01749469893429
88.28427328658692 27.09161807832791
9.40731235745923 111.58467565908339
10.273950936341175 182.7163375968367
74.96975472785314 7.814044406670356
181.69778440643964 105.17398225295577
221.61171056197838 138.33322936883445
12.951254873490164 101.92271244648506
52.528270914618396 225.81932882754708
139.789923772508 165.25955600315902
28.09881430442468 98.5693355373036
5.380833319798106 53.206476467971584
43.19688285220655 131.44549457864136
200.4353850605766 37.82221863221427
160.12168137732965 158.3894027311332
191.05911629026497 12.221712221688941
192.10238634409285 64.77244521191567
155.85616319920464 114.73096350090975
237.27584439337 241.9642487646917
83.59132548019593 224.67438446399333
222.133217799439 206.45682714373737
47.42272734504119 140.0872283096911
65.97108930618201 17.523897697795082
183.3510433243197 170.138880538825
158.49116772076627 89.59056984556577
236.11933752892986 190.5573328546829
73.38480726126406 25.44701133546931
141.49177144648746 194.10168696620596
54.503888709177936 3.3898809278733735
94.70952043895903 46.77019122100026
116.83557324872932 86.53288718757565
154.04437700158368 247.0601180055769
150.5554857414397 33.74241642847725
216.02880317258186 20.46322183334462
89.51529632392646 248.32534078491085
249.2465109571619 162.05179078002067
86.42865674609637 128.33788545610403
159.92893704833816 233.52422163452545
74.66954684178337 122.59118952518058
216.17521080529 22.07260936958033
0.134189114182115 199.04484096301525
153.58394933919342 85.84785311349341
2.8415925768676686 106.06288869793956

8.6 17.2 36.0 72.1
17.2 34.4 72.1 144.1
25.8 51.6 108.1 216.2
34.4 68.8 144.1 288.2
51.6 103.2 216.2 432.4
68.8 137.6 288.2 576.5
77.4 154.9 324.3 648.5
86.0 172.1 360.3 720.6
103.2 206.5 432.4 864.7
114.7 229.4 480.4 960.8
129.0 258.1 540.4 1080.9
143.4 286.8 600.5 1201.0

2 5 8 11
5 8 11 14
7 10 13 16
10 13 16 19
14 17 20 23
18 21 24 27
19 22 25 28
20 23 26 29
25 19 31 34
27 30 33 36
30 33 36 39
32 35 38 41

