1024 3.0 0.0 1000.0 61.70003287247409 3 160 240 100

100.11036629192219 227.83332874194397
204.06038982663281 216.37830019355883
114.06769949976491 248.1456215207149
208.72113320910455 247.70213110794703
89.22532455102034 38.32344447485625
8.03321560689238 53.02736121249965
116.92331456677138 142.93798531010796
113.32801001631809 151.85670621253547
103.25066633917315 231.80581856305088
99.11184427518285 142.02147382757735
45.64635634839717 44.38637179175245
35.4284183399243 83.30553385673109
152.0374833930697 58.7961098885007
133.18354595547925 195.07316128554623
100.76978910744403 160.46927483487187
181.95925799756054 211.48650202696447
46.11772797848299 232.9005360521033
20.975589600907256 166.3921210298059
134.15798894964786 172.47918802250265
163.40611742388123 210.25194681051565
89.40022525426957 223.7907514995273
111.42412747276109 65.72392607360527
235.8060232471582 174.85550953501223
6.8050704410450304 166.9456163020349
11.67658710142161 18.556013680732757
59.32407138161852 26.632253677709134
58.73019933274642 60.120167197048765
171.08036091257264 159.0149681843853
172.63577881449203 36.95913840089568
108.36539591459862 25.689215789872183
156.59005123172253 53.58822586897147
237.02894020985565 246.7342425882971
96.91067051420968 232.05213241718147
6.2701578659240536 115.18702782110832
19.365449543424784 156.41130725395243
72.2327678998449 50.745023188748824
176.15358511871614 173.85043465393977
98.02288977119206 235.2290066730865
151.72052754849068 88.82549642645785
18.25622344061406 20.176698138169858
201.94831083769836 214.5611545059585
15.644650461297843 133.07821087549928
142.0534408877725 155.2417880713651
124.22592341238595 66.53460920825458
12.427266915359281 126.7762609423789
146.29602228201043 88.9224236312604
79.20433516787575 76.56952524188934
114.72716568489585 181.76939347867767
13.762257119214832 75.38690180312996
60.44428141805888 69.47505829889813
243.33561989291826 86.7541933426781
189.82997883599785 75.65485453504279
150.30494030482134 244.02511023163976
11.37824962917769 245.62550442379919
35.527319280696275 70.67951636275124
218.75800413479755 182.2740571590493
190.75941624110666 57.53904238277388
51.187974106396915 237.10896309420278
164.15252510595596 231.97234625453817
107.93724482169037 46.668674698789935
243.8509809054599 108.09895356547744
16.503397156935495 52.97913730837822
249.40659156918875 112.48471235569468
92.0520796415652 139.72511602155
38.42651614017864 51.91980874567509
92.55279467628833 13.275489713922035
187.00201207109896 118.49304143666237
42.97937166488916 65.6157258192715
52.851718948858064 214.80654954461127
185.55391573815746 38.80175478952813
36.88155662568538 236.89585484497098
82.68178789540745 142.14926527428244
65.10993931946199 68.66279019188003
145.87469336706454 27.66027944481561
246.4218718684122 230.0615215468817
188.32769662111463 75.00781682421118
64.66200584777535 164.43235076539904
238.26415182709826 56.77349022014461
41.97937758321585 16.275521516681575
162.81851034119583 31.524492726880766
80.57071151687397 58.136910990539526
56.35138285054131 133.88758160893246
15.453799602665658 231.27490983550402
1.0984925099462584 93.98549693962929
180.10971334126424 18.692743935732587
133.0275541068839 249.326923603542
15.11434914307791 84.40588286873988
104.81930791789284 231.53542306574343
58.09272082366437 79.46964608314758
195.58127873589837 105.46924463665252
145.3354724262799 101.10281988617062
189.93291966740824 117.83908654401435
142.1002253775419 140.2928241476519
201.24503137321054 93.86757556254344
11.35902237249714 98.4485902807752
163.1736809937189 237.55398356383944
135.7646288846066 45.59725761634512
21.54107674988731 39.41778957933373
200.5864008478813 121.6589427170198
44.70460637242499 34.87056724652082
177.18225952479034 172.2542008563778
42.345839637920825 149.95844648579808
19.84868364259204 43.31028950262483
163.28224203521972 22.47774025223559
181.05923183181602 104.66133846190304
146.13168152172636 138.91717276087647
56.99590422013287 7.591478833345461
137.56275810553356 4.987755746738543
189.9247782532875 70.02664681985249
107.34350758042585 241.4358851565257
33.31069843429288 177.34804927748226
146.42895388091034 189.42383353894476
6.465025370422872 2.695628898189084
241.1600842553312 223.43324742867543
51.431520970745964 158.79266081346591
207.9231684387455 40.58516222245526
222.56228250739147 93.25606958525567
177.39935277223628 213.95620927231366
208.02035265920097 149.86653783304322
52.33430388751065 240.8448324638356
34.17931020898965 8.648102427538717
83.43260843818321 159.38974530703388
231.0260605869245 153.2388399527012
160.47195470416693 239.05532022206225
180.53707817846166 198.75354990600107
51.28179213191733 42.61061014529616
79.06878274084735 186.8612388484916
178.05459070209133 92.31273059518807
92.9567425106309 113.64841479482132
75.70513377072585 203.3595153808994
207.81559654574804 198.37503186853667
45.274091696985266 184.9850910872083
187.1475196668185 105.90664954855006
227.47088462778007 101.83891111897478
154.1479112281209 151.63443669356428
140.5230471730376 63.712854931986556
163.61743110703557 105.23906619685656
206.0348154200868 75.42512998843723
240.61073111556232 168.9769283820677
30.360471797876514 26.555315430676185
59.91915178999241 231.98552012909852
11.772402445094393 39.998445699639454
68.24638905472158 213.745095369523
139.5720411219895 49.77552873692448
119.93107725537439 173.88397549441748
215.5873070280321 10.760277410558794
2.841605589043006 11.686546672595
209.63767625818642 56.82386910567394
25.367037351162026 19.180452150667744
75.80443467051151 196.04503254246515
208.57081765903712 167.44154994151208
36.75930469388228 79.5152444245345
117.00195716457948 125.21095920137049
221.13835493181668 175.63677358821982
83.89796227695312 223.26119589431713
1.1138857584263029 162.02921593417508
146.7012542588213 56.50937868614997
89.5835231159581 126.28057987605557
133.44142102003707 23.46040469413943
132.75979480405536 0.2433601858018719
107.72704591237003 70.433034040283
148.85067867451824 82.90481369588126
115.89708726785469 46.668625597862004
152.11846663904234 49.17978720640015
41.49627779544204 166.6888209768784
152.84033594056038 43.73860666324247
203.12453531648242 183.9935223041308
147.6348801434594 216.76973859732118
10.11538891130323 153.18840907807405
148.09364670483347 206.45527415786526
211.39359724767155 67.2154618202395
153.30322560333514 213.4602345718877
137.31195059647067 185.87727810388907
126.67087050840611 245.6790882476223
118.45190414500483 62.321089955004545
51.90491026147695 117.86264022318943
26.628884283934756 64.26663745636633
139.10959090197886 103.04011021455217
204.51247274225852 71.43854129630759
58.57231940441274 102.77526226897918
10.63074711265971 147.83105867536608
137.23100961138957 232.8305824395319
50.46436667269189 11.898718953320897
188.2915110678762 120.10701983739139
148.32826440799255 134.45033232140875
240.52181581881615 103.99678237409027
203.0778160514888 108.03325006747566
160.4577049799543 85.27001613086941
173.85158000796727 145.9056420841608
217.28325950730445 163.7032144920617
191.59146074480103 124.73169247370517
158.44852469693086 16.61991650656741
106.9448103544208 195.28024723967286
162.37955612485294 156.5233597702198
210.83498162293648 49.36646255236618
173.5654173756394 9.855768660953196
102.73847679113531 158.8216969279037
4.465233424187975 131.77411544087582
242.55486187269355 164.68038684227957
145.98998718415382 12.808581092235066
109.50481045322525 7.889101912373686
225.7533213184902 113.45469805331446
0.1584297396276524 131.12388319560438
28.109899408388898 189.10397454897043
148.51003554892782 187.64943007397252
187.7757441264659 19.45799394604447
29.032369739307175 146.7946746964278
148.0222775493515 68.92670010324461
44.81874693906215 7.482401691959295
100.29100555499556 156.29367237494853
64.11110615283627 156.10861278760845
57.643861782763786 79.15772556651781
241.85935887858852 42.87572645386351
131.84926893250952 167.10903945918645
154.31121743151508 244.99031148898302
71.66642343342272 76.55917939399984
86.35369018787334 163.88422774068974
234.32988322562724 88.25385859866505
120.46647481698835 186.7460149488082
71.23015559728468 54.44521864415458
242.75980423889297 60.770364775217914
123.41230871403 242.75422707105895
238.12616593015625 56.19219746357557
22.533688262347475 94.75278227769968
208.0426411086697 64.81432739803783
245.37414876467872 20.628512487082613
72.36345359843067 230.893586716447
131.6686904059966 205.17549548745706
80.17435197740774 215.76041922646962
50.20127738739305 14.492493595955363
232.1385088202039 144.1612849830975
15.111515939147058 12.732867086142768
100.62947226485056 176.5227892262577
44.88183024607767 202.28051274015482
11.67349866953371 1.947741390527169
31.82325470810829 196.33386632954947
85.78127404311358 40.49027326973437
165.93008621273927 235.14506493641179
231.0950260447054 72.76463980855577
87.45905336441642 204.99733526873658
243.74402405512635 5.661991149369189
56.125429535169744 235.99810268920558
64.28913409219567 142.91718725775803
132.72727899280326 79.56615524394819
124.97572222667927 123.98948477496943
48.85171768207616 164.82606097712312
54.146509161456414 161.45211550779007
243.52554330792455 185.37667991625736
31.494573844322776 7.6245368511352325
159.36616533336644 64.4833741108116
115.91419868784769 235.58423706972138
46.22892096398465 100.85757872853554
156.2102538304867 96.8059840126403
72.97353851210359 183.61316441991426
108.74976343966378 66.2365791215802
13.675548334904475 83.52170785932353
236.1183844222978 97.37701220153147
113.17937912946554 86.15083563010198
167.40026582193812 145.26670192720866
233.47436942087776 108.6838359712613
151.70944827877963 150.04433223815113
39.18383683481025 160.23510510126707
219.16842837751173 16.88513562660829
0.10870051821212923 160.44704722171096
157.79090779945497 13.351475005017821
203.8264528931398 199.4839593747493
236.19750163787495 173.00075050854426
215.62020828880134 41.70852879569465
159.43432321288074 191.21767222771783
125.53796078529456 16.202072622876596
44.76304280808199 144.7542881243855
72.41752643273725 190.77536006705031
221.06436023243896 134.06358437814725
92.53570851742721 190.0982104507372
35.75247531297085 155.91761011206444
142.17722396960326 213.52611268805998
225.6597743843683 130.96229518887017
147.2990182081882 54.276859728035866
148.36960797936234 183.60919548521977
206.89258455708537 228.09346675172233
93.16910947445089 86.10270472575202
243.5583481385699 215.82949584480895
10.146726850522786 145.6191559351349
26.67005799596514 67.5604528079381
138.61329338224073 181.2092074946839
80.86258529047937 89.60995144930844
62.34089625035632 75.7459518520375
166.72421690267618 1.9138841944736085
89.36394415316065 116.51661620550777
201.54308562692898 100.00717155196426
40.1333959905725 59.71567361235858
48.636138591322485 9.797395975390033
140.9788316906988 173.16613967228164
133.3925989866516 22.83996560090687
25.304304651744353 129.79481207620148
90.29501333071457 108.12745455911255
185.49204088961244 179.84207481944296
29.75395462734054 26.01392444016945
0.2078944801721383 167.41128166529995
45.10806836715367 43.22084465582412
166.66445914202964 33.894965473520614
197.3911813268353 68.77049232687943
219.63568590247178 8.23135428509006
107.91162325651149 143.02286491506135
106.80232168283122 0.8191068797726297
213.4794076112412 159.2364876703718
137.51722078161862 157.2647797355644
1.0428007292667685 128.8292901621756
195.88651394510535 237.6941332585212
61.05521738086075 20.854387046118667
45.718331882773356 77.98160497789527
47.30734676186765 222.51006592095518
20.06308681515523 55.40506756255145
32.6259103656216 213.26014851252967
48.997187952160516 27.50367526416475
55.50377056293629 97.51081025187585
150.64708534715885 37.833901405828676
51.663604804262796 133.39508201451704
109.97529612655785 59.60624232729644
239.68705308442708 59.87922350146527
220.66182729805416 75.61512719847771
54.822112857453284 184.94100053065995
165.84335187113967 57.45804650189637
106.48278025305632 240.34687715252392
114.9738333836466 31.162214196461978
196.91528205925687 200.4818122831273
111.04216461562241 17.258504510310637
225.62718968959587 10.51703074657928
232.1967007190519 156.0543825777556
145.6245569764606 5.831175849668469
192.49223608893138 152.11060481512223
153.75016003104474 30.44727152155685
199.5521691613367 166.99427911759534
133.11985682324658 108.43738124440434
243.52153360394632 64.80569432532974
81.508347539515 98.47483579788427
199.871939067248 114.3310349468291
245.4359275474697 217.78912471127137
184.66990128107471 236.39689533972012
143.54314665105704 49.03312750738068
158.10539329731822 82.04195480253354
163.74777792078675 249.6467203203191
60.49485156593579 237.3680955469452
79.60048002385663 169.42933961582094
135.1095005598468 132.78225750810583
184.6932113793293 200.48242671126178
49.38346791179848 82.17164294303389
103.93489923403862 94.85804109395649
116.3478914421659 114.48987040212849
183.01724448655312 41.5628667828358
95.97158910779197 118.76253248415975
204.28218965089349 42.29748691249471
19.06650193481735 30.98911439418878
243.28138837383275 144.57751264105062
56.13366960364222 216.12446000129992
161.97565781265058 172.71675783523665
236.5059132372469 217.16330345429603
235.25504124670354 205.98491557948898
163.23773631878316 148.97959147196494
181.19423873532259 105.67553145701284
164.6417836777494 161.13502119774944
241.68415260073579 233.1592558523173
175.57488182818486 175.70460109962715
237.90232830221348 236.97444099025634
189.80592738020573 225.45284710413242
5.0076844181904665 0.5562717704954978
96.85896302220101 102.46201307291422
176.6077140340363 249.9467695069067
133.17229442940197 59.58215425923935
240.6591402731168 192.40456829291784
197.15125110613303 67.13113126631043
229.11118138354288 215.52721964848521
190.28721148524082 241.94362297927222
151.4753798035907 14.617584249040444
241.93828351747788 156.67921204741168
109.19583953017225 222.73298851849057
54.332465737857746 57.40910418149969
232.7770986590568 55.26573668902229
173.65603841160987 224.75393257391917
95.48473721410053 40.095338378557614
6.0045145202995425 210.904144732294
185.35717239240017 140.18913537874087
35.21005699947635 246.66865393555537
39.83091348188012 166.99100743256415
197.36317795134428 32.20515281642103
195.50157706421288 207.5013228449849
209.29017994331994 1.4086446160327115
22.210566249261042 123.47169940598316
143.69339271537348 212.4273422348699
190.37852522099175 101.67896276543037
80.89051530516758 224.10405633716164
154.91618576059363 149.11456925927212
100.0349939033821 207.61777273954786
142.08961618495218 65.59729277678095
98.44842561614608 93.76753645272059
128.74658242674275 68.71580374694334
191.07658216054782 236.02154842185718
115.81137805784783 226.89790972533163
0.45459856286711453 84.90148921041954
80.67935122800235 213.8971859605157
60.26213853656684 4.692456016880897
205.34934979596488 156.81974583272532
183.70453307399237 169.8640353872728
177.66938789091083 193.0070924025138
5.877331193433672 155.67535513349875
218.88379199903068 148.4998027219154
16.680555561160602 239.67379402127975
46.01429236058283 116.73990642832088
159.39862045096595 231.20779578030982
32.90401513556529 238.8721293865696
112.7957656399661 41.74655639806435
211.74902209023335 108.5199443954423
159.82445171726465 135.79511572377845
159.91391939053662 7.689398737612457
190.03555750282047 34.71523717359415
59.05103722981889 172.11240027061243
39.3026738121243 95.43004284443104
133.5119823429152 97.56935193002647
161.39093793732434 68.62461023869758
219.88507682748423 135.9161952546325
37.274876608059145 209.60697757364318
47.36428815467739 48.90998684907366
65.75037302085087 49.54212960938367
212.3365018674211 163.04223993053338
3.6503578074031653 4.410056478411501
107.83961599683819 142.46673123767332
165.36560760028567 139.49108042683955
239.76844595176536 154.51425954127146
244.01908694325596 197.10759059014953
149.09744589907152 38.04905579412188
199.33805763440571 69.22314410151961
62.8943458364126 169.6931366925319
50.52459690373603 116.3291070848369
48.07497687383289 236.09716738154495
63.38531923403817 195.8257382334269
241.466523594618 85.42076124332074
20.526546701894326 106.34980128526686
191.99954903213003 247.28008453803992
132.42600112452007 61.52517375495361
108.7451995869389 183.5772170985393
103.9069817973578 211.34020158000936
104.57162753029756 217.42296922605834
24.404563776664943 80.67135509006582
20.124277065972613 18.599316741431338
201.7663903054259 159.9838921836951
40.703034290739545 98.03516644114474
153.06998473658442 243.5432043062681
67.1562617026907 0.6121553233680022
141.85316138787832 9.218800446786135
1.1484478904165152 139.39151776060103
195.4395295088765 76.94711372540769
17.339334925834503 125.66788674358098
65.93404014390936 207.99077768041258
110.71498605249644 8.232761237076003
63.497707932828995 221.5916264448118
52.90848598362952 34.21736018314236
225.46358126902422 134.6461356821146
187.4893339350472 125.27224584219753
187.0679469149526 146.67752155464683
192.4025486043983 222.88963980504658
145.13394128904068 49.127837005771944
224.31809862039557 226.55517229479744
62.602112647193564 42.378970432950275
31.65935459569813 17.540608326042012
64.52636298790071 209.07114616952225
53.74996357945691 8.724377087594492
159.54893482344073 109.48307265665876
65.40231400890684 153.52583219498442
99.63498321242648 56.349040695894445
115.0039913588096 96.0017836013812
181.81639045434534 161.13226242675498
39.02164514031583 242.44130329356588
142.47997534073534 54.004304844284285
240.75941621012373 205.98704781234483
154.48008322496767 112.88856926462104
147.14861841864789 168.03875598699898
38.594184216962006 237.64404377716673
30.127409976398873 80.46820897353606
216.34924366880284 51.90038135912725
178.76200941839548 123.04998691367986
107.40602375004148 53.77879477962022
47.33931530526744 204.63979742739727
41.19010478726409 176.554976263388
32.94547294332609 69.5884277928874
224.9825259827419 21.561897822386488
191.1511179066344 180.01492332770744
147.81641889017806 16.3461751344266
55.340418038351935 125.19639492042862
89.80952024749197 137.53543177067732
232.94216270953282 210.23717975865856
97.78046606819946 93.66243744834412
7.6926106409851975 35.198396637256934
165.8878490799623 6.316872658823858
239.3161216472973 236.96521404347362
35.57001332188098 219.3464892822333
143.69368352930923 60.91091265059623
119.8600499269763 16.48077304254425
232.1679342951667 13.616400125288031
55.48002982781078 178.42262161052093
110.25625081420246 94.19479241284235
25.625844535026864 22.541883809219566
193.6233392535502 2.3165634095909935
31.45856094874852 118.95744895275561
212.30565195503027 36.302257680893014
86.40807080039542 179.98386478619116
194.33566749527736 57.783066617390496
224.5822458410038 154.6378905156502
3.1875175955315416 108.76627843637104
206.6608673889277 117.35973613717515
114.1314944127067 146.9725538233847
126.25919722612083 217.1705103923253
103.30438947584175 122.30020117474982
176.31208492173351 79.95941408857365
119.52544731123474 240.99491443796853
192.14331203616504 234.2666745917868
146.278232243825 169.6135561316252
213.04003113981418 222.82985975039094
200.79816195163397 164.34089681496718
148.9027746679717 7.61388586701961
190.8840079799201 144.04609855368295
70.7003303603502 117.3024467396637
245.57857171453873 84.81158021310603
90.9840285362257 203.12353454451355
47.90568227469769 209.99095597741592
229.25405141822637 67.14677526565497
84.36279978258757 84.04837817790728
55.62502027584901 126.88968271630868
69.91613356494089 163.9562995651212
29.889424227956624 148.61988675179592
168.63565154637726 85.28659792597551
83.32309244133634 88.57094638519003
50.52143269587692 148.41433645151508
74.70653671547082 16.460641942738885
99.04993378748198 94.52692390473955
35.905965457967646 91.85165761381903
138.71274286941144 186.84672587632812
8.356147327443248 137.11567103332538
173.4119928003812 245.07134474870568
155.86793630573206 131.22132633070106
101.4371429167799 195.00775232058984
141.0479335658542 102.11966825582275
239.35105928748553 45.85501412118109
144.06610700749334 68.99810381972345
200.23242598290568 110.66704841804825
3.5455323795734737 246.13127657113188
3.9689979050741564 157.636002382009
219.30928373131968 229.58008876281446
127.87214401793989 86.52439502039205
234.88685521190948 9.988509769755044
99.30882556711076 132.4838887352377
193.45762307456863 88.03134601074706
107.77627912878008 28.45530690800499
121.01641103435665 214.85358798585506
190.8121274511811 145.35086862602998
223.1919004237149 27.60282340087597
140.30473849685427 197.07949642174776
45.95013188374669 173.7145515146685
113.3657942095228 215.55089445430897
88.3803882553321 217.94409360066666
158.36941464020464 101.00580566982201
51.171791262356656 142.57577648779588
188.4818082962374 25.720015132527195
179.89789386086454 21.938693509010925
86.61193991205322 211.7546029037617
178.13874152936035 13.789530098571646
16.968747546000696 178.40182049550336
117.58738027933698 222.3223605420607
127.50983258437931 60.0007392189956
153.79038130575887 218.55271319181008
206.05071330950395 196.79631210540077
192.8951711790066 18.97327878761612
129.31213415928823 163.30921681982744
229.9176227660625 15.192117685531164
36.65318504421214 35.580441702842855
51.72909744957446 174.4768664514984
31.501965053186865 237.43747350391342
38.05376022505699 79.45828363969987
103.56202121812407 57.722944088952424
153.9122811555528 239.62166470548925
191.35537543703973 180.64265767162019
68.58519143299252 73.90110013432592
44.933457426935135 159.91892369052738
33.94439557327436 11.152779317663258
155.01611751378405 197.377275943188
233.77374051147854 189.7284076362053
99.56004236444058 222.8726700244383
191.1487379726894 200.05204433896216
215.34057289615217 22.91525594164642
49.25598835394471 217.0245758755005
246.21104587957294 53.81025290120336
173.02462739593747 61.62429562749991
19.390386462733776 46.823383564482455
181.63367258326477 154.35394281442822
42.77276176915376 48.0902455860493
83.13611554400613 169.4648708749586
161.43502365093968 121.42610182813759
141.51931438514265 79.25034952634027
218.95914514621074 216.1959028351644
86.85305576762225 2.1022151982808266
9.425924027336496 69.00073825514919
242.27008447908187 9.070529488146907
184.7928597540997 122.36980410847687
77.97028393528352 199.75011098834497
209.31277269579985 169.07438754625394
170.04504511647832 187.55796905556255
152.88873976152425 89.01239604495076
232.32804550476052 98.65591232625303
19.404260915292987 89.1578419331685
122.5324340610224 189.97422990972967
14.755194467415217 26.122394200012693
154.62526088621638 34.55221090856764
233.5865214812395 1.9870581742435223
84.10167026719556 90.41459219621103
176.32165773012215 218.44600492557169
123.62889429741114 74.27443223949807
52.747541930566356 112.47553378634287
204.9901071705432 26.65777046966733
41.30066736429569 236.80504992767789
140.20260580326584 204.55314553893595
137.22481881525226 89.97789103115281
5.421146730092224 27.9184954818886
121.95405753750921 235.5714776100543
145.5159838857091 163.4728668075293
180.51609016935853 208.41276791291352
164.1461798980145 15.190434995131424
153.6115535095947 229.8266707959982
237.84078942889323 204.53306182235298
242.40007883584926 100.10665242323233
53.702024878976154 179.0336358112793
191.74305171008984 134.4381029488251
98.66336557319194 244.25545284619017
206.3856952594726 21.18240624825071
137.33341814308164 229.4588760081636
114.54834495445849 195.04780377985384
152.98941252824284 78.47862559868959
223.28888077988387 194.0858790397567
235.89679220651095 95.83521621836624
165.3898118698191 233.60928323755223
127.87997870844137 217.57841607083117
152.3246156884153 104.97327327873643
217.88555275196902 5.664584605746814
152.4220410047549 207.62105236181347
65.49461359190084 228.5151407001012
86.33052734934773 47.74728636630651
237.67510298403462 122.3785165331396
196.62075936069084 48.98157504716954
94.64538404420713 249.47168808894045
14.797633421357286 78.82365593749118
150.73781267978342 202.51555159860774
142.68889303886644 66.71061496336164
90.77272661495964 171.52708647451922
202.9306276325689 95.98612968501533
7.847915791058563 236.69575171880496
233.76895879921025 150.2957078780941
58.22123911993421 47.54515647202553
238.90046653848316 148.613914700368
228.17421224772878 18.834121908801375
79.87389697243225 98.34867083492124
18.308555825859745 102.94801290557679
49.36848547531947 41.88671734345301
195.60349464965262 200.81005478028317
239.9116266179141 58.453979099399675
156.13613756066744 201.08214671288528
135.4372009406736 121.96040139029235
178.26288596410552 245.23569060974833
51.823708919800396 138.73060566039067
247.73162564244885 200.86006318014293
198.11998540498547 200.6499613825773
36.47297640733713 127.81717709012209
160.73335896553672 71.557964095527
156.7325679333109 128.1881454106063
191.04630510667064 165.96034921552203
101.9589887775432 222.61961639740525
31.080718657582246 67.20818816057988
89.98513434984318 198.61235319687714
32.195630676956576 68.31564785855306
8.984124033562024 238.85741006359103
97.7901391346887 127.51908630922631
174.44597897805656 139.43030577365394
96.58785276644083 84.47007733573922
32.74674471336303 236.95734639519068
68.63867389277637 177.55374923889966
89.42261440331035 45.61254099018261
52.53061624065966 190.85688620688703
75.73340374627708 185.05341469274222
85.38432420156772 197.65325900568683
110.07998249403688 182.1271702605693
98.29019810895015 247.41556254501742
28.81487356002868 35.605794408478275
229.75534251594385 92.64986647807166
248.4495789720002 93.17159762110053
213.8257626688214 159.13922426776878
23.934178466664374 84.51738295230734
235.50640410611743 25.30348094080223
12.85479819986904 60.56700652551078
17.10004536689724 109.07719428951071
48.2590345690268 36.63798980127181
61.84173264175827 205.41989766202025
75.06275031873935 78.30669796998008
176.935741987728 71.66188230806702
202.88003003376437 135.991593997771
135.62360646982688 246.68043265658278
176.68232652442333 24.12356668170973
100.10090192030289 46.41614201055738
154.209580969172 124.70051202557
94.90832435612515 181.87720955917615
182.38988931495794 224.84739491645598
113.91040773424612 217.56579917936799
18.217431544474668 201.67154245839365
6.051768532515545 7.8352422829960915
111.43984235609756 134.22552596536462
93.17517224705904 23.63294377887834
196.72696361403422 163.6493510360542
118.9090550673364 96.49720443874236
244.76847880692472 19.87567391110115
76.56644914261688 194.49522000582377
245.63972873777564 220.0929179747965
236.89575112425038 41.22507796918157
242.77298712312682 131.19768502092236
177.83951569210174 115.07345052010973
227.52169624280242 131.83878859256694
223.6501319431705 12.881422208906146
69.05061962905837 155.93445456936027
248.9409247504193 222.29572885901314
46.88927943136359 186.25303760131422
136.28788884689072 72.40836456186828
221.20518261795308 60.413891372460114
117.56493506849863 178.8515309757404
29.708724640445688 242.82520504989014
222.28903114582178 192.78804487144916
218.90704648779524 168.40302192352334
126.00644786475296 44.03470581029264
51.731400713429885 141.46823712750455
120.25248232819862 148.0987719824913
7.813440717293868 239.57160401840906
128.28240280477982 95.37418267232519
135.61868262286282 242.70776328474432
85.66250807769224 182.51259825582838
54.640199218910084 142.41282008340764
174.98403333338496 152.03826874194206
84.5391641277802 135.39009219696294
46.32247858858948 130.80010024622658
127.24897133350605 128.80308191687828
130.4840335538262 83.28807982691053
167.4037320066032 212.84047618647915
144.97325119991896 36.703611128800524
176.42554069082232 216.92477634050294
70.42050913131875 206.8949389625984
150.79200559170965 180.63577269131324
65.68626754966225 192.04681172218122
221.10213112368413 229.60054896985957
154.08348302051306 111.18237658564462
205.47877451152758 203.83149426716207
134.70925867508535 136.9668641748204
151.42788420962876 205.79367010814056
168.97230386128774 114.8223939023515
89.58955855532028 70.49637886350821
196.917715300254 237.2598138764579
19.703894994069298 31.6125902457208
89.32437999610626 71.48300996856632
245.70918251505566 182.58371505527288
15.127465016690378 57.136497783178584
120.95346716853945 140.49523041676184
59.14937576929524 105.0406476969414
245.71059759195447 170.99258807365814
2.0568979296187173 11.327395230470326
57.8993437142748 174.09212980703734
59.48458751549507 11.208043371254556
39.596556875581335 33.425409843754025
28.531098892777496 162.4559863671834
193.94865082282453 180.71579929695844
65.51666750480132 196.32892880469817
173.85151225843785 29.36083873159309
94.00013811513236 73.22145752724902
150.93353164010034 35.971012321424325
166.39358330991607 218.36307643511367
70.77841289330041 126.74298315512608
184.91814230526356 29.69579968333261
157.74133457274002 11.509854223888727
127.00447139435647 234.34724774863977
8.625224931289893 65.03229946045938
238.15456183470104 165.2113590846167
0.7581704180640303 27.474859556032822
239.23181525992865 218.45014840562467
54.30940030177195 153.88575568801846
22.60978015922113 86.23107617617359
28.134179802589586 188.2981694034651
168.1354673362501 8.141093439501478
189.56199974059749 50.524883102993414
21.12502415225512 120.21293654298334
249.8298099665442 129.7505319624945
88.39333552904696 96.26838062225865
121.15970796191078 195.34905815681321
148.85175604901954 96.01189182569972
235.75596108215342 140.16194520662236
137.44089018308094 14.737221137867406
159.40131799108215 202.61420998672656
25.91616419634596 110.59574659147387
129.95372328506994 249.37819052774066
39.323798640266695 87.40640269263295
11.3378502513648 144.9294881328889
197.34048715071015 60.365664023224575
158.93484452481516 63.50741114405275
89.17953980396673 10.218262305728365
111.9200761158104 152.60281443145254
165.31098374767092 147.2698649504104
0.04905064576302132 199.0360621329078
188.76521275437037 125.30639046492789
87.07749460812563 218.281067558909
41.10945242334954 154.9990534727001
97.45245752032768 153.349415699867
127.27248506078945 120.39939440846551
79.85562074840075 27.13742729146351
105.42197794733796 100.8337565776791
171.5923139419667 134.76553724291645
142.05768200088943 220.08207441414436
102.06679161234258 115.82964659448311
74.62709961848624 100.30332546552378
74.19612600366027 172.1403270015236
0.2059946356714193 77.62110657210383
161.19887421208304 133.20996299868818
102.34572597950061 216.6099021507128
139.23770298169953 232.27187281024348
144.99414286576382 191.05499346216274
145.88805018037897 2.7841372626783434
130.74244294927644 234.95770203470974
218.38995133765218 122.66022254858584
142.87259941979474 131.75865942780885
183.62000391901728 225.0319150826103
214.2704020523116 157.94075524293697
98.58597262045777 127.6495528631976
131.52401654971968 27.038271881136694
149.64101136574095 131.96809597019507
205.67151799766197 78.58529818791341
61.1437287533203 237.6598440060279
20.302078153433268 119.03181987945466
135.06074270982873 154.46998501779376
57.7909550070698 248.00012531455585
181.69506470479658 47.8253353821213
138.13036897223688 3.7251526241520727
33.36445312893832 97.48918817446884
189.51985226636072 163.814537357345
93.84594294243564 146.10624792100225
184.65256344970686 121.64068090603533
49.300801747205306 127.29477190954
39.687760440903524 229.82810004598295
58.52748263449497 23.748436199064056
173.27599164116106 101.54301971910672
232.84407274900198 222.00831713293144
240.85466533671644 100.76438064536487
69.08904901649282 107.40914587179249
20.710728975943503 37.127180680178064
179.02567946985474 72.47244836864519
169.2967075719397 249.05372828955984
178.02107316595365 236.9168339941193
204.61142621819525 126.9665317742468
30.641677807415363 149.2593364451724
54.28820917352725 160.17507684064157
42.0167835001421 16.308820612307457
13.067868762491718 235.1580339047833
223.492559177797 94.92492250667259
54.49887065414064 209.0752334845773
169.04502216088173 180.89326167163796
28.654081593982028 96.61826559001726
63.74302473194085 242.50348513822172
77.58239636566847 215.02590643490635
198.58146492467105 205.94826809656917
168.7903331579854 51.37163054829058
226.02015288738536 235.4395460134964
93.5891632118821 127.17799637493995
168.21656717871252 97.261777761011
227.66254250874368 202.1872404710694
47.95398737588391 211.59016356109584
170.08717996686667 69.85723830685461
29.54545110559656 203.76686096285266
231.7552451204096 244.82923813079395
175.38145349743843 243.851215116864
78.53079404884123 144.75717208719655
235.96287824217342 37.85993466601023
151.90464792994123 50.584009081179296
22.279931311548708 112.29757110836539
199.9243030425548 157.76430277750168
28.780033868161357 109.40234903838558
77.76738761937408 34.90511122208334
244.8910132120615 80.01777500134224
34.268358480114 37.52853558375022
249.0355699037533 217.5631997064721
191.43180037682458 151.12492841045275
182.4341436661046 136.4481738409763
183.47741222507966 73.09901947480016
2.512924823115381 156.8735885779313
167.38407743675342 16.407115521795912
52.44005012922074 104.24138345443326
173.7249668436646 90.47490748184492
31.8307482110142 126.74120823180738
152.88204545705142 73.89514822791082
196.9225170907892 0.49525161626212677
38.77843660167996 211.700985603728
81.73881172527881 25.41501324863013
68.85891530544866 181.0189047867578
8.009053641556074 119.84128920961356
98.81958084543422 107.77458629943412
182.42329401447878 152.62718084726058
43.892323209836995 126.22769532681818
233.8301126255172 243.2132893034858
163.06916743603935 162.06380291595477
184.48901731038546 165.40759763112817
93.17668579682756 171.9128759816384
144.34484885871095 139.08769831269512
248.10591183951897 94.04353978714109
57.81044283829395 191.80262893958604
224.72834080665473 44.017723737886485
191.93320795703298 57.292379798677295
212.93886096229366 222.41251495772622
122.74717836133459 178.66314637060023
193.37465789712735 118.33783661353833
194.31894725516415 37.524721444259555
198.40417708160714 154.08991464070738
185.8731287358242 109.93479040865411
127.32189464004436 16.800561417302934
38.33149883214951 220.1684925136591
48.32590689488636 63.27193248310567
50.054168025907956 199.7514565821135
154.5801143338994 136.95238942067635
148.18124652126164 65.0909613024983
219.41300183071243 155.23042319777687
79.37336502664424 130.02669187730672
117.28909744148919 163.68578406741054
243.48473131422716 235.74404742464023
107.68567694026554 142.23538496778104
73.87338031732854 1.9324630978551638
243.3906646767504 13.93685129242006
61.93673857229945 13.791126756943578
160.4477115173317 117.30347105398047
57.51862034947283 189.1694567411051
105.35949020710592 4.294574306259014
244.74946926580483 35.66887311691616
158.4036395905755 242.7582289091249
54.98779620002858 225.29852873814204
35.774707691403115 41.540675443542035
236.260524772728 97.76866156221512
50.737095444194885 223.35827619135262
105.19820423072801 41.42242030661317
108.85799094365156 84.27527079586211
14.201218326102548 53.225205742588905
149.69496475744194 224.05044031412172
36.29282515173723 185.4550696328861
101.65318672566345 10.065274805624163
101.3609689897064 118.31025476855855
144.11948820190543 246.11309721270067
8.203860624492936 203.74574839429903
98.04871777917859 11.5202613710296
245.06268744350723 35.01522231704746
238.99123965458912 128.2945976543885
15.051645569680527 180.91372334432214
15.415541269728273 175.97137913455418
162.5232354333771 69.87137241129516
194.442023492816 95.87029780625781
188.17213526107753 14.28943962212742
234.154528913491 202.59834302456105
158.69476244789703 42.494478625858534
166.09628754606584 247.23650528205496
72.91757243455419 179.90308646648796
91.97788915982383 228.41913896743637
94.45594292527032 218.1222543086101
112.99476146900847 31.81596584419691
149.43118576156462 219.45647343847008
91.91811780804274 142.26186799669438
242.33123813498133 216.3072267801972
62.67252691127575 24.892620568932156
124.9316463221862 64.1801679610692
209.72195172547316 69.68882219959696
218.91678379608854 203.32539339342708
234.58301509431328 72.96729464391511
6.618061475399061 32.04482117250998
221.52923580743166 160.50096483021278
168.21035322809863 157.44267745967016
185.85016388857588 156.65122579904045
96.18357886116604 0.9745124873140054
191.32368167519581 96.82751151826096
153.57369761053081 3.0684797615513624
219.16211418155405 143.7730600117381
118.26385438619397 85.98025294369424
63.67039162017879 241.7249440876758
240.58691428781813 230.58208496725157
249.32935004287364 248.60816626702143
103.33860525431915 232.75538460859798
107.23010112131732 218.03040763682415
129.43823901378101 119.68160037924052
123.98373381986094 152.92784263039894
194.24742942102216 236.71618509613853
34.08927233991926 135.02068965248193
245.70527006484593 62.15977728440891
236.8339337233971 4.73038875800294
156.01304014030788 40.15423731602982
102.65323944809445 9.778794942867986
83.0021301593094 91.15454448751082
61.067904840727635 25.038699120032344
83.84355792864804 57.35671927203217
156.77552615198522 57.508157311148864
136.7088006680801 110.76754797667867
4.893817544293966 82.38143058846335
166.74499376768208 14.107889846184635
187.88940532991666 247.9385867897265
162.12251855199162 217.45863845214183
95.02075661211227 122.2018512525635
57.78970402144415 117.77702023374306
234.80378001931908 149.79905805501122
50.09327618668857 207.49921499730715
28.108415463353882 176.8541534885274
249.84662222235522 190.13869296237777
20.133972803991735 108.26837860703652
190.3192014344866 220.9256439810333
117.86009624845082 203.6606942298211
134.62498270174092 20.777109891727125
31.675041818910177 219.33911680974344
159.99490422484837 74.62542099027117
249.6847706061862 36.76395573467842
184.25839934315852 219.1245675725101
196.59915185894027 249.9733572441114
208.50713361578607 238.68820228153294
163.0985633677978 100.08046985978133
70.15965691376758 212.33200229090295
151.22772592285344 85.60576538400066

95.46895992079754 226.06909403848897
208.45206451931264 222.2786685648874
112.89210281134405 241.6102362373824
200.34311028222047 247.5108714273794
87.85167148506245 36.16425854650948
11.916947269865863 57.33480764896293
118.54040915275202 141.24879605868207
105.30263602360674 149.67696725767075
106.97542183724137 235.77150063644459
97.267168990223 148.02194017353037
49.16428106434914 47.12428499164273
40.53840958012725 77.14356487130902
144.94546188555307 61.28606103676554
140.31507396514453 196.48297635156916
103.05465575628297 155.91184262899714
187.62048320225094 209.5442250900486
46.77087202772279 240.25682737796512
20.002020223951256 160.4617977325598
128.0289148002269 169.95328270712906
165.65646885960163 203.11407444506503
88.39153107252903 216.56893887230052
110.80178627706545 68.65871008787539
241.49319923702532 179.56208496358107
7.64966708336165 175.37553338443058
5.999652616080542 20.005751794877845
55.67520483899771 24.303646147400354
54.97173358169513 55.35010983801045
173.60095472480856 159.85549902033767
171.44824889840856 28.563182804184905
115.09212142831066 26.709287608616183
163.67885633363957 57.659809596572245
229.79591404522876 245.18722739260173
94.43777123311834 233.12301099617952
4.092402842015424 108.19048777315338
19.29603653800646 163.51293656277147
77.13301033272427 45.864353203621505
174.8141624333518 169.78360399262078
100.02931125681286 235.9843093255877
154.90699853699414 96.63546189201652
10.815207654712555 16.79957345174554
200.14636419964827 209.223113777864
15.935310179519796 133.28323555032583
135.32620545618386 153.15096483691727
124.82051117760292 62.40045020043583
11.44545659423049 131.55274818227647
140.3893540894723 93.7741924879819
78.16440227625033 84.44380837567452
119.55752035778875 188.64486919155885
9.854746726038478 73.38480004813131
68.465488986789 71.83163698900962
244.78874507633682 85.72453788223986
191.49865061870642 75.43101071029731
151.1514325802747 236.21427692861027
18.76240138985813 249.4323046432682
40.81747994694254 74.58409756858458
218.71771922438012 177.04800671497514
198.16061324177375 58.32853985003305
51.81989971236695 234.20922915737808
162.2184437472761 230.85191864092187
110.38548524984618 53.90038741154846
239.5167269231749 104.03007890832752
21.86616729675983 46.80469817375843
246.40158730541913 116.84194843615747
89.85720060828054 143.52640579168857
37.19090820377296 54.05384505797611
86.16104967476349 15.484206494069507
188.80037953586788 122.16304908273703
48.491458232789746 64.41722821517584
49.074919149504765 221.98669276782616
182.12549536124487 40.46212811836189
36.08798490566595 240.78936881804444
82.22497607495646 142.0306257565703
63.37863457083434 68.67125646604639
140.67513305318806 26.6867352775034
249.63365020227576 222.84828771199528
189.96978039825112 71.61959040132024
57.31773504920093 160.45161185015166
231.47484842594793 57.13467200656816
48.817332507040625 14.096105708262696
166.82214382709194 31.730853225242523
81.33382662332845 52.75806917298248
57.62609613776784 135.4948645682142
14.502877665845377 230.98934556309356
7.0474316390787 92.8284713623416
183.40559294973036 20.80172919274001
132.07489577085855 244.50315454294966
17.616015246995076 84.31139549734831
100.45636221749781 233.6962505874769
59.42593501621024 86.57140202462531
196.2383507801309 113.61694398116248
147.0898163393021 99.41749435911775
185.1656072440564 118.160745966006
144.77379526725673 135.38619662665
209.3884227026587 94.11859162997058
10.297414290630996 96.55448015668733
165.60035925370968 242.7848357890169
131.63258962596507 38.43263363682589
25.383827038531148 33.28908341858988
202.5061631644623 128.04934473975248
36.951990130337094 31.51424840068684
170.0524787061924 169.29008622297556
38.091914097660606 151.90300453475126
14.358836763585735 42.21858010630239
158.24115566347623 23.23834903987762
188.52563731842304 104.92074980539584
140.08151341110076 139.5447331362772
64.11464103609896 11.739463530052758
131.6932395462597 9.518905831696456
183.32938443741298 73.86393823870507
113.95064555292608 237.6479225561302
32.37071029825642 179.24986472369164
147.5458821810619 197.4834538612801
9.696122963230247 3.7504861942030674
236.53521104147904 219.7705612806783
50.06819354944567 159.56200918846434
203.28133173783843 37.119039381530385
225.20741018358754 93.89766860321383
171.39186594687578 213.6535725410574
210.1654801501766 147.22769161088704
49.345183360083674 238.45053779691239
31.136478309151254 14.312794253132587
90.01159733130463 157.1060148982972
230.39670503714515 149.65971069314497
162.53558700368285 246.6334640517244
177.29881056121408 200.03620860297426
43.28826529269328 43.54646464989032
82.20246121630989 180.97851323729054
185.1484136046559 90.10715575932868
98.06979789074782 116.62983423362766
77.10645672225425 210.26364759254284
202.97267879688883 200.6692490355923
44.273369067549275 177.95219278947533
193.181866786368 101.55391914138798
228.57888852405068 102.28070629400882
160.1043301851713 152.7708691730456
146.130523010712 59.770206594011526
157.3311300540625 108.74006917988338
212.89921823014737 73.41284375117988
242.99841695513513 174.53466328850192
30.445194840486412 27.179079915967936
67.4148295729126 230.56712019129753
13.29376393836243 36.252923751671936
74.11181037567574 216.46157709840014
134.20065608001232 50.6351308270569
119.19064086769058 175.503830031671
215.68181160170082 14.889392249046118
1.7600131860162627 3.6602896291449136
204.14740322031253 56.121618621795236
26.163543611523593 13.270233178419188
80.00339640120089 196.7660481237461
204.31026332326178 160.21310009275325
37.231428008619396 79.44398850231619
115.81601599807948 128.055029254295
223.14519313282568 181.02622306936797
79.62214822910732 220.8577138458715
3.4075760096150267 160.31111695903166
144.62324571519446 53.89736177366197
83.29643856743266 124.74163439148347
128.07843320291767 23.44074385147435
138.23743516576508 3.694863129348552
107.11930876674047 73.9935839066064
144.79332396460438 85.06971236008565
119.50976969134705 51.88690429015447
151.5596904246126 55.964645375353506
44.78516615951858 162.73556671081403
151.6242985990297 48.96803692181537
199.7768379214337 190.53847712864751
143.8852680065457 217.2049418396407
8.315171482127932 146.52399408815606
145.5382420510744 213.10823693107753
217.68030632791022 65.5457103258219
146.1213729771506 210.30308632499273
144.22970315263015 183.26583158683047
127.22045474013305 249.00895097891373
116.55646830204428 60.880507189649435
47.95145874252274 122.90749610617488
27.997464273012916 59.44707095876869
135.31496270164385 103.35457357743724
201.39564284716008 77.28697010329638
55.00066135811066 96.4458624849987
5.66388915802224 146.9213328901725
137.80584774777583 231.31004043424986
53.37876909992539 17.138294447742314
191.49346882898726 121.92758973311635
142.1690218323277 138.05536389414507
238.211611186321 104.53090179920127
204.9081495581646 107.11565005668928
157.78704581362078 81.92049275661734
180.34132186323356 147.8794605185355
222.44341393227884 161.88823146981176
195.96246604102762 119.20250127966422
156.50533668399703 16.957031006219147
102.11102508272133 196.72286733541608
168.45287806553142 152.08980059516787
206.20315194954327 45.24894092081747
172.60289012163923 11.292285155806104
110.80285185346709 160.2574642506179
6.504212069726373 127.94442482075443
240.4693805656318 172.60070098896102
150.16191608079373 7.791159347111471
108.57353292276333 2.7398938135427544
222.63131382546896 115.20591443510241
4.021180031510557 135.9278476039384
34.570620814977914 192.01943542422447
152.55159884485496 192.09328013365746
181.80672098453988 18.923054992606964
27.79855974346024 142.71971192015005
140.2908735018692 69.63216749741905
44.18721487976154 13.563171603920177
98.33905834249602 161.75825032541826
70.3613726352888 154.56641774073157
63.224531153614315 77.04989663378123
244.96459060301245 49.98782967020049
130.5141475344596 174.9111877572577
150.4385520295779 240.00616083932667
66.70807848181204 77.56618020838272
80.47574331343529 167.5690926832013
227.54503370480916 91.36884270005666
121.30293972606151 194.44793546316583
79.39789244653467 54.59086078599634
245.7706100075467 67.78517004139822
121.57617120920177 237.97757130459712
244.98415921659205 53.27286163274875
22.201299227674138 87.04316142295859
209.77826789764413 65.24518685131605
245.55796307969172 26.60373581625533
70.66307365335825 234.58660197305193
130.3857195620673 204.68956157016478
75.50740781833059 219.69098094037744
50.28942126849195 15.413550981171698
236.29179370581483 138.97374361972987
18.64358394436841 9.704723356372098
100.40698302627776 181.19881066894072
49.162247288976474 204.11633721308493
8.266115004150143 3.0607510597861487
30.83536500412937 202.31455558816626
86.7793535673216 36.22769010948817
171.43062790483773 239.6717808706494
229.11673636091072 67.24330083825036
79.43952869056415 206.26605590514436
243.29547271375955 9.926101678255723
62.85492670180706 237.46448325020157
66.74606018357076 144.49424922759997
135.70060439472954 78.5318976499747
128.4634397781742 124.54047223073859
43.33599898818608 166.80172984868895
52.21546154043613 157.37943158174036
246.1953518920229 189.1184040063021
35.836623775104215 11.932811311481606
163.10631701841896 70.7207263716153
116.67395404526704 231.54011895590608
49.59850403933652 106.22332773514037
157.69470642850717 94.59369221099678
74.72000136693497 184.45132417335162
104.07472149044456 68.069718847651
11.89098044646611 75.517442909419
233.35776944202047 90.45193094624717
105.3276076881361 83.39848743369386
172.6354635511394 143.09931874855212
235.1137586748074 111.63510158598841
154.78919805485117 147.70047863398239
44.84577431286768 162.45373889808783
214.66973042406417 21.53112711236918
0.5796446825901969 159.69794182606287
161.63125143461568 18.081480837454535
201.7379960235918 202.2529072526837
230.5080975694512 175.25436792707782
222.766220335055 46.11163993276174
160.15936177780105 196.095534268694
132.83712156134288 13.595327237856031
37.50664350743238 146.42283255455703
73.90858787223293 187.7584781941496
226.65460643069102 137.17685011049207
95.52623496569177 197.47490037224847
39.767752971919975 156.96857199261237
144.0351026722325 215.2096740945787
232.6957452772329 133.80997165132712
147.92206366037323 45.86191137249007
148.14063138272562 179.7703697836145
205.2417627073871 230.43545387874636
95.66193408243574 84.6399196891752
244.52201139836964 216.13164127568047
6.209102328602528 147.14386431896943
23.377008385748994 69.67985501869862
141.29964043452534 176.04305957408354
87.37890623233568 92.47131073326659
68.71812747884378 78.03162129268799
166.06311428460774 0.0002576898076867007
84.90072020460457 116.57097960579354
201.91644870891602 104.01055294079333
32.61629336362501 57.215098512302134
44.216497487143045 10.53306403940013
142.55454381701387 165.30255097363343
135.36588442185464 23.316287840125682
21.373511705777698 130.76610545508117
92.43510249572648 112.87750789311748
189.06061167270005 177.63511495413567
35.17763002642779 24.385102605095216
4.4021182524308085 160.5705415252862
45.57603809467442 43.48602445351493
165.8510404933187 27.712653960080267
201.4427364225715 66.8082609066396
218.50447826267066 13.132416005112834
99.75344447630374 143.76275674191152
105.36382440673195 9.049986655232905
210.06988315654377 165.50903763069908
137.59070658811783 156.36997766758446
2.758281542439983 120.76115727760434
193.18492514259836 230.15752254831074
59.71844927301245 25.12787139552486
43.65403915995314 75.60022674981754
51.58558920758938 219.39568723953175
14.972106014052716 61.68474736264962
36.22517787784002 208.18520195458157
54.09703811126729 32.42846543447217
52.03139843283264 98.06833981363178
152.4409348614149 31.55108077235194
46.704956314614435 137.32305514556478
112.38469467355888 55.33025924058133
233.24615800016096 55.579302457542276
224.235423372414 73.16813815430798
49.87789192504638 186.13870031825175
161.4789088679961 50.417308419381996
102.1602758888237 233.30968154779657
119.49437235772464 35.726962979409386
202.95545154486675 202.6111204839349
113.60517342062487 19.583008751748203
219.4800496695058 10.275719118322868
232.12965178432444 161.80462570359867
146.70780802563473 6.16623120884352
184.6721679768682 155.08356220411466
159.60627699390278 32.51088361775284
202.58524130530975 164.83245800111868
131.5527232350847 116.20451645899077
247.32545223275815 57.22111675968156
87.842634992847 101.2627418455957
206.59876059835028 118.60546898315738
247.07813925886282 211.31148714155614
186.07846187606768 232.70565518361272
138.60986460391536 50.080105111677014
160.7747014491738 83.27843074028637
162.04935336500796 247.57958374943027
58.96000344030075 241.0508180591984
85.44971462339699 172.62882427781597
140.6272820486046 135.47523415835295
187.4549948501483 196.5024803946045
50.22661116658336 89.49055127275449
101.74674701285413 98.69044943328406
112.69353335228006 114.82465086807642
177.266055506922 36.212626761160664
94.87186527921632 115.26637046548512
206.32784651678614 47.86734172204945
17.537266114561078 31.195284436252855
235.63788609912785 144.96932866101037
52.422454713151154 213.2627813655585
161.76699572315547 179.84913904884436
230.08207876269924 221.24112719102712
238.8403318549059 200.39157652106758
159.79946366813869 146.3021576063216
186.4141248954455 110.29137117061424
156.2780529699279 160.09410750633145
246.68192907043127 238.9330075885911
172.41915605527186 180.13488567994378
234.32120026242427 233.92852856477947
189.52127353673058 225.78342324670436
10.590496170919867 1.6453485984948002
101.40627316809194 104.89704083347256
174.89192128780857 243.66138308053104
128.24996796240126 57.90796605885293
240.2666534214676 198.22859594468187
191.23110950307523 68.90787794804945
220.74028338928997 215.33860831256067
182.33563868815918 242.8740734329216
155.173881751075 10.773111405543794
247.53983055766946 161.34994283024832
116.45670671856792 224.58827808092275
60.3939179274425 57.24046665095822
229.77233867969954 54.58806954552314
174.3331903167753 223.5719728231285
97.60862934643998 43.801491726911394
11.945586474377128 207.24454907987513
191.9029091392215 137.0904101458694
29.164090463422443 244.52975393074226
33.909069198097804 163.04518470162708
199.92466250483434 33.80870281920503
191.40459861285552 209.29200982084672
207.7562924020571 8.900982214493286
24.375013440172484 120.85868191716087
137.30671997850104 208.77612437913047
193.3575787688094 96.68717786329289
82.14401280997086 226.06062776963358
152.67189516484328 145.34355457851274
103.64707502397799 203.2060798980042
138.58302879770898 59.132890536164
101.0652337339811 86.63637333741845
130.45376413269858 63.96423593048311
190.8263541803516 238.56180103698534
111.41033523093746 225.99199723680331
2.5689736225068263 80.21596892603777
85.31618777129648 216.62192497691763
62.398479039010105 5.025228531182507
211.80168216772523 157.59340259485535
176.40461489720303 167.77906517975444
175.7628659194103 195.61403491091554
12.509846156284365 154.95383112416167
221.7080030206488 146.4236750030338
24.222214989546547 241.29519580191487
50.38363873471099 121.78114394728642
166.466247748015 235.38505026703254
28.86370418421766 234.69329545422912
113.87166618648378 38.03044537104988
211.0270861205613 111.34993060267252
161.1791872790764 133.29399601780105
160.86554551870833 7.204168932158223
182.63567306777352 35.42057178554686
63.25017107534458 179.12235252972366
44.79043875085775 98.84535862683497
129.30158783826005 100.97194293129974
166.3456077389217 70.23113269911924
215.39104275287443 131.69065568524067
32.80678217520233 205.9586113806547
52.02601387068001 49.068835189809924
60.09322841700093 45.40184531247049
220.19504949854826 164.12127703173522
2.8333046370360435 11.141313553828692
113.79235955981743 142.4252624357352
170.56830701900262 143.5527885995986
234.9590129506916 152.93473939742333
246.93049330595127 189.63912029196962
148.97444005834024 29.989021764554007
197.34965403318367 70.01304327490155
58.2916908136949 163.82231195158823
45.66163498795228 112.3080151324409
41.68624203376156 231.04869047227461
68.60366268458715 196.61647404694435
239.3412743788262 90.09038240263969
25.363392484671426 103.58197528223029
185.5102739363208 244.5656568346328
127.21721510806272 55.51878776632904
106.3861573576467 182.0446463005083
101.68970505099492 210.40011877223805
101.82855384405504 220.3936731760092
21.01832542607582 85.73473920836763
12.855133908116823 20.542292272651668
205.33635825581166 161.2945728647137
44.31073815065514 94.05576985775555
147.42116193506976 241.50921871174572
61.42206095328748 0.9978436236245114
144.8913442130536 13.626561338757199
4.59921685811096 134.45052491392283
199.3197501527793 78.70381013504068
14.803447659834074 132.31179094845191
65.66051312917678 200.37628854894322
117.3297402602959 3.4251136352503595
68.92322653489877 220.16339766138125
44.510962150199894 33.91001354942752
222.09933999588156 128.07381845248494
188.49073314464422 123.31910746264668
193.0334615801802 152.48356623741873
192.64855612487023 223.48435408221414
149.2206349889722 47.225850361828805
226.89889531685012 221.40589133978196
56.41007759091232 40.656438047493
28.37109985299524 18.427390725389625
63.85779218165116 207.82003434635553
51.063740646061284 9.47200718709587
154.0647952277609 106.54562509594234
59.6018641861005 153.77064870753617
95.26211298281318 60.9586645569237
119.41285485379579 98.69107804688318
188.65704022322348 158.6038336726992
46.66764265475659 241.21217392722687
138.19179489305634 55.10622040713115
241.84528395564874 213.37376369589646
154.55458206796501 118.37588694556275
145.25722048389463 163.84803894418636
44.20508186033476 236.88910570724252
31.53965743231954 82.76008368881102
210.47137373753873 51.00747211792619
175.7038452249992 126.40558552621597
102.064760708238 49.09311888638407
41.053551051668194 204.56897023018894
34.661598201041585 179.5114145551264
28.64162808575302 63.33761252370329
220.15182919789925 22.22744035427837
187.1224234907458 176.85830282795774
145.07706207790534 16.559930561476616
55.04238312231821 124.98282191745832
85.02210827899908 132.72167212492624
237.68592255044717 208.10907216738704
90.39204559259237 95.53829054895834
14.351798051475212 39.38239317995512
171.6887192850186 2.107831072932914
240.28582729262877 229.0850592974052
29.012336372073705 214.9241145053255
144.93416817188552 57.769041897174326
125.8111187101382 16.305638595345062
240.10604177343336 12.915223778676072
52.19099707403965 180.1424304432039
114.73951448364733 100.41312578813971
23.37625410786376 16.1161527259491
197.81095207397976 5.534945118446627
38.848484861673995 119.62476340787667
217.9079813486693 40.200888361269506
83.02946240780473 173.59319685468674
197.08896592063934 64.1190228582142
221.8002220042921 156.84264516092475
0.8047956568278669 105.80885086900469
202.99272387619072 114.96406648293969
110.88549166533474 143.4344270304388
121.08413945158577 214.49879888534107
107.49548564557621 120.72912695017746
175.29591774204542 73.76852214657248
120.70460639964733 234.38672454401276
192.51872825089495 228.9807986398866
148.43515531844227 169.2216907656643
219.99392844292933 224.7266057390072
197.03355079472936 168.7893706241678
155.74886935793864 6.486989517750397
187.4570928765951 143.85372916953872
63.97843338946959 118.16409120612889
243.9936492204526 90.19300421124132
90.69375602282514 199.13584497556727
41.45438546171745 207.0730041149518
237.3603372260205 65.38124485508223
85.11992478539221 76.79382200668533
49.29468885388799 122.24793574777793
70.25877132357505 165.06979378321458
28.609410622842752 144.80920319708795
165.66784070349675 84.0526800314702
86.30005970671448 93.73766975908124
45.02702882879211 142.7445978367537
74.27463133624637 21.50007293824449
104.36364767451408 89.93234850121986
28.15099748239308 91.15570404057361
141.0546524356374 185.5947283891326
4.359688088442115 139.21040077439568
174.9166504818731 243.77386367881095
162.12852263872128 127.47169866571265
95.24638942135896 192.01900758395254
145.61932511410322 96.09815278359405
245.18238666248158 40.15254856587849
142.83259894565703 64.81420108043432
206.20118959982818 114.47568444586551
1.3286725862960702 248.1687389815558
1.4390389054379504 159.80971655449625
217.9571739365156 224.46223491807393
133.49975174878824 92.62247688720232
234.63180678531884 10.05024001364202
95.26919651227853 133.6292520976811
191.88911123929964 93.34092561659082
102.83483623500832 27.26426667728607
128.05857797661307 216.02431881962877
183.66972845656875 143.30421342121375
223.02979615195434 35.42598804672992
138.8546319297317 202.56747201530615
45.00193750534934 167.95403455244409
110.05703096599173 215.17969048092277
92.93969785197459 222.31501666995487
155.23850340793385 99.01373488720611
51.03650529552362 145.41408819133682
192.2514894723315 27.573883256892056
177.71372614197568 29.066459968935256
87.27581045780356 213.88986075405577
172.2866900864676 10.094163222640312
10.865036557730134 174.23074573851386
117.1766138196201 228.19806428474945
124.20403600560783 54.64836753875441
155.43573166357837 215.6206366406815
210.65102128517768 197.6711663634948
190.82669136357333 22.117649957869496
127.07437462851453 159.65797173381483
234.9756233893755 12.550564825614952
38.85051638216258 37.19771634460239
53.411987818194895 175.83107883718802
31.100312161726123 237.82842008551032
37.014943128332725 76.86958047709125
98.28626035242746 63.58520468667172
148.01349004891895 240.36008437428833
191.67760654293883 188.88116622268538
69.10877499620707 82.30513105407441
41.44136608116394 156.74715965884707
39.206167533718336 10.51836347765242
158.69893955885868 196.74912039403432
237.3015522649224 191.98589610860842
107.23235018387345 223.24785334958258
195.4498190072948 201.11594095768447
213.39777734796542 24.65778488830994
47.71911068113568 209.28463909327021
242.41506561513685 57.29313685254919
178.60114261123755 60.691644001314934
19.19109599360258 55.1681474394628
183.23280681610734 152.00764769855465
39.495118853577424 47.563705164439945
86.39939257004819 165.33701915512404
162.18831111193367 118.19090811687902
137.53259833623292 84.83427786780076
226.16598125118117 220.5789362478341
85.40889708888861 1.4187168540194528
2.0977060540600387 64.82935458745901
245.33826123251797 7.9230841062104265
183.50304405964474 121.25949462916527
72.96130170270332 204.41385514228546
211.63551266004225 171.21413275706988
165.4746946979942 194.6918791692498
151.08505463127412 82.66833535684215
229.17056033751393 104.0768958924502
20.53936380369381 82.42595891122731
121.25904193020587 185.16550170869655
9.797834133190797 19.617580133247852
157.5228012411056 27.223854078509163
238.7799080438789 8.344415756480927
81.72568235780567 83.11289574082808
171.59109274325542 212.94249831106112
123.87251456556302 70.55408981327996
51.97791897450782 105.98400989321368
206.87903179231677 23.051361808288206
43.77592799130528 228.87239975264626
132.9673488516809 202.06629611280064
142.85970293321637 92.78849597823877
7.164311520229949 26.15556927841331
121.05589526250277 229.8271159898421
142.9873422157899 159.28081197135265
177.5891259713932 208.9415839397534
170.8966212646404 16.13459555225033
153.77456395957998 230.98203807239315
234.49140233547885 200.94978800715015
235.54110481534454 96.78445929133736
54.98965766328337 187.14471316189557
194.54275201262425 138.6625574015387
93.10749334345545 239.10582474575912
206.70185629348987 26.937192875499893
131.76408098502407 226.3424023647041
117.81807265186146 189.31302701995978
156.610130293863 70.87895652819265
227.16737305886784 191.69293515295718
237.6776543929876 99.71765276897807
157.80471790746685 237.28160848988574
133.05109978035495 217.1118068751963
148.67531327214115 100.73981972276485
216.5935835837288 7.251946400543025
150.33330649573858 204.3411819204054
63.159378664119025 225.64104211887488
81.04713159625582 50.00813978953222
238.74697199100194 125.21589441966304
201.4413694126497 42.771035697472314
95.99684572362835 249.03014280103366
15.362969917843888 71.02581212629374
153.74962558319785 201.6798736921774
145.30574374442676 59.56369654407534
86.51234209173522 168.14091875079023
207.18673621658942 90.18479624656389
3.219520021533362 229.67558170120972
234.56134057691838 143.69614332833035
53.93888112964168 45.15645208723901
244.4665433386335 154.73781960448147
233.41460616699317 15.747467436961315
78.33686133751253 90.5064028349696
22.531289029758874 102.16812015836868
48.81683818456789 46.54132081535217
195.74722990172188 198.42709733262396
245.21294822004992 58.99740563087702
160.59658094021498 203.99261797161842
134.54097418007402 117.79968808677104
180.31717566977144 246.09910682328442
52.67867763379236 134.26297531806424
241.2888098275257 200.83961668023136
191.5667162397479 197.8328218801437
35.9853171911092 124.12639224780608
160.0739451780137 73.99147651780058
158.30246395680072 136.11952973530344
185.18867498452332 160.44873086105392
106.0467452460499 225.3568127301519
32.73548239381449 65.26445506799733
93.8030677277088 193.99008675750943
27.594665151870647 73.40187555996394
5.878450720229994 240.71025809018928
93.34731162870725 128.85109109171162
174.511894750692 144.04823337161233
93.00444132352187 78.62241124043584
27.727905938387863 241.53597386897027
65.28922967437634 171.19307027076164
94.64200998934302 47.46375100376865
58.73280001778042 191.36816130059228
71.96163422841406 191.92052607603696
90.0278305548707 196.44241867066046
115.10427887491286 177.7572105189492
106.30054950051989 247.21359682049228
23.24802878589069 32.32182544145032
223.36226323370283 91.20324298139487
249.18141486577667 95.46898736738305
217.67909934090767 155.7927621036624
21.946624709238165 87.00838671853126
228.78793809044805 21.78596055723797
17.559226286737896 54.58571422884764
15.127575363300894 102.61814402132363
48.503091276445474 39.23819652927574
69.74837833586703 205.30602317815053
74.7828477436657 85.34560318324905
168.76158801365185 71.50061046062969
197.96124085826975 129.56085949405423
137.60235860950945 242.463425099357
180.49351619412639 27.78564941204764
99.93949869095029 42.240040820210126
152.53499311191425 118.34784297158319
91.26918551493551 187.06383716477757
190.25595380741157 225.50130357969502
119.43167335039328 211.83853130410185
20.946392143785157 198.29697344025786
0.8939753636109937 7.965312139833813
113.90194875668352 138.9552751585069
95.23955347786581 19.087699899540844
201.24977391071423 170.4544806145858
119.48197388551088 100.22723415007297
241.75541211206357 15.544940622060938
77.72268064600887 188.01485748029324
248.8104960382424 216.24428965919873
240.51306556475237 34.91247839021233
247.50667605868736 124.39160786208595
180.81290089086733 109.53567045341548
233.92544423148405 133.6881391012542
231.11987867394836 16.104224313346098
70.42124639611677 154.9736498176924
242.13032865505195 223.14200014633045
45.11339135416659 188.32054154827728
135.66421970379278 74.39980206623947
221.22250829201346 53.68263249948882
115.89510636297112 174.11547104382046
31.12681742451037 242.32021540076286
221.21219046978425 193.45247184363322
223.87248369963865 174.9614373034553
124.54772730390043 49.37699179272245
56.37522286959787 147.87589942411785
116.83467266094335 145.75374676942775
12.248712760151381 236.13466136678437
136.60809618862834 94.50992893611793
138.01342032249622 240.7270472619835
84.8193469505755 185.63731990528012
49.7437994118842 144.24395489277487
178.76936732566986 152.41473223302992
80.84175583660003 136.42144435061655
39.75644997567668 134.30387219682123
130.2058271778896 125.03931704387888
135.66093673384174 77.96246353912639
161.59540767939833 213.6119857212741
145.46474001442627 39.21133442509131
173.33303926913817 211.98979593396646
67.14817259137659 212.2185105963334
146.0107332616262 178.40436614458497
59.22635556109554 188.4470353893603
215.9279275562412 234.68382859618515
156.69642894224933 109.53536288373158
203.00227073135136 208.56620317124788
140.7627820453277 139.08431007960868
150.2265169317431 200.82642321482513
175.4753526791863 116.36630431694398
91.36177501729401 69.65255524530473
201.54570263438293 233.07803748182934
22.42075880747671 33.81788425147273
84.28903233363656 70.80140308738025
245.9352912325396 186.14532449522585
12.194989737363466 62.191142432945604
115.6959382203889 144.26554780676318
57.312210135620575 100.31759133288517
245.622628638281 172.0829170114903
1.9373963883042855 15.376953622871643
50.95626100933559 174.61581621929167
56.0877477302412 18.657677424627263
34.59979662309692 33.5066570415633
30.952948793162182 169.36106195959675
187.11519410414473 185.0792939497096
70.84777276071569 197.24709384379565
179.65460861909725 27.789363147702417
90.85552631634916 71.8996639146873
152.78678800575426 37.33989527417322
165.08312660301462 210.7314139999904
69.35062948275069 123.82124014046094
186.4638265151351 30.787142469809986
154.64801364246316 9.730480943679648
126.73219836496938 241.87418712038996
8.477117519756577 72.70118209708376
235.30165718150022 171.42041131215024
7.165728753030065 25.470959363941088
242.7329841482653 223.69821726358182
61.388263057159996 157.1264156161533
17.07072356962244 83.83409057851112
30.91507896069806 183.24837096961906
168.13442652875634 6.315140679099635
189.64247899923026 49.33350418982013
26.596636380887855 118.28103453572908
247.85329204571602 128.94991908508376
89.5077530456975 88.26471298443137
123.26109286998621 190.82305316277092
152.96804833820582 99.21200390434315
233.40280633832498 135.90838072111833
139.02842801632306 21.302188839381508
153.47924759139985 201.81861805705725
20.84321713713616 105.97202557055682
131.17381098225067 246.74252500401744
33.27073644114365 85.65171986510813
6.680727877409559 143.3325698532082
198.06085358942073 54.27116996592118
152.91161545702855 59.395771966552104
91.39030587052324 15.81463312807896
104.4012273725073 155.31064958604182
171.32160221434626 152.28536310316923
8.503158006921113 198.943187489397
193.1719833804732 131.39489774622936
81.3098619061785 218.3519217666038
40.63171128990473 158.00178630412657
101.95342849264557 149.79214315519638
129.15178066533883 124.14035990118535
85.84908685882672 23.92764108306558
100.32709927831849 105.06544445572332
165.77023735178 135.97231819924113
143.87758721802172 211.88892191231014
109.01643255226223 119.53915705271991
72.80995427020694 108.09707819718234
68.997654562553 173.99344565719093
1.3315233379058988 83.81348134970057
159.548788584274 125.8674825394043
97.7918545750277 222.4955157424525
143.33099468028368 238.37014544755908
147.42290419175902 198.51510645010038
147.94257169365954 9.776630894543809
126.76103971595884 232.9720613664748
224.72633620083622 119.02894373460474
143.0241536610901 130.83669348859468
180.78026974654608 221.70410775535993
207.21774792819954 159.45582373892083
97.78377157834514 123.77807450014788
132.40471624352023 30.09994999477497
151.8446974882395 138.8099692837675
212.47375740918434 78.45712691193674
63.58892175041361 238.26422432474223
20.788704635898604 114.90138306325102
131.15129838071073 149.12951494868807
53.35163958276526 242.49243247380593
180.0224092201831 45.32131367134637
134.02043182610396 2.2801938598316918
29.861080547687212 93.06680138917983
192.46225848854016 166.65852707304057
91.3755254818741 139.2032524495763
180.7295666201654 128.19651042007038
48.21025736684803 131.4236316837358
32.634437016181266 230.71878594979415
59.728351957460625 28.09168194553094
168.0292367002554 96.01816860059765
225.93793569911193 224.61072326497631
243.00642962948757 102.38297013101194
71.1964059077261 100.22615406127957
25.117154628108594 34.868385965615204
184.16158033994697 66.75965331097586
169.72674149934764 246.42835573066668
176.84773712882833 245.10311168420498
198.95686623355664 129.62853806224626
22.934268940714986 149.4583608936502
57.038807940415296 155.84310179210684
48.593851213395375 15.988757174064977
9.147772204373572 235.870259082238
225.86536852362366 88.19846988291997
57.076306237625 208.6555588725098
173.9830753094999 183.07873129325458
23.18576578569581 97.51049534918683
68.82246398085908 245.6420231666997
81.04870279441836 222.46850146421806
200.99472976708586 207.53835335630717
162.50038505807743 47.73736398804762
230.3790677969454 231.00192900201353
97.37244881826993 123.9599913447502
162.3370463511631 97.03726851913419
233.05675937255367 198.31673154716148
52.83541385388876 214.21190273866566
163.48692438294245 74.78086443109916
31.7390676880904 208.12820661601913
234.69926524215725 246.81726491464622
177.99787490079584 240.90807369052368
77.43617308623487 147.63350548853654
237.7426211886187 40.868044303951244
153.50284134969513 45.374547981769126
23.585690443020805 113.70680986036943
205.3693624266201 155.37867523690934
31.118713098974904 109.90600207415099
81.35528871928219 41.75983126677446
241.0072652230536 76.5076888721301
42.69552785548461 37.810611018224584
245.36114121675396 220.77863112410017
197.44718502988601 151.73969394833892
185.3298134298588 135.21054048650367
182.06208223100614 67.02002523989623
2.3534604613202337 160.89699442831483
163.21687669509708 23.20817408738521
51.894405300943106 110.60265355005406
177.6260178324776 83.8761944984589
39.878853284206286 127.52982461763068
155.78386247235406 79.71787164917188
191.51582929845242 2.8892391431418196
41.96260089044357 212.3156452251101
84.46024144539373 32.67353236792744
72.95713375061769 184.1734940239496
16.15756539127314 119.57482855551643
98.80029263542755 110.3451044135496
185.03908867467416 160.64815179927743
41.81727313776215 130.73356284669663
237.0639759129397 246.0958162288118
168.22880335643256 163.65690949404856
186.9338402601597 165.76611173432894
93.37134008001166 178.61849547430165
142.6652773280473 135.96553684941935
240.83720344535243 97.9112462769908
58.72090486674017 195.54738152612248
225.36219700645128 40.55113147551997
188.0109873708873 52.931967594958245
208.2296393481598 226.7733313779628
126.1631637911334 172.41600109813004
194.17797953093304 117.18013064229937
188.14588955132453 42.82678832363643
201.74432295731773 158.57262332411037
187.9599007573612 108.44910785958054
126.54275296279036 13.011278382036556
31.58244098818963 223.7512582401457
51.20064944236441 68.68191166821033
41.67905763974677 198.5703309877349
152.41470888120162 129.39782662713887
149.1034315296955 60.557293225660366
219.02234751352054 156.8356617893141
86.10521933056397 133.86245563356223
122.57133168897228 164.63108924417085
243.91245936887577 236.97284871262877
107.04802172238526 135.55853564556116
81.05304033470826 2.3909774390437066
247.67916090822402 10.227119844082145
65.25225039727661 9.227020064403597
158.4230529651006 119.09214540694649
63.01496955942862 194.6835025345091
106.3980636996569 3.6950822070653255
248.27501931133625 35.699386974883815
159.93799801605303 239.81451430285006
52.49032012427299 229.52086719402962
42.63930056375892 38.15134734306219
241.6698422130601 91.45012737221836
53.70541964017506 217.40737181238651
103.52947697533122 33.29273057331711
102.89821727050743 88.00764759178317
20.368044437463066 52.62772853808009
155.62455850133287 224.13717518301735
30.961683960812003 186.16010709054336
104.66778624759726 11.578663070843653
97.70516208672662 118.99720551711096
149.14582565610274 241.71259290856202
1.6584484182376735 208.83704171104822
98.10559578453154 19.867359163698197
249.8152265042058 33.85419500015946
237.7470721928649 120.85741321539012
12.850334728377238 175.51774702112266
20.84076050485048 182.2992191573404
170.17575099530976 67.11020210208518
198.71041358578086 97.44438647455405
194.30690224882332 16.862479917457403
233.96093105650888 197.49101020788785
161.8506342238698 38.53248385762234
160.72716736563711 241.63570639383764
73.01283410254916 186.47376299827815
86.39335783272544 224.2190748240764
99.59573501988191 216.6441402665021
111.15835417000724 25.7445650889494
153.72351787077082 214.2828797894894
94.83065797608131 150.1411623363743
241.5751683322676 220.2895336470257
62.481254203525545 22.259028924456942
121.01045861011312 71.30256518170827
207.17979480344943 74.12003054210464
225.28174846884968 201.06329293676666
228.5834073929974 75.26657529917968
5.249073458144488 37.58194734862377
225.18733499474718 158.45942509460212
173.24537266773658 150.9092195033543
185.2854303369322 153.00293328120466
89.62770934197714 3.139665126186353
188.18653518488043 96.55448656358445
152.71118203769421 7.6510167217595795
218.16041919622504 139.822082710392
120.05393573188586 86.7320580298337
61.105401410060125 242.92365882375742
242.3779704616321 233.14944713255773
245.01281905981656 249.9100263093354
100.42168882648394 236.06156703815932
102.09957116803092 215.29823779723708
126.37234342651068 119.50897214389255
130.36282493078815 151.2095388182897
199.29876679157934 236.04343345817637
33.34356986519865 132.5243219192172
246.90136883770074 66.19619309411326
231.39741956342718 1.340062979565959
163.4695719801503 40.29315486719256
106.30459831355732 9.420776260961523
81.30576107117041 84.49964094494175
63.38205532467031 26.589555361068136
85.7982711777206 53.360862318527715
154.619642795457 65.0563999337638
131.41623458664293 114.18868320503644
10.80132458352015 84.11261885527315
171.69015434142156 8.592984257695724
192.56247791821005 243.63171136112777
156.9411435523607 213.73848746788522
88.23400512255203 123.2044454925983
51.72973261718688 121.63891493729739
230.9352373415729 148.2135723822416
46.98271775504948 210.11402064065874
23.46133934135314 181.4668008209833
244.54388596094816 188.21605493449815
25.32924047483562 101.9016399986816
185.51866190439978 225.76210273036875
113.2272467019711 198.73544178109682
129.96599876046474 26.098331407278103
28.3033974788246 224.01416642539874
162.91935778501414 76.2342214524453
245.23420474003302 34.41249180333339
182.77775247176757 221.53801599611873
193.82035385456922 248.30751604840867
213.87351928443326 235.5529433888924
165.70109200740578 103.8358197877757
66.77395951043394 217.72188987878053
149.62905176952825 77.74290917089266

8.6 17.2 36.0 72.1
17.2 34.4 72.1 144.1
25.8 51.6 108.1 216.2
34.4 68.8 144.1 288.2
51.6 103.2 216.2 432.4
68.8 137.6 288.2 576.5
77.4 154.9 324.3 648.5
86.0 172.1 360.3 720.6
103.2 206.5 432.4 864.7
114.7 229.4 480.4 960.8
129.0 258.1 540.4 1080.9
143.4 286.8 600.5 1201.0

2 5 8 11
5 8 11 14
7 10 13 16
10 13 16 19
14 17 20 23
18 21 24 27
19 22 25 28
20 23 26 29
25 19 31 34
27 30 33 36
30 33 36 39
32 35 38 41

