1024 3.0 0.0 1000.0 600.6579202664706 3 160 240 100

104.61152457633985 16.26148096250382
187.11775815640524 0.14703081167447007
56.44418408052449 175.0354052161716
96.21842234438688 134.65558733542036
160.15814427869674 211.2988318879941
241.08289018776037 11.068986657511632
155.2087339393845 167.00365111278614
56.25679500101249 163.3018418870197
70.11316570122244 247.36811408116932
127.5541788874546 155.92236412486366
149.81931241209256 5.975818533480309
177.92181582318366 239.24346275758168
62.67922212693377 89.20962877730534
109.2625758801061 124.20953864855808
248.869748458527 214.58754921105916
168.4641183968036 249.88534773847178
233.726384473707 74.25783500680421
123.91601699366598 16.230780856707455
155.03589729548764 208.67325933718573
163.69597602088388 234.19446597580705
173.99568778517732 235.59903322484524
47.570458927362225 42.29670159161342
27.69386329491802 211.19808982259798
239.18129570466647 52.10968496031157
102.32091587496534 138.52535795500575
131.00999760014787 236.6470259176109
6.170590510317986 59.53648721516836
136.45157282703855 165.2305580481666
171.9074890888215 233.2007079716872
37.15218727754924 205.34172482600172
94.24393265902964 64.77245541254301
236.0015547216725 159.88054957661362
6.210324126017575 156.49103029344397
109.42191449355315 134.70105209790623
133.00196443758972 249.6488165000263
14.81310696695548 224.55225071243908
222.86694468412318 60.083485648709825
24.877944827102038 169.7489060780603
97.60692795109865 208.16241071264872
159.3197479765071 155.7486719964219
208.97628042772664 31.674497762034072
49.3812570871591 177.7498619381466
187.2264601578265 44.912675747178305
30.729588869984475 220.56539547799284
48.8398383328173 20.944767961088683
150.7819328326258 24.698923694246837
77.07943396342074 25.045341654020557
142.8271779273543 185.5254901874967
205.34993138005805 159.3716423519619
88.31601726855101 83.77569104824006
170.76715891515792 46.53492950220994
162.3802979014265 249.90314487914213
89.03981167671692 72.09749289791964
195.8735843185028 165.06712953706838
248.6419422688155 110.41043103432588
95.6631220074263 5.129199855200967
32.8314301499463 69.50150104292247
246.49026200097708 206.78720610672585
17.060283737699745 176.09241248918252
74.32142405229916 217.3310147275472
129.6466829753269 35.22116158049002
6.546945648188224 105.37449900834223
38.782346518206225 191.07568432487864
90.36878735455325 27.448311428369426
118.37174463227288 215.89468020987724
79.95840152293468 104.06751240276706
133.0562889599122 57.25428264042357
165.90383987279048 191.45294388800733
25.371984465957674 94.15560953684471
238.84491344144902 240.02659958200556
2.0573254774922667 1.877499063605792
196.6362741493512 154.1999902516117
195.0217558221317 160.31860678756235
248.9513288427966 183.31548928865908
83.49201603554329 55.73591132417843
228.4848130339885 208.3308909624023
207.8026851177953 220.97330534646386
145.58705472716215 123.16151119588439
156.80201825044207 60.16506983908365
24.239570926555043 222.72970745444445
248.4297706275201 100.59877597495486
138.17162399467605 130.38745202133015
61.500041497546064 60.297905267828966
32.30348209936354 73.36363937145818
155.4196050244212 197.8929328001475
146.18381091599383 126.46122847978793
81.5923720802007 162.57637503263908
151.28778561475164 142.16750723390143
157.20303520886694 247.6615380413859
111.07403264673799 124.64281970447982
77.41078016184171 90.2033862777584
90.42864779307288 237.71083926065936
147.17113895825662 80.43355208065644
85.09684032847306 238.36480254330255
63.59545308802505 13.806727800975748
124.27050145713669 99.64730271719927
42.82598896738124 113.10122239864351
8.811238132335559 17.995871661534018
232.0088481866301 49.20331328462002
58.312909222036524 207.57915895899384
116.6706086172941 237.4718962664823
109.6059312092505 221.4100654620987
161.20689506208888 114.83852149268442
60.499864844133526 196.85807093517255
219.42232966184176 42.88061838978993
87.52702853512162 198.28300153516366
242.8018546092806 76.67877093255355
149.67449777418472 146.28433569106005
12.439909184244785 40.142519915649544
90.35453662879226 91.3673970306119
51.56388156114014 172.5330957008386
189.5211205011917 12.345858353144168
28.974052609284012 185.93574407489913
190.08868623674886 97.52325925351197
245.8164871317539 57.30719005714166
109.42352504500325 145.16646034646007
111.945409183776 142.01112178756992
244.08660863217278 68.59412008780832
197.39563690069676 136.42654373343646
36.34309232857871 236.87864028744295
151.75522777243364 158.05683812747992
29.551634309076952 228.85147144107898
57.012535280495186 11.719554878791449
86.73839848938175 134.34149706273948
246.0543505163331 51.036747903422054
55.21720099249821 245.07423794204502
79.46162234966145 167.72016069718595
15.43614780143579 129.74684569452754
137.7896461122078 248.3083582312924
147.0685864093503 29.380616023854166
201.80970478296098 99.91412417058926
128.6045038684091 62.921341906857634
215.5179807129574 202.2974513343469
120.16080417241382 240.71809912768808
25.826152496935734 249.66634329443556
157.4705125445582 119.73285915697734
60.138888375752956 133.0470931616707
99.33808034662813 89.08261232591403
48.72429907172418 186.85205407458693
218.53228707316867 152.23626536804653
96.2970483072739 81.32651455929147
51.89317108305544 153.435635932314
68.38826294670802 240.0689107613567
89.442457439037 151.7447260972657
35.38877656792636 91.01520756465095
85.28523993258766 72.4440704373281
216.30593624676985 105.10785401922027
20.97185401680532 55.97556514128127
238.30372317624347 6.711742597729719
144.443101314533 116.48685036707195
197.76862876406415 189.63817207536857
181.829103407422 213.05562935638628
127.09887718805984 162.37771138292558
226.35056017833583 198.71838020253904
153.7160694491614 69.30220717025587
76.5566450020457 39.1548168509791
105.869950744167 101.32371127492115
222.12242630080996 234.81520968770462
248.32124986278558 194.13098458323077
42.74451061473558 110.8715648430481
35.5330870289797 231.19295987476923
133.03952210679805 60.85818525925809
18.53828838608551 132.81070765455482
189.54701969269684 203.01011409408704
188.1207931339209 155.2570749052898
94.87385909153979 75.55933659687761
167.93552209429228 221.19986960635853
227.32918106521876 211.36713249845678
84.96523723387153 59.50657518495961
203.27483260288017 59.78824776519689
108.85250453862885 72.4883415103963
223.46236268554208 249.5618853632266
17.31372765618827 105.56285423507094
200.84285762108814 221.14752872746328
168.62294132352534 66.58940833186422
113.17563817397513 79.66126576223937
13.824086699830346 246.0387032512247
9.126639138291925 225.4937803832016
58.74997038486132 133.57707141594764
203.64214994188205 241.60495067437154
69.65307076442576 170.40261785478074
121.32162920675835 173.8216253090514
38.660982677927976 239.58951559310748
181.55156954368158 82.58289153043577
3.231601290979685 142.6609083468142
32.68565089622844 24.206991425442386
55.386480749860354 175.419459913422
212.2713233313993 141.76097561341433
205.31890334762446 148.985656444525
119.00897012250367 223.75084493171795
188.83528591536557 187.84646819819218
87.80813705874618 36.56770905601847
241.48349916099474 37.09266075022907
152.57227662944695 164.44209210219876
113.40753592925637 118.79446427065021
127.82275616601474 69.0442069798938
241.47427683504935 82.06527455583904
179.24778317985093 198.38579227148549
40.915070465348094 125.23589491652764
55.996731427306436 8.323870307601677
84.8704230628039 62.87034306397701
223.51620639497386 225.77203423122634
55.11820188639255 49.2129590792009
175.3769160905693 97.39059556425511
81.74086549543247 245.3752794830143
224.47647839545297 107.57607554912407
162.57356371857955 198.17883382921607
24.72930647625618 75.60676637628173
126.51524704236081 118.51280915279244
109.21958932536447 4.255287613380676
53.547603844080584 79.80111459549943
88.94435292195013 150.2939821650351
218.4977818539983 9.668103118297466
25.330876276296156 92.50356973697748
168.57917853369764 231.54365859124954
16.167749459427533 156.11422825426308
154.53032759367306 116.33896317998729
116.19028808141948 102.40862066832187
206.71679843996884 146.38989721297537
176.42284305967098 5.316884436643743
187.12633572506058 157.11520561852615
145.00289900505717 21.74567580340353
227.90225072180232 146.88966413358935
44.46003474299179 117.92684174535343
203.53916181203118 96.01687490424118
89.71311090107301 14.80273391508108
148.99651318936415 2.439412471224367
140.05249391435805 200.9717768018817
121.70647840144471 53.08015236509892
248.81121871027455 101.4615671945597
38.29615259904928 7.142013329671432
102.58263473684883 232.81018789357813
94.26896741189694 179.04317771992368
156.75002492842142 232.5525466726011
220.62932013389107 93.01489400913071
202.06999262839867 145.01342486349066
9.109801335662414 210.50211045794444
209.8887952227939 117.74302093589156
28.479705257387273 209.16794298095965
92.3922809522783 185.8969261692526
161.82096893644822 62.80372536728054
64.30943310816303 97.66130023862048
9.63267106192514 31.18250921137078
120.10487755843263 196.14255184707147
125.59519684873896 48.12737202369679
150.84958347953295 103.92885278180661
32.44614962816467 183.87704735082406
55.77322409779018 64.41989487553742
176.05170156653207 208.88817172256242
15.24028879851419 196.00838351898472
234.73587806403944 223.50644137049562
149.5600863285202 40.78343392722286
173.57533339412197 162.93668836082682
121.15842475421739 60.701698065861706
186.81778753716236 9.735251008959084
80.0346407849029 9.844874950479726
54.016886001439666 158.91767770170281
86.25207999818798 193.39937120971075
223.7285254705722 136.8741423780024
176.39674051034953 231.3627667514159
27.732233502794244 49.731488052668446
67.29091184629333 120.33943696105554
139.72428403088946 83.17546875561466
44.1823853863357 107.52457986534696
45.40918201093616 41.76996905322006
100.59597220526304 230.30030466789773
51.8588764094354 105.04962948647622
54.7214019477659 60.253301157440376
29.21810066250713 122.9680345034792
222.10894013258232 178.6662265181333
52.67830976740809 88.16741210252223
223.11966858273772 9.878859235582016
65.27203870478601 223.82595882143974
30.651571523182515 245.67230053042283
101.82520296283762 95.92472721412953
86.1447327029006 73.43508409227195
223.3519521738666 215.58197742647008
163.12304663880806 120.29805260169572
61.06505335317316 33.01525176191614
175.67789719634152 76.20550401908324
41.723100695195 44.20101059089143
43.6671876595803 23.911177748880576
134.51121009402473 220.6360374783222
180.97004338860015 214.78346595964624
129.10143890583603 220.940789659498
156.56137096316849 122.63533048132136
216.70541362759565 171.4651926445477
79.99627474727772 221.39817824059975
199.93935020724484 163.01323606332716
67.1405579698734 160.8559799464097
170.44361419087764 25.125346970504836
217.39019352425868 137.35764670459508
234.03330377823778 167.98129875180686
225.23961157262485 39.8004533896924
220.8777205280559 226.82662856711818
235.61176849279832 208.59910019053942
22.232871375674033 243.1528634216315
47.44703651607163 205.58486881366622
4.302998853459417 166.268029776733
39.33796940685871 73.60330546428997
86.43260286307705 144.26280837886773
43.34934606909297 193.79724314297124
238.1411507049607 238.6129626710624
225.5148464294387 212.62446075317342
173.3986788816718 201.0418783226659
239.67185139603924 133.4907122034234
234.01233922652136 169.2908020075754
156.99388498264813 240.16670819128782
247.3628966066949 223.93232793594942
132.1807703949036 3.966383951133773
120.78060266163685 211.87426770633934
103.41615447995528 126.66728987369319
175.55069377744715 179.04154232926095
4.245234749632454 63.71002214798008
222.57263737902602 59.24169809568294
50.17500987762127 183.52005552650078
145.09496219015458 141.60887588401795
119.61614922041525 159.56208712295523
36.56561078187032 87.6983805854121
112.75985169956212 215.3029081747221
122.32421149734829 140.05422655055622
162.13782241942505 34.785749087590744
32.073925920083404 56.18815608459327
53.73535813943015 18.56169215492301
196.6450243865723 190.91610368850155
147.05508412431107 43.41497221251653
182.17156498619607 123.46477541385875
32.46761799681364 180.73634185511114
138.98159394408523 221.33495508430468
72.18367124096908 2.1713221232950164
172.1575339973746 113.27011808072815
54.33476418949309 53.962312297687056
194.84628706991091 166.4822423078369
134.88598937294537 115.5581804400656
130.93163247054824 237.73318038660037
68.92662060092367 197.8788688790089
184.53593145480573 149.32431659968742
53.89480761354404 33.386746776567556
217.19701242669322 238.5593635977775
122.41309831070227 115.70002547600733
198.49968998470615 137.1517857283091
170.70540846974845 150.22842109549728
85.86522913338038 89.1059558738522
215.9209763371476 151.36812920061462
18.71234099391042 204.5077292021716
36.06762059983562 217.51742978964552
138.9906092615227 47.86031161377996
16.31077099675832 205.39331183697752
12.412485303830822 122.26817552607223
65.18385672808071 191.28831099924312
86.11225673181531 53.065179699732816
238.17696471702743 81.01232252976034
99.8662808898621 195.9857393144192
74.47252476689825 139.13121246824193
166.55119702663805 151.65981014844243
116.73506903726016 111.40456157717074
96.07299510677747 47.082593523954635
36.51385545809982 174.13490448336398
249.25541427883206 81.82954663007646
151.68384881423077 240.9144495576058
120.39240011641567 54.10198972604071
158.65738196542947 68.40048983658222
82.60055640400141 92.0297581879424
167.2960796710341 207.51536073108088
21.823727467668586 20.498995921340384
210.46760206203805 247.8682616827512
156.72455339152367 70.70906912915473
28.26545628029098 89.30878357715069
199.50574908678698 202.88182372432084
198.5410953918916 17.5222077618713
166.66926835424948 117.55243042657895
114.12078956203572 35.317206552097524
104.42446645778328 56.91793044740442
108.39632699089924 141.93092972015552
243.65936362206074 223.0915286147442
138.9936395060961 83.3100401455259
11.432859535839002 102.54288786216537
162.29580574126223 111.78493980346771
167.84299436679072 108.80943207899068
217.17786298178822 245.93046035121031
100.80160002597776 82.34080616706501
244.91570366801955 90.55993809397164
139.10944293072487 140.55728112253513
69.1721739967468 143.8620814125755
63.17125570395546 18.08283265210195
199.70657356531956 133.63160105727957
53.57471735967112 68.2541577843409
207.3986484392681 184.6528198195032
246.13650925475784 123.34667192078453
82.97439325561268 233.14044473233324
218.11410139246456 4.6758342917107285
93.06293091087711 199.59847333862862
66.11224893667489 161.4129292572801
120.22764938000111 29.844787180746984
68.55205452576222 22.372338135981717
246.76762320937485 243.15102610102755
154.91993724230295 162.50358759148224
89.59805853026073 217.44948697604787
185.33269818722255 25.922232535848828
241.27701498132987 248.83735105958078
220.53955386219624 46.43447251878638
131.0697743117373 236.51359798407202
78.91911134516697 21.301943181384285
217.8992122431294 100.23195674261676
105.75606431485777 145.04482919421142
4.552293759428255 222.96655332222113
249.93654939710868 32.761120443776356
14.685794056896379 135.6585884682749
223.67606687707217 49.33100317457264
86.41109483529483 127.65107590757577
200.05768823757538 178.32433724808206
248.60001669628136 60.98757309186287
32.18182530149097 102.91388809480856
19.677060027479488 206.803523233007
46.58027242617732 221.1914915856012
219.06211649092086 131.45867930312664
89.97245365497511 173.60557139419706
248.93548864378843 91.33697631616616
41.79964258815533 142.79101063162915
79.48154089001183 183.44948215535044
207.8958966734457 34.870782135688614
142.18001166495736 219.8518814638511
219.98156778749836 182.67214018060085
71.362719068091 96.73552735198335
149.4363693816029 185.32422174195844
55.08560440098601 48.37490620629589
107.10516450112631 134.89491276295837
132.0689755723279 57.94210982909134
80.78590053019782 30.713197098133083
54.15590209742122 111.83362887930582
24.2872071974051 209.394854674492
74.15498493314598 89.80240429911998
89.26571244408734 5.407619328696573
118.95461433606688 198.76268492962143
146.03508019643579 47.33188369107996
142.75401299576447 151.08297087430412
93.32336351757553 208.37593001932817
130.76448992889954 36.54081684951174
39.4757452040744 237.93599434372848
78.6364547332564 43.95358258907728
95.00820766724122 194.73859768560368
172.024464707046 95.29827884592612
70.28158773884874 30.13194905027003
11.1356058360364 173.41208324054355
127.9546022367338 172.80079726689596
58.909471472777945 196.50915266000635
11.591977039544926 113.36818838241788
87.34367242730023 116.17147782507064
225.26638669773052 145.6621690665608
190.94193983725648 76.36516393967388
66.46660382714312 100.37668770002462
216.3827205858053 12.311760597281479
0.00249722731773816 29.83247298806685
162.22841531890109 109.5663128418514
175.04848537335633 135.67214393040945
101.54755043121308 66.55692679710317
31.384971414891826 202.27045423309713
170.0150947004186 74.64534798503303
142.6470479848448 154.2746267401563
228.5297054655204 134.29534452705974
74.59806529066005 234.0669055054338
181.21004383905014 186.87393135973244
162.2976192565064 146.5492872901562
145.51106176963214 137.69881593306087
181.383948209293 80.44280379191768
169.77322107289532 248.72003596004475
233.0643546007001 153.009553900092
192.00645489199488 97.33554314436341
55.39787529132756 19.245768157799382
114.67289679935541 70.53216324468752
165.16315648592283 57.09344314742934
195.17819352500925 24.612902952469955
218.62357873976876 28.892385322084518
64.63607867093904 165.6806819127195
228.74551757928742 85.44974901970717
91.95164040202886 141.58206919111453
168.7148977919273 165.55863564005477
2.471321226824502 161.64095405610976
210.7812916426798 11.709369510540412
42.64082121926999 240.94515652621448
207.5188380155575 72.31815467299393
157.35644639564563 68.56883073291642
67.20637062165392 166.42369571720587
29.091608410882596 166.83335854720974
5.00615715833122 142.86220826276121
24.830824205856167 14.7179845533697
194.70575046112793 37.43294920989534
21.753116051802802 78.41189779533586
81.17359798220697 4.760924311348585
4.35996810808012 10.127182263443252
213.40692298979303 129.35980102379307
217.56027531555554 147.88483244309634
36.14017361300914 21.64874492048274
197.27008753071408 228.7025765926347
217.82267322305887 90.47381831303983
179.54819314264606 150.59574570698285
5.113621375059246 237.56736233144625
33.09173358892273 92.6870416103352
70.78638266345972 22.06001467507995
57.35164727368916 28.93983150416213
120.46796039382862 82.24806547400642
201.57408752010815 78.26420943599463
184.3587096211563 83.69119956297003
157.69612018237916 216.56462175686295
111.72356771676617 158.998286524412
104.95013224016527 95.84666932621577
76.84069244146741 38.26745866069756
181.64047646897933 58.66852452460028
172.65233414719688 106.47553122685733
89.61962306103244 133.7777933685605
22.36013808289433 23.095548449466293
4.8665832489589995 158.1532169692763
228.56558118526394 183.01002752003208
55.84276532943944 138.7755676749742
129.22264624529396 86.23642895118105
63.2097864819442 40.287582954085465
151.083674053227 109.01304063363237
105.65716806610587 137.43353889795898
194.02467760633695 83.95123250404771
98.38222567843991 20.63962697453717
87.25483451133245 196.68117950819067
128.2813754531933 1.7819299526891097
26.744233771605703 239.32894834428387
31.057405743016215 34.7136890751302
137.3066605250349 77.48801121680482
72.1334384789379 205.81104820336614
212.54179622206644 76.70103623222099
163.53045563192853 122.96878606665751
208.63784581022927 121.27022289602357
171.98659217082715 201.81997176217013
156.59369038339054 5.796895676844854
210.44581460706945 132.0616706279426
52.13768851119388 190.40997533120415
246.21428398723364 104.72892700214689
247.9511786322949 65.1112352001409
78.12783447777433 190.165023056286
194.07390169705204 228.38902814083508
213.70474601128456 26.81324270864374
91.21539540699861 9.584326004198369
227.90142068799494 70.00966814412357
39.7244620353919 77.48455975555166
3.065953403170396 239.807135412085
47.605770725394294 42.302481566783925
50.17847179923923 200.5795352550653
139.2407262721723 69.91764775863312
120.29517688265304 241.76268911543514
147.00371874066363 69.22966637394428
147.66866520436508 150.81800278434895
30.04250775230491 93.92564591486358
112.62748243576942 87.50007624395201
43.331985219322746 166.1589375916381
53.463394343434636 121.15921144388925
111.18866552288836 219.83827091525657
141.43853932862953 201.35522708972263
170.01414303058084 222.04429954817022
102.24101798853773 208.21638239580065
224.49971320865558 106.55702194304136
51.18263278481608 76.91689371881918
162.44041174416506 37.3202245229155
122.87491900927988 230.05373125870855
41.55679890579156 73.60933925269671
97.5275057359205 216.87744197442504
92.63697037127977 212.43265513733016
162.69343934348845 8.105179135208529
103.9406685960915 209.60939722931025
139.4329171766806 61.825319006498596
141.49254155720087 48.866777077299055
131.20848160243332 221.05609306541712
245.39173252464124 130.5212593061023
203.81023461649616 48.04360080891393
199.63830637381395 79.73766402824828
61.510169219647246 115.19669801355933
170.8987097575256 196.41182417340434
107.02940478803357 66.13703388595532
131.76867847355658 48.45599440901685
147.95965139193032 152.77565823096376
168.97149074217018 112.30550347761215
36.24238204676364 216.70118294565583
83.45600287886492 108.28502587135935
218.87178456382063 176.20332464841724
211.95251303963553 109.97773724985282
65.84517303230353 176.2460318580386
175.8922012490804 211.5459554314969
213.02094315714322 151.53483472072972
19.952180910841637 104.6358226682276
73.47146699041238 14.093943402516407
229.74554665781838 25.835234074338935
124.31879012554472 213.70643629362922
103.68917246857404 100.2049724335552
10.065118874532402 17.528292849911033
163.74465509445707 114.69150426603852
57.94684819316465 241.48173461701617
227.2229379161474 220.82257316258037
188.45392605583868 195.0017887510448
12.89097970355546 87.42639451191967
82.33270945563231 213.59905979272665
45.0596391699776 179.1562183640803
196.47336471582415 169.31870996944488
198.6927915588043 49.0541608905033
187.7455917691994 163.1453583894239
147.80746471163317 203.09742075304712
183.50890182939452 157.21383626769676
137.87667000836296 58.486323948859166
11.80329828011456 196.14287503329345
148.5302014147575 164.3357777736459
74.57050661755643 93.98743178719803
228.78763980605754 235.4494427474869
93.4960734623101 30.30251690380953
65.74219178587384 228.25652497779447
137.44994072479895 165.5227021417437
90.2447262636859 43.805960058242086
54.91232042257527 165.8787191469959
90.78241699224628 12.61872566767422
240.31569600197017 48.76435994664568
186.69140803714217 188.7891729845778
3.1305124286139794 172.79084686001505
136.06199912985522 18.050190871025023
83.6353863442616 189.01094933120328
110.3027722568899 120.11546538233839
2.1400558410430426 97.66223528200364
79.80234654666626 27.83490200990141
216.04100144983244 28.048103045486688
100.37154949568387 74.67180006626445
69.4654178320848 57.2093854652381
193.28998620103084 94.40093674943506
132.20275427704172 199.52432505659888
89.66301228565263 158.63227806467108
145.9904893041791 50.12902290288526
141.71467143805964 69.20777195873542
127.66058714134937 21.31794173915205
87.87966378057135 35.96158785135786
156.23577773587132 125.97370838443689
207.9842637499998 4.487180851875772
111.05523158236267 143.68801329170054
82.4054643064367 155.42643516783332
161.7626488683122 35.27578496102679
198.42866341177552 108.53608127369522
23.666633427139537 104.16616089381408
55.88062024375742 142.44344329354954
24.19632498785651 123.74627753381348
148.7163420956385 18.4949303220113
172.57269530160372 122.11532183201146
188.47984623575906 213.96331449130372
217.43276783026695 171.9681970393144
237.58862207556177 30.050367732959938
75.39479925907699 107.2573206086468
128.4805497249888 168.13243363737962
175.7538147519449 20.540073053142592
104.96554384246178 217.41932308290876
36.88391305493208 224.71890883827623
120.52478743432852 202.9410608440321
92.60771888847172 189.38388866661094
193.88020404320918 123.97281298378846
128.9610480979575 94.99116711809616
92.05209224806798 179.50990710905262
121.51468368312621 54.38369619599204
112.77689328857704 19.76365716060835
44.35572605398136 79.2919520051901
7.571409959044511 95.0113807732621
187.8893376713381 158.5119269058115
74.96478847327037 116.17512260750223
69.67561614582513 199.7727727081192
15.293616056072295 64.87078858793296
201.50408846357143 105.3921790369566
12.003174161310499 37.0575423934269
44.82595551080995 7.7626374349565594
7.668547437665013 117.50470779685243
200.04437137031212 117.8544714545223
237.89056499263683 224.22706807277171
20.635563758408026 164.3305487686824
25.327047609953386 231.6581148227522
25.360863529569176 193.75497911572566
141.360817694331 102.49337947855747
151.52394914648457 59.44323180835587
235.10236096067834 106.57060590376675
13.6403321041631 179.34756951729443
152.80506296332757 217.9507083435288
173.29063974711303 112.04973092508503
214.5053396279871 66.57927964897634
193.23243640062148 119.44618419996614
34.648231615487994 108.06129411617744
205.6228063917476 14.411184261013593
129.0417312692415 24.277043402256865
124.40310693516604 166.39984246380828
228.81396211770098 212.70028626455053
190.5499688551043 59.63255850749519
17.30028783498619 166.73635503925502
23.46545130947428 29.939179404389172
90.32046137644184 48.97627574130126
65.44246822763841 99.27766346561117
157.67773451929347 182.66253662177465
90.40257970232807 131.62329960715704
143.14009235510767 189.1985302780906
57.19058503700611 96.99899782245264
28.69632349216755 69.5778106404841
244.35797148650406 157.000551446092
91.44339963962958 191.3776183627268
183.1230304597756 96.77426078056806
229.98378392668997 141.64527858274468
97.40912339143095 160.8341176303583
63.798075877974924 225.0148348214598
65.22529586082842 181.79059113822058
125.88219540759182 149.5999465028405
77.78477461891484 181.5987580737475
184.35252552786784 213.53056439252825
215.58437671675952 87.21578503274635
71.00567513516035 67.37543554113182
248.920975724217 204.0676415458007
67.41530894218315 142.23904025040088
23.237861511842954 141.7840758051723
153.88661170909356 22.161954952792495
7.777852095952636 53.14007268868176
110.60155852164554 238.22795561188696
79.94746055423215 112.14533612837879
214.3051662007671 218.76178591568677
182.71696914187868 135.03527121513608
209.4928552107383 152.52699620652893
179.1041932941562 187.62565674003818
173.81987767622206 128.02962153355134
88.84435105460075 36.61736978090993
40.713623303501976 159.5955776016491
121.05203125106014 180.44266467791684
8.082265098634439 158.45547551982997
236.49833132478682 69.54967121718231
33.568003516237454 111.57162375042482
99.16871954179373 232.8946788453157
56.64282568930681 247.29006950976517
86.40668770966158 91.04319671158636
155.3900763107916 190.93833308707167
67.235101672873 234.22442481182225
91.25403855283201 159.44449466676372
37.110316225891616 58.06417758382759
76.99969630150693 168.29900825205155
160.69251075917995 10.94285532929512
83.63390096370907 125.95819380623438
18.035593339647853 22.69726126069857
105.74759710018797 29.17434521583609
229.6988712499779 49.52910175790989
21.900124623631918 235.0247350508017
97.70692192009206 135.2412845515052
233.37943648702546 68.15460393359379
239.62988914267407 162.3202937748214
76.05399719326084 192.33092751957065
198.82531620673262 230.3029657939081
197.38743368938447 55.55351611300788
40.43239957840708 164.21625704818965
77.7842214345206 125.14915431453935
46.29834196066143 175.16898988652073
128.67456800495515 149.82487830771584
211.2112700775084 218.61870061229595
178.31705751300925 38.028384528811074
72.0982114364053 228.20905491292632
70.13711879551643 197.69845765178056
164.66068935870462 50.570894767176995
45.83780088829054 71.97359791591911
44.29939041468048 56.28309564887402
30.4373143380611 102.59734484315223
30.08099122403457 149.16927523060878
86.59421393209752 165.39409079760583
74.57841445067207 220.93670521703476
110.82808274020417 99.69622506555642
178.08971738989345 53.407311844694775
145.88365444876325 62.594731279251164
47.76749021746971 0.2441801868623139
200.40564678957256 121.97351595159454
2.553728955909662 5.810817474884295
180.40107198336807 72.26675000460456
5.935224618995122 94.08150642965937
200.49102405952843 28.744479771526944
122.81045787191388 15.949975649292403
193.81116607427063 209.998212462167
240.02740026905616 9.566914101000274
169.09378009185943 217.4476449664389
199.18100125874741 61.7785422657812
201.69286687271043 210.2222878797481
95.59281032941134 42.225118027687216
157.4124108963204 55.450251207059736
61.317634517783794 60.66623624099529
240.23437086381497 240.50417581834677
243.00898128218478 135.734214201371
122.79067769599911 125.69160849749653
91.90784037398672 185.5879389831943
90.19406673231528 228.81543391471664
107.2784490304656 169.24210812748737
155.26253882051697 248.77017206060327
49.55048844041679 188.31640603132814
137.44226093140713 173.59519753765568
113.80246274001179 152.71371118453544
193.99714601041558 6.778509560714408
107.61030473144676 31.823730175524062
128.91762197874775 247.16018128975065
17.993678335079643 186.23916248812853
197.09763822190064 89.56637065229664
218.7914040791621 89.38027663157025
199.621653302982 24.2471915792479
68.65402728719855 170.10345169146902
180.72445806849944 149.29716551562834
249.80772322381716 247.8402231221024
171.25434306378654 1.485065033652977
29.069653670809075 48.86370185292549
9.724373123498498 97.75284783142953
5.971560762352446 186.26177189766057
124.647237144238 115.84118407836694
10.089593161114795 188.01371486528436
38.17238250524485 95.81966584634058
198.32190581959833 23.846305384656763
112.17834952981384 150.76080295239242
94.92025769361659 66.54665792203602
233.57699993622475 140.3006197051869
45.05877524119309 77.7429617518535
76.06295613657166 158.57687675557113
126.9998487442959 106.25751866324177
6.515267554469073 47.98456639203416
188.40227803750952 87.2954483320892
23.172286602613777 16.43802571521316
88.18652765675839 216.27401033266142
91.29659057742656 157.3869631341928
185.87238130956038 47.74157227779408
218.9404819688826 11.461506347273719
41.12003643511453 35.69113051845463
141.5191747410101 42.22447427454964
175.77849694650448 245.88395582084866
52.85439826196697 216.34121594508332
93.82728346117555 65.4652653351025
47.572320094649456 9.959493668913161
56.37089756696215 100.9387774302582
123.65141695557088 99.14463913433997
152.26214064741745 191.4693937126325
36.001769622693914 173.2941909487483
144.7085136407493 68.30679168450938
115.13931450950768 146.24920815141286
239.5463967261696 191.49707254070904
230.37603590541462 193.88973613539974
30.756441449826948 131.6251010986782
80.5457418165098 218.30291507340004
135.2964904469214 117.22044094420997
164.38303786234718 55.633078620511924
226.85679645657024 90.42714501933469
164.00855014111522 37.278147760141046
107.1344489892364 150.03929100595033
233.64312307992682 29.4759555790044
57.55873594544844 91.65965319801123
5.370632159697186 128.6769392680344
180.83314503036192 92.26547066653279
155.37519044058018 82.2030266517006
192.33939105711045 199.43494161138767
39.2213433340276 22.253038195852113
4.0490063148342355 208.3766867587391
80.01416335293234 91.09473210422023
25.762411632868883 150.94778480483404
242.44952678673548 209.757478221801
0.4353055092733704 68.44276736910402
245.77824327938018 137.3715272472287
183.60122040242288 216.51229824756382
192.62691504273164 25.927047553733708
90.49468881185757 93.5424787318446
64.78742828322088 143.63701093657787
204.1016427216695 138.01540215302654
44.160341489967756 212.5466431424585
212.97635457767046 55.65608420299553
82.10192180017026 220.77988994467796
23.649840419809248 148.10708605173502
242.6372583277919 12.55206729395697
219.73426449994315 163.3282306840922
222.7840360985019 0.05361705141290751
182.1099144215877 207.20474049652813
175.2321261794597 6.540776795197378
149.52259459456684 206.25052609914664
27.8904479270444 29.14306546481349
79.7527334089014 237.7894116786285
143.20363236493841 201.72814539934112
185.31982544925302 76.80433846769638
75.60763478596186 45.63335033234134
59.58914315302455 60.37809196617269
6.278563505473123 156.83550033998424
187.19727906326412 84.44383681974851
121.60715281139348 46.20800878349846
166.33065457124906 192.985155195629
70.775420972024 29.898547119088846
103.36949743905272 71.62299168434677
12.365452699156426 161.5265887689851
25.191511151607948 109.87849319116572
192.88429807914946 226.61931044588016
184.21022348841473 124.58634378598643
50.15959848732415 25.49984426079041
228.46672692974687 170.79668773201035
105.25447570671523 213.63127385841153
236.58299358037087 64.32266493737241
249.51261986667757 178.6840363015489
143.58662782765433 3.3665106816282986
94.61147527362546 116.69753759549891
25.239207894059867 210.75451122297815
158.46691681771543 248.44578792532118
10.69208633824023 46.264765864116264
248.05027731448408 174.33946187016815
224.78047973324524 198.2884063616883
42.21886022014945 144.4896954982029
98.43824931851134 16.997841081563493
182.3850294790154 220.74546144963594
206.2899673331993 118.33113678576801
161.88634276164123 122.67481316437589
71.86606394086354 14.857838768587206
182.44546847331026 210.47951024420507
117.21698068296408 142.82603785025586
35.373716263603306 81.59691826615872
104.4993147071043 227.03383400374182
153.2332161366654 118.63849338296909
215.4967970733308 88.17603480170649
208.246837848856 44.22640761149965
64.93821311029996 50.78590241245773
1.505278510040342 110.85661194267932
94.07131183903985 208.12611818125947
192.30016593972306 205.13349148865962
171.89071622146253 49.825062628749386
177.15956414186698 171.6820629942359
5.1741410305950755 71.69920781555236
78.51039128505823 30.935818031575273
26.521185874160636 198.74079226401184
26.631694648389022 154.60178640515358
63.15522439278681 189.58434740939924
109.30808805645162 225.14358418474893
234.74869172939054 174.0760899058298
156.2684859875403 131.14524810156416
236.31393263155707 195.65085795755505
54.51427799114128 9.60222893944762
209.27008376754978 39.89264398813988
183.58361319192218 54.36074814468744
137.1868657826997 33.4324049147473
167.20425934663723 244.97298418364431
17.586723232542983 166.55799310670014
206.10385312503573 162.88230364277422
243.08077799476322 33.170106589662716
205.8463319448855 145.4339762240799
107.35082912630617 38.53637235649063
58.883169751008765 94.02657824115948
16.424800499748287 69.55050973701726
81.03985942808583 61.58728276719133
24.29851803972205 132.31013373172425
197.62348274350867 104.45677108369964
184.2095826967662 121.17829772216623
173.3726595812958 52.55853266833188
84.7361218648107 184.5839146526929
69.69332424654893 125.04045563824953
86.91418221340116 179.4325460369758
25.046485008040825 156.19507678534546
156.37532438611012 98.53822622771908
189.02359901657792 76.41618438621609
54.6166761554705 72.12239109811927
187.29936755944698 111.77601566899197
114.93156224395668 200.14021706065927
29.297679184262098 102.32966688918549
245.67477463490872 245.0878649340832
219.05623092029992 240.336379361125
198.42581427729726 244.6867944566704
8.082271099560945 153.05261998855113
243.9002013783829 147.22120899323428
204.00979412866295 1.7006642294437602
186.83197739520526 23.177886607903652
81.411591877516 154.76687182553718
218.94499745760533 19.097662085685446
238.59889048630623 69.90400704798716
220.76103836474286 98.19327192060106
247.5294932407081 36.20126086994982
183.5950004275387 155.15709889207432
15.815570370703497 163.28525362575272
144.72061637190257 100.68489578332668
101.73087287905102 104.69784909938343
235.78164360829146 139.56478677445102
13.587777124096146 148.34321259555063
31.096381616797952 134.292465150665
34.365177620013036 186.1763267563494
109.53880952609701 113.21500981025682
113.13899892461518 178.9876088104177
74.32985637928807 66.26199796542522
188.01234632190085 38.88480833216607
77.35183449620713 19.747073904468614
242.72961621078684 155.3081559882913
74.91558535837281 42.18717356594434
125.98555142925893 160.8084572521024
123.33163202201547 153.83989725534317
178.90823168271712 84.55846687823251
145.11228901319217 248.8465255962456
181.25147170506503 184.87725963342618
140.16134613614133 36.232502792024505
64.02900924626223 128.2232642433431
52.4891705424014 134.71478753729463
96.15725128737601 57.771023090809116
163.56107376545154 164.53243004898417
137.21383208012568 147.46729849725452
79.72825284506932 153.2706884614877
93.12151835586074 2.618941035411715
197.8164744518534 62.555055627760424
236.93825014190904 132.58598236473955
62.4903469488324 189.60842243682524
48.77353903751669 150.71535073768905
11.165687788103728 51.55302127584518
129.20777370341176 104.15141263739211
180.81016670952778 2.739982497678012
163.49218063680172 126.05272763027952
172.22206642173677 242.00979407802686
211.71724230763678 181.563369566198
76.31263754331 149.9851274820978
217.2126325178388 131.88335598927307
7.717779399484121 114.43806333180429
173.63844833379977 119.6121325629206
9.623729070631832 78.66260243984641
69.29357345036877 242.97096883193046
93.43520732336833 34.09571909114351
100.68648095187847 133.9471064110306
48.245812515347154 222.0140164261409
210.59078825037892 25.34285979857423
10.378134871531108 238.57682276230597
102.94425771100855 11.680524359325068
200.50810075697882 133.754643853591
84.90676193387584 190.72904548788907
140.77433343739477 185.25176091069716
7.3918668222003046 190.41791847312854
165.96812337791 91.6008772024775
73.24804438862986 219.2911091116059
107.08298214156919 156.17095227630602
144.17517272268705 192.7623186198405
237.82729152134206 84.28731665500958
102.23723616562036 85.28757872913035
110.44750866938382 237.57961662937134

100.63775324795986 15.460240161909416
181.3662017769166 1.809675918157061
61.84001068874231 178.92201756031764
92.28677121439321 141.00873207542995
161.38918950157233 205.1774050385518
236.04183153271737 4.92510504269994
161.0494945411787 172.3785369305306
52.36887102201784 161.7609141743233
71.45383467586808 243.64583917446015
128.2339022772004 163.56446797071771
156.83830095669026 8.584408410803269
173.81981517122017 239.31526532284246
63.797404467828805 83.90461658367498
106.43135758891464 122.49861883320229
245.0279969623261 219.3770473642348
170.10052713922929 242.06986952666745
235.28589772933 79.52473087613693
118.86032856608558 11.843089943130437
153.70863685919898 210.63691885779258
158.35982373947562 233.40494668523826
171.7601332512347 228.4885411485983
49.76474789684474 46.25270828427105
24.49340063067684 214.49160760015715
242.87887843422857 54.20234078989522
109.0886616520049 135.90610816566286
132.90397824874483 232.4846410844972
7.998186940757851 66.87767531598287
143.26632394053217 162.38817142171126
169.9619998689665 232.08246704229563
37.248314174946614 202.922425243426
91.00099822940794 57.96908981263649
230.49930343705432 163.07103180451392
6.506082588614487 153.20351690298628
107.25275264565603 134.62260666693572
136.8094234713565 246.4794130526343
18.88131506747573 223.083331367309
221.61057381275268 57.083863106508815
31.633200305913572 168.09023577905083
99.96861094254488 206.871742834483
155.5386156303206 159.59143915754538
211.94241721048073 26.19408537186721
42.62662504813375 177.24962088870072
189.0265029772829 47.04846818013297
31.293376938632434 221.54433808817925
43.24126599596806 18.424851059881842
155.96859889378086 22.63939903769718
83.91645563185313 22.85864638002061
147.91166039237643 183.07649166996885
204.26310759712314 153.13619857843136
93.39552113710384 88.49294289849973
175.7695376097429 39.80092727231682
165.08894288336597 242.0341838489345
84.89703647971206 75.93232429583493
188.12878783420774 162.41372563749022
245.1974783441655 113.43952484437241
99.66244504118796 1.3488666120508308
27.711972679030193 72.21299884206675
243.9947444367692 207.28051407177935
22.126005653413856 180.3580649416367
68.77476741912186 222.7631283889224
127.12045217076526 32.32916125371826
10.148050796766144 99.33650575498112
34.35218793877079 195.2082988626224
87.01060165583773 19.878908477900552
122.02390617675712 216.44755013054046
73.77040432380983 98.6128380708964
130.53388737946142 61.79008409774192
162.270166278506 198.90949704683635
22.762329118697938 96.43578980227332
237.99953476123935 243.56139746885896
4.785575831356886 1.4525251115589388
197.61195017229466 159.09465068555252
200.21464625669603 157.05708296401914
247.91722492779635 182.2727786875015
83.73087749792865 57.875580571249415
230.95340784382526 215.12991821353268
212.04366855620503 220.22501187366458
149.95514491031867 118.1087037497034
158.78954894292704 67.614848195728
19.17584660390942 218.3282743403059
248.4053147451292 99.66951673299965
131.29641019899225 134.1170799174496
64.80005695430238 53.167844462197664
28.06749727289168 67.86491386989753
150.45988298752155 200.58255882860232
146.5775453841223 121.0249190435716
80.34598494260645 158.49745917876837
154.5888947864361 147.05761225270138
160.1922425875179 246.97832660474555
113.72841932081268 117.16680401398827
80.10341772958976 95.54087043980233
90.0336565285724 239.78244091850507
140.52587762373795 76.85965623108015
91.02625479593968 238.44088425409487
64.36715565461795 13.442756621521001
125.5277714826823 100.83040800058174
41.87958287980661 121.0229967206626
4.915552451646516 21.383523630830624
235.6711043632212 46.40745787130221
54.19183557050602 212.5433547367078
122.69501676624698 232.52746253769917
117.18816824846304 222.73712417225698
161.1057064697396 115.45333479415959
56.431664602967366 195.37054623774958
224.48580279947674 40.96443516926723
85.06373701395245 190.28057181833148
236.66501008195598 79.94155307813267
154.05831505424763 148.17755016227767
7.015150634088557 44.239975496549036
87.26778284214234 90.7703811786768
52.25790411081974 176.82376924629676
181.16381637315772 13.655935941157354
31.4057850946583 189.63760075962736
189.21065332801572 96.50401371349629
243.69987124077056 60.998707824276885
112.6670096924746 145.4347369193283
106.16622358890172 146.7830377263154
247.84706800169687 61.503868984402494
200.46516907798537 141.2227187599095
31.336885670494862 235.4051128823833
158.6127980737325 159.9549241851406
35.25549208064016 229.8657819523248
51.186012118597134 7.400665363542141
93.23057059249577 131.08700695722973
247.27442331331568 43.38045383877098
53.16856956431087 243.26180785782688
81.26166435231511 159.5068429475767
8.600794417163465 132.16025766731835
140.14958139767432 248.67528945302024
146.5838862031947 24.261334632566022
199.20573410568664 94.82558914683497
135.70628112394982 59.75324339496738
212.81390393619373 200.802799743093
118.11149239145408 241.1629188499416
24.565101229974683 245.50045880219145
162.535657438284 118.04931216454436
61.33780566602759 129.34928355725123
104.83600761395346 86.01538836746825
42.31852967061353 188.63265199483578
220.35196132044308 145.73207261978334
90.33722399428524 82.49176341687115
57.16386039969229 155.3025392892045
69.25859671145227 236.68629649985846
85.25561906574481 157.01134383657723
31.041113305205315 84.45140600285397
86.53625095458544 67.03052341658113
215.51352971255542 103.30815382672134
26.292535116910848 58.23346218287395
242.30203214781974 9.537491847936924
146.24139734626493 122.96014639732242
200.81037803565977 186.9967734775567
184.41448013092878 216.9744638093432
131.26609115604103 155.72297427585806
220.09716959048617 201.33837240563884
148.98236714990125 67.36406904352252
74.26502479120312 37.71528044523978
112.27926175074643 104.33036683276947
216.55029649349146 239.48623197687516
247.39553754154844 199.44656728528955
48.463600228050794 112.25327538286031
41.91495355874203 225.95401010622447
127.2730511520905 61.78353971005668
25.287507612646422 133.37307337848856
191.98414963488975 200.76335956557804
184.16723602553083 155.9815325138584
89.1486102601038 73.23374875942312
167.14549967780013 213.16263204995954
227.1880510186535 211.69893217276157
92.6320555228978 59.558873894479085
196.92332997669186 57.765237061994824
106.7500984094025 75.23253289995586
229.53636633530164 244.21521277684795
20.045678182783327 104.98563497559307
200.88232124363458 219.73986063294402
160.97698225377533 65.44538950091882
115.07869952631128 83.86243869898
9.60624333522278 238.8796534000658
14.402457933982705 218.92783265469396
64.89402211396266 133.65959157686757
209.94389018291972 243.70061834950374
76.24273905672857 168.6004572623359
122.70853645439972 168.82724969342064
33.364375624266586 232.99078570533092
187.36225725458377 85.51998416418371
9.130399587901572 147.87638658330766
27.525695163622828 30.480529805367723
56.37656077389383 177.46001002241312
206.24669200919033 140.87274388493535
200.0960595386507 148.81002925182534
123.5183678952246 229.74249258619884
194.55833172694975 190.50429573727018
83.3020570243261 30.810280908074862
247.04358299456723 39.86808620537108
153.69454124317252 172.31440145466445
118.24616465280616 125.45294327456979
126.83924835962954 74.5765948818044
247.03970727609666 77.45893041876347
184.74385376516778 200.16644504108547
48.04607432600008 128.85734879117126
57.2984969806328 3.464966189999308
83.16701571006799 65.12431125812404
228.09948965010412 228.5437937629382
61.65267700618751 51.514787921932395
168.32172127834664 95.06167743863998
81.53812566111982 238.7708206893538
225.73254315557887 114.57807190165192
164.25355844822838 190.38813684241754
23.085080177003363 73.4477172816447
126.52355993378836 120.95886831781671
110.15009233054136 1.2132215300023896
60.74936254553534 78.91783474611825
85.87259702676938 149.00158922780292
211.67088470200298 13.05279616232849
30.127018454490756 87.38615611523961
170.67102951565033 225.92443772471287
22.774406822342247 155.86694707520778
161.846993440388 119.42169271586397
123.01373339255333 106.97026683168507
212.8827158145023 142.45543492359607
177.19899996902475 9.850347976533309
181.7244426731241 160.7142137118134
149.98307515443395 17.818266302483927
226.82634058579194 144.1005171227505
41.89382038962994 121.80588946126261
199.5011843519791 89.93960365300808
87.24798795677304 7.806658477029771
149.08013799357164 1.6594220521434777
145.62754154644503 199.54818530574025
119.01685440820437 46.57256833046991
246.28769572206514 107.6413445715605
44.012492041163114 11.466784512592588
95.6377964129358 228.68863592244887
90.44019876593548 186.35332784312337
159.89287104062643 234.63799744246708
223.42245361034196 88.69420374742457
207.23632450641725 144.470697237153
13.648056584282225 210.29991987089508
211.71306796031465 120.181315203074
30.417922774597066 207.26695750912322
88.87370815457693 184.1748193810182
162.35766928946353 55.647841285158094
69.33239845913278 102.61912481789071
10.438940076240078 36.638762491068064
119.28406875778569 202.4017110113293
122.08188859649339 45.3008106149749
147.91726488630314 101.19484753500969
34.48190683079563 182.33530108107283
61.349450431040424 59.99573164212052
173.1274938381746 212.1503197522592
20.193042525066595 199.62965779966223
228.25746046599852 223.3520231983145
149.27277589797387 47.331628820545006
174.6060834668489 156.18849092628176
121.56875308218842 54.36561501860066
187.55862119361825 3.6837149285794677
78.20898833643523 1.788776772730316
53.70709259658255 162.84006256573545
86.00956305182811 192.41709129839393
226.38100006926229 140.16294482017892
181.87356035577258 229.4652637007536
26.370705773066994 42.90463883481288
66.8370435696751 118.63771527536848
134.96853637962454 89.40598101104666
52.56621298868233 108.09057348663667
40.33962311851885 47.06974030502945
106.5454337005051 228.55417650645248
53.13452010699527 105.80120425477624
57.488221171881264 58.95508688613757
35.79145514762552 127.13058256975334
215.93865694327496 180.08364868497497
50.60076802083751 82.39994949014198
227.28567886641656 7.521979175928034
65.43363561707555 221.2688187113413
29.889067982521222 240.62191127472934
104.41062163951432 98.04404856352839
82.77068536004204 65.7625548899266
218.23615669847834 216.3624823333958
159.70168659296817 117.06597696018659
63.81882220207144 26.142717440428008
168.85877363379979 76.48742124764438
49.02812699258757 47.42345770596046
37.66114927758121 20.09656122423617
133.09327955523327 214.19724202505827
182.8460330568213 209.93174401611012
130.34546730502078 223.07460940582138
161.40682958523615 121.42326639918937
216.87533972456345 173.07913205485067
83.41425273314124 228.50319461522025
195.00142824640795 168.52470927132163
64.95783095598742 167.87426649333344
171.85254619848286 18.79696599757763
216.92926823062572 130.70057491677795
228.13244218922713 166.9323569916359
217.89088210660833 42.56504417291693
226.27783846684966 226.9214273833611
231.16819093483196 201.49743683876207
29.044830354861023 242.30030416365463
48.07333673052722 202.02560516100957
7.664262086333807 163.03800057263754
39.446025200387204 66.09388684075456
85.00761427387567 142.8366031598616
36.54835272037127 193.67701749756327
231.57396292560028 243.88887026140435
220.5732943120562 215.3083322500698
172.07178876044875 197.66279164281212
246.13603794126266 138.71994579946775
234.54549055558442 161.775272335988
150.5025836459595 243.5700130860455
249.83923802123215 223.71551025822984
134.6971367434729 10.799796716444765
118.5628394343744 204.0372456695783
100.5973200940159 134.12372054199625
183.97478425133107 179.76691400069404
7.353384326120232 64.89246512646899
215.84900459879776 62.862717370275014
53.019881302033916 190.40822993461083
140.4506385962283 142.40016848005496
121.90961920275414 152.34011425649345
35.57463492510007 80.6399670373338
113.05919347341539 214.11899408289423
124.12878203952243 138.61906464701775
165.0267253250682 32.12243166750387
27.149265582309763 57.76901922877653
62.17554933768527 19.386201485984188
196.72331860702988 191.3233544284575
146.5604207143736 41.765702441989404
176.78687014041853 119.91335138854689
30.862266401858186 186.08108167153154
140.83882698219566 215.1157426313408
74.23807989412437 1.3898019003763529
176.03308740704463 108.04064589336495
49.83816491158768 57.58268906063632
197.7911105918245 172.4799698329577
135.33338960026606 117.8296494387871
131.96548319250624 244.36790300096135
69.04051945945302 191.64018696833895
181.69805171989992 153.3853749034666
48.78865849393524 29.480896887213504
213.7709057017068 246.1515712104188
114.91589171216582 113.4626168582568
196.29909239755892 143.31105366585385
168.70709301934477 155.96583225500447
88.34670288937346 81.48000396850108
220.7043234085493 157.59877633453644
13.809321330850693 204.09721038910257
30.2396273245637 220.3871392995904
141.46556013038236 40.402080484502555
12.150507690677049 202.1027691276859
4.626110783653131 122.57452956808052
70.39600734338153 194.99758081080856
92.07956396068207 54.45775383419279
241.78318762618704 84.4778519490849
101.03133659711824 193.29401922800506
77.19925751983375 144.89483726563807
174.11892987377382 150.7016608453863
119.19172034374253 107.42424698921926
92.89512716064097 49.209621397391935
31.871321967296723 179.8371713735289
245.87101714051676 83.16032215790001
152.37641012761156 245.75724233347523
117.67114247092908 60.661188215578946
153.84098456390393 65.74318017555069
82.48387991724202 89.88867970190034
161.43021988880014 212.56145751175322
27.684035711998124 18.326950938079122
210.9175933574584 249.55026896480956
152.19113526078772 68.90575265099349
20.7218206073653 92.73089512056181
202.22144803688542 199.9146142588219
201.8430385127587 25.095376113006523
159.52636320884798 116.67706014812454
110.19177796977631 28.574879399968722
104.05429192816426 50.29670466676436
103.28637664711407 135.42192981723443
244.86563339941645 228.2691582330892
140.47143999654563 80.49115926649813
12.894890611717614 98.02700574429716
167.0903540271398 118.3506965027496
170.84705201422923 102.99897567327405
215.23366609111397 242.11747148167868
100.8072984331243 83.39288015263524
245.91656203835134 98.50019271322772
131.16204157928559 141.69784286297823
75.42422135503138 148.35881840069416
65.23644887381269 12.67315864854221
195.49073742829228 133.7299384518161
60.4263003826033 70.74666327914936
213.33544907206974 180.36200656353267
243.8843991960138 123.08413804000901
83.16210831049695 237.24773449407914
216.25479565757612 10.280672715507922
88.7392010679064 206.70465962973975
60.67146021457129 155.90768511525147
121.50566057231227 31.89551168582297
71.17192855455698 25.977965829704104
245.37521038348157 241.6006347319552
153.50410344717872 154.92487419947744
89.83746425010567 215.00906153269048
176.92297077195383 25.617559606381178
243.82084938955092 245.41055142172766
220.06907937158834 39.8822136598457
138.24236833993268 238.17436674635522
76.66382869431813 20.63551362769356
222.99078099271154 94.4059855028705
104.30980462869724 140.82387236384085
6.158436914719872 223.69570191374655
245.4549746431808 32.138566600191126
13.166169860909044 130.24047747197042
223.43526349459088 54.0012464533727
88.01799568094684 135.97388185075516
201.94654217546798 170.55387542528996
241.35429183772092 60.212028737602616
27.83618277506175 106.28884551689535
18.936748946899062 202.10965332769382
40.69144778490674 216.97773612640498
221.77225783309663 126.48008660321408
89.91887181591527 171.6993716708339
244.9313367606356 92.1756560985223
49.31658377701409 144.11292399193331
75.63724682768313 183.32041186778713
206.755551863172 33.16452911221449
139.66375349819893 218.66115723359644
214.3254596943844 177.67516495702995
70.08564112171963 95.47324473034367
142.75726226684014 187.50622341281678
60.010550909824154 43.982921619127396
115.03272640272097 133.07921790457047
131.64519751334322 59.886505611228294
81.34806029622563 32.254118735982495
46.81630424044175 107.88618172686617
27.601384563966132 205.53060467756984
70.02747064721606 94.59819989488035
88.77485342097164 8.284126124149472
117.91128788057895 191.00247418850765
151.26616583319722 44.27034368237381
151.063959353888 149.61989556502502
87.55633009486716 207.67332918160994
130.8023843229344 43.08320214375183
40.56699219113394 243.95850405071502
84.30207010103472 48.05453233785536
102.9019824451683 192.1802798461422
169.7610630339822 97.0368298722768
73.93702477360708 24.402539176480275
6.943059762403308 173.121354128312
126.72704686789346 180.91685180057954
55.431522477172365 189.52168867796547
7.882101457246077 118.2971280814473
87.66713226449063 118.03197673466565
233.59686767607994 144.0659347699286
186.24295286814032 69.7892001857188
58.82578485378942 102.05221300062587
212.01690859556382 16.159254471811714
4.794907616121835 27.306382055102357
161.21941249232543 113.21409063016422
179.60076412929072 134.07470746818797
98.5604156061039 61.32367501807406
38.22713757521964 204.89045764057573
167.9230181524042 76.3002291210202
139.96566689672906 149.0006489884249
235.0211739095524 133.64266394467597
76.11802645955534 228.63920155083954
179.4167028595609 183.97703002269552
166.51875121712115 147.73318761265668
143.5947852793656 134.43567899857635
183.72193134025116 80.65083083982883
164.48087396490544 249.21176794136696
234.47250018102164 159.66287766359952
184.7563760589646 96.65532245374867
59.18718725797384 26.56908977110278
112.63270746595298 76.62992482019432
166.53837543010644 49.452900936361424
198.2217673507599 25.61253291741175
212.46433577426572 31.322211379024772
57.992266523946235 163.02900626554495
231.12179799244848 81.89391043365579
95.17068907559234 140.41169475532988
170.84992071935085 160.3823043117708
4.035086075049072 163.13110580392612
213.78760477994717 9.96549153351667
44.46637717790652 240.70350770017757
211.9386044258361 65.58317817459198
160.38772726613982 69.89095586336907
62.63513762506856 160.9000093889685
33.151625115745794 174.19228061527377
3.278157914108987 140.8243096513724
29.35067074995734 8.882131788893771
193.6147616472275 31.73148131594472
24.297741183237882 82.65513350298131
76.41501195946535 8.99477822378078
5.826169500428496 15.53549580978289
217.33859906626626 124.98198391398327
222.57916746894972 154.36335049708305
31.78157617982863 23.4286573269554
193.71719466346866 235.74902467351987
211.26448186383922 87.49806500558405
177.96011889186002 152.71404490528272
2.5788365947723433 234.7492926643361
30.797445560588084 93.26786347518784
73.14327666764537 29.065761937675543
52.879200466770776 29.332174397362966
118.81367713420846 84.52143662742716
201.72931085877627 74.67761271467086
184.38570371838068 88.71154409501347
152.43905194813678 212.2055749920605
114.6532146705967 166.3708252962149
108.08544559743352 90.61837513235565
81.51468721390964 32.81864214623392
186.49782547445878 56.8004661277024
175.0950415336305 102.9141549434305
85.78202222234945 134.68286810860232
16.465463169872436 20.978949816771316
11.923335160628046 153.47811948586892
222.93293609911632 188.33446852223054
51.6327824958695 134.9172647502494
131.4734052482898 88.21606825439152
69.44557197551485 42.09087852122121
146.02726322775453 113.66748257065998
102.71773682510882 138.91230020757416
195.6689818104793 83.64633531136909
92.7183077589743 21.407502589173095
91.16883423052643 199.473192339377
128.9242253568599 8.903550949228705
21.859298099768665 233.56665178439522
38.37194200253757 34.070197817581196
138.3588311534726 83.55517307736717
74.3712724755741 205.98166259879915
218.74529020173745 80.05224561258339
170.90074616248842 124.6626292197231
203.2085313114488 121.63300999883542
164.78975363523895 205.30052809302083
161.45589785366312 5.933451938941764
216.40969326896877 136.93747786003095
48.18644949314796 192.21809750004073
247.58065040960793 100.41673257463371
244.39808741828463 71.5263725455418
71.30437841726628 185.61971510634731
196.91619046735295 230.06513857139035
209.19683857615524 32.81262577976254
89.3937818639037 3.1307666297827055
230.20827989652986 67.66917343249762
38.42973847845915 76.41834708578315
6.197394079765356 247.36819000886496
52.82360077702922 43.82314272932081
50.6994894249293 192.42605967584024
142.0442676043243 66.72927445006616
116.84587504625318 240.79828677141558
153.8328155968706 71.37522573759419
147.53785293139578 154.93430948835038
26.213408665917008 90.8406453296118
110.68354403835475 90.85751094104772
46.02056169886551 173.8458821614463
52.922716809316064 112.78413908148832
117.01957651162695 214.6009983129822
134.47205723519377 204.82058014180637
165.8363426610069 215.4163319287141
101.0712175705645 212.52815705392052
217.45985106770155 102.1954541991675
46.87134816170022 74.38963170794402
159.3325814352114 44.00768198067495
124.58578122395325 232.42982280284195
41.03053576455362 74.26024614366878
103.50415387496211 221.01706503858554
91.36679141602508 207.17422089499695
163.26692556130084 2.0084827906634573
98.2705176100187 212.9594260067233
134.9297910263208 65.23998559892416
146.1512536886055 42.47138810843406
135.4475918168746 220.12536317995082
246.0369339172806 130.1442387050972
206.7011288917969 48.45848453971768
193.8095376519261 85.50456758544253
65.13212977031527 120.07167214755712
176.4628744787759 194.08842354985617
110.92781899465703 67.614407538467
132.95027885330003 55.77810520675822
143.93926159425197 160.1102361931724
161.8845870919275 108.19111509518714
31.207350821898018 214.71591799092565
88.83978141527507 102.4880198480991
220.71842039672796 176.64665782452295
208.82164166029293 116.71691771843862
70.47888052231698 177.02774104362945
168.96399119271197 209.4973119092506
216.9838256645475 156.4588217444041
16.15089904232894 106.69572413919329
68.70073565271329 16.20142648631029
236.96181763874824 30.269860963617585
122.5156581714896 216.09318330424225
101.30584837207255 93.76855664359438
16.670967471192455 19.79760786812698
161.03154533043565 112.97340399744164
59.33292113662378 234.8056105759922
231.29237700395288 223.79198416866637
181.78790130570565 197.2667345724482
9.846392452783515 84.75677928044406
82.87077526818808 210.23990743916056
42.09003642133904 185.55505948424272
191.73022527326856 176.00296177657165
193.46740107506275 48.56077818767396
184.46401925803065 158.74383785973302
141.36731045328392 208.09499355645468
185.98577337175698 151.52877356317688
134.2684476126606 57.36248207265626
13.2265986303787 198.1191214212057
147.89185456012532 171.81746091342498
68.46966393244566 96.81186017331459
230.7367854886947 237.26241837190705
91.29153859420106 34.53505419454353
64.75561838219107 224.61287029191237
134.82351186894653 158.96074276399258
89.69471801045417 49.394790038744055
55.610107307797556 168.775319768614
89.55505024974289 12.147274538897607
244.96052727683164 54.684124601861036
184.86645496385327 197.07332490643694
3.5978039464077405 174.76667514719762
138.32943334637474 13.095766946914694
81.37622956164806 194.70808502744413
103.80550130814834 114.71506140568214
8.816942575149007 102.86943365160336
80.99632694832174 26.286246083930347
217.3533987130398 25.518832387084966
101.41126788373938 73.26000210724398
73.83049896688837 60.469832900669374
192.91569401079798 95.33894204343821
130.4741479176048 199.52526626994145
81.84046957279482 156.40864349429089
150.00648923155532 49.87294356852637
144.4178823479736 67.74569012238338
135.76652959523236 19.43821757927791
87.70193703332141 43.25641990656223
156.28968581127145 118.05787471886528
210.40906439247524 1.7402409307210043
103.54454022070578 144.88228057043943
80.01057816876205 152.58661031220726
167.97866574255448 30.116974278463825
200.88882352791947 107.19459576636575
24.772267570036032 95.99040970893275
57.49299160803023 145.4890748530809
30.79355398047423 125.89699507426653
156.66508780308865 15.87472175729382
180.85013315513095 123.36588386966434
194.11001895492376 208.24339537022914
217.2026593938173 169.0217441598584
237.33864105313702 24.881596868485346
74.71572537049472 111.26168835955188
124.96860256347938 167.07906514970065
179.27285324897335 20.365448483860376
98.0684134847494 212.48112916841484
33.41819579617414 230.236781253607
119.18741755794058 208.85989277965726
86.03348313098383 184.02806152863997
190.74880540968707 123.19167733271141
127.31642531920875 88.63924544171839
96.76832398925606 181.84934968526102
123.03254947697148 51.4959857770218
116.79929914342354 26.215568148738598
46.2238504384134 86.26850315584264
14.539382379974958 99.25723024538327
184.4623027475887 154.49680278772243
75.32320369104359 113.23140837927595
68.20806661556637 206.00447157577992
13.350936174116784 58.00945355334086
197.60787168702632 99.10114946194481
18.591753936930328 34.832027096220905
41.286255770414115 0.1473228775976665
12.810560895813394 114.33841490863286
196.30953768266386 114.3311689984794
240.63471701340984 222.3557361214287
23.6143331281021 159.77190635964715
29.832030151736493 233.2434892986839
26.069537613379325 188.67775342421774
135.2949990203723 98.92250403536195
145.1457719287701 63.342436156649775
235.29883481217493 104.08830289337168
9.93589096943001 183.85395596731672
155.25521189414695 220.3137812013454
174.04611018251194 104.57359941643863
210.6676567545828 63.16157126637717
195.2886964755265 112.04437582236501
28.46766477969109 113.8346939279688
207.23700875632065 19.366964494852784
130.3974021319808 26.43393810851477
120.80504095387876 161.76477322119948
234.24387104927683 207.57285813775397
192.31232876670384 60.431152124517524
19.554108348560334 161.62121155706416
26.669794644989476 32.17440186785575
95.51190328302172 43.8519591420164
73.13801562702149 101.2617328618729
156.79958423627542 178.31632017979976
85.90262633647941 126.74785651909865
145.70744731746987 194.1249419379871
49.7808378132461 98.95276138787493
31.652341816961112 74.84187554725005
245.85206389407858 154.82138455769373
84.67523154396342 191.47603764482577
182.72457356789434 89.98165705759284
234.1222650124975 141.8744562955586
96.12830011307791 161.2644678321529
62.55193676885493 231.86998416422634
64.76517339664373 176.77452213231518
126.6490820154796 145.47998207730157
70.81027529639944 181.0251824949639
190.41873980176655 214.66355266305752
213.21071338044024 93.58561399158768
64.12738328746437 69.39814917343925
243.20202538292716 208.04014445948908
71.12722925583448 140.43051726450543
17.91912102295301 139.79952549710177
150.96674573843438 27.05043306537905
7.793158971314218 53.75154033355945
115.68967652646784 234.44550623991364
80.90026995381439 119.99423662763637
222.24174779210125 216.54216456655766
180.5510419397516 139.72915134785336
214.18907027917302 154.411290488253
186.88365517007657 184.76909731800885
170.19349130163903 132.6855840502853
86.11932556264287 42.284662141650244
43.059438884324116 167.3985368111857
116.06516134680567 182.51771051048735
7.35141832503583 155.76372894225668
233.34832860998713 69.03322100984465
30.217605269065835 103.93458615394321
96.39846533066634 231.12492892277842
51.48209642137388 249.93614006087248
88.43659984284868 90.90048229372249
155.58244298982447 190.79448852830856
61.296330132321195 239.49376626024807
87.27105184915435 158.44781953950627
43.72033470857145 62.61622862259278
76.17972569444312 174.91379448702384
166.56410543323312 9.518269971792199
78.66889116050422 119.37153303626202
18.949165231194915 30.832903157287735
102.73120085870474 33.024562928781
230.00326467197957 45.74919853982035
18.83636753946996 242.65343063191065
91.11315527261596 136.60629335044507
234.78248530690576 66.4482116966541
232.0560312940346 160.80532334888252
79.36919801764306 199.52059186203962
204.16722469902695 224.24873284669806
193.0173752108306 55.931220206698605
37.853330457048 162.42108470448844
71.10508544519715 127.06466443302928
46.57395748059942 168.49125816879916
134.96355748221228 146.65657269430105
218.36840018489508 214.918061575148
176.111406361771 34.023078696949874
76.0474015988182 229.47141898415916
74.8828284762072 192.81205675375787
157.45488180939375 48.55700392420448
43.447738389638005 71.96635806399863
46.83400375088756 55.019007698586336
30.14040185517669 110.39676638457723
36.79872290835956 152.7287580750022
86.36361434168097 171.7900832630317
75.67850237701462 218.11877561316172
111.97784917575554 97.68759990005357
178.22167562074952 47.236259142426796
151.49650051749634 60.458422404422315
55.714194902023976 2.1685757145814555
201.3086001941136 127.95868636204999
3.375312154253407 5.054180537093666
182.24536035479895 64.65553962449955
7.346066880756258 99.46763506251688
203.49473011230597 26.95351423932571
125.89834229013714 23.010004933506494
189.83982798707922 206.00675721046355
245.70731212736052 14.928928376891
174.10141615927643 211.45445128820543
195.15813296573805 57.74928865182483
195.58419764773916 205.28532858493926
87.57513586005392 41.218035929557054
152.04128872010332 58.555631036642076
62.44889892027541 67.27722050455645
243.2156177328519 236.36116469819063
238.43216376174468 141.5442927548763
116.4870745583475 124.91272159652131
95.96788668173798 179.03703148940448
87.68418089442758 228.1050683260894
107.17520040079351 163.005593294828
150.2859985376775 248.2175683023761
52.11224073419973 181.21077843140847
133.28527240046176 172.1101101433823
119.08881662274054 151.9068509755255
193.49466959778334 6.431449339814405
110.38855444893528 32.899188594558844
124.07099424951915 241.19188943728767
20.73688859739095 181.88382977259735
203.94194873348505 86.93063102800369
223.50501606441992 89.44549670103508
202.42470750243234 16.780385282593514
72.66197213317349 174.47350457641875
184.66492199259162 147.85063841847185
244.72034411755857 242.2793136027988
177.8422279080836 1.790400810252224
28.234981769107296 45.88680996444422
17.487659948865392 98.36652111886518
9.939634338703595 185.46037279577885
123.75542037131943 117.53508209001501
10.26598267976439 190.17139066902237
36.893465362800164 100.06398390030047
206.06003636938348 21.807162551875315
113.11128060883064 144.6247672167751
91.1460242894293 62.17005178044147
230.58206150075281 146.30310280799324
51.40480960639945 78.35648163173656
69.6763130720888 161.6750172909496
119.89273682633963 109.98058307492906
12.635993908296728 47.15579287699681
186.57611743376745 79.04852298948309
14.946977096158221 14.628911691735885
91.06946303225436 212.25022592878838
92.95363084776557 153.21672638591306
192.92856067163152 51.33954143137631
214.09143018187746 5.124474343396329
37.858946237159905 33.33924668598395
141.36345253351206 44.199621672007524
176.96554877964485 248.75736725865656
49.828680315644554 217.6727943324063
97.47838706863044 71.69815364695178
52.164637579310394 9.681457233530171
62.19604556868632 102.57984414069418
128.204965717198 92.09591328872241
160.44045988687014 193.47869791115355
39.82950600890511 168.8414296458712
150.03940352491134 69.77823218183454
112.89942682240297 152.71027635504612
242.6591416426415 188.0374975091428
236.59029337543143 197.70213661082877
32.02824694315759 134.58306291464933
76.22049134085677 214.08306596245373
127.40066596019656 117.38003298140929
168.32750244199008 61.10017045067887
222.73377911272544 89.97534567492715
162.5079579862969 36.08724978821506
111.87787209327205 151.3723301028704
236.97022781750997 28.85529207862994
56.52781024363415 91.22924457792233
8.637188939021435 125.39048856444468
189.11490111877498 92.86467977954341
155.42142267211446 78.1227833315763
191.058356650917 201.14031705294323
32.00778339895569 20.67483125932612
1.8051733597870823 207.16206710883964
81.13085808838719 87.0496733366587
29.569504061163848 154.5196202727673
235.30644039765158 213.25555877052005
1.021960125740573 75.60471469994737
241.30453880134928 134.27951089711067
186.27807341164856 211.9297208668341
198.95305387183407 22.156174852615507
93.9272487073115 92.68387343161083
61.36448675702755 136.31506189826808
204.441386786827 133.50493790618702
48.497018994573985 214.66847394292722
211.43345954643252 62.38180770038762
86.09079411645187 228.02851813889285
24.369663998991932 150.25777964667066
238.99030746910896 10.175727550134933
215.04916955484356 168.9369725375518
217.25945513341384 3.3397280486580083
184.8238754332641 212.65880105073785
174.8938827697082 9.88848005048315
145.43951056250165 209.32506433490101
27.288632706740035 36.580480512626494
76.23198629527548 236.82549811824097
140.9256857281072 202.41153015221184
182.7193225702753 77.551263474045
70.31019073674771 40.770487857050036
58.13575688507011 61.889396901339296
8.5415518222261 155.25902745376754
186.41067649317876 78.55975313729829
117.23733744118859 51.810397254669574
166.5464798322076 199.578634606836
66.82942657698071 29.988362122432445
105.03985744125916 73.60800463679071
10.244880528302941 166.37075213873538
30.173005945361766 112.45430296737369
191.84306393399612 221.36155254698815
189.54316407546523 122.77075521706473
56.43942684966988 23.153643583261523
232.52122058048468 166.19871111790468
109.48725532019421 211.8212739244651
241.29480594236188 60.58672572025697
241.52538912861192 181.39632601898057
138.75310002944832 8.335599628093576
86.18297866192731 116.1923003762326
27.067034551499198 207.5133833379787
155.39650343297072 243.7111957283005
5.535130968640556 40.977318688101924
247.13941254815572 172.21059713363115
217.65557880538398 199.12868166641303
35.97592191128596 143.5891538582477
92.27904870212666 20.369453377211634
182.35051486612164 214.4024353020845
201.4287519323098 120.34825411428795
163.32034698977492 114.87647410477908
80.01555667755974 13.669216401718337
189.40209800606993 213.06943001068436
110.82479924133179 146.71659902152138
32.683491043371845 73.72977584114349
105.66588568123814 229.92887736923777
152.19559687233226 115.50081748892809
217.65283569426182 90.84312982990747
207.41979224853972 50.95654818618095
69.106813996688 55.83748608889863
7.650844722226519 112.50826070686057
98.94890655293948 202.32614800728123
197.53972988830392 211.5983672977805
164.98482062510146 47.20620808757692
180.23265639222635 172.41804577896306
6.865963890963306 66.7693123415369
82.89521018792198 25.836785661467328
28.490918309816593 200.28638065345336
18.355463581316428 156.42041572207413
58.480381118277386 190.54935584838236
110.79429926117152 224.33993918135735
235.87546726371556 166.42982917520587
155.73466634783804 124.70835970688115
233.4518326325767 188.23219229045924
51.01012737957153 16.764924898803823
214.86422231806011 42.53662378398765
182.33833399616486 61.725397465734574
142.27015363405036 39.792221602289764
163.75286029435404 238.91924259830785
9.297720370277984 165.41465542036812
200.99021749680992 163.62278383772633
236.8961424727053 31.77179863010432
210.7550950637707 148.6190797559691
100.39733527257691 41.97626625290862
54.899017212748454 92.80717494750957
11.816702284736607 71.02926041380233
83.41186919405614 63.207007066551775
29.635754379571804 137.36842169241376
199.61253716597335 105.40816849651478
191.03383675423507 118.71836579257108
170.34054420065087 47.27457982859362
88.12025267585035 177.10437733521928
74.62605775375889 118.59150557748946
84.70582703196101 184.6029581739122
23.319067433161837 157.65881430240108
155.63234401528743 102.57366990434461
182.61199832818437 79.91731163748724
50.03237031805449 75.04731432989281
189.8684473822095 115.86479910912776
119.66426608690439 204.6642897639856
29.55027429934712 101.91657009808155
237.64548305145027 246.57014802990872
215.90722080317997 234.46627317445774
201.66005907947635 240.63357582205055
4.076661145800797 157.2750361301503
247.86584209319636 148.30724586161247
196.9067016374268 1.6881807690072026
187.9718756740793 21.800058756602542
85.48279754633381 148.21362777313752
222.4995843263581 20.550076225806624
238.62146518877674 68.59905777276903
219.64549496591997 105.8570837890917
247.3811175711093 27.981910255563403
176.3750212309652 157.2993040586069
17.97036543342684 165.5835915008464
148.22096209774318 96.42670888683844
99.51861414106314 108.89457566394644
233.97825208612775 140.38254353297046
18.87513157701612 151.60108788222286
30.216136671950334 130.53949966816865
33.26821842527824 178.0462796330391
109.90314570066568 110.43579082941324
111.04534518387169 175.56740359513444
76.19254053990895 66.44620304324542
189.89579361759164 32.56847622431583
73.3780232451533 16.788030799996577
245.9041403276931 153.03346723513332
76.11457552806044 42.52029859305306
119.08860156733454 165.20082477314196
124.72231514362822 151.07585310587743
177.43471775731282 80.10550659907715
153.03245803992445 249.18892921120758
180.03428481964647 179.0261197956672
133.93430474678027 33.07964372156219
62.99367434209374 125.21868228068367
47.83488585069928 130.67596521853028
97.47911963010664 59.85698532106903
168.27441378855355 159.33280336224027
137.48110411486078 150.8900144856615
78.69719938208672 154.5857848795112
89.94092547600307 5.565386085239016
192.32810072076435 63.05063789440646
243.2871514354629 136.59115647095078
60.587183656676316 194.05027193941413
46.50780850745398 158.80602771160494
11.146331260760839 51.61954273422048
120.76640463158748 103.78764983624767
176.33287602519147 2.9627482460967136
158.43096719705724 127.09910134248298
179.15630044450353 246.56381779672765
207.6236051400386 178.5535071760682
73.65129110284002 145.66996512275213
218.8306300511847 127.81899833457081
10.95008063852751 113.27579890546174
174.8878422293957 125.89813718430295
8.489546885478095 70.67925800085106
65.11633810829271 235.8433330805918
92.57886080942495 38.226096723986494
100.91684402649925 127.45803858024351
47.942561778007345 220.7922535386684
207.41479114648718 24.604117007955672
13.877565942389591 241.3628999736981
106.4373935985765 11.482628351011964
196.78409483066528 127.0376423034735
84.7847078052937 188.18171328144444
135.73138054426852 188.1969460100558
2.6060832807060788 193.7488468454389
170.04820953903277 90.77750319305613
75.9703567119544 226.9225466770953
108.80747853092734 161.1381243672458
149.846626339073 191.262198337208
233.54476875963775 79.2279472965732
107.00241153172408 86.23607387390214
106.2816798476684 238.55788217617524

8.6 17.2 36.0 72.1
17.2 34.4 72.1 144.1
25.8 51.6 108.1 216.2
34.4 68.8 144.1 288.2
51.6 103.2 216.2 432.4
68.8 137.6 288.2 576.5
77.4 154.9 324.3 648.5
86.0 172.1 360.3 720.6
103.2 206.5 432.4 864.7
114.7 229.4 480.4 960.8
129.0 258.1 540.4 1080.9
143.4 286.8 600.5 1201.0

2 5 8 11
5 8 11 14
7 10 13 16
10 13 16 19
14 17 20 23
18 21 24 27
19 22 25 28
20 23 26 29
25 19 31 34
27 30 33 36
30 33 36 39
32 35 38 41

