1024 3.0 0.0 1000.0 3 3 160 240 100

134.53976746428717 131.0088467129707
167.98419827921566 223.05849171826875
92.54675576563695 190.50330239623406
32.833981187507575 86.20613098299879
74.37394911254486 105.08951742355569
89.90456102410805 69.91789916239438
235.16987155014536 118.60160227699699
108.05649686580401 100.37388149602214
37.53184593755382 19.674154370868695
168.5420450398877 228.81499151121304
146.38553837892758 176.2676694159692
242.44145327412613 158.81284525697512
29.850123203025632 230.0718431345433
1.3987726720185167 25.115952926738156
25.147751012504383 112.816239071759
4.701912979022977 34.734400005763526
109.78867883489343 58.257631863687294
211.78513545737079 143.8159333746133
205.9630744004155 137.19392482708366
244.00235732034147 85.24652591040221
41.75740282918677 220.97848843626826
229.0549253547198 176.17602032562925
202.57613477898533 236.82691969173993
41.83909362928723 229.1992406939625
100.26834451466196 100.53364917893553
68.82169073428466 164.08774207565375
101.1213709248717 172.96458460853944
135.6268601692262 184.15251102387526
11.329466914913683 71.90968787966295
147.342651098141 50.83536887616486
147.3377364197319 7.6524726554257905
95.81337635885126 224.63744147592013
109.67794763470248 149.86297625001367
103.55522853555202 55.61865330972932
140.66189314014457 187.1221122145747
188.5732064692042 6.027889426935551
149.31826802024193 3.556156261146665
205.591903131811 168.19431506801047
41.49528517505541 86.07825542206382
89.93359347036431 140.77431677797827
78.12297114443048 100.44741335584852
229.4333161547776 24.716667461834014
211.41551531911585 76.72622722966149
25.138313097248677 143.0751702638246
52.82606564985651 8.815383761679785
238.51700720334316 164.9301215069647
170.32150074638272 249.4917424940311
159.05782969193243 203.828033368746
176.1885621985531 47.78687066699738
77.02261226805606 212.69874620407833
121.8496386424375 213.0782725453104
178.10410103961073 79.50973257529955
15.490784116023281 133.0717678172163
224.563678232318 1.7950662329264677
105.71058839213951 172.48312101114215
136.75026406400235 177.59465993426232
110.17360397758227 101.8342575574642
244.82129890986255 38.38875778573872
59.22426609957501 30.071401357682685
103.1366700495385 125.65523697880252
194.04119023460416 227.9470210733508
146.10450893692916 174.61097269227474
35.84354241554891 193.56588889514416
214.107271799065 140.5680570024812
68.7595213659562 177.84913597027352
208.91205384743856 58.44210597295263
139.42052946235975 72.03401504715006
147.01355139895435 129.80834634484233
110.3854490089164 193.5188803018922
101.73683815143222 122.85719408774895
219.51454923332258 181.60975671051847
86.46632012125421 146.78649430458015
75.49754471893314 175.93738661529756
134.47254296524224 115.14348576163724
116.35085215942253 204.23697605040473
121.46242113997307 51.99784898082505
84.62065984733161 155.74919345272622
186.32280128319417 200.74195363045587
165.11683820637631 214.56515928473186
234.01440894800027 158.53281716519197
244.7967349529198 71.12630863650618
0.016248045216216145 78.03374636894853
63.72058434282568 203.68260842687977
210.21001596485877 14.61705818819467
124.94134926641718 172.57629349069495
4.7537119488185455 231.68792256661857
171.84732675233315 127.65001990080773
43.43866634702834 66.93325912456396
75.72346692687371 216.16232469935215
234.78453692954875 84.73616650358987
25.93199002942473 179.4640367218831
38.72560072507564 194.91917318262216
118.955934069215 123.75815549587146
187.3336458891755 123.1647041900847
210.3242503360808 55.55951377319723
155.09784444410187 88.7350240952588
24.759584361090575 140.8437259567755
144.11866315824247 109.48602738321165
240.74065429013413 141.76112087707423
227.15017614024833 159.82812520967627
148.0145046918396 41.849873700957495
135.08410859064008 11.69774691586653
3.980974977356083 124.02647057899982
100.27991814514387 104.72240573305913
138.1121014528961 169.73352824974393
248.88985501751756 218.40732354098017
90.92253985343193 239.32585468448272
185.82544589156416 21.073652842638207
166.86125324811528 39.20775993838343
102.74914639999943 134.4524088375277
196.29079618638548 232.52889890240024
210.4298352331956 70.68545868641158
242.53207036123268 136.14642019285847
122.05882943231924 23.461527173910312
111.09447000176567 129.30938444724518
174.59744354672037 195.18663071856986
47.73270327240775 121.25322788545256
107.91589801277685 205.51316467995917
46.564604096186955 211.01262056777355
188.71334672811227 74.53706091168144
109.23882264701568 15.108824743852722
155.19241397426606 51.63229054997906
182.61231511088673 52.33102880527429
212.6127291406095 221.80805882501497
112.11700423602115 152.09994433353594
59.14449300412239 178.77967970798866
208.57202895237495 88.95831603168561
206.11918295788774 71.46988974923843
230.1526888791512 102.9856490913563
196.48597849270644 17.55662780351319
62.93404051669746 109.46442311400118
55.06008172489296 137.80952086612945
206.8271191406996 141.14549177777144
87.98532961800423 147.54095692821954
128.0266483330846 171.69100166981042
190.4552844279907 91.76786840827484
7.604038379400463 238.14640333729992
193.49582045220257 183.66762456342343
230.25518334782328 123.37086893623366
187.39414289260912 127.60245200054752
121.5141167537769 106.4331400088822
204.05968074432818 234.1464285307987
244.53214870474886 190.52966612212364
20.537548610062295 2.5331742702787707
106.91663420806452 29.315982455669186
234.06701712816704 179.26346361138818
235.43533643678205 206.13907751243852
189.89511588543718 234.49406217585476
223.23230186593122 71.77042433873609
33.383095505569145 180.51702222511668
209.4393591130055 96.85169671161398
64.53963385058212 244.4708953607378
212.01793536323189 194.4144395449747
122.97631738997727 219.92634960832285
3.053187196047996 29.992873449908032
142.49390981008992 244.84779289106825
20.023594649186265 218.83932460909702
61.88669789564169 163.6920101399291
35.51536658609533 235.51606997437975
129.34184155313778 31.476665177136738
112.83244848914892 81.86459603125529
94.35626924887136 52.12546348786851
83.04375098651423 158.9762732548324
195.801194443233 216.39331950152516
14.233345864578418 234.68796205580554
221.2852270959459 12.826643705693808
66.29326909156222 238.45278685336672
220.06883836738584 109.2663994045594
35.38203587100119 218.04322133972252
212.37846261839655 31.56822753140698
244.54819656661945 183.1391468298801
181.16365399027276 197.19890652519888
194.07403699332514 66.94886820459072
248.92783575024112 58.74573670470443
205.31658898427017 123.90669076131266
45.785672760053075 1.4988507960189967
27.27286668519588 69.71132245793382
234.3289501576213 194.0925979708591
151.39027282993857 90.73694164234331
92.02080943110974 152.0419161296947
28.023858432519173 106.19795444417213
239.08123469303706 92.32070288688129
111.22260109415619 153.4929328859841
138.56860794397159 146.15021032703487
83.18195800689219 57.748908055586746
52.41751439701703 206.51745992767385
130.3025434963141 75.77392079010106
11.259424675596819 104.2459639408945
104.9102755859565 147.89437538993624
222.15682554195814 78.82423872364544
17.670173799944568 159.65945198104905
32.00295374510523 196.5523632777123
83.59164026658397 225.22804755988014
203.35151643046822 242.1680544074467
24.135124615568493 184.60625234424347
72.68118977606657 78.86184845210126
132.38024361476528 145.46868181577514
18.859164764970238 105.95460033806225
59.881173389604385 97.8770912812554
121.69383514256005 112.98522948695414
3.077189329775798 26.449259732517493
131.19634056231263 86.0299077009825
51.40669492090513 53.21748040125604
96.88832293233033 83.02957782896183
114.67020624757373 79.85702399116376
185.32740194890212 242.16339400485793
76.63809208899261 241.00451660208304
167.36963067035467 121.20132286376686
18.147093361198575 95.01136096155093
166.7177679212637 14.050642508922738
231.18839253155824 225.1885453594125
104.67786631708267 76.46399321212371
248.36647630422306 181.03202444116158
160.0344717491394 29.68707869055029
58.628666607198234 173.9571735017587
75.73453895357318 140.98978877965789
203.21586619426216 67.60611301531286
15.94155378969747 46.604303246072455
204.3161400945964 100.3514027034213
181.1202492164907 152.93453151537656
141.92877658718194 204.03575683496084
96.67820696515011 202.66813724961042
181.8649695457858 4.418247316335861
150.0260934773634 144.81878346692477
109.67818335713778 176.75087511526408
98.03042125341288 8.914241306735542
7.465718386346021 162.3496914338535
24.828876695757256 88.17660772415181
11.538028716754134 19.41185576820237
230.88954893675282 52.486512840726505
122.66769505819558 118.35484574565477
23.08858526243615 168.5155459378335
36.52935983471875 208.056358693819
8.681490729079616 82.45977992975887
74.47644625481767 211.0750957891488
117.62042347730264 131.25166789705608
44.93495086480589 2.9189890788192674
30.729246678069337 111.63863678921945
59.64444963478757 232.15752897857107
220.21909252097078 154.26734611229918
112.26357775396067 223.2744510423335
36.20747980736988 156.29232736629396
45.61142174484059 121.55300743058164
26.59503916031611 102.0674213379315
74.83931007176034 185.41859742914426
50.91558216799394 51.85703442983733
3.0498557341888946 216.0470589083725
153.00647655263418 177.7640852489702
208.47533830380743 62.8837810950599
31.664422726598556 151.19641159722758
191.2219621153695 103.3321048245102
162.7148752437863 184.41753427338068
83.30148608851503 230.5689787193396
130.05265183274744 134.22787855728342
5.2600164297682 46.55137029399109
176.90754411448523 198.2657001072251
38.92906440896382 159.52408870899353
161.45950679419718 55.444462614873984
162.31517610267312 207.3021226336355
196.47721962936552 229.86444715972073
108.71331872882855 133.15152399169753
172.27904025397174 2.751789620623585
243.50220342402898 237.17279633660635
209.53178550643293 204.67016295203024
19.06315225414615 183.3215243685674
99.05746121711131 246.60507754732492
55.17034439913996 47.572523731562846
123.31563775917967 34.584875758448455
89.16496460837908 206.71959795159609
202.13022672822495 174.10185036762243
184.35251315926578 18.985414370522758
204.11618506553356 14.921901527423787
143.3971258168907 130.3719754329522
47.05460213382875 25.099628487219057
68.46172715773066 222.23242649075618
176.17763368784142 111.89583576653949
239.89969827530837 155.5026697754271
183.58973275657277 103.00167652520325
128.78723885812136 53.88731465794353
162.13743388899553 59.30362593172669
155.06248435183193 237.6437313435063
114.19951805810244 70.14941017404865
131.3113638833469 151.22110838423632
184.8612569387226 126.48484943965602
243.55429327975338 90.11291097303317
21.91119559014926 21.824410896900932
236.06162259504055 227.38506824058692
54.70756101496912 61.705114617804895
160.46686849529715 91.46061923215883
207.77442732774273 73.59965177003374
225.56133999238813 149.44922308609839
106.48511016584227 119.06406009135137
215.05099636644206 127.00009264334233
243.14225658848486 173.28409165262568
55.94780675257449 239.4418899519639
185.53929047891384 192.67925908930513
132.9531916821401 169.5796327100431
157.59457961435507 68.74401434885219
232.8100141817514 229.0166021698465
200.21540126437827 213.95567296690058
55.871841087962615 14.929057863168227
222.19895772265434 88.13726755005194
169.23988020818643 161.83589097474143
98.81174230014972 239.8332560868755
93.6902953395288 109.30329945140443
239.16427529024548 180.2641917191201
174.07218930049163 162.2300316355467
83.75537810043774 151.93287268525503
147.7968595946936 249.60037754567347
16.341336515428935 36.49881752655987
80.12987447358738 193.97696109496167
157.24550460074232 23.739600226365955
218.1701913823973 31.71109486942289
31.181869336177172 213.02987290737903
94.72276143669636 19.34140907372872
92.47170380718808 129.46432981532234
195.21682466832374 137.56124433662072
7.502463354531253 174.2693562942844
29.9546387459218 1.7600479168789762
144.10041923139772 245.53530373106474
136.0051458698889 181.03193190434578
66.21571903275752 207.40688309593068
236.22451606952708 224.53490928836212
14.803834052796727 68.59485418782782
50.391458428854314 47.337692355656905
197.80940520690928 33.83057302121784
118.79153021196787 52.87124269665702
158.69695197549672 162.54109422541762
235.02519056582574 175.10791675774428
11.945857543620514 100.31534469370062
96.30762107286495 198.95185837830647
26.072920073631987 170.62621703971462
232.55344092849052 180.79732802499524
200.1384895998312 122.21553562712883
173.29554062438214 216.15918515250394
77.62098951812901 153.46444362788225
151.58141267099575 226.26376604651017
173.22999037359835 72.4689790357258
70.07529269735622 208.07666161169638
28.403206048338458 14.43825199777346
109.05780777201005 117.71451337021557
216.51220494400567 249.3585008917347
243.6395646000518 36.45864629553733
221.115127097829 229.6670178192697
142.75363383264204 77.89634289120417
135.04281157995314 185.41593109657512
79.10662683419875 93.09415487354764
75.68932788773611 82.62272328907657
205.11216241838704 52.65859543417323
59.93850199000847 97.52889199996854
25.102784896966877 137.60089165106504
156.00932786911713 150.50601710542838
48.772372777521475 187.1527264037238
161.16052357699655 53.008470434938445
175.05572539028788 167.33324691141075
188.45350465570246 47.78841393351871
137.1608910461041 24.227044936364408
140.90615244117515 110.14198465571943
35.399800568321595 132.42641063263636
43.92977971086643 127.5393427118931
92.58740249179748 233.75800700011652
19.98213513150629 177.78366226807154
38.82102492746126 41.046258903132184
223.55528673824793 121.57226251207159
8.341805943512053 40.650103647341865
249.51532053669445 163.4834066936712
220.9596343387264 164.79714441248242
186.3558569169204 161.4908972313492
106.3911416360233 234.33609496931842
230.4717066440885 123.72621560551403
108.77348423332941 178.21514645289747
167.84101164981598 17.17556117685637
11.778576090955895 192.50692777967473
186.08379732346097 139.60762552457572
159.02627124314813 249.07340063122484
22.784604920300044 231.2373519401927
97.88109608076026 116.56734984088604
26.511147094072818 7.437315215490403
129.32792346135594 19.714205538838875
170.38962452443113 39.510810541058014
34.661784622883 197.47889392877485
80.40961268282476 123.18468882927857
2.252313358663771 61.35538239114427
243.71943288076992 84.88217034633233
193.94831633904906 84.14427531356633
26.242364007095343 153.89886892361793
114.76391324002486 74.18610302744987
192.22017908758372 203.65366708836473
34.412369419346476 55.5738038025734
24.28551608823276 79.66867554701562
226.62594834076148 58.58989907383272
158.72943149545515 226.14219204033282
74.60077995818484 45.177941564138266
36.24647451581972 41.67485394226156
43.53410640144759 205.5641402304812
239.7507771224885 249.04739314525702
158.2691277572261 45.64508162256234
224.85293786988413 112.07927929742783
169.67831281710966 89.13699540295303
88.84996136321129 131.08364791246925
209.33178570093784 181.99217666860605
39.90455637360643 161.8543079903953
178.22264724140666 18.03539853332403
34.30908394024074 133.8744332302625
206.43214605019065 201.66475357493675
221.8989243088186 100.64668688534815
172.9176448387983 91.78367925286457
222.47241912242703 110.7168476852814
167.72886365197795 82.49971801562694
93.49036083768692 180.9378752264622
4.7948257226673725 59.224733141853555
219.21325322038825 150.502615247006
122.18528258641462 186.5689114494802
41.671945932742425 248.4335428731114
204.92086713871745 163.06919911262045
167.64453567942454 192.4850238963455
76.91308730770349 65.04150727467004
69.45272869996472 166.96691792410527
35.12026936532778 34.66282339989041
176.17988246609525 86.88700367911278
204.84897685470366 41.77333923173565
237.60559332618968 156.14309626608684
110.76623405171974 199.81522497623845
16.841188840232334 126.60462781983445
92.73642874392176 103.28983715408161
27.12774226787304 244.69711796512132
26.101607465050886 8.06734095077022
148.43519868821159 119.20277014885403
36.25834158790114 49.48044842242838
109.94724739276474 150.33961434558947
7.0696906142575235 71.95847937896893
234.63189374064888 224.50167745496591
107.3252968074834 177.4042389308028
138.1626015996595 128.59559736101707
191.00735782724374 199.17579665665656
116.22236368578717 66.29797340539695
178.8822696076294 34.20169992350919
241.6518506751403 82.65374221017743
80.77822897612124 224.86000913492566
210.82391786320582 61.85214022105559
246.07793836927226 55.300026233366
37.83876919173207 32.292315957520024
187.737430058619 139.07682762350018
234.37354915161896 124.34067476176894
72.32671239568647 67.54617490249531
98.09486124102703 164.42632764817424
201.82082029722775 218.90274241831375
35.706881682290636 244.28430984269716
153.57710770875738 193.22802043836361
83.36987414096834 209.70823468575549
172.79551361815618 29.014815820089414
206.9391398188659 147.85363758740758
71.16792727399063 152.88297756096688
59.135336100873594 146.8297483329095
106.04795864004657 220.6328309174868
49.70800077206283 160.5510642474792
193.1086965158793 87.7629589776568
71.02806790901583 0.803725797143745
135.89895112061663 11.334582806624388
92.36954573915165 182.52402798493378
72.34333071628721 118.67973509577261
232.13660751226516 98.18165872450297
188.5021367288968 240.27897499725248
22.297762062661292 102.87768906598701
54.15199821667582 180.6614017763186
191.95008378459318 36.104962231637366
31.58531184308891 67.08829079150428
87.50941843416487 165.67847074791527
189.71194551527694 166.9914206584939
74.12649871970234 65.39568129408055
100.43359345657169 23.872032305513407
132.11222643024897 150.82296260362946
86.22912939221058 65.16821221616897
37.836306612193646 55.69412387035319
212.0740715111895 192.758905474608
30.61214604889387 177.0708674850435
24.411078753801775 73.48034153809837
156.31351139472653 181.8914312245801
99.82482363454892 162.28387290018
238.52302899988953 3.3004114645731053
146.94754514441237 33.66793130493956
144.2115701523778 123.23695657550984
57.13551178020068 14.624856336603848
236.79526076993668 246.98749934051452
146.68331641769376 219.41604214365307
6.633870914929813 174.8931284391442
176.35410919581815 120.86343207317468
93.72052494436561 69.90268623843
26.994107265090022 97.69715688687783
55.24548367262133 26.18522399303477
141.32046659230375 7.062801684213305
168.9422748530441 130.18678735986035
45.71501789742688 152.67990422056536
0.04063688954353273 162.6722915212211
224.71038269107223 39.58667785274314
190.6885831871998 106.99058691832877
119.30544964910328 235.0821103940083
82.99363828418002 145.7641135732913
148.84400304772794 185.47620210285217
134.27836103637264 83.2842710707973
66.09843939804941 73.37293006749007
63.00561499900148 21.945251176458957
167.59511817810792 26.321691616499805
115.09049286121808 10.896603358609703
50.746083891813456 8.660388921759493
172.4649038225541 122.50597309022312
71.40600026805058 178.6807496501838
121.34165700810343 132.8542220133892
162.61033061480123 216.57245583246933
183.28484711425665 184.84955112713467
179.65698425330947 184.2793102543821
70.16133244074271 191.06150659430756
246.76133066211364 71.56520334119921
231.1256031874572 80.87213745257482
159.91921963339078 31.252291452687903
161.58281560084623 125.64768038394156
192.4350412578897 66.66051378007143
21.41933439104296 18.582366295159332
159.44608049406028 81.56428601718233
100.78336352289539 67.55760638874258
157.23644100317338 240.34860404364954
0.8073798913769692 97.10707077910291
46.55962716071674 69.67209442221429
231.3056726531631 15.320988059659896
107.03550066802534 161.97019896317997
128.74279034441335 192.75006443378925
87.23111587736388 92.18765803642637
172.65305185985974 55.70688318121453
95.47355641733027 47.81326702444841
209.12092295962273 41.06956194320932
188.5913433652978 72.67861029605704
36.00004167742213 138.45621320468553
151.9380892748462 8.536745144555159
108.01380755242235 231.17130979137772
35.74763015791421 25.3210593556589
218.95661443265686 11.21138072787964
73.55089659358086 28.622118101853694
42.77901922872479 238.97389930707982
31.8008585006663 172.84900396355928
217.136187643412 192.48686798273962
10.953052418864322 125.99437207003949
108.95186910843402 151.71741956132834
227.17880526907965 219.0105396129726
81.15926820953037 223.62431513508068
43.267499543543 175.83665715387428
42.754407821066295 217.56303790952205
41.17184274738134 10.22840626430449
147.48696280985567 92.23339889197003
130.36559441452857 151.0803992365857
199.41014919769864 92.4031379265057
140.44641728708396 214.62878050682656
4.630748090284853 70.41635867270732
15.282409645049288 109.45527118727635
96.99796068772234 164.89560859715075
145.33764687652416 66.08588551004496
147.6757138851456 82.07762458294879
181.86558325655852 5.814895747055654
9.567729757987836 115.79636592030305
178.6120266587831 230.43130739776132
116.71199922034114 90.83060091412094
62.26504396558463 69.93528243372191
98.24936699557443 107.50989309990833
233.50104043701117 187.1179464261264
210.26547788055942 193.40067861882378
144.7136505138105 89.68037221188551
97.23696473360697 15.829093712429742
21.49364060751116 41.39550724626387
82.27250096603589 8.783922930386655
144.00058588805334 74.95729462387094
224.39768937740578 219.46460561528082
131.01510891895308 215.77741577763342
128.22635502469046 187.23417800650978
94.87703760491692 57.62070566699837
26.202347526383257 40.47648215201302
36.67185423218047 116.44726292532826
249.83900669203868 34.76189259593981
174.03532618012002 64.70290985948976
216.05526786439245 114.0218474802983
136.87405794496848 72.1151350874261
125.3685948606727 6.538773666199566
183.70133741288925 115.34552180394058
100.41716586721225 184.52667702215038
117.41965828425596 52.58377205510417
64.91292044182573 137.47492032472627
216.99605012092786 99.15945325666495
32.86747226631254 223.70041456013143
86.6193507956256 30.043069792574233
234.6856055929156 140.55744681384402
59.014139808580055 128.16768965761503
220.27336875185034 102.24008267057913
236.23076552725814 186.9388758023468
30.75416822748983 86.15127351747456
29.05253182011314 140.3522430920517
32.63077786984314 23.064268352714244
215.93885556128782 180.38531991952064
64.8634838052806 12.761395272126357
144.75853963879334 216.00732766788116
137.87195994214332 60.988823536781425
108.88794885923964 104.8723577197416
46.98757217872668 169.77583588007226
28.34192283789094 55.23463329583353
9.40106454092296 88.33655664726156
193.8001495941055 44.34157555783977
16.01860297816904 208.48333590080148
113.20329761852874 153.49062481486968
20.79726740422036 79.12873914824358
131.76647532919065 181.31298814316943
21.59728886385548 181.73829590109116
124.61916340260379 150.86135226289136
180.91606462211215 119.2327556542093
105.01549170908272 66.63621463411964
206.40342243441967 190.28535753109114
60.78768311509378 185.28630369791028
112.36926340453307 240.64736657848403
167.66099186984073 203.19753382642517
245.1937722840923 6.393348513074438
20.130688091642675 246.30287166235163
31.525328955975816 36.245090716130804
5.189070623097508 174.0943595239784
77.26566655474728 68.05801178147638
145.50475818237499 231.20080214844276
140.28522375949777 96.41064495267699
52.63175596337055 148.06982618144224
236.23453827084154 49.795804441556236
166.60488219740552 163.3497248277096
149.63001081508315 185.59435898512496
14.512301143254414 190.941870372875
25.358216240602278 22.71681217593477
128.74189248851079 136.06499264576001
6.058062575278966 234.08141678040346
67.79866240780264 120.37068139681404
33.14289494888325 217.6699154807159
85.11121399028964 139.79697615193032
95.24482443388662 15.737082922317985
186.61449721178334 177.0649903307646
125.75959455318261 212.0520516396562
61.01031768368817 228.0422543820126
62.767018388589335 138.91046433619158
66.5444786190246 192.5263195440962
189.78481763760527 100.42623479493199
153.57619647130352 84.92512433027197
101.05341423666212 88.40550659032887
75.89275130806702 28.387446669782406
46.28523140733018 20.00470009424807
162.80383946740912 13.114898029895073
67.65148097579474 195.78236224281
144.02160331797495 209.64501527141746
192.79186738411755 119.20078234095033
63.28802439096931 188.52400573336377
67.08431395944034 100.77247532113617
161.4851075861657 147.5401421973313
214.55074075942872 71.06494731042167
107.35994202325669 8.276571853765985
105.87730481678906 73.04489964032942
219.49991049274178 153.87758838065287
148.1711327184559 192.85565145832706
1.4516463866532936 150.74614295280696
227.3201746179329 176.04547540157583
186.38864032461703 81.89388571249958
63.284261977095525 173.92479374274623
223.93464406243493 144.7125770664888
231.2670815677837 26.804432655064243
103.37049500841933 92.88148086044853
184.07121998512397 235.0144907319893
154.53183144195262 171.31343627502298
221.90135242624908 154.2025190728875
2.6477404804831073 165.99503656223405
40.939218049395706 79.28382502226533
99.76059323934753 235.94989300877162
138.84434677439143 21.99731051807377
118.74277028790603 145.01958436817634
61.11027674737557 170.47520959672565
0.5749408851492832 152.65582550550488
44.07349983145819 199.9013347532872
97.69943492988334 48.665613036579096
96.78655326501304 20.697831855395947
73.44137890975271 116.53691795979951
162.40661772453237 195.87685527038363
52.579455618402996 104.8370629038122
123.51916984391734 85.17132655766285
42.01660533212595 137.84892964021662
76.9466950700479 46.52310328698201
69.856015052251 200.45818809975677
212.11965224654725 172.69631490770757
127.20603989341231 10.905662588933884
185.41987359028246 198.00401960199682
187.65160544173062 207.3994984625925
153.9837368288157 194.94974096226323
165.84656864916508 202.01343494091185
12.610522415387376 9.730765401807062
158.80220981854475 210.49289345973003
237.76837001567932 174.79077761623387
196.17965448726295 189.29543096376605
213.342086480813 154.7530998604819
201.36635973410873 136.15543857493248
102.66866605855796 207.65281230874217
115.40798167931332 73.64186712178703
44.79214380207932 246.4669352407844
175.9480453385645 20.687901998840687
162.56929526604884 200.30532823269675
19.12544731112731 74.02092610890179
247.33776118975987 113.27893860209836
160.5946778227074 51.1395347406037
40.82533833264226 29.331653976891108
122.20185538590694 241.76574873747677
223.71566682804595 178.07491381962237
185.63837038036172 24.868146681968824
37.51364238405325 61.66588067188555
249.47538580141625 176.33817715306827
227.85491976204818 224.8250505597437
201.69279033457468 92.67729300101954
55.43686141872398 152.52672771742238
245.65609665828336 237.97596585303484
22.728355602507133 156.74171311369975
66.58703042734501 60.423148970494
221.82311337198936 15.122733429957513
231.89606641609515 171.57017174339794
73.3663369445369 163.4109758044121
144.72491497117932 100.89020553414638
110.61822380644698 160.16723442519208
53.83256139809928 122.68420241222597
79.62810524235137 155.2739204776203
222.4240007523711 141.8831132281331
47.61721816825559 97.93683441400161
125.05831623380261 194.34121925858318
63.98770135625864 78.52822570565205
164.3018250691306 190.34376901815477
67.31058046682195 99.32900587052553
197.18598068040157 206.13945693166923
221.9944689949579 245.38302397499535
213.7418803002213 176.79160612286796
154.42971432041608 228.26564862922746
108.20674848802538 207.3782438017346
61.62788086018009 70.61059202368553
221.86742700975032 70.70324568016903
167.31607056185194 66.72273012109584
81.52691712619526 46.27235578792405
57.612831736849614 199.79390808271143
20.1146721750122 118.57716015277195
227.83753402109434 174.55643982536128
42.32809158028245 236.10787691952655
222.85079813479084 192.81529223195093
216.80944059148845 171.22281038862806
244.0436973183171 77.14362145930126
14.69779068290855 182.75523945505716
31.8409041678607 26.911916744116997
112.3282107417331 194.5961362311635
102.94166793771501 209.55468116519273
114.09189883094523 121.15995948530303
112.12239630255219 233.5847789603208
140.92278745770798 90.49852220145021
66.99374576214065 184.98780260065672
205.19424116225912 83.48101384568676
155.06547452464247 190.4279474000033
101.72198852395073 162.7648099638606
32.44093437033424 163.144660607231
229.17049447435673 177.68971053910815
103.31756307376183 172.0235957904899
58.966158050801106 30.618738363102555
164.45935850990594 228.97526333520892
124.97131645354564 55.20233038676237
184.36670423554503 37.92547712651834
95.34070334873246 198.71777665579444
98.04161969771575 186.80695158078308
112.44837232537583 56.017854244528515
148.10195467067163 138.71892733335918
143.90391637868845 119.75435951956825
101.38598701802667 143.8268965554269
206.8380190058068 87.77345150153302
77.91966358228419 181.1359441168139
22.09658087815519 235.8847148299076
150.9439718581238 38.98160828872888
62.17347627651859 98.3956368948149
192.8927967114085 95.17827742441857
63.74980707758715 221.81356954671074
246.61264783584147 206.3009177131549
132.9000196504162 126.37200648268649
81.85391200697705 175.69327086494556
2.3455929893173852 69.3075457608637
63.815052644617204 18.5822683790311
207.89525645843733 150.9055734739239
9.647362944208703 138.75921901280245
188.1992247069448 109.74071422432196
61.45114003025551 226.4223741528318
149.60771727675632 64.49112084854347
83.22269852108971 184.29350366356792
63.61494811608889 172.0967990219914
122.8861013191006 68.61971126434268
156.0193155688496 193.0474583498651
135.52109654140412 81.4102163833234
6.509780411898508 72.5531105341533
4.164759469062584 94.05953212976173
220.27864450992976 8.712606658279359
229.78328786311656 118.37019260391158
231.68598581832458 214.88435753141948
16.76533235378988 149.44039359104622
8.775509625842421 19.30524341801168
162.24488617619528 59.33755412847697
146.82386795893134 233.82839497194033
139.4279903833641 32.938988797610314
194.13866291776395 10.10269372518746
157.76779106471866 159.8503181365363
158.24871516664825 184.96483421651996
138.57586785749046 117.80783608793027
117.39862875683299 72.07927610083419
100.6757682428236 27.70687511630987
23.960774070089315 60.448933387517116
166.1948861372632 234.85432212180632
205.51069984471997 15.19609520746809
30.514318466947604 183.4414880030568
34.99250787086003 226.55761312136693
187.02720700158395 239.79219661333218
116.57343305343804 114.85003149081591
156.91842954472799 101.88106493881877
80.75316638602317 45.61136466007809
73.82892682965597 65.70635298287512
228.51880375310674 86.21455614156007
11.827545955217456 241.30398170068204
191.94512502157917 151.9702682406105
201.54755951734688 225.97435710953306
60.39263482194024 63.96385270319829
203.84506624053296 192.39103073555992
83.39852746784435 164.9315067617028
125.91040010149531 80.42498434799056
106.39473761282551 230.44860895435482
189.67483969610566 86.14984229983347
50.16600391352596 39.0628837749406
32.33339034978563 240.37646678511936
9.248874755910796 88.11365946094566
150.04035123112124 76.17124627536542
95.40246748869826 3.006111886207891
15.902404887225801 153.40143891165107
135.9653781660774 136.78746198081947
82.92070695650078 154.4269387048635
203.03692424757003 159.7850897191381
197.11710990491395 134.24606848215114
196.38030534917692 101.29779956483362
116.68609141958311 10.468345524841494
79.16093776333474 55.70804487306369
228.06500710677437 70.0881779216703
135.682391284017 170.08175608748866
171.22749213444712 189.35989967998646
82.6913261549519 243.44706256997
154.89783931292527 167.05244629125983
221.958432807479 211.60841581209596
169.4294392145248 83.21324196047574
37.534743855990705 141.14375310666998
184.33198888813618 21.078449019226813
225.8624046993526 75.48383805710037
148.8832051162587 44.953001370782566
61.17360226056465 112.65421190988728
53.184488797347356 78.51629263359955
0.5282834083508159 102.94148003731004
98.36395486786017 92.57189772496017
14.717275961469129 106.43247422673902
139.64449182143701 166.1535161484783
104.28313079535262 61.83133722690978
67.81115206451835 10.364142302487695
219.6438659495305 247.17399529415525
145.20918330165858 149.0144213981696
33.77855665403473 60.44780924959617
148.2154442331254 181.4162160624316
188.58429990002648 83.0915643587185
235.02057176463623 12.295135562443383
241.24960514051153 158.43966130141018
157.1347319017 246.59499560041968
12.20863900619104 178.53949550958419
51.59577663203671 85.72378595979211
55.696228944637966 109.85822966269845
158.37829745401905 29.25961428482518
142.30131310497012 248.57302170049311
35.22105691498317 20.619837990437734
68.8149153615283 249.8596111727933
33.12153579440685 79.48037799005687
90.11604064664081 148.7674548950344
151.5566398315643 23.295037994984806
104.67671529460686 149.49181938751843
125.33369020192711 70.44746976450634
122.79946791088605 155.90749070442652
9.113665535898264 167.4363051117395
206.1853979512839 36.71182874617288
87.84307772464587 186.7172267075131
217.40335681434817 212.68002661387533
14.085111265725564 25.270206986250543
235.4736030960079 23.873524029056487
95.70589672144214 219.487803561983
62.160833507300644 66.96097030570029
11.15542036212408 42.4015311403515
167.23676769191107 28.75202146937822
149.67404442724182 102.78791777923534
194.64475316468028 47.87003311466145
207.4427072901216 178.99565681781124
6.935407331642524 108.10194192570354
158.43131182908866 72.10120629379455
215.07741579818182 27.7694994440367
53.87427211857238 26.71940821959992
139.34727080445586 131.8495005996314
26.791733643751286 134.4371031603082
119.50477241229521 82.0536476175982
96.40801986326103 52.19354500749909
117.93202876472981 186.76135498827833
102.27052074008347 45.004380268189756
164.80684330768108 54.82230980313616
96.90018803353392 223.0790088671289
173.45102046163595 92.97856440530191
117.17873680253005 197.90251847817268
126.74534616826361 6.265409533715016
122.08012350618388 214.67076554172561
151.88514361193188 208.5398433110404
140.82275294457676 201.69008131062807
1.1265864993329766 57.538642495362666
94.56801162757044 116.5227234677948
128.37628057677307 134.70766444085464
27.587248596859265 211.32092688025395
233.59420090179665 109.4201574082852
225.15358397224435 188.94581209183173
12.805679856942586 131.97086356556886
51.529720607504075 107.44739055616387
155.85970464547276 238.91129095829828
210.24355193162484 245.3934951566659
17.259241872453618 145.64114832174755
162.25866751434017 5.2880251115126065
145.1868095952514 227.96504790822058
45.37200154568114 204.49846590888222
81.35025420127373 182.93559327528467
176.92475037239234 116.69653648020793
199.13684722693492 245.99391296400182
197.25676703233773 10.811487246278256
202.15202700546098 27.350761595271194
143.25267141835772 225.24099666292415
152.43757588263526 84.948370762621
133.5352332444127 160.4168817384912
113.65248198499114 197.91750433928166
84.72982904992918 218.04478938168486
216.31409629605116 24.65533826241037
41.87195653478851 65.44738771608047
229.08904379945042 118.88993365972469
162.92657648057468 204.3205682358553
63.586777921942364 171.0428470281807
104.01890480861637 8.451724631151459
235.46431590623064 21.300224143783215
213.54605438262567 128.0588143084973
47.83230545715414 45.606195531687376
36.610612917731075 210.9235914759322
35.056826926122945 126.4120267424688
49.55259749342078 193.82538735401778
97.64553420947497 245.91948286496105
248.4237619671114 53.55433264369977
178.11275689696137 196.9135351261856
218.84956688865924 215.55348298942232
141.43144643658422 37.073567696092795
2.2765917281179213 198.5896714513957
47.422049125246055 34.355968765896336
85.10186414712135 87.93471006223483
221.67725279791748 11.93458154345603
87.61723589766795 232.54238452243507
123.48766581340017 108.93346464660219
71.33073687778685 199.0254761752068
65.09506431571569 135.56162262733974
232.4191241219129 152.23121519542346
174.6897289607073 104.57775067804714
24.906526269629275 240.770812878033
30.371999340096213 136.97552236478748
101.95790493145878 189.86305418650534
216.02334525030778 243.11879016846316
10.586734661714253 193.11699340826368
65.25615124988113 188.75773578896687
114.72891735609025 35.8441981419377
15.553602800997046 75.17112169359802
234.87828883175146 207.5157515554535
194.76948208921834 226.9411009981287
168.25185374728642 249.88111364245097
159.96266618968738 204.0781551210257
123.48852831458468 147.13558626436625
176.9842786680984 100.85441541177975
208.51647410687426 239.34268980076274
119.9215697615206 176.23305567573442
177.8691770106134 58.411793922482715
166.93218176217417 37.77297959259579
200.85300483013037 172.95871217414384
1.0525303328406954 152.56410889396628
76.82135759700634 71.79898762539763
227.5522923653877 123.65222031097578
98.31199271167645 77.75824722993532
192.1672212088415 72.0815954808183
116.28457162807595 20.52260534409894
65.23968138854752 132.09116769936904
33.015583753795234 125.20216343015014
24.43818550454094 128.63986002343276
26.42214877741514 124.08268095619096
175.38920479893898 71.64127824607336
12.507789967277278 196.89158797948747
220.2397986089267 204.29125135894148
99.36744387334423 16.699469248870223
14.289933565677092 162.02601369695506
246.82700187930942 186.33023114102286
191.48454152354142 178.67530078224004
10.529191415578232 127.06951503703759
200.2253493543389 73.71064325390273
136.28256224039407 236.12863614810453
126.51410595892636 4.343287459879525
128.99084616242965 71.86192909929504
5.542479146298157 107.21051297958064
192.41232497954934 169.6726988632768
173.56282125075037 112.12178400230299
195.1334590512895 119.60505216638175
1.1589891111510875 132.5315558256894
137.52238046018155 103.12108957847325
109.98350740982684 40.862383063941216
203.36815929651016 91.74206381818634
179.45905023896526 239.40417743576663
90.7236132106159 1.9616474784754923
132.8755430767669 212.64826834688213
224.2088623952676 7.552229552065165
167.52386409618504 165.70439192215161
169.96381114540813 49.80004620838288
13.250202818017309 24.746806472740495
245.4276428729322 17.275907754666807
55.29283705863233 48.079293545876425
2.7095430757366756 137.04862757209466
184.07034110973032 19.228048263799675
102.76546767353281 29.128713326782325
136.25522690860188 157.9450131291798
21.54294978265625 242.78147390903152

137.28759935659096 135.56684969070864
163.52326702254518 229.81810211172663
89.70003718764588 198.28659253066255
27.461719699318486 84.38344307728329
73.0436718857435 98.26619249316676
93.4952186107277 72.36756980173614
230.97128586324104 120.5749772673033
104.18135490846267 102.72391024860283
39.024116397813444 27.351517466859654
166.31166026016305 226.74446478335955
150.75650515847303 178.31346312156356
242.10867164768314 158.15093695710186
27.19997716205322 237.2424854612137
4.052683436043064 25.071258621503112
21.649797701351115 109.67398577475323
2.2791733691160942 30.417655446304508
107.19801885894876 65.95612443185206
206.66394777893035 139.99344806621232
206.59028787015973 143.21724309468962
245.70571362120634 90.80169240019806
35.70820698186042 218.07106945584928
223.54942342931784 177.54197636964108
196.11952078369222 242.18233291326138
42.73121918802736 232.87038591344154
102.47875804372686 103.69306147397675
66.46966765820007 164.49452077070987
102.9872015232155 174.55418466189028
140.55421030193838 189.20448683730118
17.420533289482705 68.57145905827936
145.74182280488066 55.873956043857895
145.0059808780606 10.669466213301366
94.91765620352888 227.81106389674653
117.1668204625454 149.78690544994254
105.87584002574587 52.89180276438979
138.10362989220906 184.18043238510964
190.51462624441947 2.131800644472132
144.1255510880722 8.974158374607521
213.45196760290295 169.8142957451337
35.97735615293829 85.74428183893542
92.53837700826264 136.9687893903953
84.79591052240526 102.7398571523595
230.5181057915002 17.053355345921062
207.77337897346447 77.68022217985843
27.06651474964955 147.08276080730218
53.837548371580944 15.679151770416484
246.26261208433377 162.78956863816487
174.83486438280286 242.89796235266616
152.1244677809125 199.30830635870487
171.3639854310564 49.4334526813438
73.33670385124705 218.74123970046452
121.53327147751824 209.3142364296697
176.49146295933394 81.9138141285474
10.39558099900717 133.7457058519908
217.7069145639448 0.17654738624472976
102.74441996466014 178.58637709875092
137.37935071012922 174.38366220135944
111.0013765063857 107.91510989611119
249.13564480513804 34.19026002996209
62.39925805190574 33.40822837341756
101.0248490202581 118.47677067149608
188.08161469564124 231.8228347095575
150.01541593233813 176.64923267486097
31.074800133252367 186.63245143729944
209.47542408039297 144.97434298674727
71.9253729949764 184.32463188723736
205.02168901577747 58.22801322392987
138.6908300097068 66.01391952811242
149.9055656508798 122.17123590801413
109.68826815786772 196.15452770628812
100.73875234214519 124.5812380873251
224.4907372659992 174.8127158676718
86.08065367889562 140.90829774729414
73.65894846339633 182.4023036188416
137.0173635073003 118.84585818325257
117.42623688711326 203.33453363447848
119.12747680577802 46.705477817405914
77.6877392146792 160.207136860443
189.1747949249029 193.98371187492654
162.6918403577887 213.51547149042344
230.6736034445845 160.96848161241303
241.45114198895945 70.64236318134715
2.021634940489819 85.07132832863479
57.022881467983844 205.2341899947803
215.59091907041775 13.296372026160657
119.64347843570373 167.71521937311806
10.012711116736044 233.10836488007308
176.6578582633078 131.39443073301598
44.6154226987257 58.94555845619079
73.82099465315555 218.05949219908587
239.7409004453168 88.608627473764
22.833594537698872 183.36451898617517
37.53882757533755 199.99963224132864
117.22761527665232 116.73756045505235
189.79223676946683 124.02490204022301
206.93769987316634 50.13758494580298
156.98909670314086 91.06357025549752
27.193822477547037 138.4261265144152
141.73526492564054 109.45981600799858
237.77102658109115 139.1717682306985
227.96597443079642 154.51553222825655
149.37386428604938 34.59723179508048
140.52522789461148 11.228287460019693
4.848114276543164 115.91927196118179
93.84795966851586 104.20361693503143
137.36792815564695 167.3146340421894
241.24916177030943 221.9074036789827
96.06925280612602 239.40866056135317
185.19435042022994 15.533764501328262
162.09661962432682 39.34294053324835
106.36571006816695 130.80016282734985
195.2979532352123 236.78195170868872
215.50499276169307 72.74114357438779
244.56266101717594 138.42871672193905
121.88077058935409 24.028420222737463
110.10196028729413 134.7911246599104
171.47366235005188 196.55915670298302
43.99704741130617 126.18480365541637
110.40725769521559 211.03637633942546
52.58987937677373 215.7451434770441
181.05491721033408 72.62431306351247
111.53942352778553 11.345544808301216
161.1215654253916 46.673064849602845
181.7921251777313 60.70507176746651
214.55114791588966 221.19985710214144
120.55247845912184 152.01776137500713
56.589410593749555 174.8164058746884
204.0569179968419 91.27199660181515
210.0170588338704 77.20396168821225
231.1980118992189 108.7512190750857
200.75708279384187 11.396986889844724
57.19796478774075 106.42990786593462
61.88133204295179 140.926721527163
205.10514133284892 142.47299145641176
94.18453168950947 145.7312141707248
131.77545137585952 178.51830254572354
192.40223075755415 85.85318976278528
7.5402780107556024 243.58065879737637
194.37991076435713 189.1284880625048
226.2596518478834 128.17615462849565
188.8033473884426 133.57033293683884
123.21414264334771 113.70368895997274
204.15058521363366 234.71144834126468
240.5274968183715 190.42583262741422
26.05162119661128 8.151218108770703
106.53584708313244 31.583660854428015
232.0879530947746 180.38756842641118
237.75094480410073 201.8064994970058
187.44813395873854 240.4272243135272
222.03999763210325 71.12963704901514
27.85397474532475 175.08369034481126
213.43363718624533 100.53711136208568
64.79622704112457 239.30634288103573
217.7966072731009 192.47307828887764
119.09526242861756 225.32725681345323
0.28324373976573725 26.222813823061962
137.2426669099749 243.3660047936687
21.784644192336415 211.3871280615783
64.15961994092683 160.04194957473229
36.43869675565892 241.62673712552478
127.13184019047361 27.32285452791014
106.23943752588887 86.23687503881008
90.37969072326804 58.961836517285924
84.35644934475798 163.42729574048397
196.74434924937637 209.75822359565166
10.406332035541311 239.02241572291848
222.0434236579478 6.741397465727522
72.65763947815202 241.57171301020384
214.6688720510683 103.73303858427919
35.40053133139068 213.29708287309953
218.9155704674115 34.592284097304
239.8006727750219 181.85208269777058
187.5742232261105 201.23118578261835
192.47536454491086 72.2253382130811
249.9206414737784 66.77989106372121
199.9535894619287 121.19432007427922
44.318640554563835 9.72337329329373
31.44698580201907 67.50933278149785
240.51703366745855 190.50718190775132
156.94324099815915 86.55965432612184
86.72706404142203 148.48951346921223
36.09501026288744 104.97638609471849
242.78403456697637 97.48918217981914
112.69564037556415 154.43404429931942
143.8699679005009 148.24930370681344
80.59358450627462 51.828203964133735
48.66447197344895 209.65766513623302
128.44091035299925 83.16020551771763
14.252836004654046 96.49300059564176
111.01561378511582 143.76271950368843
229.70733970254372 79.48130595861349
11.993807689320068 159.9124370951879
33.82943824587736 191.77522371816275
82.62620501365612 232.00078657773466
199.63638453828244 235.13773895363153
17.334655430468192 185.47958389025897
78.60611472233445 75.54813587298062
133.35237270992485 140.11309989093346
24.715130371717684 111.13559926163941
65.80470330523202 93.95169615227026
120.56534416241865 107.85680883693077
4.51453473025537 28.026530676216883
124.28589393140824 85.92298667533615
46.982273847996304 52.978037966043836
89.72726263936224 81.1072330675106
118.59006593213711 76.63082650470385
188.04799669798714 246.56166339009752
75.02755291823648 242.44319826968183
160.45247564764023 122.02504298474389
14.772211925865141 96.01818742203325
173.16999140047608 15.681005557741907
233.39519295002512 233.33383865588945
102.69037481828225 79.79895769826098
247.9455738059223 182.76549613537193
163.70410152766075 34.24074774529193
57.828498840265055 178.42146837817674
80.38715998155836 139.54378812010935
207.7560482167314 69.48637548852693
18.23123572736951 40.91938028141473
207.4377272634677 98.67302656659605
187.04688217609868 158.56660534013562
145.50583430325295 203.6103407339489
97.64033526900337 208.60482423351752
179.3400554643705 5.95170295573419
146.658445504673 141.0755664744014
110.04567508055912 169.844849953805
105.94859138897867 6.571524203615425
3.303918237498954 156.9894470284807
28.719855141590145 83.28431701872715
14.945006638336562 11.714634025131149
227.42294578829728 45.08651200386563
117.98799003804118 114.89729148375044
26.99035903760852 174.1992239347094
39.21310890020443 205.1448360308979
6.193152997812701 87.65024374253788
71.15732148317619 206.39980985741752
121.36256342146915 138.124846643632
48.709097897831455 1.8992176580285014
32.51870025319936 112.2998411780438
58.22781195516885 238.0974229540612
220.01768107937897 159.99502594251328
114.64873143955298 230.8634217053741
35.69460036038794 157.41578204112065
42.92569412315655 113.56567193987027
19.028781805155383 103.29390686852497
75.30060382205386 192.67489711229865
54.79152176555796 46.08931820659157
4.120164055784109 211.90063925230442
146.9558978966481 179.48219845655123
205.60395183397915 69.27712826942131
31.28635920441683 152.67550956338573
183.34474219298124 104.70404167505961
164.10505699011907 181.2358423116884
88.17435104488098 236.03852163899322
132.6647780440598 141.46364779869003
0.513708712671257 49.70531796060349
181.91216059172473 198.53798473655488
41.157481771409046 161.06249107970035
163.6174788817786 58.3835748838725
155.44977019240238 205.6661364932199
196.3734537628344 221.82277308260691
110.11841144532491 136.7902249184303
176.44899851453155 0.21229647088011339
244.1462982148774 238.50935137624268
204.97723543453597 205.97873437271554
25.421163971656668 178.4730688803003
105.58063390582828 242.16121756304494
47.33743038269092 48.79402098023272
122.42924193448074 31.469123459568316
92.66150713415556 199.5580606189552
204.52237617416804 173.933989089037
186.48022110346022 12.338357691948382
201.35074997556248 19.095751208711263
139.1530390780088 136.7088135548689
41.12567245067542 21.938997949541378
61.40114986402312 223.79045248028012
169.8458432830462 117.06077556394273
236.28708863984582 149.16463217523702
183.73679240270005 110.5818945930773
121.40715796392027 53.68633826226579
165.1858685073712 65.21368891645349
149.1392603441512 232.1599849311541
113.30028485244725 64.41691364938693
133.50299636995075 143.1196688154418
190.97434485104336 123.75007707283123
246.72362284730767 95.06252957686198
13.9599047373212 21.91858274626038
235.96078131733145 228.86240720467305
51.10994894437002 66.77379980314355
155.64115717656014 92.46543565433201
212.24166423558677 71.97257085015063
224.60469243919354 150.85288730704318
102.60906139440229 116.14861625738423
220.21303285162756 122.44527480888101
242.55390173484722 168.7820316009209
51.92875546217582 232.44423083078698
192.036249062961 191.2212468177428
127.47283786138632 165.4372493969053
150.93773349544026 73.69568101565571
238.76327969677413 226.59294121134022
205.8357946290567 219.10512691856846
64.11692733583621 15.168192884810166
225.86418001295897 87.94848739820074
166.95503355107883 155.94558353694066
94.60150677749704 232.8783598435127
94.10758694488469 115.38017221817529
237.37145717957753 171.98116300642633
175.62019677636968 156.66248760486636
85.83426673857831 144.44708469584327
149.58103725079755 244.96780922289918
11.605616882932573 41.139965094880964
75.93801020237953 193.56481666283543
150.83694059672752 28.443680768386077
221.52706500947338 24.64168141194864
23.246772751565032 212.7561899538493
100.94039418605661 22.93714853213266
90.52523349969663 136.4245899552404
188.78182455224052 135.7951001293604
5.013118165752811 179.05778676842644
37.05144908920077 1.872274943072294
140.62681075304172 248.8174065740006
139.25697549318662 176.59939008661124
71.05101660686805 203.54566297528135
243.70920543207131 228.32869852153385
10.045503945428024 65.05946902709195
47.990558794789976 48.14114979998835
200.112121698482 37.65951311829069
126.81852042384604 52.224057648644575
167.04551530588523 162.54355686483103
232.67767812864838 176.17167291183648
8.919764790816103 95.86206576442677
100.10993241192668 203.72268022033427
22.74878271304251 163.7881961191594
237.67508366099983 177.0215366145155
194.1786339058301 127.63115900504127
174.43883497788593 212.4793951296428
72.30448686186521 154.4052288778983
154.62103235756766 231.54251705138333
172.71380177475203 75.88885144535709
67.18044044287747 204.49041829957082
27.415349083518336 12.815190034687701
112.97268053823481 122.84732199217618
218.9187357250326 245.62751385186235
246.85301189470457 33.087161349432044
219.86353985198966 228.2605787748216
150.19612154017094 79.2009053018188
133.64206496723844 188.8222716478985
82.3978730924025 87.13298230312591
75.68591982944436 82.23404897562101
207.27543894249962 50.74519360515018
63.183550299226454 104.07000721875109
25.313781829170185 133.64343608079156
157.6643555258603 149.3664095707567
53.90372956990111 189.2528206650284
161.0431608140073 52.84106197051308
174.09942168007515 168.57590453269114
180.59014686963343 45.16002857186052
138.08155879864606 21.05719716945609
146.36618590716378 115.10894111240991
39.3683487755638 137.00264837226635
51.68912608124007 129.40248684112396
89.31146620700959 226.32257595607908
26.070063150094384 180.13314169117456
41.588410778577085 39.91652898903125
228.16120354328172 119.69607592622125
9.115126424212638 38.35667763466835
245.54528878998497 164.6351577849777
216.01401871874774 168.9756599252887
190.76416797102092 166.80102913891722
103.30275801066912 241.32064284883597
235.96758128817729 120.62368506025398
112.93639384649839 171.5630264070982
164.8660431603666 9.756466746556198
13.82434233130983 190.99832868290062
186.74806720038544 138.87539304944352
160.2833972914253 242.7102781986548
27.9148245597291 237.77315691657068
95.79359664906559 124.34418989210216
20.196346905359125 11.12338141806518
124.24524432387135 13.86972831059996
177.01426949477644 40.39461322597771
40.561944795551305 203.37127519772375
85.32864642826105 117.70735501106269
6.931677610917758 66.22648529351619
241.92176944364118 87.52509949308518
193.48485708616758 85.71181685689518
30.12443505636389 158.8773977506348
116.13924909268813 81.28885843117556
192.6953803122524 197.9491291789133
29.715684517065522 57.42114112071411
19.202501341636147 82.27826881946862
230.34492239596403 64.16298078216664
153.319634279611 226.44873078674811
78.39726134298263 40.95570903869575
41.695355730482774 36.8779057693894
44.71083234747331 207.22249983594952
236.42075727801773 244.58584328297246
161.75642821462367 40.53664037655938
222.39945408363235 114.68473602445961
175.17331907701777 91.97392721283195
82.39566791747401 127.79152621908949
207.20222006072007 184.4128539864314
33.23306216475133 166.87329891574583
175.42139127898832 10.786739342319052
40.44158297182654 128.02825267819026
211.06992984380062 201.635061340315
224.56728038559478 103.04537877652889
175.6918964805255 89.2001121540688
217.11569678439918 105.7760231257625
167.71343579514271 81.74573889786022
90.66444301296502 173.2539584794268
4.639529139873727 55.630674380886646
219.25907025220133 146.71058517087357
117.66258034944634 190.79978003691122
39.171839369555485 249.7251813155423
198.29117409837298 160.71543568532263
171.94911931952103 199.1635822084394
82.43250513607306 61.95841648489706
64.44751594521165 161.54817688740022
30.91132888845888 40.89814334126704
173.30788435381118 83.4545357516314
203.14233573046775 43.953356728897525
236.74352822041288 151.45695015106344
118.6311347969277 202.0411440055019
13.612402024206466 123.76097532845066
94.97304394294773 98.52800646803405
30.019073885498155 242.00601171731037
19.511035503571666 8.328501095611756
155.86883030264562 117.40210881579475
40.803683856352386 52.740512979498746
111.61421360372253 145.33610690428276
11.23545536620163 65.44002217222955
232.1538580023917 227.58679921751812
113.19423946847718 176.70977161367898
131.11721783757443 131.95786756303605
193.69485997435672 191.15191653263693
114.46864625027716 70.07309772685227
186.09570362138132 30.400427626348538
245.6282268910381 80.70130636565435
78.35504817356387 227.23765102900518
208.00047045734405 56.80924634594431
239.04614327062313 54.48283178573049
37.97959725962388 32.027213597810245
189.55133389265438 137.62794363853382
233.89596615767724 124.41525096370611
79.46503974037702 68.41630916228719
98.34264686329544 166.01960089263557
202.70189114733378 213.42756119262646
40.84314894371482 244.4892108036714
148.5655033431706 189.9388988675306
87.86941056722422 213.56020657653264
175.80439241340068 29.856742166249813
211.28669568485432 145.40063199359489
69.77610556483704 154.89917701733276
61.539822140253605 149.2500868980978
102.65483499804307 224.51769901169007
44.01495148302922 165.3784368879108
191.1108070005951 84.61700077328238
75.18678450563156 2.176081418154785
129.14416547401493 15.125657074274379
86.05473212742099 183.46610926746348
79.3418910698991 121.1384006094629
228.44751743282166 99.27411647706141
183.53508826461203 234.1461383881693
25.00996550982912 105.97271484262227
53.10007479448872 189.04292169552102
193.11056483688822 38.35760563919696
37.08478320891795 65.12755864835675
82.72729130153611 171.27807300266974
187.52954964756566 173.20186635949142
73.336793467851 59.35611162021015
94.89292169841568 30.13582267893
131.1686233801611 147.66854772010865
87.12007348996198 72.02227356192151
37.359116537194204 55.332831274478025
211.54153243307601 189.35590534655563
34.02704973488835 171.50546082129492
21.385253151669474 68.1871736856891
155.77301288758204 188.68088232011075
101.0364929899753 163.85885371608703
240.8021828376458 3.4130875934678953
145.52043610347033 34.00193430196061
140.24495996578347 128.74761209082044
60.96644156997416 7.920606068793912
234.16020285849788 241.22743739430382
153.13028708071593 215.2290519332657
3.7059110385213314 168.25469381733149
181.44669457525285 114.28127038251246
88.39142964565411 75.95745958464192
27.662275916603114 90.8084989792551
60.954032384368055 28.170071722339873
144.30476495505926 5.875708268182289
162.28519557176793 126.2858824704689
40.95921294994234 145.85786775697576
4.240643160239976 155.85467253697237
230.17958023216588 35.43506148983197
193.50543161687554 105.96366794567044
124.43780393609174 238.72541961694975
80.65074909928646 144.99089944078145
150.59306508504568 187.85242957377434
138.03117272655658 80.07188212999503
69.1537311979675 77.13628856163332
67.25725182209798 21.94212859870345
167.94195397556342 32.545753035085305
114.41147585024412 4.8215562216533945
47.73275482485445 3.441686756768564
177.5317755632719 120.01036902556977
79.36708331603995 176.8381907372073
113.81590784809929 129.44044524278075
162.5769390535246 215.89797214329022
189.77847793192416 185.12990970877203
174.3051342542676 187.87626820851597
75.6022817935361 184.70719145911247
248.96900351032104 71.69574702243841
228.6641911910704 86.37666758470097
166.88003648002243 28.87532253379743
153.36214049581335 124.26325927854975
197.85444244514724 70.72267880363509
25.658041060962006 21.131293659328087
155.09540785072454 79.19176026824462
96.29041835104904 68.65399040950876
159.05692438134224 238.25517799479263
1.081531944461478 98.12410442746634
48.14128841925602 71.74512309898599
224.53102815642075 18.9100008226879
108.38747734209642 167.49898527014105
130.06771602802337 193.21412289029436
94.29335082161985 95.24839278931758
177.8373518765448 62.121181259716664
90.20177123937587 48.50953535484592
203.94587012925433 46.17740484940605
181.57788348170348 69.84628363758158
28.940470934432334 142.27811965322476
149.29608739245825 10.77666809287181
109.03753680737225 223.14087449563266
28.40095496101161 27.348292381916522
222.32566252542225 11.605502999267713
71.58229887109943 23.300959416604094
46.924092551769185 232.83183585400195
36.28436919468095 172.38883965893493
215.094229640392 189.87829067431394
12.344721752683336 132.93558858232223
113.21281735795438 158.88020631297357
226.55401631675227 219.77769842341624
75.8053933391902 224.14568439250397
44.16823679143031 181.08409546616983
50.523924398613474 216.96191598095172
41.79894258555702 4.715958719360619
150.57872720108105 85.7604061685443
138.7123301745444 151.53419969753253
191.09530676481376 92.25523856535226
134.99189954143944 212.26482938335735
12.404610064706944 71.19357095771022
19.42786701808802 108.78572556265841
97.46033508709317 162.7678569087513
153.0298474504871 64.15126107546159
148.97556985555002 76.32921312450996
179.04709696933256 3.8516517153224514
7.622094673496699 110.38922452540315
175.45261756246262 223.8361110020996
122.25370909962882 94.98344035863008
57.094394249741995 70.58362912423821
97.64925634008331 102.3330669207801
232.73382272655095 194.0380176134123
206.93744555009127 193.4153400260176
139.17558721182462 91.84145738161439
100.15046612246206 10.452060725996636
18.453124623110913 39.110339101542074
82.48660910063707 0.9909995518389003
147.46521610108127 76.08523715986415
221.48283281080617 212.7741903110423
126.44871883245864 213.90789727150076
131.81326568856002 188.00125350605808
99.33952966139958 64.15626828135065
27.316241161218365 38.50482598211599
37.09318739038706 110.74846990274293
242.49612741356418 31.52368171332695
165.93402920814927 63.937885600296454
209.09534027718627 113.44239053777594
129.93974495093286 74.56704552849506
119.11936651890592 11.038342083357689
176.53403890590675 118.1484152586969
101.76697516543537 176.39510688738616
117.97752156667579 58.32247194175461
64.13695060019589 140.85311276240705
216.51379190597288 95.68499727264157
26.339244175472565 221.6558877183033
84.76169391610075 36.98770688909206
235.62172760590946 139.89428660915664
51.88942955342396 129.20562510613217
214.3562794738454 96.36653706089001
230.9039220618807 182.3569521585523
29.48780201257134 86.18052077894566
25.54990253037348 147.86704387355422
30.930370423751853 22.27867456653554
216.69444614158274 182.61622154187052
69.52178772846182 15.109859939186842
145.55027411850708 221.4388295087714
138.76160641069137 57.237424799621714
113.5749150638759 108.04682400247273
51.57738492948074 176.8181906638921
31.09822704575163 57.30289867497082
14.970014505696183 90.96278711977578
198.59626845924888 42.99251621988828
20.626694238556453 208.31440926060884
108.73593848079574 147.12013933926963
25.00987757761111 75.82923399671712
138.28122152825966 176.45829308985682
26.295956056634235 177.53222401058633
118.85554132327186 151.46073190018276
180.82735836760332 112.68882930589078
104.59332320338213 72.13364506987307
213.43214513736453 189.43562423521067
61.046224923443525 189.69420549153182
115.21518552706206 242.1262577316691
168.85833179557494 206.58363685612966
241.0683775997519 9.56253537381349
13.637136955346934 249.88004749047136
28.810994546037914 40.88246016858857
4.404152269595785 175.74999623761548
80.49635633430296 73.71525520212602
142.41733852246907 225.2695715906249
133.83574095907795 100.21115673460399
51.376939926546044 145.92294741710572
241.365424373526 49.68204691614558
164.71206804199426 157.9826042562947
149.11361253856407 189.42605592445923
12.400767257319423 192.72316376680104
31.6492904528827 21.579213275354782
130.3683803253095 131.23040052787334
3.378817100187975 232.16973481142324
67.13768459473069 128.81790483557458
36.28977302405401 215.08766510610982
85.91287101187243 145.53981895529066
87.8401728589342 13.748105543138212
190.7267694739843 176.44659271401497
129.64013191189477 212.17050001017947
56.89630921081046 232.1325385347086
59.60587474612708 135.1956168710055
71.6490013438672 186.31953011903371
187.43273986609955 96.64574456775985
155.74299422343725 83.94763321537812
107.29968403527293 87.418784892175
78.194631924637 26.286882995861653
39.87866627432174 14.470501358153143
165.7167391565254 8.272323807635761
60.610279993717846 197.82662151779863
148.27940273797097 203.072464079874
197.42847031493068 120.73302657003401
58.60906397682744 187.5479153472839
68.29821530627461 105.59155354485635
164.56956282382833 142.48976394129357
208.3293809435274 71.87007106979019
107.99890654577915 10.281468843498592
113.57731224671943 75.39079581075184
218.8032945001647 145.59364755987747
140.92488475597455 196.015841386421
4.7729422821756184 156.00883438844377
225.81024428485196 182.76697458606978
180.07837516729208 78.50858506514804
70.03756855330892 171.67714869730557
226.16997308346106 145.61628638466257
227.26897665119137 20.608831501079866
110.83207272174062 92.00911507209005
181.6151803661143 227.3165643918542
148.82480517028682 170.80683981606407
227.40115163795173 149.63947653725424
1.2821031402992789 161.34243429293707
35.50549263328332 82.49279907645482
96.65236024906068 242.123579583096
132.865069755672 18.069086017993953
114.79278678712815 151.04490328467205
61.61947646868346 168.71261332562392
3.133973694750103 154.82145657223217
39.2965182235506 202.397832844213
104.02564871862752 48.896066454227835
100.7309229757731 18.67898265676382
70.88870456908138 110.79327552801895
157.94763576300002 196.33212751781915
50.100854577697476 105.64486741283274
119.4249719585887 90.48471117881945
45.27531884436697 142.94162058802232
85.08670787873601 45.267079709211956
65.4417127959001 196.46364251015518
205.3342333781676 177.3482904734817
129.6625236885153 14.254622354529566
180.2178202823839 197.46775245506035
187.48992269097508 208.9221235972517
147.72902331319483 190.82412585155052
162.3429994947829 204.41919225366516
7.053719053924324 4.932117769321814
162.53533152281304 206.1417348351972
231.95936299639067 169.33129018394632
188.39689486868696 188.01144083102506
211.12516562978013 162.46715825422547
195.22062192300143 132.9084684676909
100.57352811162099 204.46454357886697
116.61875673291844 68.11392496541089
37.75585768934478 242.18201883581128
170.13393727982537 15.437126636036608
158.9461241583536 207.55626624355222
14.881508812734506 75.79207989972214
244.09067334557653 115.81217236519636
162.553302383116 59.3627853744654
34.48657859158025 27.986163434900845
126.82349951379307 237.37761302703566
225.706744117567 171.90329521749356
191.856953616808 24.417353607845886
40.62090074633051 63.07139253077573
246.89271805033545 175.5817000770112
225.24154285930314 226.31264836031588
193.96148448616586 92.95044450381471
53.05682437400513 157.76348350324042
248.60063772900156 232.15441716513553
24.16573825966023 153.61965253226006
69.76563076219583 53.9474398972454
227.47169741142753 21.42221410553022
226.78802433428223 171.0219451349523
76.32917381407506 159.06464440070167
140.57322069279235 99.47973883808423
106.84041558757768 154.76785029982216
57.75542425526256 123.56964049682409
79.3300285034898 158.50824199482784
221.24343674468986 141.34388532558572
40.36557376918523 93.6846595278627
125.53792246861344 187.33165345930425
59.79337930450387 82.678904514496
163.0220046301716 189.52334150866054
72.1026654394169 93.307631187274
201.34118021597035 201.2665796266373
215.3236958405556 244.43599078542098
211.40757672825512 182.86809654208884
161.66608421138676 225.0798277461108
108.73433040348168 206.20670997935832
55.80172001771569 76.14809789393875
222.34811737121663 66.28225653116857
165.62708543167798 59.45430025235138
76.2066322873201 41.04292024367173
51.364070796543956 202.60417395714447
20.7426133849522 117.41121534041174
233.97377307557534 175.536206634103
43.74231586288255 234.06936819837895
220.96339882415685 200.3355056264013
214.26011429841088 171.92652439484436
236.63288186826242 76.21958993271441
15.006620157856476 189.786169378082
30.48732618324751 25.850272246266293
113.00464580023761 198.2959296844628
105.11784282522932 209.33842382403589
118.52439245494118 123.86325355261502
110.16652832536175 225.90962679337613
140.47725154707558 85.6661521800904
72.69299386850902 187.08539015308534
201.22803290169512 86.65151535536548
148.93377714101968 191.28280082004378
102.3698282095473 163.4239617603207
29.745231527820632 162.91483756750605
231.24207524026235 180.65492986052735
99.42292803465067 168.42881795058787
63.66816333338851 30.440710660876587
162.9537907582141 226.51625172146325
131.31878555185304 49.63983313107428
185.33019494233227 42.82572756566319
99.03355478874332 205.30385872747559
99.04249307531926 180.0167631763631
113.13014871183394 61.839396795732775
151.2267951472913 131.12030550518807
144.18221502631272 124.8788218307931
109.11705602058936 141.1539570064407
210.0797215569254 86.01628835597778
80.47780886651532 178.61635273289895
23.035310424967175 235.10194267709375
147.87412751314264 32.98267779102093
65.06536397333248 99.39821328274923
191.81277821321854 98.21995799557328
70.76411764881644 217.65819581665951
249.8325357384603 199.05900093643464
139.69424201037944 124.70442252168907
77.16907945720634 170.24617332687055
2.4941080190227503 68.99488758572866
68.37290680495568 19.466680034446654
205.19234554636017 153.80527838132215
2.3247618401383283 142.4547250225782
192.1023913784661 109.11630869898828
65.00303147895012 232.46090245913666
155.37654018867312 61.68588260571883
79.77064590345903 179.1220124293895
69.37507678857449 166.9161052247317
120.04607471633233 63.76146835513358
155.50370049057724 198.33866007767804
140.16076221834658 86.83781680583144
0.09103382392167125 74.29268462941074
9.746335508931114 89.03499504263651
220.19471943545096 2.630056592967389
233.0363385174385 110.5673711243455
232.3659696125161 210.1436743758546
13.499071889073623 145.5028882782843
11.060469222343272 18.4801542802826
154.66707064875513 57.87338785366669
139.3826203793154 230.08904543895935
137.79137711852928 32.01676769534059
188.78040107229629 8.857016069120288
158.84228987002209 164.30929707693986
158.17538762298685 188.40818354673712
135.683171426746 122.3064846797756
123.72972234532969 75.95750690656955
99.22882447561871 33.599668291263875
20.82711929917491 60.24358691431422
165.83510371583415 237.2522520816789
211.26471916656436 19.422646324860988
34.49309606446771 189.58206162998394
34.47008400004514 228.27912061238538
179.8466768655768 243.6630893655419
120.44844215374609 121.4537770100681
161.0576473589768 97.60033909297373
83.54029678484507 41.0959073311612
68.82531470389011 67.73914903335573
232.08832909515115 80.32845850849773
13.512013005295032 236.9062641964781
184.4405821296524 153.57001217186382
206.72525581830553 225.37436699194217
63.00253650811724 69.71110158987054
197.93554119150244 187.28001571946217
82.82750009402196 168.9314395342826
130.64552417039633 76.48913785194824
102.74506897137684 226.57405658431549
185.45584321022739 91.9707810458679
41.818638026770685 40.05965592791075
34.48780027043835 246.2914894582652
10.61368807557736 88.25065532631815
154.64182486830265 71.66406237780964
101.81374473904431 1.5577290137816502
22.136307267898808 150.88674664252932
143.3063019983901 138.04677306595673
85.93301671049461 155.7263260225341
200.78605855747495 165.35549085312627
197.1638739900549 129.63892791469067
201.71782941374565 104.74025533068613
114.86666651816468 10.339622487161055
84.87171599024165 51.052166883416405
225.34157858719573 68.69938336566142
141.39964179063446 176.24125208346192
168.74619356969902 187.60528744132364
88.05582806566814 244.54081007840824
159.93279706489858 173.48714792498265
220.48263916087012 217.89161823717106
176.17697487507368 80.28536539692082
40.88520740465745 137.83916913496824
185.29808490765063 19.170016315287754
231.9876967265403 78.64675441990431
142.59246770719727 47.693939641726416
54.95955154246515 107.41258786695084
52.14070296443088 74.57856979910652
5.774302197282144 102.96833944554929
101.73742943020255 96.71521294301364
11.287962216533941 114.14241875355499
139.28911794337324 163.40790642046252
102.73743674416511 65.60876778065666
68.10977581291647 5.473558939798923
221.68512722530048 242.37979751385467
150.24914876541857 149.6840611320479
30.958620115028033 61.42537151596872
144.85455146796505 183.38210075205666
194.3488168870033 83.41515784073566
234.29845073457503 6.811862906647232
237.30602609038442 151.95697465012256
153.61054779675894 249.7918613579678
9.634576410551043 174.03823944560963
48.96029063123844 90.46215232152122
47.37593252726025 108.78007682874444
165.58311782622778 30.936146968278788
147.52704223295652 249.095200572293
36.0518697806129 27.155130551111988
72.98365255309375 246.22146433201794
27.212560814861174 73.47787608964795
85.25319236384976 148.5822773785577
146.4207167631317 17.64168527699228
105.40300492086047 148.6152970931859
132.20469620303408 71.06807966971321
122.73084144220486 148.93374627791925
14.158067871617884 172.25748796496666
204.39163572320334 33.08818419963208
88.99459682631411 182.30076169012204
216.66884068734151 219.44114049333254
16.586981763891757 32.62250110293605
242.23780164532437 28.296712848463024
98.05762301499927 211.38157487552306
61.61801036512301 66.40471868477397
4.434243669681953 43.23062398011335
172.81911688022797 24.554473792949615
146.4035616792203 107.45574746258448
196.16355160614992 41.04490881459133
213.05788464393723 182.85695878680065
7.039034164404379 113.76898781305376
160.19450847992078 66.5418559798438
218.37861653311322 25.733905587798034
49.849320939016756 30.12563245747421
147.45601135604971 133.54901758978653
34.07932039642378 130.34751251722048
116.31774160959085 87.31579896860583
99.41547986604601 44.980927063833775
122.85336698181332 189.98770425123303
97.07235536842995 44.530775552972884
168.94420378653345 54.46975346737448
103.35935974937962 223.49111917770105
168.47427063839777 98.21552768229073
116.99415625237869 201.77052636155256
124.3231039963118 12.530832263992597
130.4017235724692 214.3893158117898
154.58604603956573 214.5895311222876
145.58319586121232 200.6094439507678
5.742629482430872 59.00007567773671
96.27503368499707 124.7717057501606
123.39380860068924 137.91406918386895
26.858058007010133 215.9194507626021
236.73245850535184 104.18672350647847
228.16320075645046 196.1201976827787
15.26882312464864 124.60907103083902
48.86158739623059 107.28862201765763
154.07274864128698 244.89937893315906
213.06084942509673 249.97660280329546
14.974590280078692 143.62346066872675
156.0541597586366 1.933542711369085
138.43138749247774 230.37968730449214
43.44869878456825 205.11407224390828
80.6811343548487 187.05033525538857
178.59306487895975 116.22436592738549
200.43357520977966 238.8565591287867
198.36150062798825 11.856714631270638
203.82652208124009 32.96268758596821
143.5542348513961 218.86531952244343
159.9020624362973 82.95193611815826
132.03680641505963 154.8002682651009
117.95534385024767 192.4717758386767
78.18306661872795 221.46940902492827
210.34292911569173 21.429808172540866
41.94241208052393 57.126150680105404
227.02309945856808 119.4719533370528
168.3413872518676 204.2867705660529
68.02014208754662 177.65774136361236
109.87891264904401 10.576956788663272
228.2601694304813 17.58803092106781
212.3313775293915 123.54842898355298
52.036344045296445 52.00637791933976
36.9613174158254 216.9509773485993
32.853312581664575 123.3365792641401
43.99544478208298 189.65082928295885
94.84145792442686 244.8085724000759
244.21821119970974 50.16069489249295
173.37376938545785 202.91258545887007
221.4861743957263 220.05627856563484
147.88952687419194 31.726734875418995
6.917689344365735 202.55952659353616
40.18324045645028 31.556853395199425
79.57875539336945 88.28403250955394
227.80879989177703 7.404566096202769
95.59208836748597 230.0540391649054
125.91412645280204 109.13076945862166
74.88910921240782 193.46454235474127
62.024096494937396 142.64449838519346
225.1410590840387 149.66795693872814
181.34183671416545 100.15039611953677
19.30827922227199 234.60435002072364
30.157102299191273 145.26951101204205
108.28055955898897 189.83070665316743
212.4944808289464 240.4694584665649
7.754460773254146 194.25197509588511
72.80443500546285 190.62827398536612
111.68684259000203 43.148050328871754
14.372862274126346 80.27722588898739
235.37015109835684 209.38959835561084
189.55419617211305 229.15821094480387
161.2382682951356 246.40180849207655
158.88453444170247 203.82417790841376
121.80083228199007 150.9900427990335
179.47892953230487 100.1642342447345
207.354780576567 236.37654185429864
115.15669608638466 178.70965072232656
183.15272100424076 64.9196494545092
161.3966879310987 33.478130468742876
204.50268835242989 178.1903500617968
0.9736931500627932 155.45001224588805
79.76610982779982 66.75238194451802
230.8922208038239 128.53117394282603
94.40742638395972 76.00423597360009
197.03235715165897 75.58253778473522
116.0522137247236 23.983648374760776
64.22481436087382 124.34964630135836
40.19099602667317 123.25933486497034
20.364904585950473 134.46554768464597
20.157921322014992 128.52336288735555
169.93721104393993 68.12135031635871
18.681462328250298 198.95990971206803
213.1327670346237 206.31641028009918
99.41654393142672 16.046549194939725
21.44760969288856 166.3921299230681
247.2136200703787 178.14265965228188
194.248628548939 183.29506460437383
12.47060977566275 120.835221988807
206.82014590105834 77.75065844261955
129.8150835955402 236.44807950870472
132.44982919349223 2.9537429068242083
126.87387306032441 64.31268331851753
7.91457849306515 113.72927982176293
192.94330930377672 161.40496420960284
176.80674439248835 109.8358770403832
191.34684883221314 126.717515624029
6.629047274505806 130.96117809139628
141.0567389870665 102.01524503807516
109.99506981673987 44.34844006424865
207.01100512850414 87.0389852819331
180.88810611736486 246.932383102952
93.26589957554968 1.4933973082618401
138.87305702461995 206.7406407328242
219.32396712562428 1.5733312521396814
169.8519570412996 168.80647846586533
171.89426352637324 55.05293750783266
16.620405565474005 29.932340734937586
246.48750986752844 21.674307711981726
52.52996900542714 50.82169791491179
1.4541829966713549 129.16794940516843
179.0750236542951 13.267504798329416
98.99866381681564 36.03254371933723
136.35537075918057 155.20469230068767
18.49309707666996 248.29777134554962

8.6 17.2 36.0 72.1
17.2 34.4 72.1 144.1
25.8 51.6 108.1 216.2
34.4 68.8 144.1 288.2
51.6 103.2 216.2 432.4
68.8 137.6 288.2 576.5
77.4 154.9 324.3 648.5
86.0 172.1 360.3 720.6
103.2 206.5 432.4 864.7
114.7 229.4 480.4 960.8
129.0 258.1 540.4 1080.9
143.4 286.8 600.5 1201.0

2 5 8 11
5 8 11 14
7 10 13 16
10 13 16 19
14 17 20 23
18 21 24 27
19 22 25 28
20 23 26 29
25 19 31 34
27 30 33 36
30 33 36 39
32 35 38 41

