1024 3.0 0.0 1000.0 3 3 160 240 100

143.8250673747 225.98480249489634
184.51270225685764 123.44932306481043
2.831581024926977 236.36966000119304
141.19330007202103 92.64662753159824
16.876406326539446 120.24769286974954
243.57710656275438 64.11320579747981
44.92055830351896 40.6831200690283
198.9400878913287 118.0402293293162
40.55157502180784 25.976096384901005
16.7422394259297 179.69615213852833
16.993971684169523 240.5734674625813
77.88441671384797 249.89814682078196
235.93524472032794 148.5303918825541
139.9301547806436 148.34909932651664
21.699034495162195 204.1951258186556
139.9783192957483 22.593737777170304
107.27866088423796 217.6905552241269
67.28233229405262 228.99318505605964
27.62905563417492 61.46650884816987
189.50389295432535 129.9806170050166
103.06522646220809 10.283685300812417
91.95381328505748 138.75596222561018
161.81266170769337 233.69840963178837
189.91803471274622 116.87698495857549
82.87341574732376 139.24858893206354
155.65133333793244 235.69553146249996
219.86667531086536 55.863432705567874
197.5319387346559 180.32660927444797
195.98924034567813 53.00619890649791
56.20012670975638 28.48712709541676
114.13217824929689 185.17950492442353
51.81593748050925 74.40003040840182
120.30474906332105 246.99375714161195
137.61838952818175 159.14266082135143
166.6016386953665 36.790919246856625
118.85611871417811 10.251498745727755
163.15605849246 167.90176509582002
199.72847316704232 84.81135427839972
209.72821176842018 70.97299556502759
169.77179270244187 143.49672978244826
184.144329716681 23.997828702261554
208.9578193212771 65.93244858991638
63.412404144467416 0.28589675882217946
7.423194585098047 39.998557863464846
53.16101307507043 159.55334815790732
106.64626844271591 248.57463448422047
77.73402483199801 28.697604036536124
98.42859717669661 16.720601653937795
85.38585203200374 156.0220349486443
79.75705941599736 57.61134423006287
131.8165648067799 242.51281975817992
131.34445751465572 1.0820180624230846
125.29133670228148 17.18211950400439
185.59763538406835 21.76957625540857
143.21553649270814 164.0255485284187
104.33335992385062 122.37859404836335
119.19980359253266 110.13713193006122
101.31151863690366 246.3754966223867
183.07474942495898 228.78930674018744
242.6728329354715 93.85020057909621
122.1262878939416 105.6291579190263
49.743200163223314 103.89219321913443
31.576704768061433 102.41257641322346
229.895173563036 192.7736562135885
211.36618204130562 118.02429098367922
152.367423115868 149.17759747341907
185.72830189636295 249.55405171619506
76.3188389294743 193.83913814104923
223.2436541981703 108.51679593129235
12.265904804271782 110.91215920656403
172.95366478847302 69.12162587827103
155.86164017028693 123.66764102246671
196.63047431559733 152.78065966549667
14.723668281052843 126.8039908772792
232.35677168379618 42.65338498895685
0.7954733075535569 146.040131985551
100.36942450315983 106.13039849561571
8.524543020935083 115.65149257035604
58.081912555655144 53.39801534979516
146.40605041162067 123.03506720264215
195.94516624621377 225.90724882732803
37.230698644175966 100.568234212635
196.36989708939103 67.08915905166896
204.65316573329085 224.8098911863103
190.08557718106232 222.2895024183939
210.48926958603062 238.43092490544615
108.68409720013642 8.700510554826485
41.43093741937265 15.986612208343882
41.61508352567 171.62404700299032
179.96177039141278 103.69536599605162
6.61036566331516 12.004497697974042
196.64778679039594 51.5491448655479
130.5674423675354 21.11815539522152
46.835063170780536 217.5164521421204
174.530566707106 141.20531818947296
27.24579906114216 48.39968110081897
59.08702211753155 31.812153897153223
145.26100207640056 126.33387274886651
169.6302812261337 116.99716074536215
180.9549041390371 9.55409762329501
221.52318278923497 131.12700452943145
218.50937070183556 133.19187021630572
4.289234674760333 198.09541118805248
19.8575725813005 119.39172357913611
94.91187555751526 235.08357026911057
149.65801775733476 44.352837572763676
224.81776984806 132.95879687196782
133.42028226084776 57.761595530952974
8.245562155191482 64.04640726839911
246.44492340564543 124.77251862075772
72.1188312171626 19.393275309896126
94.59060625941518 243.31594829641222
26.54801693683595 86.77417122059738
25.507730279624884 141.23920369690188
113.0846214461142 145.27206978492146
100.50553466777312 155.08737876462195
83.14313198233347 191.06474468037766
243.10698913052113 240.45931708933097
228.53322395875676 1.2038291873471274
189.93096509872342 239.7722761552428
171.73930620719878 159.0603168874313
149.00505607274386 91.16021343249209
119.99047733011595 239.67443387191406
201.21924809433258 41.707173008180916
233.31902049107168 248.72679604674002
97.41208804885018 239.80332348661744
92.4154613375896 173.79662730931645
185.05325561677546 211.94728758162725
78.6126438927943 89.98610493133941
17.182621920640432 28.69400827934976
102.66452412531868 109.50350477378687
116.76730796626697 138.25416939684482
246.19059500427733 137.44338237390252
42.37790997872637 64.86701165075043
181.7544484320784 122.21451200035413
200.62185272911367 245.62601312228887
17.100777670483737 237.8522289203383
88.02409365335775 127.68595585032116
32.106019635571776 50.566236208142186
122.03081365519023 29.65763157593837
188.94295079893683 77.28670954775885
188.81611400104285 244.0817788931401
87.10805187315255 13.738291339381703
113.63081747838952 197.42034491158196
107.83001244111595 84.18554441755491
212.52333965612831 69.69196143770095
35.831339670498814 119.6456547936261
210.62168952069237 174.78521617186794
27.353810392274415 206.88364968536143
190.1847518600407 194.87601156530252
50.695292864462395 7.881612990192243
119.65120148499162 136.0214111449385
106.33689158690198 110.71578924692177
3.44182245226074 161.74431108662102
122.2052933393315 85.48656684203634
149.56964597244527 30.697620801921175
144.0389570123547 100.33406618401489
40.30784224357728 244.30264684216152
89.87964706902801 75.82865571601624
237.93536817489505 26.39902669392566
155.68254134991494 39.69592144463196
216.55209697613134 1.7761804713548324
32.634294035813 161.4452590287548
145.1982259014951 73.03131807201119
44.863316111785984 96.05041155949709
130.46909038437494 229.99313721676268
30.266841665783417 175.55681173412717
173.99715277097184 198.99475995209383
218.8853595736685 179.02624006323126
235.40868776417966 138.91914785323695
86.53251084196928 96.00345333767527
124.3561136889492 1.019370550110893
88.69500296544273 149.54040651260027
210.94155303858307 64.50573411901698
84.76312334873012 213.88687690956647
183.85801784674064 83.86481660425649
135.44374030921304 209.24336855681105
156.22307196120138 2.8964934463446834
248.210227781964 46.53578529456476
24.544000321467003 242.71110368341246
105.3497830885502 231.4669649021375
126.36346231178338 167.05412366171325
158.40255846370482 150.7792219166502
144.65469623240315 8.314733663947665
81.56028790846462 180.4423078586778
67.81164615854881 31.02442623424445
238.59807223919594 230.35489262109692
154.78247581326622 94.16755915531422
203.4915690443537 206.6091486030921
113.39036822430535 85.62865860900762
108.94163148336011 90.16253769314855
120.8104390981504 222.6501057607456
20.812727287440158 209.0787718342115
104.15784608411025 223.7878404583573
105.76130892566182 228.0543096145917
85.38452597370011 171.1899266080019
202.56748809661903 127.89718910748535
79.40244649279101 87.41481578953092
225.1476934612098 121.53606324295127
222.8541668560323 219.58451075574942
21.177723273412607 26.638185513962714
95.7602182539267 140.76084858362927
34.290202674061604 221.0774256354086
172.5020935343038 180.95032620297638
67.50966915028445 15.905204782736826
15.688763731022432 15.517548066282721
127.13384971780242 21.47119943316503
39.77114625628392 25.937425187168213
225.11168805613406 224.1249009172684
159.24151974421898 2.6554433874433068
17.97755768763748 163.0008077884038
199.55543596662983 105.13515212406554
119.9153593429022 222.20807958094775
197.61750263841867 82.52402240739762
169.92948801628236 94.81983604927623
75.2398218290106 208.55476312602738
119.39190813846837 10.186091618344161
217.6081459094679 143.3962827074331
29.61695299014505 90.12625318610043
212.31603709283445 162.67926564873267
127.53796293191705 157.4880380984765
74.73644530434959 171.3041477427723
88.13258661651768 55.03998256475126
88.9135738115583 16.773693942517042
200.2010647341707 152.753810327035
147.93981816952248 193.04883740256926
199.67928733993 91.39975752923324
205.0382511038461 183.8917197294494
238.30147927256812 33.20265235933387
223.93778171161873 23.52969659639742
101.53382565387508 28.126198220525005
202.23564096879042 149.4526229441519
5.856922697682454 238.3494108401788
1.317170903749082 60.78750304435526
0.6548060251644339 230.0763605790761
23.154313455332698 174.57821829156427
217.38604466807166 224.35203057241978
108.54792746749295 76.09821374953881
53.828767962211224 48.50421789592171
104.87326316795605 61.683920522123344
150.46260111519055 231.57399803071354
231.66240290170032 106.55205109220408
155.58333388009285 151.89811594012554
8.021054087395257 23.593542444421328
185.9623089536303 28.864923414232273
40.88056983982413 41.26874983122597
150.31611612286449 206.654856833174
11.102085647954175 249.34087202424638
235.10068062622787 73.13353913637121
48.35205438099577 30.814547033049283
115.86745834286114 190.46162172806166
133.83331839288664 90.75474285842405
87.95510177888849 84.3572710849115
12.156507280321415 118.36263264491859
12.518080668309173 219.58386139364572
159.15434197109994 160.76622150822303
156.5637162258419 42.197350559238096
153.2538115270092 13.457303118574849
123.59830910424726 214.69193495193406
23.407907623799378 118.07049265305095
109.11154861502378 145.46483424902146
142.0004107988557 206.2936025575255
5.150416241514661 127.85094843241664
30.671044956798205 244.27153948888437
94.43609072584483 130.44670002191503
77.3294330952451 175.7902504716332
3.858703285240628 142.24617274121564
227.35381071797087 243.60540350620735
86.69404865752045 248.0670109482645
161.42397667237682 117.20793582467573
7.818374436798309 75.23078253911825
193.72730864499397 0.6358449423349566
33.63825255304498 147.82063411640542
11.354601177209545 144.2769301310633
82.6171827003262 232.0404210647502
64.61663664333048 122.5954023242937
103.93316149021966 205.19634685547362
203.5866031057385 217.29181727947895
62.09795227798165 172.61233735339314
38.06085742945761 162.24096182593016
30.973888552900814 126.69418992520306
161.76701164046943 206.69508945609783
47.122393014265825 148.98830374522038
48.500913290206476 55.352294716890654
214.69541685354497 88.79905820776318
166.0851259084105 195.89334022020023
139.06946184519177 72.97557514351227
52.79484525179198 215.12712903617665
121.5239041762027 9.587066641738529
51.082673669984565 4.061190691579314
74.93151612850735 13.813672904293501
94.68427532112125 228.0700559240419
3.936499245032754 27.659106274323136
78.46686019506255 49.36671647679264
229.25516181516576 216.8143644566798
146.35456561728955 204.82270974836217
141.5696248165231 198.96489540172968
227.50857026155782 48.368081991512156
95.97568649387586 121.57478168937486
119.80612623633105 102.03461004239198
162.97047788490434 99.80723058819002
248.06452789918112 168.0546883297867
171.39611688659795 133.1655612966893
9.315591328646649 225.21142854628147
219.69625245819276 183.95909328013875
101.43603944668314 164.14885235537278
78.43438916547684 130.04360946443018
210.62954126673839 87.98617875633244
45.11861430520306 113.56764364327984
145.62962400184955 92.75139638405713
141.20637001407187 151.1652165396956
153.33666956276076 179.03330655454286
210.3637271104952 109.49408291393217
18.396694908242278 155.68742145010876
204.96070568364308 41.21564894916274
183.59627145985232 216.13615737338077
247.59460224122924 80.66130919291867
226.65354650092627 46.13789011777506
72.82893497331571 153.0305047944123
67.00739401749765 10.542321942691308
210.2385862017979 6.955371540495303
247.64309855492152 82.09717483135134
24.526688049743367 125.50120298411608
143.6764632335884 101.66273926660857
48.70514849902954 222.36938763024136
190.68137100216575 0.7713150197848628
103.1442371830401 190.43324979945504
192.54668949336926 118.58762845829816
205.83701180656587 103.52717469271566
165.69768994108745 49.74544105253237
31.103698892325117 172.85500967806567
42.03635310679693 50.77628054530536
53.279780801782415 218.56231201142677
24.156532593830548 170.60239337022787
0.3316606390822985 82.33933171121993
192.24143821092903 106.38742409452351
216.80626066702 147.7035179306646
81.18907297983857 166.40268037518607
99.42206991132565 46.608318294317414
120.29282056555485 27.511526666093133
100.11548487297361 25.764786475814233
109.51516730401201 151.573765731565
231.56618170784907 84.22705969343546
102.26958212758485 148.5988437556645
232.78381393027715 155.86640101424567
180.29887688344022 47.56841577836116
235.56506072059133 115.97727834822977
52.61553967179533 23.36463942111805
162.88469965585975 44.03435194215402
177.63496424405054 128.5904891446267
132.7332859314411 245.01783936004145
42.88847265905371 129.66315479689808
43.76645346908631 192.1134460325564
53.43185496167427 36.289120156017205
182.41062683392957 87.00991203302868
13.09232688026457 4.837170976696448
163.2001732312085 112.23386578055744
220.70565558478907 45.10703108163786
175.7506523522846 38.404089172944964
138.02599384031404 172.33722510124392
202.55946153586362 81.95034412824637
105.53867862718793 205.62855666630202
220.91661763880484 112.47662099645225
159.51745350631995 151.59574168037508
3.50919314471021 157.09906115058737
188.38217313898159 249.39635647325466
62.93523830312231 29.083312507033277
17.01232584573517 227.30661250418652
104.98569181932629 241.17034136458426
89.3887194172632 137.67441199917943
146.61205441447305 64.31768714709457
88.24725991110974 123.62925278586242
234.55940026658232 189.13820845323238
163.58163219069127 96.12610046039876
214.92304860818336 218.93478127202
28.725466645994903 74.40945901598731
219.31059002706846 102.65908600181089
36.72641353962927 193.31001925086252
216.8681160312295 100.46790948594544
249.19564902591128 16.85527211250776
58.79825139150244 89.24229104216764
216.22596955217034 114.87581758253727
180.93489589508545 186.98238226424743
155.77742293017457 65.47633015854184
119.34836691934142 92.04016364957965
176.89214286897592 164.7529156170529
113.45063509356179 4.419702170948392
227.2923548386145 98.25772107417649
157.35787051669413 2.7579872546877326
31.606725145025578 65.51387506836154
18.22408916443119 3.620202087452451
244.1253982588956 51.84710866655287
180.8660744269874 138.54337244092048
40.63197539085151 130.01380164811715
2.3042978105192455 60.40832510062821
123.06607414401124 210.2437634383579
140.0218379974681 148.56102316988208
24.976671346895156 198.08985448959197
148.83547728886577 21.203281553844654
135.57152310044705 48.80640122765095
48.24731918716063 140.3336494734705
92.42892889117103 245.27621296861835
140.7670384048559 18.731364621904
65.05701821134092 207.1874802349586
183.5445695499145 63.24207609647167
123.51487110801682 147.26714724540437
227.3194101757408 11.53980881134295
126.25069163346691 88.06795389404815
127.96758072878517 124.73956720206131
213.45751495135386 69.03786869650672
233.57057369227846 139.44027736719758
153.47190743463608 42.6281723424686
42.05878445819008 55.29070595231636
3.2296636133380963 15.39451476243453
111.15552332419767 191.10422165714078
39.81931823040083 21.39396238931393
67.78072348068851 97.50582997992075
52.23786562799362 17.271179716153327
117.72025812018246 73.08184154144678
127.76101614628926 173.54487529680387
111.9146321544319 55.15802895851888
77.47641852991241 112.66104487776954
57.52923751233172 209.17259442629984
89.78706265758643 164.37730912653055
234.96604649201714 207.0029686967245
107.0441761105757 177.36953356060897
12.961007865754242 179.93274544559574
182.21201650818963 9.481873399686869
148.3799727800333 219.775608896011
241.33809671549935 114.59011871305705
80.56487272973567 172.0415084540319
25.00960649881123 16.405167634378465
21.56011625100368 209.87364779913358
3.6790256035419966 133.57552975984683
217.52262066633895 200.56661514886991
209.1191255398284 125.95680133191925
1.6663728227259977 70.26599967713165
125.64064681026085 27.296963366583743
209.97480596869903 157.44429632328726
170.26369421722427 15.218980143648142
65.2552119062848 57.81759440079431
72.52475009579543 208.76209549771747
24.89717438755301 196.80332765359947
200.13028783394046 43.96737162293013
148.45009031129803 133.01171386858644
187.23520346476457 124.46120867563093
229.25236164288944 182.1492747059061
50.494919337636446 69.80896444242258
102.29121137753447 197.65137923687394
85.24350223840122 13.435561995374629
82.78290325265026 147.01117687345422
46.037098792953145 123.13280620465127
66.9446255668218 59.04092681182605
233.7502400731381 85.57489859271102
227.2944694851488 122.81101273306996
97.25492691976989 157.39648513954896
75.90674912763143 214.70970090706405
44.77395762653852 63.45334003691236
60.4470763191961 62.765900143241296
139.72989485507114 200.3246813298898
153.02645122849844 47.15441732415779
214.5501738579454 193.10455779548383
151.73376864720657 126.35580209762045
38.67458856557407 7.440828434669311
234.30133321309165 107.96918017519044
206.51606934930982 82.36129480688712
237.37909160397976 153.37031635650888
37.634705036301895 171.71812436566003
61.78505289785699 64.24496539402915
7.079116768510335 108.5568089480817
6.676175652228444 20.95504420916461
221.42256149532494 122.21246498143118
92.84972322174495 177.2048555994403
160.82711028850974 131.2578697753461
21.890605190111657 154.27575356418333
185.43711156867195 160.2472945823177
5.592057399107092 238.3356681571121
172.30431959226564 97.11908114232074
210.54872186862121 161.5401589635007
226.6711109360029 133.01986557106756
237.30312127421848 172.08764933342857
163.46069788548573 146.18860012971876
159.7616159612461 76.48051881610643
65.81128509759887 246.17419762706348
83.31627362189221 49.28455201526572
22.2038497857667 16.77640162250313
38.26282976189449 172.15756995546568
202.03768987221335 226.0645608747549
166.30123492444142 132.65704617907292
216.34870789409555 166.3116363436596
28.9308731630247 48.6765327601332
163.7277997977073 146.10539741522314
234.1988084623457 203.43642990470343
109.73347490015998 241.18619008291492
241.22583146516513 225.81625687775485
184.72576465800617 83.97031220086076
218.72530578248148 93.0329399273743
209.16521677628302 90.9501266095342
28.402109505125754 147.7792110715485
119.1622395975828 127.92202006223255
147.25561072146346 211.99812950912022
200.51845600499342 106.29199578605558
94.19283016696517 213.23469899848035
2.5703094062066443 158.53045751580035
128.88797310198547 13.96431968978218
199.36393364085998 171.19958986078097
39.28205835623688 68.29976243513426
236.46753369661377 110.07921794010744
55.95910417908701 105.80707443939083
111.65356555301959 202.3338218871446
217.36949082636616 12.837724098612252
93.76067670681465 235.31689243566967
233.37675893507475 236.77394741749487
72.56610958288512 194.50646516025193
2.6386960139947737 225.17049719953002
3.9445724939887183 70.85760786962258
194.41406843317515 39.24656419050609
41.12852288718577 149.44364078292367
226.8233690207017 134.7493968456698
202.5386023068229 20.71645214169182
202.1349072487367 19.889036526366255
239.576482598626 146.42918373777053
45.47955980962956 99.41496443861608
141.322468441058 78.34663205051038
71.0977524118964 229.63475663452672
0.2889939987694712 40.46239321608924
235.26217246616307 166.92900072351483
138.6996674232611 102.85081518007836
52.52603332662314 87.12830030008617
210.8929851085009 13.078807207347609
231.64133229305477 108.38911508559035
22.115267843279966 136.7557189034556
8.156897661907081 157.64282563000708
109.73860704605457 130.47280513691874
56.47544336456195 214.73218932671247
39.071102755734 35.406388993613426
18.243710594296775 232.76088945699286
32.622297462996805 176.1560359200356
210.25675162099566 147.4198229624936
118.50811252279836 89.82193519168216
77.33376229298028 127.41665283727488
84.22692707570778 239.576182650028
199.62707665764617 108.87454158470872
118.07027274861132 22.58676632597717
242.5041027421177 18.32259851443116
201.49759568117256 48.383665664726074
196.36973600052525 204.5502763593201
27.331231613433427 91.45371360294655
81.81869924516575 8.890792800993891
28.833681409438093 179.33983678704215
114.38452678476577 245.05349722372182
70.67437945127323 28.64008550578831
170.59343434191564 154.88286666007775
122.52376839156159 142.37069307065616
113.31580909449457 157.63034003220787
227.69304393054043 38.02386829700663
162.4535427913084 99.9905552077196
5.751110229983175 224.2657635993147
184.10966382593733 42.420764133427575
222.7694389676892 0.27766666896575365
156.23867331069735 16.51938502624295
98.20546487256468 115.48064427906304
242.91423349223646 159.21580314558665
170.27755352486602 0.6760150143476917
39.78467683472903 212.69316698228954
191.8599394729591 198.22664448815908
18.52032690668004 63.52439560607237
140.25735723590375 230.90227067846791
87.98029816769353 221.008158794001
30.619011387837457 73.67634287694466
41.41131679376017 146.5585227987496
216.79394686493717 32.987319076074606
242.96058631562926 128.70259051212187
162.53511358863292 1.0682150948807534
76.29611544287054 9.314997964856603
145.09655108318302 143.14140652624434
249.42383021129868 78.2760886055067
78.857361444308 185.6096555523369
42.356365725951584 230.41725893412385
9.35252776201892 244.31802382850265
184.79410735603614 195.91550765244008
110.28964561698562 25.94656154683922
145.11158036389912 242.06963838803088
185.04828238727868 151.09950071175984
194.8230941913405 157.76014197384583
172.59309130568457 50.930417157614706
75.00731662739005 224.08556348298112
206.34581392060625 1.1633268849685074
101.24881735082961 58.12153915694468
3.348161808447714 184.21530371972153
61.27104954970089 239.94587535585788
45.87035867891737 41.81258186390133
212.9692148087927 70.5823707673238
141.4445350979912 120.6465345986702
46.60226358593128 210.2421249573306
108.14617231046536 80.4060523744781
244.5604190642428 223.79864659480918
175.50719393541007 10.69539671729064
19.205410882921853 193.13960826820676
150.44862691493017 205.738318927474
180.61224045934006 152.83151632266447
155.93099250521092 47.6451477541778
148.88407243271806 230.16708854967115
27.211883365505702 90.13648933515842
199.0625833056458 209.4792246230669
24.147490423291977 198.06578133693444
233.95075269607466 97.39613966469827
188.649748863451 219.02863669525408
244.48409753021303 215.10533321221183
237.93444555004262 121.30989020420813
224.39884985065328 213.99422674490825
152.78205862377624 155.4593538867823
232.62407233939095 112.54841546218283
22.098478491922286 23.91321555956216
75.83373158937896 126.7674403678502
145.32224509475265 168.46819247912478
234.29841892429752 168.27672782586154
52.07598042558453 12.1543140532068
37.98359772194004 103.87271728076666
125.89777710578237 65.01324169927643
237.84959837368547 159.91882924046797
53.627385212885734 76.60706004327217
71.42108666536912 4.0364097845203
75.79360411127712 170.79916080980178
122.07090723187444 94.22734087629067
11.629597697102229 208.02313129148402
64.61830314641878 20.459276545726684
38.370788146460775 241.37360525479806
78.88356253008305 75.72881531508538
152.95616279098058 209.2625912631398
140.8390451583658 110.00752524097999
151.0160915617533 81.10279643373406
119.06290495229149 137.7041197967464
211.08534054505427 155.86512469263053
245.69632098056147 110.92461732549775
80.67146184070064 79.163765641838
25.394009668019248 1.8749162092944471
89.61213645728373 248.8206102291147
174.9149558460574 146.86345794525693
131.56179899386672 118.43388104807742
159.9529740738638 244.05155672483534
62.70267687206221 54.36018664389009
78.47210229741 228.2428978604883
48.13234515699747 98.63742509544454
43.68690838031952 98.87824590211287
226.92135708625418 38.618575018436964
59.67256269778484 1.8664854467551895
185.88878358029532 2.876791549787483
199.5194268598528 62.312668271833516
60.4908097012119 91.57172379906616
186.7755955440139 48.56477974348858
103.46846123094275 122.9497272500787
152.0286469814372 69.47433884117449
193.68281270193273 12.806120217084798
103.17212837924747 104.99016127496999
35.80353168298442 128.30253349301842
196.03598637679514 188.33516748717958
148.520832263433 198.1406780887104
138.67624023014415 41.13430513622837
65.3785491702203 213.45908286289875
71.41216463746208 90.2631968106469
237.13296845252412 158.41050437747293
62.23295205188514 160.24419563314734
181.06385447508416 116.37409702574497
31.534204335338682 214.27095516932494
143.1333251944772 40.64250633969729
153.57713724879358 160.52583226999525
198.51105825216288 84.95019811608776
234.99189436245737 143.93331802757254
108.65531038899773 50.69938651735037
79.67159231304063 236.273093723366
134.84233867196153 84.3727679380845
162.50354798574722 59.689233693793255
40.33185874427006 18.867640938348835
38.86720633855753 227.07054620699122
117.6602341652453 78.66615702935358
5.171935433503388 187.8586914549104
49.025632558665905 124.84634922209919
199.6796123065564 129.85141984090004
127.11619592212561 37.19587875228794
191.38725331018784 87.74768948289139
79.50927835847843 150.8999807790223
235.50398159791996 117.15141490491263
86.00614986786606 131.7592197763142
116.30144123176136 49.34218327804668
201.34882203422595 39.64285902179105
159.47368122966378 213.13855927875696
48.714141228388655 0.6060687732299952
39.0340932370368 196.24080181546853
191.38218424445276 5.257894309593114
73.07943104927125 183.16800980463003
78.55342768288956 38.11966299186881
89.97312290654207 75.50019640487699
40.36179401091769 180.7409895869428
144.1790932431702 60.25129462083964
72.54629070424964 104.83333057087683
193.07993241694572 173.96228032761334
39.544876965781874 1.158833077451682
16.661578039579073 138.76159928437679
37.81015231274129 221.28598866232025
49.15030359711084 78.05436294811688
222.86263515048825 100.0191704900939
94.28119447981298 120.727360001454
54.908511968518674 9.398480713261852
159.264636260058 130.3386763200049
147.23249597821786 0.36321413176670925
115.35341838541599 214.6518480494387
177.38777213719976 152.7305789312318
100.37306566213492 163.20338851395655
133.57360447930395 77.18400677278636
21.609901197918752 10.011968652585384
237.567306901377 104.76462482452298
146.6886492807289 128.2956566100189
188.2787832947041 9.548434272229844
20.482356577986582 122.43005321840386
69.0989136864743 225.61711505375575
220.2915365767628 29.58026078676343
56.35076150234722 178.0373954276005
93.62962467505587 130.26717759423306
154.82700490359045 249.97786936097006
205.31733391752167 221.15229989652192
102.37183405726711 112.10972970574609
13.813090849546489 10.450413974011974
168.61355612722127 77.239090694014
4.45716745384353 141.0205502612951
232.68866649036167 196.3176796046822
165.02156449194788 151.38034197143583
112.35466488721421 122.67379734805861
187.48396592579735 155.1382100383768
213.1070114136998 106.61097447293999
243.07103886472592 132.64735491099015
190.2754701891696 154.63253086392433
115.51096023860092 217.46663008750997
70.88395140861856 34.77441561659484
119.94114182065582 125.05324482026087
187.01992432403165 60.57980069166338
174.25247539563097 52.747173943143125
211.94685930654717 222.15020965500864
135.8673290128231 236.48217039242502
151.60036063565863 163.42349885055188
185.45000928751165 127.24679951547571
70.1479996183698 72.82343298245522
148.28857168964237 35.65730952012605
14.310023021774143 56.04988188134338
116.93889618760977 37.27646780554677
80.82384012544446 23.7875917982405
58.11144235042537 7.904350682288285
124.32366840131584 125.90734654393559
68.03392226877806 244.5876547486809
3.7042810323175965 239.9057811059181
102.46325132346016 108.08686588964927
117.90763387583725 135.91446194373103
131.03376432597284 153.5992943115349
71.16224391229767 235.42502978649574
54.74716830863838 158.85719171486403
235.43802330488683 40.918854154686045
237.47426993707177 234.14738269671253
113.11476377487975 228.7365856547437
211.64375557210138 48.32533335613076
217.56888488960945 69.52363743244972
217.62347595839267 111.87769509980899
188.7531127606963 83.65939702976283
124.0034206649174 106.43793610642818
33.24187122978125 107.68369749584895
89.11642014724194 229.67179167393505
216.73708387143796 0.7002684001572446
91.60034689425065 240.37380165995077
73.3062811812526 176.43197282166588
224.36548144438962 11.457090213139537
167.7772648566275 123.40232906480233
106.21527106620007 161.7864959163632
106.67535677103895 161.11067593812436
150.64880032773308 2.590533697714031
17.67344623323025 210.45698107240312
234.0663921924363 84.71908715474156
132.52099064356477 124.49226519425083
72.92082792312759 164.45030348055886
187.82113294150238 169.55995981803954
35.19234057853393 198.44127754139234
113.86684122264568 11.12130276042106
43.09739619789216 76.65567623782258
10.161697550568254 71.96319996420364
182.34707618957705 240.17472212736075
57.926227977413255 22.545329501129864
135.8269978525842 143.8301431192691
217.900858449298 103.97408583357357
136.3798578021112 176.43458002910467
224.18595857802137 157.30834887785971
248.8143104364357 197.04218968211802
0.3674863940600348 90.23584738619661
183.87722577269668 176.09035199130614
82.05182612119258 43.36017284394014
163.6080781983089 234.8743708048319
205.5112505086401 53.5331129463639
62.97151106691812 121.04326407989468
215.5669128281634 159.940668205137
75.9586645723401 155.30809673952442
177.83776506375986 40.76700080534765
37.592089734692856 53.65248120459212
32.063159119284364 44.22463422573256
24.97759409981923 150.6361080654697
180.30715095389561 46.79226234476566
139.01152554203992 187.74935609048993
55.29914318988635 248.3949642448734
19.205774154869044 8.879517094269762
63.12037984578745 4.79056277522516
208.18485546939235 221.1130665342638
146.9007448639538 154.99282343264593
61.438389020726234 36.84413627406322
81.23051898257988 121.48731419946238
119.52656309878896 245.7898465690973
139.47437137659864 15.892587638498378
100.17547992144155 236.12230852344203
214.655864273654 233.79420801055628
97.09716599685295 15.993363783666336
237.25306584767316 224.13363137280183
106.5760716899542 240.21023048127856
126.99909047690072 61.53205160141595
53.94671082744096 33.30555579104677
21.174396339678296 202.03739364707837
214.20557110660852 52.50123649253447
215.51611589772878 54.60209885481704
148.1264075422182 168.46111786157235
112.74719683325773 71.8078591031207
226.222129918662 194.6889619235842
144.20819030554821 216.31071539417093
41.11706360462974 135.1672880266307
82.01313960156575 217.7288061424506
131.85911154514753 225.64496976229842
204.37530121711444 47.604123936853455
80.22280010728416 176.36834530733253
102.46562028401429 241.14428513790142
238.43853610778973 106.86346188986772
148.55803510585292 85.9515030255364
33.29527762784792 193.67923935887498
211.18700041683545 73.30058035555147
99.67122386145483 16.783963300760956
143.62616056951708 206.44205788855248
141.21097949068312 53.60244635016318
69.45208916322024 27.417594344760765
129.23454993367756 225.84855356325068
4.4162112793539325 182.84495629592772
158.5056188872898 125.23866307638365
119.54498947269454 48.713336873639854
226.7208528632003 3.714160508634212
149.55309299571226 134.92509337290997
161.92980036695013 139.88687839546662
197.43674828912543 187.8633589544074
17.911046069501445 88.75947452622384
29.872487654542425 242.9788868507959
63.38896806699895 135.2907823172606
35.11241995122344 44.75224920199866
86.50473283259325 7.471483555399616
186.4412799523986 221.417802304827
182.9522483317069 144.0957571216797
152.41198470205939 48.06028672729537
160.51674538462225 144.66146021743964
100.96516014820772 228.26915040680677
242.5546552518308 86.20701084819585
180.2322100073193 171.886635880502
84.63580251249326 158.96459862212816
22.029978627521956 213.63455544930952
51.15785682560375 219.78562556318212
32.43245441809234 120.79095580617421
74.89555176411572 128.86923192288438
72.75452909934144 154.69057580789487
157.47450290901676 72.07954709385739
98.66596843592951 82.48968689691557
62.30976937677477 142.94961559629948
204.94464407410678 129.64228441800566
165.2164276134705 116.94379807090993
62.63212527924161 144.65202980635055
208.5295280475643 203.2922070287328
233.12041770563857 211.40427799061123
36.61857486313172 57.26366842278127
7.461569614961139 213.21775977580785
216.45432715441663 80.31243863851223
130.90980538896338 9.502396183251854
22.560558772322715 124.4277035079337
145.56825206210553 178.5831003665732
157.2770066113448 28.307040504564394
239.01957612335326 144.18923005375885
28.075093776428584 184.49272104783236
64.38979677141917 23.141313683230496
86.5908281944588 150.696278197135
27.2422540983267 128.78216742288444
60.72669888521376 165.99678135341728
220.02936082869354 140.78312112748162
122.15410623036088 196.69482401776668
234.02906648517123 107.15781917571037
63.19524999366835 142.99016320360434
196.29382389674163 132.26499535302634
112.51252844677049 13.788528350783674
144.46416270395687 182.67465591231118
8.123145862011128 33.9285086998177
2.404756970155575 192.27745130576875
165.25769667258515 101.3977726207855
203.52454913774386 209.81475369374346
152.17828338333942 117.75485849934181
28.14289384034857 226.80898655637645
168.98710619754812 3.873368041829167
119.76580145493801 76.51768906645309
57.718946528620364 139.83187003857788
129.73308861014306 120.42966408393083
235.81474706500396 103.40162695752078
171.68902036712439 103.57503732975276
81.14353961319767 42.985866194496545
127.30828262787391 72.30892431983888
18.798647891771296 58.18062488649745
116.63884789249249 196.64889015778698
116.5276015630156 96.6273491440052
106.64264420818998 214.62930250037454
100.94396172042825 192.97762352791054
138.0100291170289 99.75569217753039
111.69414457015114 238.16920721949387
181.90081025521536 156.673731579535
38.913818334264384 83.24268890495141
89.54419383072015 28.84180064934028
214.8349414675203 31.38762970167078
17.479067003724424 195.47335010956684
167.41342449779472 247.4260711614851
189.927739542657 232.16818417462684
248.4082798169903 78.08702494312281
106.05170515584145 172.0447252624755
87.0215016951181 13.519310416428842
58.41301942787761 232.40480564971486
6.508638350908341 18.39281503145271
168.3083574838508 8.64001438366463
111.73884480729998 227.63321140520137
116.86228788408914 128.71971294438922
167.69911737227386 223.62252221315703
188.88237674311503 143.19913842296313
80.648915208605 48.85609962573783
73.10897018780673 4.395615027944583
155.48718426115258 50.47243523188638
180.00201693888928 33.49262027271757
214.89556709765876 83.53704378847831
171.61576011514515 158.21607546235649
87.4863960412367 175.47579286179936
78.50918645226623 180.94169697493766
177.71408202763828 4.550547058582155
171.26804240411812 82.50978524347924
249.75539131671792 14.461481727194137
218.14371298054863 182.43177880262732
107.79332168999831 181.43627504291064
62.25127747811035 2.2429697507403423
20.931737519238464 237.44179928965445
84.99846787456883 223.9734269641965
64.36932708016924 54.12432868668368
204.5844781152543 8.912295865940473
108.57414704169865 191.80498468022418
60.730366578010006 199.67090581915863
179.8252747790755 162.20247714561276
155.8059146369602 81.37692967129826
173.28661577087524 241.7631618315901
58.93475146639593 126.70789505574618
155.64847771544345 39.63347049534538
247.27086931739953 53.09840726600726
116.09951512802263 220.15404630199436
176.13263412286003 132.80296501348647
107.53167868000816 50.092080143284505
239.07023252202646 32.49834922584563
52.87923446252396 78.36658634774449
116.65366125083654 202.7266096587185
199.91350117980514 98.15699366438274
182.9987511473976 167.78013401428407
210.28497346899744 120.92949218267331
212.9497811988762 44.642985374761025
193.40337492313597 4.0975953188800425
98.47530694708914 139.59747273123375
6.344726829731917 230.7286376551296
169.4691483950803 202.0774715783552
124.69610083496343 204.52362969750357
97.69307005307596 126.01127229651118
145.53193449710514 89.02515122688803
224.27513518431823 87.85624219140156
20.6610784414466 66.81388854581058
210.6943806948692 159.16051711440318
69.94901229878059 10.020277477949868
36.44188556704642 17.066211693709505
137.62788264739427 9.09933753827477
124.00755539579245 73.90844396941837
86.48568815165422 62.271639852132104
53.91012035725079 1.246190906737249
60.11241414045374 131.64416397249158
126.2772431035726 145.18723166145278
75.24670844175051 23.77255568696654
85.83135368482422 171.2812738607185
143.3423104647311 212.55703625348264
98.7677001885958 131.77773334151095
217.35457602438487 3.5645616011285854
73.77360724165771 57.06564218159313
203.09841719265162 188.75814884024174
111.03418011265525 50.815433148132335
214.57472720511436 40.73253461370871
185.03778119572956 61.71485446454367
61.98831563422932 93.93112391358483
75.91372034744154 132.70178509377797
48.699945778504286 180.38268823085426
96.06950054876081 75.15148908885183
141.73065778160435 180.0834381886652
240.62390871182293 169.2139260242925
34.46792313682678 131.79969032741968
19.693796972213047 49.77209462877744
90.49493883635922 68.24329133760898
49.97577304573916 37.30279803027772
19.250725719309997 7.263254023076121
40.29686230297533 2.8329155328684075
30.02095260213389 34.07594196162428
21.51798977952815 64.45124473094258
150.11164382159288 138.83768796819624
89.90348490990932 200.40969325913213
3.779377834139841 240.69341406785352
20.333253438285624 90.00256422790804
12.875564375591786 78.31242934666541
6.611292075173441 167.02446882431857
242.06785861900818 146.73583624881974
133.2754125108347 7.12016175556135
143.1328665219963 41.86254969427431
165.36897306009638 201.30359438220543
173.1207108985798 48.11499458961851
91.18482102757471 97.03826911599192
87.99079051037212 20.754609394500772
47.04607116237605 235.73452819539094

144.26486798419072 221.2466021729948
182.2616849007699 131.36157837645774
10.776164758664885 233.597223066081
140.86978105176203 100.28399933535587
14.783876187953544 126.46389002803046
237.178841848265 59.376953170751115
42.68187935912906 34.426409042293244
190.64106540757894 118.64382405926474
38.9620319454273 31.398773019598732
23.972012030918005 179.78377980325567
19.72693706909373 236.32262273374653
75.59376801440808 248.16754558475566
232.29216472720572 150.9429020497069
139.8365009942501 141.99472728146657
19.374327261614226 205.89399654803302
141.63104092444607 14.720679494277606
112.9286890962988 211.44150300551823
62.23046799741028 229.02841700941323
20.126288931197557 63.145552307637715
186.38484898230143 133.60749959109506
101.41187095769027 4.630595061032028
88.31350343525654 144.46835819107412
164.15178967210232 230.18513408753677
190.62975815052215 117.25499462495442
80.38212255143576 142.99856121243383
156.63944225505506 238.46876674752414
220.3978516793455 47.910537870534064
190.26340838182173 183.57718052100364
193.1601542061813 45.06217027454612
49.68139204603644 28.63747081976528
107.38874590257969 187.51005393884878
50.078852136655414 78.22496134254212
125.55750545397834 249.26929367485462
131.6239119360014 160.46385277865372
159.68519513184268 37.45994924519292
113.2568692256381 14.652949693593682
163.43824905166653 170.1422954732808
195.08877613199633 89.37134551169667
217.78285314330498 69.66079965386146
172.21623362920164 150.75258544546725
176.60713045215033 26.327020841049876
207.87676355081072 74.02267107381502
68.08157383171459 0.6644290489365989
6.769290099245873 47.47517279504274
49.829147595892856 161.3582150692407
106.11301510684135 245.53425259855544
74.12753685063633 29.688175566387144
92.71307458814651 14.075838208877089
81.59286506190516 152.4403466109566
80.34692026235496 52.48867445761529
130.76465876214183 245.58845972602506
136.68449339018753 3.580414612219834
131.50511145002685 15.349978262084369
189.77320211196442 22.73632568800263
146.24946248135632 164.5082735166087
99.37451012151149 126.89853146749167
120.29048647674963 114.61326526582663
95.30847261637565 248.09583302799717
186.88717610126042 231.9369469905202
237.55207737044378 98.79718351554826
118.18344093186222 104.03969076624533
51.95804992977585 99.03133361623753
35.81487188551688 107.05601901033351
237.44029661628437 196.49393025215585
207.78320818720888 113.20233271949492
156.315786215967 153.35270818227568
179.71355227036878 245.393404299888
73.92770661892953 194.54783016332934
228.29489253352116 111.87379051221691
7.7442877928613765 104.53277663806973
168.66921445608625 76.33537317280522
155.34585100258414 120.18460867576397
193.14745430649396 148.2454128675889
8.351396963934388 128.5235769919581
227.5427734111666 39.20359161824841
1.4125237747358854 140.90095346475695
108.60678848190236 106.96382294196874
12.294832025722929 111.36923406053745
59.51908263946659 57.99041094107798
149.9853599786777 129.53558509578693
193.50544747566528 224.5852546219062
38.792728675003495 99.47458967011885
200.32359205864137 67.92439869746735
209.1950530559104 230.9786088321095
188.2398311183206 216.46692355417704
216.45463768604188 243.79873544275503
107.50843201399954 9.017281779917036
42.563482837850444 21.47583630585262
42.75711434382437 175.31164664264602
187.1496071306047 105.54986437065938
9.284235840585243 8.492552013402932
201.07206083537926 50.568462698319685
129.00867231533974 18.453762010284315
49.98570409300093 216.1933458464104
177.8937675332803 143.29826912590644
31.541362088490178 51.07091413303749
60.94824465207457 28.409770780547127
150.48137308424887 131.3392805712966
175.20156380487995 115.76092603845117
183.1979796965639 2.940213896189814
215.62315320330586 132.1843819496525
223.4924201953431 126.77714993202801
10.496908065000754 200.69372506800232
20.550763579610138 122.54136981849625
94.30974032624412 236.8531720812871
146.14678701382107 40.05795108119578
224.79395411852065 139.51878587066398
134.23990669489189 57.22544189041404
0.24612277346114375 64.63177356516633
245.08698362811438 129.1758248552804
75.56483979344414 14.671633071729529
98.03515502000975 237.08663991376122
21.35874991272105 89.70538344800644
24.746293304360844 143.45173645435895
117.45798899463539 140.8537240099716
104.81058971810292 148.24139586006817
79.42353242591469 190.1923607411325
245.8399505510941 240.18908239471918
236.8915349747156 1.0910747797500675
192.19463603620895 232.73511701433515
170.63156498385135 159.03899162082317
149.16861811301908 96.46175575399174
122.83452461592942 241.1879582148091
198.11406655750315 49.55702742404089
231.22157831543066 248.36678447383954
101.39777657896265 240.20255381359493
97.46715794953221 176.4191928494341
179.9570110890222 215.83511946018527
70.93170862611383 92.18887600497672
21.704152146224065 30.121681167148
105.72856607136758 106.43979749964424
118.52222748535729 137.85233315161025
240.1180318174725 139.91074707149718
41.465386129231064 63.761053998304504
186.19672228481082 117.47867898651695
206.53453157891536 246.1719047562726
10.129932989866807 235.93555387219052
93.35720462652384 131.68121205076392
35.49569272331496 45.480025030720874
121.37378756677644 21.231022534299704
185.36439282228403 82.15990211965682
186.45716494409416 242.73098667542533
89.9004636501313 16.62284466284361
110.81775821257403 197.85818222151738
111.16648331170165 83.53469269182636
211.63962351761492 65.20055447409389
38.02714913411467 115.62169558363694
204.17307800407798 175.76459168356823
26.819378351772837 199.4211387616162
190.2122746492164 189.1638562033863
45.094449469836874 10.676763996942007
120.44220432563199 131.01132052014125
100.25907426889624 105.09995460747662
9.43890845022316 161.72828929795094
122.0290903555119 89.45778185906796
150.7771836697427 33.79100064476448
151.679874217941 100.1258781783326
47.121003608665 248.28308920347135
84.87012688510181 81.97038479095434
238.91120308160717 27.925163434789013
152.49862842210837 43.8781889823015
212.10910857221467 1.823112058038534
37.310346644426176 159.55968955736301
145.09739327223613 75.08881924090494
38.95094268650387 100.49979547086372
137.06541861878893 231.69201442080617
22.748231689325632 173.60533155302602
172.06625831097998 201.48667347409972
218.6273050832958 181.10515911136224
239.28411694607394 131.76585336795938
91.89669641535411 91.88491913217464
127.32619076427181 7.600077839818143
85.82459673888174 152.3734369426479
207.15181714171706 69.5157223464452
82.30913931507855 209.76365818439797
184.91143752626996 91.66553104971669
131.11275889300074 215.73469888151004
163.65351072345464 1.5799209138961656
246.23306849132902 54.62143991700183
30.167387547870266 239.53989226209657
107.94852448246914 224.0869368755983
123.79238481420252 160.12345920779046
164.62487539789396 146.16892479776885
141.10343131485365 13.51165284160835
79.99779736276041 185.80625813623192
71.59121905932628 31.82604904736977
236.0679626594919 223.45906299923772
160.8220403369843 89.71847136327379
202.77898910934252 204.70422617172326
116.75196351040424 82.87023016660552
107.79686967977484 83.72658357762342
123.84676427786474 222.81010964784718
26.36439914303404 205.32361381577087
107.3295668973136 222.2167054851008
100.15337315583223 223.50918036875774
90.53296405142771 170.87262868984604
194.8098893564379 125.58406126438638
79.01462701092521 86.77387430860259
231.2988347201031 118.57425844746558
220.3297013707651 220.19589404409075
21.89152738731656 24.277465034881153
102.1119105564815 138.8538110855515
34.75216276521681 227.75538449835597
176.4176954710737 184.4506595821368
62.40155307022061 17.637771502872575
13.656674438401767 14.868590626412548
133.05774360892832 18.982790581392074
45.868862455793554 20.226121188095497
226.82602925134617 231.70948479078442
159.73099047016802 6.7906797334964795
23.87602962551641 164.9627195544533
204.3257019856719 101.5185403510975
117.01635412464148 219.9366658939377
190.43940024513495 80.98581160375953
172.96113632727528 101.2471564357495
78.34725563875425 200.70727882289893
113.21252920836852 15.052729307568042
217.02481329264566 140.9366794385938
28.72086768889065 87.97526874252893
220.5040271246342 160.75894534225856
124.8629967801449 164.56932989298616
70.24960526284451 165.1516786602749
92.80776883999944 52.968631745077126
87.25251891682572 22.364250127343777
199.94122044068752 147.80073299940221
152.39919418504923 187.98223796652408
201.24627438493027 83.4840727108162
205.2765695904205 190.37891915155203
232.6137281901679 28.207002267322284
225.6238445115438 19.91176402516251
96.26697438886802 21.514607559782934
200.0031568599984 145.2777586485598
3.893660128560128 246.23728436861904
5.060076238864342 58.29184214801636
2.392367591789929 222.54341127184435
26.18181221561028 174.96048302489191
215.73683443720017 229.11706115120603
107.88886282608142 74.46436981077287
50.766358510647066 50.574676417606405
103.53302646274793 56.51258409360948
150.99342180181998 228.97492041188593
225.50542471085518 107.00396164636602
150.3150277932744 158.09014263554795
0.030504444286344468 21.72511476463604
182.16501757414545 33.285217428726725
40.04800070197709 39.99852732167486
145.87714673279672 202.50733584250003
15.490794403544866 245.75381476153163
236.67319765958922 76.499376439288
43.13357775360174 35.52139648274047
113.90384893494829 198.15154946902356
132.40486824858343 87.18241391669405
95.70055617217665 82.14357920636375
15.62207538380428 118.68678762315723
11.71589294895184 219.77496232651276
164.8635217815927 164.89908856827643
161.17500003869773 40.339943602159614
150.17618689637496 13.606926841395945
119.60392491286015 219.38290910650525
25.53576628031934 111.99480905298634
112.02064842388538 147.95549563834524
149.78123590531254 205.7902953447634
2.2631760611195038 130.67020249862665
33.01585640504859 247.38141446087494
98.90879243585537 126.22469287853768
71.9272681232811 175.88067292226583
6.788514489529801 149.89791984445986
227.35208130076725 241.41775995784099
93.35415395586496 246.4584152297636
160.8135583182244 121.34893330766913
0.4386249431505007 77.54438991624008
200.039390175773 4.211750504371365
31.041629620613907 152.12681102485834
13.885886985782331 147.5331679606729
89.6982736373513 232.832799740098
70.42099667751093 124.93494638512672
106.61066067973799 210.86112059643312
211.2353351999316 218.1326564892115
66.71563069966979 176.2918413832216
34.386170966488386 157.89424260057675
32.221109808419854 126.84411639823573
157.75390620610537 206.5433682779007
46.68762639698348 157.44196473695771
52.42670773416269 58.54529138818854
216.0287138473617 92.55680688501985
171.41562561781004 192.04882502112875
145.59734104361763 77.7146910469039
55.260695485487425 218.38393708169377
115.48326292723698 13.75697331887396
47.441692393770246 4.449629595051713
74.23448374335487 14.37362693531169
96.35445270387503 225.23078690685222
1.1802918113445193 21.489456350017726
82.69575757891532 49.947599099365554
234.5506754233976 217.09073682654525
153.31723517449012 203.780634287492
138.7618371323225 193.16313819680832
225.19344229635698 40.45119342000514
98.72139740891778 124.99483636780329
120.8066192459709 99.52110787746257
161.7372607446199 93.79837348979491
245.6565157744757 160.47388133933867
171.88887059921365 136.0101096641594
3.513911940174086 221.04524369978134
213.66807516323826 181.61985803183555
97.61017661070218 165.1543542244359
71.41349269789632 129.14995036455502
211.87032822732567 87.12543082667581
46.44598018928589 110.5864471478884
140.33314235426937 98.26892469234744
136.85821883599976 151.2603579046924
149.2832130157477 184.68723015490497
212.88302959593472 113.40029046070507
18.706714744924607 156.1474627588925
208.51352235491134 38.71200921868606
180.41005337877436 209.45207592958448
245.15805336618132 78.07903058712118
219.1038734773256 46.163166950917685
71.36933205117712 151.80917437119393
62.39719301225516 8.019604490904303
214.5662270009505 1.5860205393110893
242.66185082951935 76.93499517655269
25.595637837107528 119.46919723227947
135.71522464382758 103.38075388126178
45.21919432917096 220.27600978221042
192.57577099705523 4.085346218481028
100.37982542391896 184.86209184855608
190.7724447575034 119.20179029911237
212.73133718439024 99.88973496013249
166.21871666661627 50.51048687832499
32.006719173102546 172.93783489281478
40.47848543861959 56.6126961978459
55.63586574675278 220.92282924942398
20.108985079360515 169.52057353784764
0.1354479594414537 87.32447112271272
196.29351344478192 109.16311453388738
209.64291667745005 151.5901985774802
84.86533155758885 160.55216183061833
94.55056889483832 40.13698255150588
114.78462615522969 23.69175744117599
96.99710346338938 18.341041313037902
107.20139984061002 144.83658324086275
235.83103386897395 78.25632585180945
103.17289473635077 140.40102768917123
232.2524719372461 152.0768325473807
175.9204894309719 47.12779140172252
232.96752957125824 113.62221613669219
52.50444087116199 20.302660459544096
161.6222990130419 48.792528576182576
173.4722312952523 131.24568157998345
126.87743978941363 249.5030493340755
40.67079564932466 129.87691361546908
37.94207255589219 197.6419552871917
58.00981480166756 42.44801280354368
180.181630292489 87.24896363702192
18.516550905309543 2.170500652569296
165.8070482346842 107.55194405854276
219.87491976266762 41.81894826441804
176.5955399075081 34.82326825775825
130.67690002872226 174.25315855962822
201.36526209620607 81.6088186426691
104.53939494370479 207.09799642500823
222.93264846515703 119.5928562916386
151.66081615319285 150.3942933892966
8.633308101149817 159.8572472423285
182.26144542795856 245.128001455495
68.62365634949884 29.510868387936068
12.630726770650275 225.55419450344016
106.72720450440335 244.06036140980817
95.0202970120971 136.15226382953455
154.4535692598984 66.10761675585469
83.69783199696978 117.41745583094747
234.63032406223923 183.0941224670736
157.1114501696632 93.89829031892424
213.02688122463465 215.19569540641518
28.24151899088692 66.98345408331224
223.44161850638756 105.97111667980627
34.527593921409 196.26944184396248
223.88534360056582 96.97272672814425
246.76729399206036 13.683130475685507
64.31770736535125 95.64263262984146
212.9194064568048 115.58796217666718
178.04440865335707 184.07382214851384
160.80546145353264 67.83514454468568
125.64446334193296 90.77670865716811
180.90426782612172 169.9439588893732
112.37215076618479 3.3540356412454786
222.92791526399716 99.56823565337655
154.794373513403 5.848088334736961
29.539076185027934 59.35564465338567
13.898211700250574 2.946291647523358
248.1755728128743 53.54100665918682
177.39511841936883 141.71033460082123
36.13199677390105 127.15838394762748
3.04449381596944 68.26809382434199
123.39827373273386 216.9014592297891
136.62220759421723 146.75090787245284
19.21755312202006 200.77656895632614
145.65774721361348 15.700892834814184
132.80036078931067 49.18916399704856
47.24210408523094 137.12112277833054
95.14238830122216 238.0185727674143
136.5416958793393 13.924665574244655
67.84938779162431 211.6800876642416
180.3438587391996 68.61880844966683
125.44945995189063 146.3334757336841
233.1982564201936 15.559745438649909
122.47265606566124 86.49567572094469
136.0552495964757 126.07955952720314
206.8931380267336 69.86836990169861
234.26165897068833 143.26141006169266
159.18462294622614 48.78625829145838
41.415439501107656 57.222571385175755
3.512111465599488 14.597771181807412
111.41917609369048 189.3225550028076
40.98761907048906 20.645494316819168
59.772719318890246 99.76272039449039
59.65503423370275 16.150747390875882
117.75814209522001 80.17352336898604
133.185343739192 176.5160636358545
110.57082295803919 53.362353444734865
76.85168332489816 109.92444026136958
63.84538659908387 207.69674962691482
85.35036539701699 157.616163775864
236.0719225659928 203.18099742768854
106.3717104624117 185.71102284841334
19.569347052723202 182.6304464395384
180.60343237789536 14.276304860068645
141.43036193403572 216.2699453561571
247.44164642747052 110.86904117305404
77.67008554728955 176.19150246654036
26.655022401870287 21.22735632334108
25.278171813970516 204.10498470935536
4.445043101047652 140.40735769565364
209.69462088297465 202.43658968413465
216.03118948199585 123.09714474693004
1.0921853504101964 69.0334072793414
125.82086160367592 19.52702898857586
210.2531219359277 157.4063227493988
166.54027094511773 18.12125580603227
61.79237431886833 50.18021814256537
69.84009905802255 207.69140793573547
33.063927795311784 196.39702017486553
201.01993895701955 44.97194458372411
149.2250348397798 129.54448182990774
179.79549901940044 123.59242488140565
232.22431538371438 176.30591011579642
54.408069543499025 67.94993408703728
103.07807990823245 197.20564357569555
81.98963285604938 6.492216427184144
83.47504896990337 141.39530160463462
40.685022673916464 122.77155945989632
71.52095536419597 59.496752273517444
240.62245546462952 83.37874185537886
222.1465991780493 122.07417544445451
98.56806016736941 161.33944888776185
69.67681906728038 212.1610405683898
53.007584351814934 65.07767219421223
56.079047250054415 60.59519691883605
139.64117415453435 192.2224919190163
153.6789833065724 49.25196084913744
209.52831285478433 188.61105289331672
145.50990627205138 130.96984663958781
36.71673308593515 1.9572851015762505
230.98841204425307 102.71401462710567
206.62222939069903 87.1033080365712
237.80322002935475 159.53225439252583
38.92617244456739 168.63688270813506
63.02668791466673 62.395241574935866
11.906900537507425 112.35915276139453
1.4140454872725028 17.52052708359153
226.72451992674453 122.83673241704967
87.00026108435094 173.18520826339562
168.64585944227096 128.8055154881587
17.271549608395166 149.55665115439834
188.75882639055388 160.76075508894095
2.2300744113804005 233.78627487907724
178.2640012456307 102.24657108155772
213.42743963266213 158.71719561357264
221.0781953002826 133.6155263562221
229.47568183529768 170.6741332414431
169.1741781274952 144.82548533586368
156.91554103708148 70.96539231560087
57.79701307616486 246.31539699843248
84.47389984475129 56.670010500608385
17.285446445430118 17.698396393568906
38.8167722459265 164.87301240046554
197.7395316697462 221.87056394501082
159.8636092096339 130.78699971826046
217.23166986466063 167.2294792279284
31.29186586942967 50.631689562111944
159.47974327637323 138.7724035161891
238.7586231136814 203.3602441157103
104.11482755029205 236.97176320993762
247.1866580520603 225.27638302423108
177.90670159235978 79.55912864399414
215.14705722971055 89.94105913311412
206.97181855882184 91.51913270301179
30.504444406517532 146.44040560336595
123.02748189516863 133.64064898113412
141.39751131852245 217.6005238967667
208.06253778622687 103.02051158133374
93.73312395416671 213.14990246876485
2.5729857824925704 158.2884870514789
121.94971017411554 13.773731382801135
206.74504595351073 174.83313393982397
42.234266365755055 66.36916157246517
244.63130187651268 111.54794899251519
54.179924017646876 100.6998203644617
113.186987772398 197.0457980464975
225.14459772028695 14.215989839016425
96.34096109397838 229.04690538566666
232.68590056958462 236.50954530846528
76.85417342509801 191.54494144229335
5.1605520319912 226.12827461832265
7.794008986576284 66.28961098610573
200.92727631881698 44.53148699500284
43.53984488843213 147.46519661472567
227.15581263952672 143.13808779688426
200.29009022085614 18.762634875828077
201.90652226250398 17.84647744305931
239.72018843008544 154.31952170501853
41.43197887220876 99.30878282426367
138.38742036809 78.23860817705311
77.80937923842326 226.65788340950556
4.901379040210624 40.994774140951016
237.33685548695635 171.3739248947837
141.5362447468176 95.19952621834379
46.059754699396464 83.26879564146145
211.02313891521544 20.92046881615031
238.63787534791442 108.87512276947753
20.238120036580376 142.8810143591678
13.608053792552615 158.53626229592834
106.97799370627453 127.3773232413459
56.77345562148706 221.4565171138222
35.600430091176555 34.52684853875099
17.993426468510183 229.09782143510614
31.733525786099726 182.32892804718168
207.99631912701983 139.74971731146442
113.63455353777749 85.35442784881248
81.98427447196377 121.33038705283738
84.10401275935409 238.5523248606063
201.53229246047906 115.64727345485574
122.6615054852479 17.141484883922754
241.09288510983396 25.759316234836433
201.1357231065416 48.31212454810397
197.5661113729684 208.9870971787757
32.51803151654223 93.35738340922603
79.82628072127417 7.9619700711266175
29.78674617542393 184.95752417924257
117.34815770848414 248.71057367007603
71.27769380538948 22.6767616054247
162.3831548304394 154.46020893597282
115.93094812589746 146.37744923613957
105.11575509991847 159.5016076872623
227.25255159265984 29.741810146564212
169.08805915514512 102.5402907558096
12.420310100025421 226.157098133129
178.62290007766208 47.99417917468723
227.76322232165523 0.31056964558975886
153.7806108382598 18.525295863093678
105.4747035268643 114.307816089878
247.70846342130312 152.4869637751371
171.68456110989405 4.12333041624538
42.13002464226253 204.98461378455343
193.0688183536107 199.06401473268355
16.461355228518297 59.45708191884982
146.2867671096104 233.28179492218382
91.38445011666843 214.1726084833299
31.852552083234897 72.96738229187017
42.74585702101688 138.39368541784066
214.62618216378732 38.64880439301399
237.7508714573507 127.6258252855271
155.09326449746635 2.197633604530985
79.30287238591055 13.29425625213232
145.9785279352344 150.61581003589282
248.67969415772131 78.61937752035153
82.15968744718857 179.58555551775106
41.550397094673286 222.79566144001575
13.050263544380936 240.5167609890207
177.40698047348545 196.87796405990946
117.69201326646589 22.22126928673379
144.44537542848366 247.97161795947704
190.1029831587256 145.55781528451246
191.31370955337903 157.51989807503057
176.8022604476984 49.739058645677375
69.11097195156451 219.52131588909705
209.6449430845748 6.1486998177895105
96.87934979186876 63.574898199940996
8.96545335612145 185.9291613138297
68.56354189997293 241.1879026051151
41.9754383223998 40.44658855167172
213.23176693386858 74.74779682674809
142.08902024969908 113.43601232612566
42.0596945147062 207.19307553813258
110.13792629493516 88.36351456197778
242.80620425948095 231.16321339641232
174.66644128213954 9.510849629376844
16.51015279981502 192.8364262933373
143.8408178300036 204.75156080208072
185.04200080531982 159.88514836048634
157.8659446330165 49.023410998848384
149.8839649980857 235.3029366911943
21.56845325334797 93.4095100206834
194.602285809095 210.2634575827522
26.733656244849747 195.77094735424396
231.69358859889962 102.9934404440137
190.44933987732418 221.3865504632013
247.1164942105504 219.8646559204631
239.53636553387793 126.72485995526402
229.91909880907397 209.13694809350642
148.43354986308833 156.72382370153233
231.149818710486 116.33259290708637
28.41740916862523 18.83531378751532
78.60370423698917 125.00975533922885
137.51116311910394 170.09707018153782
239.38394990234696 170.06184055650172
53.8905126091922 4.73089249033265
35.96925555870778 108.32212307197747
130.88219818404343 65.47749889728502
242.53134392425926 163.18403936187704
46.708347479175075 76.56077852591558
72.45494690278112 9.44595388626418
73.11758614230313 176.2956592363327
120.72834476797081 91.56837122643363
12.709064932273861 214.39777606336764
71.82768754705393 20.819009846724608
39.33735664046106 235.67432182541495
82.91718541138843 69.75867193947042
151.08172252557802 203.10166323937236
146.9110146805413 110.51966629896151
152.80330731606568 86.86609401344428
120.19302817977851 144.41277768246977
212.74003652517382 162.984155736211
248.1212708957878 110.3240798079578
82.87133942272854 73.82914578761144
30.01056167428917 6.99494689033714
93.91069163228313 246.45220328273555
179.58682336463022 148.10298559348476
131.9884449310719 126.3254602045108
158.44553740274634 238.0269956355589
69.92683878221148 53.24826888435774
79.94498883996609 225.19772674591405
40.47621879942234 100.25128832546595
37.17149364782263 103.0798023155368
223.3729845683794 35.201985705986985
66.66675859064519 1.2399253620433148
180.2758803217904 2.696708191013669
193.32079421912053 57.33261106235169
63.53793218825754 91.82107435043038
189.77258160951473 46.800311655790125
102.73220665469013 116.20131054305149
145.65952839351934 67.0923427490614
191.11148136933636 9.76762220127389
105.46121158704877 105.30846298034541
32.30923516973694 135.98181072942506
197.18903471450068 182.6089952395043
147.1614023620929 196.2332840432048
138.01480801744296 34.78196837857914
58.114919906215476 211.91094222121615
75.5218140383891 92.95828794371072
231.08093254937177 157.50273987311974
59.520265705316014 166.7150625184406
179.58944841808866 123.77703962332659
31.30618298747917 210.1015283314164
144.26522627499193 41.64955069250018
152.84852702527905 164.6060860576269
191.583951128761 88.90861474916508
243.04577312194303 144.3478378363204
109.88886149177371 50.90938099371492
77.67563605199781 236.22147163705154
127.40296913065511 80.8789298908886
159.16088898811344 54.25534214664191
34.50358090924382 24.919889372037456
40.554285550846444 234.26032694522365
114.76767623566076 85.00286708469082
5.364572070649526 188.60174388541733
45.87276095265441 132.51568536528535
205.39818621487925 130.68422656931656
130.02222259665305 34.58447003325074
185.10015575525492 83.92297567329656
75.21683319577879 145.72966170370447
232.14625367727197 110.8371029876139
86.01284686732296 132.1326443755802
114.83903604343834 47.86771960614741
206.2677691488787 38.56350824029198
154.57197799663072 217.36489873664797
50.344379637468876 5.950582490917899
43.04507438417684 197.11082884285102
191.79497062736513 8.066099667262794
71.0277308879208 183.58554277311688
70.5125989760752 37.46981455803669
88.27266375698895 78.52605480630048
45.46783093844045 179.6191149364275
147.77642234758773 64.00829348027933
71.62453730338657 97.75559232871836
191.86834910646056 169.03747264339455
46.86509061772881 0.06416897532371402
20.137536426638817 139.14911080030353
36.47478211010643 217.5268752184013
44.237693703592626 78.72806886458197
224.12490638485232 99.61074438595696
94.5801271191733 117.07378236301096
48.17147105083344 10.07444709720487
160.71296105481287 136.92604181740094
140.3232456543277 2.2035933676045616
112.58654852949199 208.52971640091545
182.70125651122234 156.26600001106345
107.80689982309133 163.82593299548904
137.56727189533092 72.96146738498186
18.571116937158905 7.934925959827199
230.55002805893875 108.88428285315987
146.24165189554228 128.55796901707646
181.62178956365793 7.7351045310280755
26.02835529678982 125.57457791129403
60.906936044259176 224.35427428765212
222.65255675997113 23.599244215075423
58.05865827056317 170.27293393729033
100.22572790389877 125.66802474360772
149.87252028519222 244.37081435215333
207.444048853731 223.9399376131879
99.68658693967053 106.96033615059147
12.516872826752707 13.859763603502856
162.23727515216444 81.28182973927306
2.4755837073590636 142.68072337725025
224.77425896886348 193.7020983298102
162.1342466410857 148.48244125592137
114.25478338622911 120.01086454111213
181.03941843297676 150.35185530959225
210.31580258815498 100.71585980345732
236.726426495516 129.1955872546988
191.54088262390098 149.83818184781722
112.38598010138797 220.6851921388253
72.37471130665307 26.5028874680944
114.4741551707039 124.73064717913596
193.94794004518027 55.89112940868268
167.29323385876668 57.29984890653814
213.3830221520899 225.6370668550192
133.26270483947312 243.6700728835629
145.65828702970444 165.70976173053194
180.33051373589487 131.58372804660698
74.87402903772494 76.74249719700671
150.4979664223339 32.619621475469984
17.357900354335154 58.51542648226707
117.37203873179742 38.34558755631684
87.3736691185397 20.34004064188302
50.133016306406155 8.11974427418241
122.00178582652005 124.02623737709153
60.0148224441851 243.2045890058309
6.051652556591181 242.9638723660799
99.77321897194314 114.91790867819432
118.1642020405678 140.0105662738097
128.76526214757044 159.80370400439284
70.82133573285978 240.61608471210062
49.888084535318484 162.9045559718795
240.4321899762145 37.81509165686031
235.02713825535008 241.49578440256695
111.55297924917393 223.7914011247787
216.4004938193813 49.353757147757364
224.56700846870845 72.41908301035483
217.43920835718797 114.9372373653868
193.9883209887107 90.03119805834956
119.33074040251701 109.4191559492041
33.563179040174305 103.73299841652452
87.47291488077522 228.61952435121287
215.40038640282782 1.5850192488562065
97.89335692960057 235.78757542086683
77.3934770813518 179.13609283617043
222.20617250987496 15.587791549708518
168.10108281260605 118.59911204996698
99.45944024423997 164.30547734594612
113.6253571643348 161.56487485138263
143.124775838792 1.9269208961196493
16.00633551587244 204.2563138213008
238.74891559780647 90.98811574333187
126.88844119412745 120.58851520619623
75.49242538483678 163.7858016056662
179.50223959985192 169.62039944222028
36.945440178517444 204.2668609624786
109.75251920916624 7.66518712160133
44.183633998094244 74.72366302421096
6.91674497483924 76.14779513616699
183.59533646795268 243.73833340505666
57.701526885144986 15.160372869132106
133.7534100082114 146.40709799488909
217.44197729342153 102.81888193866631
135.43197820127406 175.46625819639257
225.1601702874876 160.33436553204555
247.455855026349 195.65920130400482
2.449150398235372 93.91695460144656
177.2719096285235 179.97553275194366
77.02915641382518 42.67053428762541
161.08433814985366 236.63529019595137
210.24995924821795 54.74911462845963
62.98485432068818 121.1912433210366
215.37682844252083 157.27813111094963
84.03303372014776 155.70052049108963
179.76957016227306 46.31979394339228
45.08363823877687 53.09178642306831
25.76891462006567 39.256276974565466
29.60849292678566 145.5929770010546
183.10050373277372 49.47597863489867
143.1993864648643 181.03621674337342
58.22543807252886 243.9787824173429
25.406892181822517 13.11834643155499
67.99310894760217 0.24495699140045235
208.00633190320463 225.81710756641633
141.2203354782845 157.58140305102174
53.96017305762141 35.811127676482755
78.93349990729254 113.46196673903971
121.09273876549625 247.52391780816126
131.77968213190059 16.985270961792725
99.3703312638658 235.68979477569127
221.41148862996454 230.92997223121122
101.49914434827755 12.865219319326936
237.09788417485433 232.14974644379666
105.01150968012283 236.5372502416425
132.18503356608116 62.2753907108404
51.081215014073365 34.96287527869682
19.18368572029064 197.6567946752758
207.13414680896562 48.455145592251256
209.50038509093397 59.902352501727954
148.7095836615938 162.854792673096
113.72235722729681 69.9539215866768
234.34966279136577 193.08150800360673
151.74463780108476 219.421047054627
44.44076447086226 131.51814312941576
89.62726093515167 216.51962383909176
138.73064900389983 224.5043332820059
205.85220690268784 46.297152981268106
81.90752311293292 176.12591575868655
101.24543656377236 247.61460539559556
231.64068557233878 111.13900993727255
155.68728846730946 87.34952771315318
34.86000929986774 200.4984595627218
214.33775789652677 76.97842917771236
98.1394843121289 16.943258069210376
151.34269091423596 206.38432852186833
138.44259464513337 54.016803238574305
72.3252925222285 34.32936313248666
121.75082239306495 227.59495220799604
5.7619844150891275 191.16670718090853
152.49601382052654 119.79421081637948
122.8157185839627 43.9888985770849
228.119546349257 1.7411452533791505
144.62066175051282 131.28247763555783
156.77469591171678 142.11638117983586
198.13692388222333 194.85169974393156
24.012097326096242 87.77831524509521
35.85895379738127 248.3643070087988
60.64486193212784 141.37623938382896
32.467390033553926 42.358637328945655
80.10296839710811 6.932910636520406
183.46677112960128 221.36959774401984
177.32912762047937 145.6778830232266
152.44703469802957 47.047260506192735
161.01211537971835 139.45393365892127
93.64541307858973 228.8682621600964
239.81736791313244 79.89298705176198
174.0754240844022 177.61652392163882
84.68580874629791 157.96144396271663
22.70259808975891 221.63849421487836
47.4647375603405 226.4123552613746
34.28227234423495 114.19798209022436
70.91251160835662 135.34544573384068
75.27184269604936 161.63942642609436
160.52630477416108 76.40345823328998
98.59372711658388 74.73245126627288
55.73104504118881 143.48884182477042
202.05150249352008 128.6840353607489
167.59396598409734 118.93444722973898
67.49493809310886 142.34324567011996
202.36411476768862 199.73705465670182
233.56300151740314 206.95225937685282
30.622148640530643 56.76141802526893
6.534559686886293 209.4987643053438
211.50718970258276 74.75090329829129
132.86599606412685 15.297011086032652
25.629059443850995 129.57626956471597
142.73255787690658 179.33785991664038
163.67085150172528 28.198778709149636
238.78645693973678 145.47244970543295
29.704405574462715 191.5942858670648
64.22055850048305 29.65437063171758
86.61512329388593 154.35805139911085
23.34229363443896 134.2069627317624
67.0729392011841 162.1091033614196
217.27782615619856 139.87098352028676
124.20407360534908 202.47861822234347
240.47813868315748 104.81049511219173
58.66600603195715 149.04597836846523
200.3515187430438 128.6611469899871
113.69062076313833 15.162307149820142
139.8845562682883 185.18296283288174
7.375492502363051 39.732082684046546
2.1989965796602453 193.67677676705307
163.94701477694164 102.86715958998094
198.75388790065773 209.72279508360853
152.31515452994287 119.91190305364744
24.796900877345955 234.5528162092267
163.41112561393933 4.207620951965751
116.79450399294808 75.75691114050085
50.211148151709125 141.93250121897984
126.55802250268319 127.95638103633463
240.3450827724095 100.8733725740647
175.7087641161351 110.37483190843716
84.70648288467356 48.822599947805855
130.34851124821944 79.80977651592019
11.904435683187915 54.734782513310456
122.68673767615911 194.1119554465297
113.6020108619322 97.77997844654726
102.7682936830299 213.15801155129816
93.82375960684806 190.72953441132807
140.06350877883855 107.45032247244762
115.365809383879 236.57487809514447
179.3192493646044 156.88360823036575
42.06460731976472 80.51276955311776
88.27848818754764 20.471064950481342
213.4726920916602 26.76607664601338
24.326399824300516 193.81696385995906
174.79782572631893 244.39138081866946
188.9909641539418 228.1172099891392
242.59087511071309 80.40490636066994
98.98159463836151 171.15529481655122
82.53079957876797 12.485507017828912
61.673108120155725 227.44217025220175
12.021022485706911 23.09251565046777
173.41744967620872 4.109737285746318
106.71122058279786 224.82545838871877
123.38814814099827 127.82412471129392
174.600726278164 222.15128510753684
194.18221608060801 146.0356820904492
72.84160620513595 51.216830929996014
72.1837363324076 9.656835888028404
151.2720502990261 43.17526863665711
181.54508649141306 31.90125024447063
210.5330227880849 85.6351963621044
169.53130966599204 154.30050156573907
92.87349464851816 171.7579178514065
77.8253521723854 180.1660183212924
183.0021978386555 10.593102658675052
177.6424895560553 82.89905440085427
246.9391504094809 7.193387342161933
216.18655726317732 180.3477868473004
109.68077270422461 188.17400725448186
62.759640268573975 6.771787777740318
27.994992742244317 232.99483312882052
86.37236238505946 227.21649643478023
59.90467927695373 57.896138344280644
205.38089947729708 17.025012350216528
114.22394279308936 186.99526796692047
58.55268832323049 199.43077918816115
175.0828372289108 168.68611943380392
153.00895740499394 81.67305278213108
176.46332796019632 243.54609564234474
61.76130079713482 122.25969928503285
157.37712414651253 34.49653548456785
247.61883718612512 55.74872809897033
107.83893468858253 218.85110370705146
178.60818363964748 139.51224360695656
112.6226709428095 52.84082744695942
247.18418979527988 33.74100637066568
50.520088855218 85.53635733005369
119.55722412966269 209.77091084030343
196.85493891931802 98.10378622171298
185.54049650670962 173.26671547664665
210.80223280294337 128.19181288753197
207.6243156550219 50.227175987925335
190.3058826834153 0.15777219110135743
98.15554335423221 132.66002986738025
7.387802720006359 224.57485416192114
169.25669913805726 206.08543750205814
126.89308292933352 203.61974683063815
94.07521631512492 133.3393298429085
141.91142125625151 95.10600181128112
227.9920851479898 83.48005486731269
16.10604704754717 72.98696902486319
215.5867143541208 152.52147388810593
70.25560270122824 14.61513020232888
28.06506674071954 17.95688651313951
135.93747107086878 2.455535635859263
131.15889232893528 77.46730169339433
82.13410119085852 58.79290780943355
54.33946397020525 2.6530874765894885
57.958282719676454 139.46828635572282
132.46979031782647 145.68105258236997
71.77784102801188 18.314785909277486
81.01116650339569 174.99606879451605
138.3912478762708 218.6054222683931
97.67632077566746 135.37223669146894
222.58944361359016 10.212209663858745
71.8997683278912 61.3947034534951
207.34277311877088 193.11214867412934
111.412493102262 48.63518492569418
212.66310654837554 45.66826441257513
181.9245268203785 66.1722656750911
61.036733380303716 101.46604025365879
73.34989970042369 136.4195985079469
46.86047171388738 187.2477443530328
99.28443149586901 70.07570537554619
148.25199964872294 183.0671521085129
243.51826872454188 167.51996891443977
28.331233546051106 128.66435910817384
15.965496907047989 42.681046054309945
86.62114755726952 73.33367980733297
51.92454859693313 31.18346917995707
15.543249595295599 3.29268476198602
42.155914937514304 0.6628414273188443
33.32329650003096 40.39275536213058
15.04341180363017 67.44594336359705
158.35486113441107 140.5423084260417
95.39048022210528 195.78570487742718
3.331961064620387 249.1019693562168
15.738266246530408 88.44439535617285
15.557104991534953 78.7810288509227
6.8658105110712135 172.7244693972624
245.98135068858798 144.8119714663928
127.31654696862718 10.230811379299737
140.38773479018906 37.09579212121194
159.16277842557753 195.9223960280472
165.21058475025288 45.564063056732415
86.88382722778051 97.66893733555817
80.22570069254614 21.459465111674238
42.238131178536555 241.98129371092298

8.6 17.2 36.0 72.1
17.2 34.4 72.1 144.1
25.8 51.6 108.1 216.2
34.4 68.8 144.1 288.2
51.6 103.2 216.2 432.4
68.8 137.6 288.2 576.5
77.4 154.9 324.3 648.5
86.0 172.1 360.3 720.6
103.2 206.5 432.4 864.7
114.7 229.4 480.4 960.8
129.0 258.1 540.4 1080.9
143.4 286.8 600.5 1201.0

2 5 8 11
5 8 11 14
7 10 13 16
10 13 16 19
14 17 20 23
18 21 24 27
19 22 25 28
20 23 26 29
25 19 31 34
27 30 33 36
30 33 36 39
32 35 38 41

