1024 3.0 0.0 1000.0 609.5788369119133 3 160 240 100

159.43823630360413 142.90465431861517
109.87169570665264 82.73126979195256
13.309001550614735 110.40628724223184
102.51251618652849 209.6992097945426
65.10972177555286 67.02042238085912
46.9226659155407 92.40597159838188
97.67903717097553 0.7295041090180643
99.04859589581147 71.9670904301293
49.268760979380325 243.29262968472025
148.18498015057887 148.79097289942172
51.86273785512652 230.2492571138785
164.16626343256647 133.37525802194597
4.651551633617135 82.61246005023051
83.26630109378608 21.09180103711636
182.6970297722125 145.06341391084877
167.88959730377243 89.27228355539144
186.11255746549972 138.95106178165867
39.95419608735315 172.17339178732817
239.35418612155976 129.90777472605075
158.45822963016474 210.62696919388725
72.79143688146996 232.8560873542553
114.1713318058312 86.5476258317025
116.21625718116582 175.82029948955812
154.18055420899515 181.75095488731364
228.52549349373055 237.49345035069751
164.70767530766815 35.29705745578285
61.44327944519121 229.25831765462007
172.0626513197199 64.95100559481864
111.55154091674682 30.888676143208503
149.28980899743016 1.6641588002348495
27.689122647217456 101.45508850534887
185.2736142446755 242.29710161340907
234.99776252781132 47.755879948398864
114.6684702856443 106.95175163223638
56.661514272223215 129.82903677773825
71.36385030743719 158.69907503772362
185.18901094157445 199.017701426457
198.86087907961016 10.056839379452676
162.95425667925443 114.82131394558706
181.2594292333986 71.91945402439003
27.302637485331573 25.54724338779499
6.394471076199837 212.04923292187925
233.99772942864018 154.12698720805432
19.178330968178003 125.01917648952382
96.74457582350102 131.10659168591454
183.83646969736228 239.17342644952123
152.58555248300686 132.28916859987123
129.20231112351107 40.51116035816546
54.00078064232422 182.52281565551948
184.5478079901029 61.28732284438007
212.3940387959752 151.41644976902035
62.01834325978795 15.02070841673614
19.02286807000861 48.31499833244127
96.04246355065713 149.60886224865578
46.43314309073465 76.87313149643194
229.79946225802735 37.512593112483536
138.08099132412147 246.50422210282838
67.07139547024757 42.71378482361315
24.038229008876726 59.922006844916275
224.84519091343026 179.8607488975131
148.71413803556484 175.05599176300683
9.847932651514984 81.3597396354835
71.18711230717922 105.34416313271234
201.53125062917016 55.94878697275158
228.4592080190103 42.50833474627963
87.17984820591998 18.1561203990189
118.85387987335716 149.94153591713703
226.46770246769637 14.125786846101413
17.33223192375502 146.10532716244316
60.95309065556703 231.85566208930962
109.13510666768614 157.81240405830127
138.15051045669142 111.14568360987637
231.193855583243 16.287053483774987
67.56322555104654 164.48300069794885
246.8985008375011 164.19222568715406
48.93592393961369 70.13361665657644
158.92620076890037 108.7388439520445
89.43776488378697 91.75310151495498
35.85566656133737 69.54440481190527
41.3105750003451 7.247350472157132
118.89534223878809 116.96032095731736
143.832299632265 235.10810378693097
30.331657150388796 227.14883128702698
57.95458776290477 95.41018005709734
179.84333784913167 83.19792081585179
210.48789892413438 33.248265874756044
232.25726584517682 132.48224721180057
71.80722968331987 242.85996929124767
16.73272680684759 133.3080474453215
29.454137395823782 109.71768284560935
165.08441205143558 83.71548960323858
57.67243890047505 191.8139424690385
65.1692958049031 0.7790188447446555
52.83307959133737 15.041445854890533
85.24014100803268 7.24883300696022
147.56854924444443 44.982011659648855
166.94498049405178 2.4397316279534955
115.16025528194184 37.11009901360304
73.95594732918256 64.84756223706064
215.70280613966963 52.91260779970885
30.055846115607242 168.80265044775194
172.97715355928403 152.50844551166887
248.02016310240276 49.88057307802066
34.926772396844555 64.13824942740692
156.35750185652904 140.75515786201774
193.36358937383474 19.38487740119696
221.93753011999192 154.07260532793728
71.05870758247396 28.196822874776455
210.27357603283173 123.25513456049723
199.2163387446536 51.38161253488271
74.5448219392405 19.939251809290013
179.5626510240643 13.31129793868141
116.74673878031841 154.31212618161632
52.52269939043563 26.231161966997234
116.59194241883009 21.228710126032308
42.598134083244005 230.56555986106343
0.2529514585894177 237.5843551510777
224.3575403889763 236.56539775591594
247.9782792464985 102.97840577240683
187.61817747870583 22.764885073005363
247.07284736271836 99.63238519846318
181.37900705120225 37.92351670626634
0.8779262549719891 224.34646883558716
67.3990534931605 128.30829865554838
18.130993331389178 128.53191225558137
152.99112372756218 167.49132116473442
187.97192323546787 91.32448409909391
60.78935075006009 53.62836684525321
209.73599800513676 60.49704341950063
78.35224015688952 17.55785745917768
55.212885087969674 161.16345081632363
23.291411726941853 6.638572435787054
245.95410977545896 183.5617335530427
125.16652967705244 84.80389726321289
5.004468877739559 180.85203440553582
101.79460012863711 219.19833559028274
63.3309126382387 120.55295680960468
96.37318408389481 155.67152161651066
166.22164457486252 166.77278658887394
11.587021414587785 244.26739153120084
242.39785752092703 124.16739003355035
54.220459148122316 124.26906595017753
92.49228747248858 72.01392007505147
169.34134873570977 45.432779140917255
203.3956038353264 53.32423399548716
203.40371159396733 198.558781399722
88.63345937546177 175.18830955009759
193.48818350089996 94.02951588402713
0.9192790852511068 221.46990748708058
249.35127516972204 108.51327024279178
0.08279501854951965 117.50703562676212
211.31513177409252 219.37081642397393
2.9592553557069023 102.80790618543543
237.40048847870895 226.63450775828989
98.73832302769469 33.09791860749575
240.1683848448074 229.7407087121736
180.72549979756812 50.94025075679306
51.705442656332565 141.08337904730078
160.03721606786428 210.837198352671
130.44352832788778 62.506502880205595
144.08210838086467 193.44451529593775
201.62446076813345 212.58949330625717
218.99706507528586 30.031738177248553
191.25446491154503 145.65260742892107
19.090779430226384 4.421615073093966
182.25170009792973 131.17971829586105
11.258190571869997 51.77933633223891
218.4380235128804 43.902840883051766
93.57539343527077 133.6588249454792
145.20908173972228 50.58752034406586
26.56335690084835 45.46689620824523
193.8372228332825 97.549394374849
180.21940752304985 85.23513080980247
104.02040603344973 66.8750202367762
222.6327640796163 220.52619101376172
121.14180458707554 77.89872612120841
156.0051940618913 218.77362714712976
28.8364440134051 111.8630355480271
133.6427902982481 202.2893552067748
21.95206911446601 127.89819372035788
34.12574954449593 164.66589618926022
228.7479796565199 231.15837548324996
182.0434133993448 222.5192141975137
97.06858287433975 159.9679241226249
193.9827309673569 138.47018291567835
87.09231170845158 161.1448011341408
138.74264698935508 196.64864563784585
46.91903792981486 160.40038570447922
199.41797640269309 214.8730968470844
42.05382504414068 149.07385428832603
14.279947498161416 105.1732852813681
195.55055823113946 76.73503360104276
100.37336342926478 181.8920344363846
128.7923359771238 78.97541061081795
129.76564510077233 52.20106819454642
164.81728655829295 231.04642152494256
92.80334981216384 177.0590454927569
135.46053431399173 172.03097922052456
33.32690431193092 201.96943063371143
26.366960871856804 119.91646914266683
184.89702906168756 41.76640620263986
66.84864139230537 229.64948583533624
197.39427261768594 166.92945151912696
187.4620510308324 114.6192953256899
228.92377450358273 181.58754518662155
99.25555423442356 182.8546000375368
230.66853557807414 112.20441414392593
201.20333554156574 116.6148300099634
3.0541933789399733 8.77771889839629
87.19566928037622 95.7447956622193
127.02419510666957 26.56350456597864
55.159300309436524 24.34555739496544
136.94120457358065 146.32408660275476
109.4065418288586 223.76188545562988
122.83920941067377 67.20233481678959
12.603773848244598 69.72963804001819
163.76513025994757 101.89764501477103
159.26993517602492 108.78010058960515
161.4872672337967 114.90928964452473
81.46187934217907 31.341689695783824
120.76138620581419 152.66608963827366
230.07452324999048 237.68049766354363
249.04409428381877 52.14464215869441
219.2183085484049 148.79124320209715
85.99224937811903 204.33786764698087
146.6012747486569 223.4997134595099
228.42493110003363 203.7027212586876
77.5741508596086 81.6745133939198
144.9353862959299 111.42173329255453
58.96170027618241 211.44991842454243
82.29803152788129 133.1240919650304
78.50187175759812 9.11792126530811
160.5234587699845 214.129603816616
148.8734091965069 55.98037843050066
123.49057242473805 197.31841997958432
138.5117957326791 240.43623733258286
101.72289714372928 77.13455982392614
130.57910048547765 123.28320180968203
222.3357378925659 127.43930180078696
138.7717149395084 147.16323443970165
178.92023755361927 24.55410598606808
70.91469514887861 191.7539611020768
145.04738380369437 241.22198215519694
83.42228342466291 108.33143673043489
232.6891822260433 41.52292741400057
119.85187557820376 232.80806588707514
156.16446170537753 137.60165756573414
99.62846585066387 159.40943142728906
236.45139273513465 157.6323200992755
0.885876916074696 139.31477760900242
205.08404457656724 146.7886277505563
37.597198552291296 115.91628841588378
100.08809727006307 126.42596861229922
79.19814548297505 16.784998019085368
151.28423364957456 0.10421109649300098
104.31603212216903 221.78148541151
26.249100751329994 105.21337020574012
88.67311910577608 146.4804342898873
139.81522609732212 67.99135433180126
91.21741613837386 120.44099523937216
12.729433462505547 126.86372718255895
202.67984621821896 32.834074574717874
48.14348564181886 146.25883082092452
71.27473949428956 203.17645940159207
169.84471821303586 152.33876606642812
199.21673113594252 222.02457271395426
79.07215894783306 247.4293891653177
226.66982576584118 195.88620184424647
156.236933286849 206.45522256520155
141.71571407691255 1.3892555505750082
18.797758145896847 59.210394334818176
127.84749659455497 153.52838277431385
172.43864320506825 69.32427412120715
52.675939258021245 4.550475884058603
174.62545286942105 238.76377033067462
39.50613154470922 53.1110506023475
183.00013184498647 61.427697291846854
183.66788194332185 248.78717267554688
194.52071195581274 119.47234549814853
99.6964677290251 130.46386687683392
142.43652697126373 1.5893594461613425
186.10227012560105 86.65981959356344
150.18647412199252 7.895918947047498
82.84862260269901 84.90284143399596
154.6292541646214 242.99602812484622
130.53413918997182 215.90162321670022
186.42933090650467 137.95371847915257
147.83093558484478 75.97130835973104
160.6984748014032 108.9765434613573
6.661732289727162 58.7881921241287
133.06745833350362 61.618886071525544
133.6791255642244 15.662934611390927
157.13074694454772 117.9808978290974
124.11051007321348 89.30065453033397
230.79560125348053 53.23268517489135
29.930944837169626 216.85094438429192
131.88087775729903 71.84910506798298
81.87214459348552 13.656817822934098
224.77207788649287 143.99024078045701
170.69743495498545 136.72842214838337
181.12133666217628 90.00342234653003
74.5045781635801 10.55869489526734
217.77062355619253 214.94252241054315
59.940714242493144 60.57969830809121
188.6572988305587 161.30769609367204
27.890091850615 35.29424783125953
1.5150770896393828 192.38126303147612
219.0654693397323 160.45318621586628
161.34991300845402 225.87677630223027
238.46560842253527 188.13034480090826
163.51087015864115 112.50515044654306
236.06729557891154 10.75964887950151
95.35109550849849 68.34850045381532
1.8756997236737405 55.23388913880664
38.4924668871727 51.55770138211016
242.55515916727933 18.479162082715355
239.54486127640084 90.73660937536555
186.57598428496217 27.16947476398185
18.834466686324326 202.18447267559685
105.70419707105752 247.84885523123742
105.73334391403297 244.40415537264158
149.8628264992592 158.30038711936197
11.55028736771771 143.2600296368968
40.44339494250473 64.49743001004337
85.536907882273 198.31390833102242
167.60808270178288 221.21053792954436
158.59770222882972 137.1235393181877
109.02285514512131 74.89237072375207
227.42401585547847 231.71017783842282
44.533232684551756 11.161339099398205
142.89620584913578 232.4807839299032
212.1340418833739 191.3537355927883
195.3123368712806 85.3135981135392
116.31668458257785 62.32248084008016
22.674294272808233 247.44548285532218
156.36273994755504 54.28787107811095
108.990696010299 153.72124026681783
113.5506740873102 203.35720738668587
137.31491057868934 89.80837557982477
99.09875543363326 47.536816449484206
113.8052060523698 62.393095297907266
35.52949577208969 155.49968544567747
68.96240975011692 181.0475186350696
221.50661399016454 45.274012278341964
194.7977456522892 117.81221056914889
44.41347126467274 166.6274032775563
192.23116626731957 232.69366915173663
189.88099514083405 83.80218928775768
123.84317904234842 184.67362970498814
103.84301221741494 238.47392538310422
47.36947242402451 126.31021351637075
226.351390844646 100.05666099784676
73.70735602116851 2.608254923979758
42.58379970816847 65.91115114136207
4.716678453719286 200.69239176411418
111.2656628284264 141.35460406237885
230.58531968829593 93.84033663237167
124.35268396114971 222.53527810166494
155.30493154221685 61.579769094126185
68.01543139658712 5.60080694344875
126.92234050293816 143.24193877364687
99.57412633297169 2.1549218968219543
175.74562381938776 128.56745976978416
245.2358127437015 108.64914982732846
109.50882027721426 35.539270713437546
70.66314828040254 4.36316609255738
188.0633204179508 174.14652258205987
201.54102340168197 175.068857228176
84.0347152185987 201.58033770121781
231.49210580766987 249.13258164070638
200.61155612381813 42.32781940076907
84.21188572444774 34.65039655813901
97.96541649459617 67.2802349718827
179.242879728922 224.0351115460773
199.6595062762516 54.66107562761288
107.66755406237202 94.27238164684019
198.36458887936837 61.391679854745476
50.14240271662121 167.4131827214138
165.84306865098964 245.75508629586173
165.53697969632358 223.8485140090599
41.28574493196594 56.18824756973559
226.50048895405408 158.03030531943944
33.11613267879146 144.70800932612067
19.266237839211996 216.8735033042241
136.05773305905296 244.81626863312803
202.73681534998548 46.47101967112122
209.24657222568283 93.92322677273349
194.8521177417142 197.52168408741915
206.8351321816669 87.98239546536546
140.15689333840024 24.575288067162525
71.20463109290753 148.34483243215442
230.76996576276665 193.13883722761105
197.52126815983982 114.18734772232384
82.79964694544323 237.66932052487257
98.2354653710118 142.18697759372228
89.36717556475388 151.12805344495905
213.5422717294828 235.19879808177413
193.981780406565 54.69230801204944
62.201316156517834 50.36997431807086
46.75595563038923 7.827926589190904
1.6856219491520885 22.29689630212453
131.56496577733066 37.90023486501559
159.74380449347643 246.72946681456844
160.4500444167867 156.506849771186
175.7173916381456 237.98601381375366
6.0636129593458215 130.8628912533569
197.0901109086406 35.942907523927644
10.397882321277862 240.7157269140686
74.32396884146694 122.46323411341972
235.62709472077825 1.4610244538871275
144.7739501990472 31.616231028595955
72.60854582878324 173.47708339901118
165.52887164562566 122.79284803296758
162.1915082392079 88.40968547916853
173.94083675763383 184.5998892231636
52.05570294275758 188.6719357782416
192.01343606654638 16.09993988165448
72.98674336470725 22.706686406872013
64.44941925726543 246.45656421098698
241.00368103217235 161.4796794337083
2.2979133290005893 74.46148164823002
132.68099104539255 157.89134014262166
216.1050768037621 75.98372227057298
81.67774022153701 97.09839403131407
27.89034158107326 74.88180147561444
48.504852802696284 27.56931397647383
85.03978961217157 167.55971224522904
215.28764908431071 26.31031648599236
81.32675962224644 186.6562319406999
128.88896817474043 143.08972225622617
217.4040432870965 100.7269927253483
159.28849258403983 234.27608688659294
86.96870445139515 224.62202798930593
125.79455075678916 11.145653834330693
231.8409044719553 185.37270966482046
21.805355710867584 225.57038273705322
8.087316342123813 84.34891348624518
3.807474611328993 196.21952094995075
6.486805380294392 106.23645954525423
215.61272993748858 182.31711924726062
24.690678069029193 164.84588169517986
65.89993534538665 18.5170452984684
185.4681880878621 77.2781016566601
170.87072220503117 20.34324605001647
201.4361300790292 197.1537168728711
87.44085489037664 85.60280239911516
223.96646650895914 59.24482844588491
230.22819188092404 94.73171557110727
231.69645030724283 217.78278140345458
43.50054240451018 44.104513333257046
152.61112523268395 201.87327912670824
178.4023967664743 127.96707622436293
47.30588925441226 27.74208172914916
248.66987411057247 202.53402311894868
114.90058887517363 146.95486721909305
105.99591662853084 204.2846094141948
22.201492137654295 61.98460917088741
249.8632442097755 104.53604120944382
152.40082103000736 152.29719819241942
169.3762390913757 164.9714454349714
137.7392506072759 243.3735668224906
93.2826452208567 109.30550849371343
27.193705337106966 87.79773784471145
232.6383789656099 11.22632485449021
47.449283363821124 23.211135164110857
241.4664800981537 246.41702466864342
36.89893910120548 67.08144219003248
43.66744718504032 24.988148078348342
195.6777618971966 147.17221577869998
130.71362117025416 65.64864126409698
12.322612087132839 134.91381342126687
126.7657322076411 42.64364693701603
145.14613509504917 189.25627023235978
100.55489567295534 199.18358298147152
21.484862968225272 47.45619309508578
6.774046172279169 197.63915934631962
81.12110220121835 38.98186861716415
193.837466893425 177.5819589985981
239.29377376540901 178.90075019690022
216.6528539622945 80.05763933675433
35.57183554387225 208.4998230839624
123.3919578169589 15.279513351723173
32.34625108120465 102.97488579887984
46.140952341818306 154.29598168766702
185.39548023903458 27.583497066392987
75.33607293403018 81.29691224252866
20.58233167683682 237.67979594603958
155.36349245094695 191.3560455148103
160.80348132354666 96.72619036397259
174.63240478901054 208.39236976464886
131.6240276326863 38.85282389888056
119.76146911857558 47.87806322858079
12.687155315591891 110.40504226385129
221.35626056653902 70.6618062252378
143.72217542426554 61.834937692579224
7.137039551374846 36.995799211115425
28.585511267569196 113.1889948991635
85.6893995325119 147.93791461552675
48.10058238710935 221.28214154177257
152.63870306884883 76.93278208668697
79.18312180198791 179.65065642666934
158.35046663016826 0.018739151596974812
32.63530149676175 85.96514162766269
193.32821777066513 56.94723595550524
183.7888640675705 6.719232053236379
47.4224747105502 97.8391879785753
193.26892380798685 11.575664659722651
170.41338811866865 2.0999818984449306
141.04699153036103 149.1930494320812
114.9639167339515 67.26199644425515
54.977255853941145 76.90537793957827
80.53842143137238 160.53983697752588
211.92570286388087 238.9329437776506
86.72194669098035 18.862515737204767
229.7810044289433 125.23608693505875
46.10793531386148 221.45500770214485
230.2527359924316 81.50949271941587
184.70530534293027 242.12448644093425
101.82128654721376 145.69062460643383
92.72097943345497 149.5804295251539
27.593849603186282 43.47761899858663
45.676451050888716 225.69508009310803
5.816849628080489 113.83932409839804
180.79922537871093 80.65684211165069
223.87683233127592 231.73877581490703
93.66280852501855 53.46718454059807
93.67128953319525 15.257167236500585
148.83808645207597 9.341628471347507
145.29208436650268 211.21532103178518
119.78411201366134 146.84430745606514
46.182743455703914 87.65635521754773
204.7369672076169 115.29824871805907
194.1962430948122 205.02375300641938
163.77744573686846 19.526116642731516
184.62792940410867 207.86639580103784
163.00110974855312 181.42329143835983
148.15246690188206 193.7916699955349
30.46226288364767 15.388358322794948
180.4342431852361 69.55984119120399
73.30507059750441 77.34451894093364
51.46181237281219 18.830028271357826
47.23915353430053 177.0592465214401
146.31387784997466 165.44819922768215
178.3554359716882 214.46161320739463
155.23208446134052 128.35540976845542
74.24710960585948 163.0403176955539
106.79578138091608 174.06056906532035
242.76898298421187 87.24107993199576
229.00695866684643 228.71381053549675
163.25869616471715 40.52080819776066
128.0781276779101 246.9136866225969
218.17640104542204 194.061835554939
15.57604084857403 94.38088377197415
163.21370154661787 20.863066281676527
65.15476750814855 234.46779024284098
184.62863936386194 100.90325409365487
135.31673071073314 170.76035449449827
150.24622600179464 48.501955939328404
161.3774261301648 209.01358615658927
49.85776748193438 145.65992974108195
36.690658505707965 124.52930539838977
196.3324281216645 158.39866729328176
75.6552705495114 242.96968116515046
14.180588520905314 238.01441303418508
218.82295935844238 152.36570511302182
4.488652096315882 174.06845914031015
166.09539580967868 244.63815490044124
20.80336402143762 55.92990552311547
30.20785464364731 172.25927408354767
179.3839948020373 3.430492995962098
36.9501134139518 134.8724416681986
156.10342501008705 139.78270879103684
235.30962073280818 34.668863508137
176.75655236034376 26.094280258978976
245.66259893749975 217.83553285596338
240.90696890940706 62.88304627132491
158.98654030276649 0.14605547744711567
31.173451695078903 22.89583147771923
243.93201584422846 198.4043869954412
151.38981560228223 168.22175244245082
146.1246969123301 197.41937389460085
236.32384066882915 99.40541459463783
95.53692081652629 219.97125892631547
78.55855438762782 18.26263888008145
13.294126457915917 142.90913019374005
217.51991679833262 242.0114483229301
80.38105643062318 34.08798184719444
230.2825091344967 216.01267094553697
117.26138327663301 37.12991743306454
116.33992672018215 133.49557587910726
65.67768840983479 123.03772498098594
214.60805925982183 211.54410739055953
120.74096622870576 140.12150790330674
7.7727094665867025 206.00837880308023
206.81231015096887 123.30455394966936
58.9413312404099 30.38315249262516
133.9070673952871 112.13392393405674
29.75756658905407 249.32087518890833
65.41555074474093 134.7883837120521
179.80313890090457 221.70429950899498
191.35776525001208 246.9134748044911
186.80333810135238 103.42258495785985
222.9695913282485 207.423419783262
148.34570665234816 14.815632029766046
222.0254240200835 194.6955991865863
60.975198051475 113.5242320699471
200.56875457337986 101.22210360383754
182.800782883166 94.33887836989635
114.64772084760553 173.45132153066655
3.0680783242033605 210.43283773755584
162.84023080298698 226.34151300379784
152.88905023532465 53.27245151134205
85.45720886755112 79.84097513331187
214.38444574686105 210.41950429454442
59.52793296389322 44.879752141545325
81.78787793200046 199.245222243047
167.18177096207253 240.75806180305807
141.68117956455 90.46958961633378
188.4623302333477 41.46705006717807
33.11513474417433 143.50827497226737
110.40231008538154 101.66324983763583
148.78948238815565 153.3487848665851
207.12859285605805 129.86491081152943
100.52639991689269 63.95648240139437
59.65214283239867 242.61854554982688
22.440889274221583 66.69881050806326
162.64402021118482 211.76526984992825
239.73812755103827 185.52923096466984
119.66798256202816 200.3223317973207
33.257982881816915 150.83973910038253
132.4310354207299 40.929291091966746
146.87300517780272 244.52239765366144
21.638811902761706 249.16777939385918
235.41685559171574 244.74317617480762
154.66200132438024 121.13002028574682
192.76353061242492 50.4172423201501
182.90580858252144 172.95490510807738
228.7605207887826 121.59198638220411
44.191530380093994 75.54238682471795
43.57174063058311 171.94108639560744
72.51840035852555 36.456197985386964
60.05604171369255 230.21308836732274
237.06778495802186 186.97332052797162
192.30476953303832 67.2345928370354
172.3338368370814 228.34712934279375
96.40077222021343 169.0434291831458
5.866754115506023 179.83626567224013
63.22319488661313 81.88201817266469
9.625335190633521 245.3280844005124
8.435344836029063 132.64656353657332
21.484967217087895 181.94968381424493
135.2896150690015 78.74058551284021
196.143282438111 37.763216887342686
54.41911657517126 75.72563010359725
12.621898734523434 52.83281068124049
88.3434546656825 46.97425829267077
209.71357170813707 82.19290365506943
184.43336144078884 178.8326728072122
141.5264670729588 116.09813808580464
115.78153242519082 146.40414342341816
14.448221314878579 237.97311655985888
107.10278574471124 95.48170849519474
128.7901275530002 27.12833852046506
161.67195542192476 109.71743417147692
144.26570580055065 89.32915337185041
14.555308999764094 54.9366412048978
243.15779520144307 86.90143073591061
94.90912556952863 129.5904394339552
38.381922180297124 100.37424795189551
158.62128843638212 51.53749140055031
145.24002304538269 77.9094490831978
143.1324338461219 78.86908096073
120.66232762952752 89.8934822896863
61.501986292310214 187.04949234300224
42.03612489888037 99.47103713140868
47.82936522006942 246.38190759587278
57.38651222629743 143.70017684663327
65.70567580958686 228.60874162273694
242.22312525051618 177.672192411918
69.61415264853063 197.3803216928589
48.0733002717523 192.10199634511324
106.4008781530432 239.5201691770257
138.617297166002 240.17774921170385
63.61327890709195 127.88204276972715
179.08445266967465 147.47560508645117
22.977365984951202 108.88897400541511
147.3663486793654 8.981482850728334
37.36155967785643 136.66447266809408
148.28418623669188 233.08584813378826
239.15458737659176 231.4208664201278
185.14045497041272 50.94352359046134
77.37876183026086 175.3472677579068
131.49760824856048 129.18939309490284
70.44192629336274 226.5038148859979
244.74202138078059 119.59469116686378
39.833124121536166 226.45255378682674
110.68349812843395 90.80756468667431
18.520912755935203 134.31883086686273
112.6753159410278 105.67365488236713
225.7405172630604 31.25123240392963
215.03567483132906 40.04738595558355
12.357895566812521 163.52535066115564
66.52367729336184 161.89355869689933
143.1857543649295 71.58575580358942
220.00620001751415 166.153658912819
5.376662492977552 116.08233951462773
214.7490549571866 43.37888199025952
133.7466561748 88.788011316684
174.6979923900519 65.8877770091973
134.73051022088268 161.6070616880322
165.74637037138544 86.12686724647351
196.37898788080773 90.00914308390686
123.14847739585205 213.87540125005071
172.05580238955577 233.69466871123154
109.38916290864462 104.78169665369899
115.18415471482665 87.01273704851151
163.5458536243885 77.59075898501963
177.71741704892673 94.83292038270699
204.78774131505807 165.6318154090413
39.405538584198155 87.40869148374114
55.26028712036185 130.30674429716439
79.2553983696932 213.40837856642943
245.06092939605225 166.48810217175662
137.74846551634494 29.28966405968253
66.49206723869911 8.46420177283444
48.10760336788139 36.56025560356868
60.13065301811449 200.33777771775976
110.53213535724932 8.78063024467124
13.751294187896669 189.8596564117489
59.813013763679976 234.5922915731636
77.61072788380552 175.64268752023685
68.73150447247615 149.02741386005005
20.180572357382577 76.00089916077316
56.29501203918241 169.55109638793732
214.39138475197868 15.647265372389224
79.45205525250468 60.334209137598435
224.1770574518363 135.4755638097388
242.7995190696978 33.19351768369502
2.908819466038909 89.52534519040772
66.86784668435028 224.80488334881198
96.41714420921141 116.13319188614061
6.203903543937711 229.82541327574666
38.725897103390864 54.749173007409084
141.2710892653704 137.54483794186223
93.17649039488657 20.313344143532973
181.6408887668755 150.98342107281198
177.0184137753559 214.94774797282636
19.983191857091352 98.98872377477284
236.3132128455743 0.5447940940627172
181.9886364727556 175.7287042851749
245.02393177259128 129.12758798852607
168.63178901320794 201.7228328679698
30.624813877759895 163.69166752696293
236.3696032016307 51.00427403955274
68.18152992701829 235.3268823369653
220.01832110179993 36.977432736342216
243.5540363749947 152.04690398166855
155.1546711022588 32.87746831804239
167.16755136326802 62.17204254963682
47.79249956500234 47.93862818782799
68.37999498394743 233.59856438926016
239.6724161521575 157.03845772870187
126.93995789904902 85.77105090585071
109.52047989272704 247.1099032190903
148.51114520106873 57.40094491946754
156.42447455769783 77.42235273283987
23.208135914742243 110.23200041325603
122.57674664654911 200.39432426575456
56.87650807148498 76.92011973500176
202.81631358145702 128.37612783005088
30.484608258498913 224.24590078932673
189.58912759513024 227.09413941059543
57.914668841094475 155.93913057775325
222.91411930982008 97.92057925454733
186.31248285928208 167.4986737582457
161.7643174253264 117.48919527468549
162.3363895161705 18.36403079000684
44.100686661125685 76.53348498989499
27.53745921787948 238.02619401418858
126.93672832257307 180.82277250683592
179.02887075987402 170.9525694602097
228.74272394258463 119.36274017282014
167.04069909101972 29.609578991188517
48.09254824914902 10.212258703828637
224.05929435032778 71.46810963667532
195.21405397138673 32.87292528187646
223.09840768159756 188.65898458722302
151.7901280858695 134.43317776301006
213.97867992349754 135.61693039646846
224.43980496038685 73.29340283291828
56.26230245436531 205.56019631651702
217.66520518205158 38.62221058951165
109.56874098333901 182.74562279470723
37.84901266646598 78.16931162376473
48.82081989557849 233.97790716269898
9.884489538365349 6.320315348909783
56.66527857483991 63.84553286205169
136.13886065580758 40.95027895041844
208.5161453443775 152.8860342628871
118.08524089967587 33.25728952595863
215.96012263065543 38.05897933767161
61.99852442634185 1.511628198256676
38.06010952872785 36.185518740293965
83.85049720915782 116.48552269410129
183.69560825975668 209.0409750011918
176.55854868257674 212.63758802122575
14.674986089386637 115.89590861220361
153.94744790916744 130.23955795978452
149.64842627996748 84.7125398728197
240.96661128221425 109.5177045925319
157.5501276380713 130.98037852233807
26.23858784451133 60.563939040123834
182.68031173440272 239.34983076292554
107.0388378146849 11.938312681341184
105.00869361735862 12.14846254158497
81.38968307698683 45.68710983333876
0.021256569299382688 80.47885675865876
165.53082654976842 194.16500598577952
240.85458914878993 69.5012251878413
137.19848119244944 238.76247199324197
20.15668319330252 112.76531110451984
44.255655469013725 208.9064161599698
132.23011701741837 180.39759021879973
31.40882174702894 190.4744313446137
94.11773382403413 142.6116954947399
128.1961751773016 223.74138526155588
33.57545114679325 170.38420336073344
198.1329682025099 130.50659695020042
182.56802835817217 89.09370424897064
119.26051838427018 148.14382346080393
129.13165449927934 107.12057011385218
177.77346910431908 102.20289945510186
111.63388568211744 35.114500936178935
133.103635968693 232.28491280942328
192.3441552565003 34.74036300120023
166.54112078876017 195.7511032419139
162.141987592355 23.756209378057974
149.5893950346816 173.64112820092822
40.87474314061099 184.79316715355498
0.37171156364287916 149.32944819846583
166.90816288136665 2.024270226332087
9.81051914031264 138.99498920189797
180.80398586362315 21.043344085573594
45.50475026273812 70.5954220379639
241.10470704096363 128.77642242499456
216.5237128354407 50.23932017217522
37.62585471325258 73.62200459957774
174.76167508422213 248.55860291738915
16.357081883598827 242.43084534675924
180.8593161367391 203.16511973290312
118.38783078613757 130.01269162641597
19.110364464026752 100.61031285954734
102.54793329188853 72.47809339120226
125.97686683112771 200.04718739975104
156.02067971893 86.60073213179683
159.98853321264065 138.28940862899375
62.80831222590763 138.69529170873108
107.77567578853828 249.1485528881386
86.33198743317556 67.98516078994382
19.871143465994447 218.02815604065597
189.03039358576865 19.162720523646037
123.02217133289595 164.71048902142064
35.47990864177772 143.63630941002268
120.12294956181715 16.025022444218607
219.23539785436517 204.62685598024333
17.50766136284751 234.30229032159093
128.31653318487912 197.12785247253984
112.71615595461193 47.182944275658976
51.804881624628266 31.259388933494144
134.25417592042518 32.55601197179978
219.9556179562047 180.67302649984674
2.0869923071028804 169.35434555688838
132.252636013943 215.85218247189482
161.71361948572877 35.76135884934006
13.20183850458531 244.29054058123825
191.97093284000601 229.82779403961533
164.07434908953414 109.43272533396816
239.75745040994374 5.369773832145263
34.89883861944118 52.246019139449594
61.126993923038135 204.4571805607292
7.057568010095883 202.71966169008599
118.94215826726939 108.05543174486337
141.01773822066517 217.87688422939485
198.9759337772439 50.64619517476468
218.77122037325512 225.0227145175241
160.3653868368015 83.16807390758335
176.816992936694 103.83496081980867
69.70999699813152 186.62798495342693
39.235565294258755 120.92891056771768
54.130366738240895 175.22046543268277
192.91909640558637 160.15049744272895
53.15071928598425 19.527907475859806
49.94037510214969 212.76372569510687
217.41406093924277 53.1049994692997
229.3156193533343 149.76028195328874
88.88193292051034 181.22374718787836
138.45314744818143 203.3431820589701
211.71617544962285 113.51931864934228
17.304728994126133 1.0125598077134201
172.3862721319717 37.878763370612496
195.26208933403106 207.4943418983057
43.01032760711321 181.66621933797052
175.00846209044403 196.50381795610556
75.55226162388598 155.82367406667043
58.376138190799345 40.2433419320517
77.26645921065281 192.82654628849744
216.1617427265408 148.4922610467561
37.3309777818 79.88141644794821
114.40464344284254 246.55685811462206
80.7271973606049 180.4590122706107
243.08255559300366 30.83158464565855
127.75740635778185 60.93026606459559
7.9098734291375425 140.79045021072122
84.5473383089792 76.7440666801858
6.968027204003802 144.66449975977542
110.74591009788736 211.85055689688835
109.08922766998519 34.15316302317667
10.700088115744466 31.20902516998225
194.64995315259816 48.07432331629913
56.40846258757837 204.12793771107275
40.30657900597184 87.9127022949447
195.16569310153585 54.29343806158043
110.18477352944132 140.2072663411921
68.9067699005069 228.95015287404527
229.20534271519648 100.72261356566337
47.7984574210005 227.04761799218582
241.8239937615747 238.437221535112
189.72550001482878 41.19024505787003
10.951536630603664 232.95469262759835
61.05805603311598 235.9820558550533
153.55054554383463 198.9049433898748
144.8044836259876 73.49681608147127
115.134732219314 119.66153438961283
20.436564715962614 198.78881048298328
210.9976102408479 202.7567371167661
127.8901639800846 30.557528480251506
188.7805277946338 152.71508426106257
111.34140402880097 152.68266091757542
46.09695126969224 177.06865936735105
223.87405057915691 76.39502650969348
160.25952895110237 84.46280250900068
73.26339962747363 26.58033693571979
214.7582622838893 150.44932899315302
209.44161429289173 84.70786150171102
245.96351519480444 104.8614336024265
105.91025391753348 76.42444801964771
92.7969355057251 3.654706386889278
74.97987051574171 144.95497458737913
20.91069395724926 236.74078246067427
117.60340805175981 35.73195709327298
86.73638037644143 63.159288691143374
71.19580759715177 248.5421878044099
92.76425156275991 116.4985726767257
236.44972672760736 176.52658264670322
150.843978755542 246.46544606471727
243.14876166240774 50.88727181478123
11.490851426030597 69.15209082153517
75.57814098815673 111.43913217438269
208.53373230056795 50.06459727215673
196.3596266294679 185.05312243603166
3.3041105994390807 41.88117793185861
25.918498005931546 47.59136700442412
127.66874982710364 30.09508187091964
73.55418305040934 60.07967955464621
98.42115118578879 82.55238347548729
43.61547986820252 47.87555410925467
73.85543540910872 103.58892658929231
248.66530575500866 90.09624036874075
155.37144479002842 163.76240616438307
235.62666852503648 48.204951143941074
109.94734084695324 176.40168545052876
206.5269906125392 202.93760162415012
208.05940073134346 34.35104816241641
107.65825979380466 31.177370042949264
102.59440339526138 238.67909477026447
70.92497303824877 97.41550638201188
59.69626466435363 26.870717859250853
168.9925585828504 22.488983034603283
45.2245222000266 182.0772530895803
65.9261685522381 153.63804914291543
54.13938694464465 106.04394241438942
30.56529993107915 13.952885004886923
230.2190578627307 147.5774944772597
81.39455910681562 195.2160898901654
74.12478733799455 189.29219500020565
184.0185115501846 130.07437725615236
24.21891473486715 179.20999548109063
182.13755429693413 5.813798516931396
60.12942761613918 22.690170665430582
220.9632048550035 45.63945265575248
201.43041910992906 86.27379941325339
118.98451151513493 248.54990398199047
131.7075010198013 148.91103240590408
247.9311167782622 79.32036985036272
179.2246340284217 179.04624370145555
7.590371697765052 73.57843276674761
167.09022786570202 50.9849373101291
93.19424353699534 248.02301248565377
214.09778511698286 106.4460503907238
203.5729987379187 166.90289361776178
158.03105894699283 13.218184791457144
31.37399937969837 190.990564196255
81.78983621066376 8.592566864691037
143.6837530536971 82.61360074541052
26.584682974217177 208.95443311408349
149.36333411574202 36.273307226058456
180.66798783890454 42.5868167295351
77.04139989105518 34.19923023099858
23.65315714166927 122.44231993658089
180.07729514847847 164.4202653664568
214.3766684731868 241.62580409110186
226.22179864300503 160.53149185524427
70.67778448718678 186.0503693738725
112.07405668437714 165.81055579920908
26.344367342105407 228.79563807210414
191.53534111891622 5.495872294913412
247.9506876385139 138.67637632383077
18.191158977472615 65.45075160726057
180.05705969844317 28.44120217698273
135.84599626442898 129.29260278538436
197.05186951429812 135.6894244158474
192.69406343942157 83.60497322881905
202.2444021832144 148.40669108396366
109.98787932540236 217.68649529716777

164.2754143118659 145.81696585424464
113.70062506160794 88.61247828881369
17.443074117396122 109.20933823359655
99.79645301045808 214.56431271729414
62.027431078651944 70.28991759455458
40.30274711766188 87.3225435943624
96.37931279151663 3.498999637429029
97.32945045893746 77.39720968174271
48.34981522000559 245.3441153807079
140.56219465092838 147.14688304186015
58.2474270531563 233.37860122489042
170.55692803971942 129.02334443921288
9.103276526855081 79.51637844058868
85.32146581646535 17.288834917276063
190.47427810577108 143.5905541446806
160.39770042665486 87.84605261916106
180.42215241442082 137.2734634940352
44.58769689175621 165.18408330653983
241.20484158275727 127.3483784573399
152.1628157777453 213.7366107466286
72.1346638422346 235.4398528397186
117.88495688734632 91.0864593604279
110.45703524919831 177.1329877257158
151.5279048837464 179.99547787745598
223.3040909628236 237.7677876004067
167.35504708222183 29.02389010119208
60.51782414110821 220.88144200807275
178.67790284702906 64.85579982112458
104.83601327451997 30.436264268351554
154.5822611146159 4.581704113098856
32.17393339031968 105.90288412641429
185.6410061753463 243.91604612648518
235.48997555469154 42.181541158606976
110.9674068360982 109.57510012979513
60.047773798598215 135.76059989526652
78.64219905243688 154.60391259345465
185.45928942737865 201.63049250274696
207.04756019904346 8.191059162555275
166.39642979430613 109.50505250867529
176.82413304645277 73.38017463402055
28.409746133776558 28.23393589005807
9.399900367718539 217.01821581086546
227.34573437771382 155.71077119799446
26.401122180442187 124.94572576902915
94.26433283815336 130.6206486509883
179.73068143116592 244.10989341876171
149.71818408290162 128.8461162520879
133.89704564567327 40.177475602033994
60.55458742315087 187.40422504896398
191.7865864805846 59.92590439091608
209.47149823826533 151.5910216595881
56.37277027373327 13.881275658004121
24.64332681763018 49.25878151499693
101.39933457047451 152.6668658627051
44.57885012449051 83.49786318389077
234.18103221855972 43.26828901293073
145.03931605514157 243.0788672173965
69.24645455719394 43.69426279321892
22.824083518054234 59.26894702207105
226.02946610897067 184.00279906281276
152.7826444999508 181.62574627384754
4.143266329332318 87.4302316092273
70.10608674377708 102.508251310017
200.26264470563066 62.51881836730694
226.87741129237003 47.06869467370889
80.416792838163 19.766593513820624
114.30694665792024 147.00171851571602
229.229926244978 12.171497429319666
15.839490304211113 142.4769191729619
53.53845810155014 233.01369269145798
108.06868260343394 156.6678773060057
132.12600360425844 113.67050127661851
233.19746554797703 14.063053968983718
62.8847133192782 163.13079891535475
238.90761761266302 163.70557155470036
49.06322870449245 64.60949105161603
166.38894479155337 110.01687083638275
94.16488435215962 91.28740903823478
36.79089689036477 65.29914183443796
46.14266996065302 8.516553902817414
120.66570294630746 125.22023062380619
147.7249722062654 239.91260023785208
36.1987459156059 227.51554559979436
57.66745365468531 88.88570425612296
183.24916490367494 81.32446844872743
213.19438105927696 38.83483280291314
233.86366315837054 125.72207884205966
67.74813170476274 239.52261874321835
14.544055836985537 141.2828617642673
34.94295004082262 109.27341304735747
160.6046122892046 79.49751511253395
60.932463704188365 185.86403393979742
59.432614648639415 0.8574524639074488
56.045488210676616 9.32810275304155
81.23692863571735 4.807286001367012
152.50148815119988 45.76984313662136
162.50436610629953 8.067282558104322
109.51397797397976 43.25909333288103
68.91670590375398 58.8742997387893
216.08308543487638 59.76872688044574
32.390971348312895 174.11052597445052
167.94103213305212 148.0883059483184
242.35909705761065 45.275086446585455
33.957712952522314 62.49420304197201
160.7690504557409 133.62803157218625
192.05222857108438 16.65162224642469
221.73827827362234 159.41628088929585
75.34793364975411 31.939725266538378
204.53621871383456 128.68259292175387
198.76068693116883 44.56703525605599
75.47356346169137 14.95709957140326
180.587515480196 18.27492536404271
112.15822606290737 159.6710759524365
55.97872647519422 23.896140167000368
118.26789841204238 22.587799471058517
46.049245619950526 234.9343874343864
2.7545463357509794 231.65771232474083
224.11119408566876 241.42997790330108
245.85579686069292 96.00704916444607
189.0702243123107 19.939583947894633
246.18606733089766 92.47254412085756
185.76904559954684 38.5715074199405
0.16067868694402687 219.43037720812993
65.25208953551365 124.7729658446653
22.072290616878625 125.81797181999879
157.79251164963398 160.6033731215259
188.24903865906063 92.55629199700039
64.24774480321796 57.805451858823744
211.87344723467018 54.64836792855271
81.88798689285342 21.489964530422206
53.24054256868185 158.95057522160832
24.91941937201944 7.022713826084298
244.2539131749326 182.21955054951763
125.32062214277242 87.10075500903596
0.5917412573276659 177.10921857125882
103.10307189824205 227.46341296594474
60.721636996948824 119.88384632124423
96.59832792120413 147.91085518512554
170.00091880788779 162.8901034375308
7.828409822776688 247.93722296050294
236.34182929505042 126.1013572408157
56.14565322963963 118.95501844146177
89.3235555903482 69.14049170801509
164.05184968677372 45.45529564817502
205.69747209147016 51.516117044064195
208.65292367908066 199.16703358604175
85.82308563640953 167.96587680155378
200.67522655696055 89.84601794942293
6.011885285440832 222.56685867604344
249.26850179631847 116.99293280389
1.4720062989966864 113.38672287267443
216.56682753316463 221.68805433662268
5.412875406418161 110.14503851973927
239.67881409646824 221.21860658058287
96.72464150713856 34.480039270380736
245.25688029144365 223.26954651483493
177.0975015773134 46.27540025068475
58.29246579058744 145.75435432711387
162.9912589843509 204.2427833564974
132.98881885295094 68.7876680021926
137.7772958776061 198.18740113744408
206.58758924482908 218.3579835774987
216.76299159555805 36.56345757063273
193.22156437289308 151.4814738221433
13.91917052470648 1.762117161118515
189.7020924846507 132.69762178806184
13.396680484214885 44.25623061780728
218.4548915825855 37.54125839547606
86.17172199577197 131.54811739695475
140.62353984902845 50.533793255889194
18.646942543905475 43.11479371097124
189.02680048061288 96.74882964807554
176.90380885448351 89.1340340471393
97.59371622887639 63.69307484375472
217.3696128132796 218.11506466729105
114.63989176788716 73.85605682667226
155.1763003372685 226.77874215641307
22.57037151249125 115.37841868382789
128.42879634488338 196.59973873756266
22.92117387867795 123.82971695038691
29.582821730908343 164.93136298645575
235.25788653504733 235.59193460529895
179.6102714797384 226.48111232893112
102.18629858433317 154.5671286716225
194.05080422154265 141.40987672992372
84.0496143769033 156.00596399042297
143.52237740744394 192.62462102763976
48.232672311145336 163.87691025199527
192.60133308110204 213.52208549807654
42.968250399623265 146.93057628828373
19.592429736766558 101.2972013047217
187.77244959869535 73.77823021746107
98.1834976947194 184.81827178873561
131.54831820207158 71.73933009676345
129.5909204441244 47.728487826567914
167.33968484819388 234.34662085210732
91.41450851370287 182.96680468646383
130.0423359887265 173.12816616776988
41.171334190080785 202.1880641766576
28.846715445731363 120.13220295505297
182.12626310701293 46.435665763996134
63.386395272284986 231.30694314505843
196.2543141204857 171.69219144827824
187.2484767768767 106.29252939999911
222.9766137718861 179.3411255651787
107.63446854308475 182.9509425481189
234.60725550443266 110.56379220433257
205.51786121389242 118.1708648197353
9.280174562353416 3.3697660125475704
87.51916027982342 93.98971082601228
119.93546287156836 30.60765608264543
58.49086479928034 32.085175847957196
135.31465404517814 138.18825468194657
113.19726520245091 223.61035472045288
126.5826785739155 66.55610821638864
7.320898117590957 65.89182703632432
169.27850829688737 103.71543729435557
153.9901222658592 109.40243534944678
166.84232335305416 116.65697039944837
87.59730675733654 36.31483566061156
127.70608978102746 151.8305394518794
232.49482387277016 241.93954978803237
246.8909193294593 52.41207167320461
216.0910642741462 145.3361536611472
81.57627576307172 197.60322631393694
150.2211360987768 222.0126853055782
234.0501933981692 203.37292322900458
75.95297402907237 81.57566497077518
147.5534998751655 118.52312050155791
59.95393748609237 210.3916883309714
81.27965612193125 131.85632828645655
78.58081313399367 13.741826383670386
164.20412467266615 218.1050164335999
146.67394473291927 48.483431653502215
119.42619357553112 202.15111085755473
133.18701272510586 245.86929408254474
96.41129296831392 72.46550643589752
134.69118793218155 127.30143726478913
224.38630929178092 131.24128601033166
134.57175088711324 140.68125059718355
186.86448355493715 23.591674900760832
76.87200855158622 192.4602646721864
148.3185493152056 247.1618153744189
84.48163141563761 109.1329924550471
240.19921323405273 39.9337853761855
115.88905870403795 227.17447285364358
152.44919483510606 131.69470717167837
106.98231920058124 161.37633070436468
230.47913518175903 156.6814981253334
2.6530607501985823 132.83501101123485
201.25473199151864 151.31843499286705
41.665459954088604 123.1822900188807
96.0424132901118 127.28358088580264
79.38102190853891 10.613604538077247
147.22826684021211 1.9752764880505147
99.13408421352175 228.17664729907557
26.71156600738167 112.43869367367401
96.86954106527814 146.62641262679753
143.66019473440045 65.80178664534037
94.87528123961414 117.62146445352714
15.751234979195338 132.25697282655457
195.95063233337268 36.342257427814914
43.21026334161909 140.7951189607935
66.93084973539587 203.25090092655844
175.08090865863335 147.40720931321104
201.0859089499385 226.567534060601
81.20723019585657 240.51680094092367
234.6296107311766 195.1380322457345
161.51801171786732 212.82853197323817
136.97827563417508 2.8737395915686137
14.645547240710904 59.85142780452679
135.04769643238973 156.96912283133935
164.65899447480604 67.79023155216987
59.15914831626598 9.543266670562268
179.7874415227157 237.21041085179255
32.800544448676526 56.565289439820695
190.06848576934195 64.32486824141958
185.34235235941964 249.7526867538348
200.42549073277075 120.35709652446397
104.78840213456625 130.42920910455643
136.4952383938729 4.243309063246048
189.33372088040542 92.88805267143208
152.62721291121713 11.458599485651977
79.78970281687245 87.5977493058708
154.07859023875872 244.72795897171727
128.5163496724559 209.76638059787427
192.55668644007807 132.39469128887671
151.36499578513374 76.76194852293686
158.01796618296044 102.4531230113333
8.089954387457965 59.34100493474931
137.8454309096854 58.790299998648486
134.5410101243661 19.704937859104017
156.96177110502546 123.02750774529345
120.76583497239224 88.51924854342144
235.54154407815338 46.43360219827727
24.425989256318726 213.52999686866173
135.42051383253255 72.58920821459516
84.55079823658262 12.079470232203683
220.1566515835474 138.1313562395416
172.08435683348603 130.67339725551756
185.5259303098086 82.78020639636782
72.35312173007358 11.185878755347488
225.21253026396474 216.1938471579139
61.428731172935066 63.023858277883264
185.37898032215963 153.6378610660836
21.276656953861938 34.55302935563015
9.208716523506826 195.11467255095354
218.39672854243022 160.42917447953846
160.5158553569044 218.3616518711628
246.60750719951292 187.54642701586576
170.79233862909962 115.08248475106126
228.0556414163142 11.446242946674984
96.02702874615393 74.29443414124026
2.1108995497571836 50.61359757829961
30.523432077689204 51.04974982136526
245.84080195264232 15.077506394214735
246.49623710897885 88.73636410483374
179.46611016513393 25.57745805429848
25.970661305266567 204.91326161264226
98.5571435692729 247.29023998170592
108.89258883881905 247.02146331484704
155.41613314527447 164.46417066294572
5.68937690079202 145.09272529460713
39.486843361613985 59.278666747842266
93.02615210661929 201.0527877419815
164.7011021970276 223.50776632592934
155.35185433755208 137.37465490774244
114.16417056794818 69.93140188928818
225.4090989412998 236.48968251861166
50.85184619039687 5.645094772382119
140.17345822811396 227.27973249171424
207.84033243463892 197.27443166591044
198.36716650936546 83.7003246675003
114.47648948375205 58.203106480737176
22.523613966624 248.71209749377542
162.19696357358367 53.96017588348076
109.37372081175931 156.99876255890942
115.81175149712561 206.8798985636654
145.23852841708737 87.28935788471948
95.02669896675728 44.826646163443534
114.21044249133871 64.21248069453591
31.26137678616714 148.3387519538577
71.26641077160839 174.9597713805946
218.62972072587775 43.53923004782581
190.39357624087924 120.93742925213208
48.56315592767299 173.53677122585208
189.67550703432983 238.71519450666423
190.4787361164891 89.15033734877942
126.39527120919853 181.9980108603562
110.54047168996867 238.86680846160857
46.592770818505905 123.78259870099717
219.90839662304163 97.46690092427824
69.84529225248767 7.7874538376369316
45.97882599849548 68.16696006526163
3.2369747431749696 194.77114626287315
111.07190432964003 143.20304961451234
224.1946481765482 95.52263777691559
116.13852026100105 223.16805955092562
150.066297769775 58.838250066327646
63.86082459872144 6.04697827340675
128.29879062695034 138.00249145924104
104.05359673181655 8.56711587919623
179.50270071324564 135.971253834011
249.9014211684265 106.85106451372347
116.2846068967824 37.8983657399852
70.22171791075907 5.609221982524476
189.52128880981397 178.49773254352957
208.18216490478167 170.53045094466052
90.22261025753589 206.68495674768084
238.18121398280613 249.97832482254913
204.7040611563994 47.200586837340715
81.63380081987547 39.98141122141491
102.07765319490433 64.92290164537273
182.66702992114742 225.11821877631607
204.0370224614951 53.03620755091007
106.57042003789155 91.52173024695642
195.6176572780463 53.760267004927144
55.83734457797157 166.42481346307179
166.2430078858618 238.0865514028556
162.52614217108643 217.76439906303312
40.60056077738503 63.669508085677926
220.228505110748 158.00681002195944
35.871653904643416 147.58659568142372
11.218264271804307 216.03618729241555
137.63406969083906 241.64642085551841
205.42642127910557 39.14959438770369
204.3877805793102 89.44054300075801
191.7466178697477 192.1180456260549
200.48873818758483 88.93867196114897
139.70021606860007 21.07881447409693
73.98973328736928 152.28041820886486
233.94647705223372 189.24565724400543
199.59854612011682 106.74174338462936
76.66518914512407 239.24533366140741
95.88025464457239 136.65062812056235
89.34417926013494 153.40547760734322
218.05297871895937 238.26123303969754
197.11537873504898 54.679475882216025
62.080141835371805 47.55804149107479
45.420152956565346 0.18383710465130765
2.982195780372482 26.700550185130428
130.63884429317918 41.502554309809256
161.02482563105497 244.75248956294863
155.83104897533588 162.18340643876715
171.9178404530229 239.99651578127975
3.78586905235026 125.14526970055923
188.65902497568868 36.45634321507829
11.666192905472633 246.0588661329328
70.0387659576851 121.86997110634063
243.36616229735648 1.5971737915531636
147.49923313606794 38.97999287531273
71.14496181200012 170.00904234913796
167.4948292774019 119.55964394853888
164.14305782354194 83.33076908211152
173.83251087992124 186.51119301319937
51.42840902120843 187.79646205289308
186.48601785359938 21.98377289532899
79.76380812442038 22.952544472339216
72.03371460298938 244.63325087306984
242.69119968059243 153.6820773501235
1.736260356800079 73.16483242032335
128.58633947911486 153.39475495292862
210.2228906268115 77.95623544755578
81.07075136059491 97.54424761286585
25.70556237489885 76.18498172599925
43.58276521374754 31.9054406217083
92.3166204264074 168.7529353252722
215.58016892451337 31.764651851355186
75.72380429359201 192.89996497925029
123.28183836056711 141.3532682858707
213.26855633563372 106.93693173259966
154.5950133193362 227.8023628773291
84.0337972821654 227.97776777829893
124.95210390048535 3.034555333779748
239.69875346825972 187.06727266321568
18.971626471955634 217.57893608712106
2.980731306366086 81.28444007712903
2.4699107473210304 203.196352136693
12.688983154354377 101.8689481312251
209.34358075087638 179.66940114730818
21.123931600507266 164.40884114651826
67.74466939652477 20.48531788068178
192.88377157453263 79.02434709372811
165.5697575165525 19.09432745540704
194.09354042597846 197.7658629340841
89.58180747219605 77.61734548432409
225.7246854718083 52.121037830803765
235.43911641615472 99.4700694447568
224.766109291855 218.47333039563554
46.53376949539581 46.89371242657228
154.63559764749942 206.83922669938102
177.20433082687362 120.47750698811736
50.814413568149476 20.77573265979066
241.61301080399943 202.1709410444893
119.09820329348034 144.93603020261276
109.40726042021787 207.09378112065863
17.742829485487917 59.74489065210839
246.61053272448794 110.71482309385172
147.29365235488612 154.85914568069086
163.97057697694748 165.35195756564096
133.8570078722506 245.52083932008358
92.95326791474409 110.5291386503662
34.196955776240294 83.0662940839302
224.50160194144485 13.63307280835016
48.897872349047574 19.087368644212454
243.11509095455997 244.31672063233228
33.18554324959569 71.82040952501956
36.37163577388458 28.739803619722448
200.5226359342895 147.7053546859209
133.17414397171802 62.933102556154864
4.442339299771531 133.43600764896556
127.07165824650069 44.88516703590687
146.19218174543303 193.60119092914474
105.3505652932549 193.85225644132294
24.341564974496855 50.146069128821495
9.707019565573322 191.84810179404568
84.00305337153938 38.11349103723566
196.98666644304942 170.10591482745502
243.40553824810323 172.99364520732308
217.62599029987706 75.42844455785206
36.24622925453316 209.2315753115642
127.6021843874191 21.70391864644547
33.31636605232724 108.01119039848989
45.240330948996075 152.7025435436795
178.85647225071267 29.815787689865868
78.56750275380826 87.08546702545486
12.780840555280587 234.8403382757823
150.75029537201516 185.17884852214044
168.8630065998997 95.75388971055679
178.6108668652507 213.10683521857953
131.43032763512116 43.61240182571832
118.52626940854411 52.52462623741857
12.236634242239115 116.47433453300864
220.16862692564442 62.35731496286617
147.39211113525403 68.68529998092293
8.891999298150294 34.06583305001923
29.944708468193358 105.29158175747355
85.16851397531353 153.49455807128132
53.790211607824354 222.09695204921516
153.50211106989906 83.90712833337324
81.8538781302095 180.59305345213173
158.50024798639006 0.6508957140602956
36.33441784487037 78.90072682976177
189.4778760846268 52.7277728741142
188.846871003316 0.46648916048058764
45.49363610092932 93.60311570763785
198.90727319488332 13.261677320810488
171.02824531987218 4.540317001057032
139.98645705207636 141.95062579357523
113.36086198571546 69.713627310181
51.45670208013342 79.55192410397741
77.77341561489581 166.33213341673337
208.23354119884308 233.17037279078508
87.83003134080289 19.156349396480753
229.04510943904108 120.46213957873684
51.00722010720582 218.34623461207087
222.82472218110354 83.89353181765175
184.19129753215003 247.2199251247819
96.64475193451655 145.33844531312647
86.97303113778693 147.40232273530944
24.91399765971525 35.69330644311844
38.20832046516243 228.16836451473807
12.870059431604574 114.33809419074478
180.81811855162675 74.30466587552657
229.20294937823047 237.62618367730659
89.88388923988974 53.335495949811936
95.79262537303309 15.444198650566342
156.09249375056422 11.154618357955448
142.77996798686578 212.52917585098643
118.33801606460162 141.97236824293927
41.68546343157911 84.4710431832787
209.92906778222283 118.77446026896405
200.80164866867568 207.24583834386803
164.8433742752799 18.66254257897676
183.33805172177844 213.90779056398557
155.9985976466306 179.66259659487892
152.3789106929971 196.74983853787973
36.64240570933849 21.027963192729427
173.4224293898134 71.86625065880672
67.66077541203575 75.26255375426096
49.21925321002049 25.473827824174457
52.140723009299144 181.5593956885139
145.94066344028184 169.69417186791893
173.84236169887114 217.85876026425558
150.87926185167728 121.78752974640942
73.44999840093253 159.81164398730382
103.70235795830659 169.59940118135324
239.32697446749114 94.83543938759304
223.6719594125449 235.22356326993423
170.92620914894752 42.096126034490865
122.76644082179386 245.36651231624552
219.9553579619216 186.25081981981722
11.65445503587989 101.23569455056281
158.51167410020474 15.66109830769924
59.73717774442255 236.77764806188694
178.40978049099766 96.04989412872538
132.06988146138139 168.96912872113828
154.25105942186573 42.594158514073335
165.88678975622332 207.24269309779382
48.05469807457322 141.48173235175753
30.7447530759542 129.28837374993188
190.07462385007514 156.95935577757567
72.13569984832657 242.27242834523958
17.725758123830815 243.46725515221877
213.00641472053712 150.0443884763796
5.318858774712748 171.75859721501507
158.97332007356994 248.5680271634538
21.99474365523868 62.680021640147075
33.45508454247964 172.4912223344311
175.17651267117358 10.762545463962297
41.29975039478445 130.3375785004124
162.48948175614862 145.25305069051544
243.40878213809287 32.348323406387685
169.27291523507265 24.279550212449013
248.4683401552139 217.28291836867692
238.7764638246498 67.0064211469327
160.28575807843188 2.9511225717099574
24.4476261284966 21.454303750905318
248.4560455096337 201.57298075133633
145.03779693204612 167.02414985461022
150.33368392557574 203.87611287412398
238.79781483044977 91.51630234679331
88.42584730689548 223.12768943272118
71.50296557028183 17.853569631741394
16.5321270726074 138.7795501097445
223.82047792430174 241.0831382561836
82.24381929946966 32.814332773819096
223.76640416748407 215.90475747531488
111.63028749257987 31.37045959894827
114.81098617324301 127.23315913568337
71.70818137128543 118.47406431261007
214.98437975953425 218.0226989340191
116.08273392498614 135.35016010930048
14.142583018217024 201.96342695181016
210.81480926336226 116.82370805607952
57.26641906825339 33.831967326364534
132.89846280524466 117.39532949615713
28.13744465892401 249.46100732650203
57.88962048647004 131.29294918027009
184.11969285253593 225.18733401744657
190.30731365661848 249.62996261126622
185.3912953752038 109.79227689755197
222.60130237725767 212.0754551933993
142.52028246060064 18.478317766986134
221.27948656068438 187.8713775674904
53.44251679401463 112.8889164587289
200.6720136000014 106.44059681333503
176.35039240728574 91.40422971583925
119.57213760774572 169.76770058475276
0.4058328167212133 215.07970321088555
165.144287442968 230.93013448157046
159.1897963030612 49.19912702369819
84.04876550485888 78.47999041210416
214.34905920038963 213.72592873761488
52.182814750708545 41.3936778450073
81.20753297568561 199.73480777201317
167.22788926589223 243.77551972828124
141.0604844687363 82.72922829237694
189.36837510115492 35.688831551614925
37.083246132244895 145.9644721996591
102.53845348901127 101.93577785438664
147.35505752711651 159.3292153489167
206.88474616813997 130.10383168992183
98.34640304965318 59.52021285085399
66.9903769583912 246.84417521879985
22.73916106571816 60.70684258732489
166.41173092125936 217.68828279018518
233.95660154372976 183.84060901847783
117.77203325039481 200.51047129313437
35.78030659317752 157.94184465380067
130.57450756784635 37.58883232398305
148.67250358090345 240.4221634711752
14.751101405225814 247.34528556907412
227.48211467958396 243.88628839757448
154.09832156025328 121.2661486670732
192.53639394163585 44.49609022986198
177.67105046874147 177.38543088893536
225.87097074764122 122.26430821435677
40.992933391691246 77.41499580126995
45.5732983299143 171.90833366092687
67.65425818499823 40.87108840397063
58.903504978094574 233.06899610825738
237.76271392088225 181.3393667727124
196.6855725730208 69.71762015898214
170.99523090679418 227.77786308282393
90.54957621622111 171.5092631238611
5.609845516387324 184.17771271323073
58.649788508998576 88.74600711178543
5.5024254071334155 243.8233567196715
1.571190115220833 133.922230150793
26.57668037381772 185.9231620697611
132.2560581221726 76.83576569027181
194.7017610277583 41.12966896837267
61.637308512278416 72.9011137693513
13.087947543885953 54.39476879251923
90.47306819935177 46.499843362233314
205.43939327841264 76.47708077195236
188.84405750139877 182.73769986942185
143.34473494411446 115.36009844130454
119.50474105694872 142.83947243575258
11.450492288665432 231.11485395222797
107.1284955081393 100.56803291160496
128.35301349345448 21.257752290396365
164.8893519013295 104.67111140203275
140.133264202943 92.06525671150112
9.548787858058432 56.54449487187155
246.63688240885844 88.89331710537613
99.76762729742703 130.01330916996793
30.92057954287439 101.44950918840468
152.23375910796443 46.96104417729025
147.71398353856281 82.5554615381503
136.002481166497 82.18818092119504
120.32989973670938 85.38665564011733
68.04799158458808 187.77495173654674
45.929057744797134 92.77464093759097
40.20375198765319 249.51440465032707
49.34385379717959 141.17130951383845
68.67274338366461 227.15617795832546
245.54003041517626 180.23429189777764
74.87642615954002 191.79383783205787
46.63215906146417 191.28637016624543
109.5205516631774 240.48722002184962
138.9215349079841 245.5869113415428
60.93112111063004 132.49266082836405
180.824165609519 148.99105711767885
21.06633985243783 106.74429993720763
147.89001493782112 10.562956384191551
29.01773259134424 135.93074735369953
145.28215511067174 236.67793154194658
235.28417534073984 229.8777111927698
186.34597146796068 51.53972416672431
71.1078927354076 174.9224456059814
136.37900632603046 128.38615277866825
71.143008372619 219.73660796205544
249.25390984021863 120.20438522742863
38.6048458819733 223.01325003208842
118.0707207545078 90.38476467300305
14.253957200252215 129.6267112060257
117.0286349629735 109.47996245935785
223.91575049749275 32.07117955311969
216.9097222201406 40.406814567590985
10.291624200481408 167.55517903399803
72.90747984501789 163.52609380114066
143.82288021131717 79.72097519032012
214.17367283022168 161.98376129700168
7.0199213000946 124.15085870375994
208.2473933733849 42.807275722975824
127.66060418512059 90.94109511540788
180.3942455220439 70.6866324987847
129.14152838943357 161.67560312567625
170.0082244506729 85.19353161094786
196.62021749197766 95.70065802411499
124.61174149183834 213.4173749036738
171.10264779349995 226.83319252334707
110.67445016364242 104.2246324688621
117.62085548559062 93.67673953648739
157.51899754147036 82.75282286209953
183.2010109006357 88.43319780553487
197.1148708199267 167.58326945135533
38.70644935661532 80.32371850361386
56.15210721937855 126.50570531601393
86.50055438924551 212.3588952486363
243.05599245498377 172.11122793513013
139.99006994933907 23.770460140277507
67.47849237541998 7.807646347896824
45.303016688618385 44.30146733894405
59.737735011235664 207.91097947880192
102.63889814586958 7.35433891027909
12.861495738433426 195.0650845534353
59.59983145699291 234.21305506294507
71.1763755602158 175.10294082833445
65.82063118240286 155.0488504934292
22.52137935056153 68.8328276693754
60.16759234516858 163.7982790594672
213.04049455284857 15.857959585668963
78.82668522901045 66.46029913109852
230.62948519000236 138.35023742557613
240.92841174220266 26.130387010012967
3.462761689162569 92.27529745021482
64.84295993954903 218.87141063786402
94.46144650741581 113.97898736369433
1.1874390507660149 234.62821811307288
45.460200391813785 50.30503612850629
144.992185247214 133.51909724804045
99.097221523292 26.35566795584876
183.99248273981206 146.19083864996287
179.34063044805666 220.01545607266303
18.41833847516705 106.64137094274554
241.10198320366578 3.905094244427615
179.1459443646642 171.33546472762984
248.7862685426713 136.49996718024386
170.5661665062296 197.81137390279343
31.360745221140878 168.30844240267132
234.68261065125486 44.637464091683206
65.88869818274424 240.52754635211787
228.01676644543622 38.60962060382514
248.67775082093257 158.28974814658352
160.0158257666117 33.60149093121251
162.63487205017734 55.731105703002605
52.28994490915937 47.7527053401702
66.54961348409033 239.89187030426604
234.52248649268626 154.40150798053537
127.41841319434508 93.6920983695585
110.22006789838618 246.4562890206945
147.48719170149187 55.15589032407958
157.5689486563067 81.48114515537175
29.26845012957863 115.32925584323026
115.0793328028896 197.80773320321475
61.92295792602604 76.63387336676445
198.76493695913302 124.45653356287323
32.19607673450192 217.92356990869357
193.5920049435246 220.37486532353302
59.31929614417278 156.6231762141291
224.16647970053984 100.60033328426391
182.6665469495271 162.79055725934614
162.2540398495355 122.8246662159986
154.61158825191757 19.177915577157034
41.69399041286917 71.37467596980218
24.67448649646242 244.3189367069363
120.91842924447089 179.3464777896657
181.6263372088171 171.585516910174
225.32230452216683 120.20994586592809
172.054613787604 24.130914120739337
50.230353979256876 18.330751187727035
227.98711584577455 70.35989257262703
197.57429664650766 32.40937090196822
226.26007775960952 183.28618001291568
148.3576500935138 138.14443622904898
212.4180016476507 134.92188070627384
229.04691217898 79.64300614174819
56.29580928770697 197.09116343431717
210.13670937765204 37.68229181217286
107.21579884183969 190.88938491946598
30.083793659309325 75.03749888383312
47.99975968445294 235.38387951786268
14.517617479167965 7.707238232881053
55.84423349686352 70.51901405560834
128.70955701754295 38.848061408026716
202.9661580741239 152.26825873516447
112.4409463143693 33.34583573763966
210.89618019603077 37.52887295238416
64.45429242470985 8.81213581658688
33.858391124035826 29.270532761598382
91.84601643647991 113.6725903533053
179.1125287877636 213.16164156312405
176.92357845500612 210.3660268549983
12.340522838058533 108.25628957550381
147.55374543857147 135.54053375674
156.8666941847806 88.10756205567175
245.7466950396944 103.4363446945456
156.74113223483286 129.84604738732116
29.81621573548393 55.20859046971302
178.74113162187652 242.9112567728329
102.37935888772718 7.8945013788989105
101.17766731604799 19.200995119657975
87.00562297395304 47.992081233534655
0.2702084784498848 77.28662906188569
162.054290953941 191.9331608913211
234.9741048093328 67.4821195717768
136.69174721415828 231.57041906307316
16.345489917674733 113.56171589022097
47.99617556099961 215.1674029910291
124.77859603282437 180.6298932262471
28.05926092025973 188.75489520888144
92.66491408540182 135.6813073803322
126.62292980164786 226.54066814714608
37.66937647763735 175.38202403082857
201.014849681063 129.3495510970984
186.09555224756133 85.16398309461515
113.40111647502351 147.5811371850776
129.362369579907 110.42410659808999
172.28789582126413 104.53561764658808
115.15182355024417 37.71343924390141
135.83992873706978 233.86137888539812
196.70654340994645 38.828397668192075
167.2687534482276 202.22032870259883
168.76274881675334 27.19925456216715
151.1673067533676 170.0760477742025
45.668459265898214 190.04192706374076
0.6491149594026469 141.56809433600202
159.30896369767441 2.5034975128955805
13.853065443163004 138.67328238083064
186.53100641856403 17.343838632312398
45.8774369977551 66.42790927287051
235.3911364758473 134.38309510616918
213.1029977426991 45.22737825204917
44.11636284976633 78.04500155138453
179.37106872231377 249.05614994656466
17.42471698374545 248.18492640240007
181.26522071145132 202.04538534143583
120.98608329700869 133.911689173768
20.12924658993326 99.96516468479902
107.04375787100045 67.54256148945004
127.32834733633325 197.91681801037066
155.59932532646692 87.7210307901618
159.78478283118858 136.53798533678548
65.20499029477128 145.7379106414094
110.37944382362764 243.01569990708992
82.19775500767604 69.97275666409966
21.63754991211836 217.53231036134284
185.5207213878702 20.515240269090434
124.2105733219901 167.03743266092857
43.388350768638425 141.9211289441494
127.13143573484837 13.041056710422854
225.07024684368238 209.62830157043646
17.46556008582914 229.64889598982336
130.09379764914436 202.22674004493896
119.05246860479247 42.70119196868158
50.23149605023103 30.886334395026388
126.18964358897136 30.472750041732027
218.84076537231059 184.8000262120492
0.7173731432026653 170.7947602657317
132.5427342049875 215.6043404173111
165.59323242414473 36.33324074078259
7.055376034090566 248.44368438746346
190.30252719779065 231.3846414255402
168.58958357373137 114.13453788369421
239.04696252151476 8.176707633966608
33.635294427156296 55.86000613249675
57.64089811687684 205.24012943677263
11.450853346626683 198.34965641660057
114.94099711254164 113.1052652757959
136.24287201099804 216.23246908722507
200.49942039067324 50.966233703905104
218.97162352510495 223.57367966425522
164.44714826759613 76.70667917349947
172.6345462028619 106.4383981606996
77.90819478675473 185.09151987816392
38.06254549548505 119.55649844820904
53.42285591038015 182.19649548320817
197.10677264016917 166.6681507170976
56.54096068144024 13.224039784705127
48.38195121548555 206.83581646815364
224.09407676953046 57.362627000328764
235.14718574086874 150.1317702261005
87.67729114074905 175.10489466686906
131.12480461205882 202.48489848843676
208.98282085794028 116.31480157626814
13.171696321565229 4.502328739853096
174.27236941005592 42.89217483046612
194.09353569446145 215.10361049539975
40.83760122745228 185.22374603707652
169.73450363727608 191.48104981436572
78.89569959633461 151.72061831423483
55.50615994255356 39.06115487578629
74.02778951729947 187.03902995162926
209.17464402317694 144.13977766104117
39.228891738517405 71.77437094211331
116.97599730583497 242.19223359002544
80.08773854199228 187.82188686709014
249.74105803709102 27.791380584165303
128.52901414963867 56.37916441943228
3.3800596998335153 134.43958973930816
82.10828871257681 70.4084733104667
3.4712378674686684 140.8590781640044
117.99156759316406 210.40318033810655
105.83125225874993 40.25868695304491
3.6574111215486313 28.356395163164404
200.1910282769999 51.57800912480373
53.10511949137714 211.4786521539342
43.286818364539265 80.32639846333339
191.04309675430136 59.134419708795406
118.39323846862759 139.6112798798491
72.9381021112027 235.08599439913925
224.07623129036523 99.5826541833042
44.53290228883236 228.77528543855544
243.59799736620312 234.4227183125276
197.18383456581947 40.779392370010356
17.75281407673476 228.39006977783745
68.53466598425493 235.08322696956446
152.53076235829303 201.36235972963664
142.1113060801431 72.8480803200654
112.10649076795181 115.22955025705647
14.98124391429151 200.68047779941563
206.89689992245331 198.24100866726954
132.11171160768956 25.21788415044135
185.35761444157478 149.32406708322466
110.39623589641998 146.03270235923011
47.06407706336954 174.5789012948925
222.11256963373842 69.30952991281808
162.30566111154178 82.3296656862077
67.76110739010564 23.230333008692593
211.23983192595654 145.63170097287573
213.4012448640822 84.51701246520493
243.0278949095764 107.38011692345034
104.28681118420147 69.0423433826959
93.34200884301244 4.838159986233048
69.15426918154338 142.0960410555719
18.109713428327872 241.80737544110744
111.45530767124623 39.37934147165009
83.17503891276843 59.099543948083
66.04944132634921 244.69383169218577
95.20841585554604 117.62940295046589
233.89345467702404 181.73394974466382
154.910651575524 245.40606384194365
248.24962421167572 57.644022651458656
17.64424764442532 68.94593463313429
80.7878787603803 112.66352424661105
204.12912553312356 56.12703887769291
198.05599896050305 187.6736078434577
5.0226736882549305 35.261730304029044
27.99337992176987 53.04424534799668
130.6891333004516 33.682860013447225
80.8158179210781 58.03473195543615
103.97897482203403 81.6365048158492
37.55861439169122 44.10686331877284
69.82084276477737 96.9449863206025
249.13677449943253 89.56941839235324
161.138136382666 165.79105555555043
228.47117774093743 52.42908027602536
105.53457302290568 179.99193324270794
207.35671124747648 211.1130437598937
208.0604068265809 42.38866461857721
114.53385831944038 29.704925546733513
108.78002685827184 240.87308764107487
67.50090186237323 100.17682054891847
55.616138430151175 21.361378286852332
174.69743249532578 23.926563581572136
43.70045276601167 187.38701206587245
69.67391795070942 146.09128660879466
53.31804501211634 101.60685547376549
35.41349707535238 12.761021825860503
224.2353261953748 150.484475492506
87.85518774521076 190.5717972704263
79.25805037291484 190.80678799007848
190.17813396657613 127.34369847348113
27.055171106277946 183.71318964942276
178.751432059288 7.600222896714221
59.362592419027386 28.728193596768204
217.4348460041307 49.713097328916405
195.24876626616194 91.06432746527219
113.95920889061057 243.69647377988716
134.7895453272922 149.1023533954201
246.8303588515842 73.73489038866087
178.0655319069735 184.3397134126376
12.803774076780266 73.79596947856342
161.86383369366538 52.55417119242689
97.31939552470176 245.5828550721835
206.70771125744204 109.42748761012805
198.96338592729828 168.38707564789007
155.56254901398307 5.514246453546673
31.33506762635144 190.65564088623316
80.68908544778417 14.23562021772462
146.47371286793216 84.80590346881401
24.244568242706404 207.0491752310886
154.45745447872582 33.600779027821936
185.39449358553392 38.08786220051413
75.45748244850958 32.488385135109574
15.863267181838225 122.62360842966497
187.63948853401016 167.78458991886544
218.28463760111654 239.96871382892357
222.6952158032024 162.24715836301309
65.66587191157642 183.5784416247864
114.07226806364915 157.95004546844598
20.238165936523057 230.44352788266042
190.94934630785232 8.561315531046137
246.39637977666004 140.13752925923416
18.238985893919395 61.69012692862719
174.7998957703325 33.8246960113332
139.85456853047927 129.08130241778022
197.73919974185276 137.0405387731589
195.99926024353644 90.1170249834715
205.5798492948798 147.62303408513964
105.0225366051848 211.90915688304895

8.6 17.2 36.0 72.1
17.2 34.4 72.1 144.1
25.8 51.6 108.1 216.2
34.4 68.8 144.1 288.2
51.6 103.2 216.2 432.4
68.8 137.6 288.2 576.5
77.4 154.9 324.3 648.5
86.0 172.1 360.3 720.6
103.2 206.5 432.4 864.7
114.7 229.4 480.4 960.8
129.0 258.1 540.4 1080.9
143.4 286.8 600.5 1201.0

2 5 8 11
5 8 11 14
7 10 13 16
10 13 16 19
14 17 20 23
18 21 24 27
19 22 25 28
20 23 26 29
25 19 31 34
27 30 33 36
30 33 36 39
32 35 38 41

