1024 3.0 0.0 1000.0 97.58356155668649 3 160 240 100

23.135553667797765 157.95236163387568
1.3452348971599304 190.4137145634657
71.3906913401876 35.5881621661239
50.23028821360151 51.70143907661015
201.2856935909037 161.2036611644662
218.55509080861015 113.49463092349002
162.76554913867133 97.85849028450583
56.52576797412057 14.492536115855103
63.546103188694055 76.36892773622984
44.53072666363156 113.64088976960574
165.62820315183797 90.88560178612606
192.31827556652223 218.16673286461128
231.5127458918474 196.0504312508813
22.17027907919511 66.47038437954794
122.93220901063465 75.44806761370037
14.06778554899238 29.862339595526922
159.93984186020649 22.818587610967057
133.68144994698773 249.99542684849743
106.6042612167963 79.60826813922941
189.5627212720879 116.3132030537898
232.13207861938278 101.10516134886191
178.17982694974208 215.47196015910797
192.86411728270846 132.5002108056171
135.29612984590565 189.9656252917284
159.9805202932814 168.66642585642518
0.9313914985466798 123.74875595166392
63.240341909644556 32.41280344843403
239.82682214188264 208.81023589125024
211.238893541751 249.24003011582667
50.11089128389623 235.63870960077773
40.606552356408145 207.24991235248464
238.7720327322427 113.83396135164281
151.82557859434473 172.38111339808756
84.07698523046838 114.52730240871136
217.95498760667203 197.60847786934073
146.78112848093568 69.27545364777812
235.46005830603593 92.30023306138254
7.386242302167279 84.64506011768519
145.54502882784354 143.81738828080847
33.41172760550626 235.80057019441603
98.36328241162259 115.22195295052529
129.15497737566125 187.63230268914822
129.50203659555956 184.8401878972267
149.1831507052111 116.71875679417235
133.89626421918322 127.38286720304937
201.99999619166147 66.76123914959662
17.206288679296577 247.71909611699658
151.06226185025486 198.03046393580325
67.89968789331388 119.69054354186096
63.05262399880102 22.007100156096055
2.7393556001621686 121.07578151766788
17.02125270447688 187.95956184497098
9.141018610021673 207.67879223681703
94.35628596674994 21.393144355697697
187.10434557533395 36.73446251342205
72.86270727158164 245.72511388639194
120.52117646686233 91.48243929480404
15.378599611252513 55.55000864658263
246.42659620665526 64.84727405053908
28.630499718708403 194.07722183702256
127.91670792940096 135.88798410660166
45.25796064749943 249.74054183215407
180.39846085146004 41.668112717782094
15.843448143819689 37.946122910982375
79.45305621683832 122.75214176380963
78.13690502713436 78.78427310788047
151.53155856981198 103.54722987525139
245.68567435831548 228.97142482281964
87.66286455050127 201.67929976356345
91.35012300519926 179.91955134361493
158.22961890940533 139.6010625724997
10.899524150160739 44.978411766379736
31.505004475259472 46.250431891671994
11.168715669472723 164.6879124050326
218.65293396974462 145.31273144011342
91.90518171940556 159.91748861287084
116.98353742043766 245.47066199370244
97.83738825831712 165.93901169895526
72.45720276165262 163.83715988661035
215.5908005726624 182.46935058714928
225.36514642072845 238.17877597737746
47.94963873672281 204.85201786622613
204.20254449167373 204.1704137685958
146.3723592164094 24.01945683008283
215.6948960696351 91.07670145513669
36.66406575187006 104.02911910940333
10.629694430026786 239.73759627083692
131.66362073901047 81.58006481850305
175.38932163458327 58.754955659291866
17.82392659671217 211.63256838743726
95.0149087449535 40.17437123276904
204.47418704145193 197.38819175713468
151.6127961147853 44.45797438584054
84.2856636427722 118.61044891867576
58.41453315552903 135.62290663701953
202.70464689001378 115.7290300438868
225.61210973920035 15.943484708040966
100.79346142113202 209.32447043655284
153.7996438316158 81.76111061609804
191.87353799347943 146.66779898597252
41.03866620966781 112.89141342546036
23.525544893952173 181.70708611443487
78.18171946383646 181.08475191500864
124.0858162720129 72.03487368391401
81.09594754844687 145.49585601691186
104.00678817611306 238.71484736496686
50.38912975661394 138.67381054595776
67.53304027309161 128.0832486774077
62.4020771932455 109.9890303771286
1.7571546144123096 231.09015801717922
150.35729110164556 7.803202103689316
69.95348352232774 206.74120792320653
41.15867503074361 46.46959711919407
88.63573811226902 64.26242738579482
63.81317546543652 59.96078876625063
119.30921655170904 153.29740563386324
144.93223839417803 234.2644145238368
192.6891746562363 44.88051555480344
177.5221735085355 244.10323768941635
228.6354259887612 135.75031724670808
34.1339851858124 56.64812723517787
175.05706310088544 243.67350005547522
205.35634291287226 227.73329703609312
225.539640911412 171.25259218016294
219.13340379016333 249.60936911765887
150.92563447589922 111.74964390789377
17.792526305305284 128.2897585186324
119.72595112445298 83.39246101246675
157.9511689072963 21.528587778156723
184.53523099455862 212.56427658749126
94.78400753830765 245.70336590436742
19.08443684731889 19.02106090294209
164.95248641783272 177.4406861232556
139.08855147690286 143.01319816302737
121.24779152515042 149.7858965349738
176.83861293074335 127.53617375772158
134.95825934057783 94.66030043214413
210.88721050793174 88.55902450726636
91.60784817892664 13.606594851182457
194.6397590039981 30.935847041858448
54.99405314660238 169.63296043115633
41.53711027606866 190.05421919543846
148.65885280881977 242.96365464708873
213.38905539419866 193.34427068243923
137.0117830781398 207.57416244989915
173.5627904414976 140.81612253059842
183.76062826809343 54.46917439273219
26.268484829387205 138.11334089120186
209.29734955909126 62.74500902732677
188.33400497716934 48.29380602097952
45.78578977522341 196.15554530825267
64.87473830773871 115.61918865286962
47.225705086828526 15.80537964707443
3.7376169211784105 85.67516640918448
189.8663035408079 33.32116263883808
216.5281979349833 105.03339430754238
116.28542794498772 62.71719057276229
218.21209560752519 86.01562791722614
121.68199026556192 88.94481976721966
232.2657671691051 206.86357404151445
129.4384458791568 91.9301670739496
149.68829046561623 93.6261866851849
119.7960111886521 214.50861529315182
208.1548466938551 53.300411427275485
196.2260416771922 73.20408809506196
200.38866133171805 172.14924508720398
41.43914678656005 94.4285298089601
172.45939512266753 180.08035565863483
25.74631567856897 61.15028848297632
192.54511194615708 110.72173964515528
18.333760198282338 58.04432064002468
217.07199417750803 188.37675362549913
143.0220776619567 190.03242722538656
227.28529652505895 94.81412823316568
16.160820694512886 157.1117347945111
187.93396450079692 184.40435282453535
127.87098384157719 112.7168927121323
44.25067369451341 87.3093284467146
217.4501882842266 133.52549427306144
170.14133721938583 205.57113472845396
85.05099972674596 73.96575748948678
87.28047565793825 112.31491718470681
58.57093721793216 172.15372901739826
33.492937960461184 25.99556022824945
25.446947214454063 131.43707188720137
67.24878735049487 103.78695168001367
63.73688844921402 206.6358214970493
191.73786145021023 143.54155360249484
52.82696723807798 43.32146770922218
112.9228626474989 219.86944567532248
114.16022924407137 166.02449026509868
128.13612220596687 16.491728384621762
4.097156719633427 191.24318657494186
6.150494754226882 19.833690801835115
200.4615065306868 225.57978020665792
144.90319484171516 231.0344476925276
26.542612178402536 26.36692988936515
215.6980637863675 214.39410795329516
145.6901979985553 1.960948623921016
146.86724163503115 108.17482061091366
138.6771163478335 71.71604682371435
167.36376970165693 185.3368955872884
169.08473880412194 176.7752800877828
28.31428787197396 115.71954956601002
192.40665861291072 199.90376875873758
179.80522787196261 144.46818862406226
153.79384904685483 119.00473681670177
4.446132435016792 166.80135072750713
194.73089848343997 174.74481950422614
50.902875922857 142.79421809868677
216.56108186647032 1.1674143227057288
235.26150888384586 99.58510424543843
65.66807987994319 24.330554535535065
110.78169091329163 163.1733685682755
163.54083479232378 55.60090739675324
142.5424775147923 124.83614308021559
166.2352109360982 186.51912011125404
94.07442205074776 11.401998431183753
70.25918538347959 37.615027837757694
231.4942202667416 218.6550706679862
88.95746237740398 193.62888829126484
58.20849239649048 123.25470971160499
2.608891959555437 5.384059593971507
155.54479495038404 122.57027650849531
169.62462421938548 81.39599129925686
246.5965557765551 103.34995855416624
80.32685985802812 206.01741541375492
0.007114012823994376 31.699251429587573
230.06747331525023 230.36015932053874
200.46595928638652 220.63898919176708
63.187304281689784 51.344000812389794
14.123114792938763 154.66224429655668
236.22881669738302 16.700394629515863
69.15188898430976 163.1256533914559
195.03575303830175 202.7175137600242
98.7605500273519 127.02097005863105
104.92147586298114 39.44762041381611
147.77074907844755 236.6977875155156
47.71801629707953 159.66666502528815
38.46358360811636 179.3872948424751
53.783896270585856 216.5411510830911
33.361011010321434 46.77218338525771
230.70429197910573 207.12177653920912
126.21420083841048 78.93947587092914
8.228103276017363 77.82693848698258
163.660602719962 52.99136316149311
144.38438072685688 189.46776792551333
118.38994040661032 166.22141742856152
57.87396012332985 37.991091759358746
119.30412714725466 15.622253279839738
243.93255396709327 204.1768904589322
105.89998216827662 233.5588314479491
114.3511740783106 222.67765838604356
81.56536591560837 152.962714395511
45.44125667100285 20.134648443160902
226.19660146617775 5.840799624701659
5.032715887370393 147.92259698961917
181.11982958153604 90.900458286481
125.26289979706284 249.34912941154153
122.4023065965433 104.18554904984012
164.5602477700011 171.81754847696766
216.38235636301144 3.127366649626068
178.05081450428858 58.6435692675151
48.43168998026273 36.770102551483525
92.26137965214006 32.9237828233026
169.14736438939534 43.56968547112069
156.1094566359059 104.58509772334027
201.95946895124834 79.97992766967754
2.6756573901427494 196.51558639276854
99.70850212352141 12.30014012708433
248.0808289111693 207.83982782798802
204.34546394363892 144.7482840740775
192.43497005975118 152.31604024508906
44.11039780964235 228.50063732840727
36.192766214161374 100.98102373225879
169.8548496091139 207.12427839404845
178.51172086587292 193.7202393314304
246.33014925421352 46.65589474780366
108.43237314776549 40.78410581571884
243.26957381325388 218.24623634488773
9.117204479300007 82.79577599515206
176.6152513377359 53.094281060411504
20.391162714044953 41.455333722439676
205.53500660254647 96.93469929826875
128.63970349217348 188.80247307731221
249.251099858726 248.4170435860776
0.8229139243718375 130.9815321421702
240.6276640292652 247.16170896745942
18.708119910034515 140.6717095415111
228.547875213373 208.6582609700534
109.5826585259462 130.72896606997756
101.93535115098246 6.44576765558763
123.99791905673976 105.13005770653675
115.90819216936968 156.22008533464395
163.7200787547468 62.277315823812906
15.960908903979359 223.79106222568018
3.2624697118346093 208.55752350572007
241.34162452549114 208.4674708943771
127.52543476800382 133.90334753577244
153.65670333466286 235.58848007693996
56.10634126760644 145.30082321199285
131.3642355409162 248.20250969194655
101.48299762405146 80.4559748279731
54.84816654121849 165.60737636252674
25.02798497458039 132.34091059654412
63.86548744379306 230.91536250444054
115.1047978883083 198.36543226776618
238.4109461441309 2.821351251015791
29.864379833555276 82.44123459154932
230.91504365882352 167.85692457593234
10.956015322769074 86.87596520005883
78.14908239705629 212.73731370263218
235.2217548011466 169.4687446905732
91.97168467680844 147.60203524566046
92.73067953357148 137.1469480378367
166.01171247679216 109.88876760734914
46.77147631534864 149.22778038524115
124.03232059293754 147.8320542522702
27.863482860361778 6.82003268034398
80.1074161054744 21.91208952969112
208.61228452113667 157.7665975977665
180.26377100428394 138.26021194401224
25.710415039598587 70.35209084362768
175.3186046736822 159.36046239906128
16.00263017442549 133.63033939409976
234.84686599018752 137.53066033676012
108.29101785101939 43.727003173889365
221.64742438207182 207.7204479451005
200.5731704647178 196.91939471233937
144.6924397480503 110.36723251474994
40.74504783034386 103.02597983191275
216.18269813016602 132.9525805048356
48.848553500346114 33.10948549619966
184.52311554565838 186.3565436379459
186.52230129285647 138.26448693994675
205.51789892687287 162.47565065923408
233.52301402233985 201.54592718159532
32.03846932186408 16.0350497379084
95.59532435612891 80.7176586037808
110.3810863932774 54.580033382842394
194.581805381339 175.62374547595158
37.0398749490107 56.51075528233751
116.32829775094616 43.13482122289938
184.95658626309304 105.58288447550143
154.52867835991836 10.229759869289312
163.06185193875802 101.5663580798168
94.12511686880998 131.53616057582306
238.7951547797391 224.11727092144133
224.45015919288454 24.250976237676525
68.04009723123482 184.89188928341423
154.7044227636422 61.16617164220928
9.258524813554935 237.05544704127672
52.320166616976664 12.498824473139214
59.5911681796936 169.25335439075653
153.28046240327743 201.44492300384192
8.558053684993155 171.03349737038826
32.3949654167055 110.41614134972113
180.9318389666874 179.583923205532
161.39999069905576 75.8686665496886
221.95287578867647 176.74275063940058
27.7897872018574 190.59711919770334
192.8833621749164 188.51961844471444
16.263417266031226 183.38306845823882
23.711633770262946 6.160476333567671
229.87355894267196 239.1868247261028
217.59769031956435 204.30048783062458
168.08282315756347 153.5306735755009
213.47585645014735 172.20361603202338
17.082052330930185 197.15589182935162
109.98552936051675 212.82583828651957
82.82739744860854 153.41163507333582
103.526676309704 81.44815909802008
198.1083130310658 232.83212251817702
121.23089732336575 234.3534100186793
115.31276490669215 117.14897251085762
23.91716448864972 144.09666602221535
188.02235776954538 31.23903636400069
192.7681101092824 34.61317063984964
192.78882621884685 249.00911952386636
150.85760236122061 79.96814133692212
202.67343751214082 233.57945508314916
199.37800345417816 170.34017945535933
49.564295029082075 222.55345137820174
94.73537534279552 199.42366489370383
223.87273268872016 208.33065128052593
219.12338419401206 180.97102044708723
184.76737304732515 113.34708684694975
110.2483175743588 38.350011906986396
229.066981740335 206.36553873032045
132.81950709009155 101.68161179041287
240.9922572430223 192.94051603794054
132.8299983974062 212.38706731833824
83.12267369506124 123.65416249799819
85.24492584213334 53.34749056919485
78.92138736525042 21.085392873621128
117.04776260434646 119.24415450318665
45.92679174490344 39.29001556548412
182.7985017228517 169.14515151813862
55.96583757974036 44.67951043559423
191.14562022101842 168.91613823858808
115.32120462643802 202.74419541920628
134.89099707711128 167.35859898604514
214.59817419719417 164.25545169259885
21.545993190832196 5.5761613853961
8.029743907526726 122.12145484564063
142.46234131583952 128.50416008559702
246.5181401273925 205.62601637830778
142.75620468346298 94.88294425993377
131.85080104840813 149.42679724795386
125.1392607988856 148.6719849516542
113.74598167908093 22.498818516599155
159.11109362218087 171.3595122965603
39.57729170850274 207.5502635603061
188.39253546151474 88.31384966160697
218.00628637096727 24.979183108791712
174.66864945018847 178.77246549421506
33.725992400567925 123.91221215008616
230.1132362698519 85.87939072388936
120.92253846422426 245.12187043176857
205.88230921792155 1.3342414394685587
228.18931677151073 97.34218755973679
186.56552273897037 89.83775345518835
187.55936605347884 62.825954477359474
118.25974075899873 86.33335811983106
222.41970648683662 172.68149906991758
168.8909401047178 246.5893739545246
55.59929760163448 30.83285199204949
238.6577326948472 247.0743311246822
150.5174135053238 159.90610781416726
111.19400299571774 92.88903444841127
20.452829801655387 34.610592839996706
161.71862629727443 236.90646335399316
246.40657884361391 42.86130840797131
190.24973629705764 62.072518076718566
234.33347170550883 201.0606979154937
218.10689508652212 164.8511594239383
73.52346320043135 169.1197497999298
185.74168435051203 14.894144718455044
184.94795754250535 29.84241789508793
179.85457768550083 119.72723954984075
229.40660918156377 201.81370902927537
158.7481716640642 200.70718248903287
196.94096478948308 59.13654539028107
12.129353854094443 213.5029061299699
86.88304652888878 221.1136893780602
137.37033866287874 121.68683268443647
159.67654903642136 90.12402149915044
48.48580861613069 126.41465507384369
129.5994061439102 89.16084107142652
232.55904757198107 25.00535559049316
164.0284187095788 120.57037028315712
17.281091537654003 129.44043217458383
91.19815913221215 7.5291271368082
137.62845915713396 188.2645003126301
18.7080712961569 223.08921313583764
210.9504968254369 229.12561792986236
89.1223471074337 170.54705466931551
90.71895999188185 162.12912642833163
23.195630347579403 39.54377379521418
104.96702868547433 170.15169730317788
177.4221249059303 60.11091926832468
83.08106901314515 98.24961877271171
87.88198788461688 75.00996053994675
87.02209553183035 239.07461226121413
217.93331698112164 164.14456271341982
1.9004020644174113 22.840731608554183
59.77087907818287 167.8914866249159
43.758166101283216 223.57278121250997
6.730470605791239 185.99946955538118
16.776151871438717 122.41737327297164
127.24621899610405 49.170032383656384
247.21304280266065 69.98019182700006
0.6845453344707653 25.943271305166242
156.8086343637006 148.47623680342141
61.234840117389474 128.57172937677365
211.73328354199924 9.692562611433807
23.09823758149243 3.865333267010107
205.97238988907088 80.71700751541545
223.56470618422767 18.2346032472486
186.028118041024 93.51338251583974
101.32240653551186 86.43401609297236
210.89674851262038 162.93301686649664
83.47065799183808 61.20611760206726
209.60781118323538 167.13024796006457
119.59169769380948 100.65529673835275
228.0224610186968 194.12446389277557
211.5518126688288 119.20293156738795
145.75150129557818 232.18206595990563
135.94149096531163 177.95123920243756
51.787355517056376 190.09899109113408
3.03102377093209 207.96197799046882
84.419932740645 215.1121862000761
54.60353197867668 228.96635075590785
108.78223393224526 90.94026654337587
0.812561588077465 96.6237825173456
59.092023869539155 99.07043377678964
8.839638469024303 222.0123790634202
48.35960153918584 103.2789671108591
222.45809890530538 185.74263773005873
237.88614016371739 75.69591448400365
176.43107977557239 79.40454788116885
28.889886346322502 244.04717848036125
168.7231736541768 134.20572664770168
233.53777158682811 39.425954477916605
76.11352548684062 243.98747326167754
153.7873492501551 230.84537636396018
79.0745173788297 186.87654542520767
234.612821969416 200.22568419497966
115.53896870382205 59.21556184968799
246.7819373514486 70.5073371865475
119.91512620787532 35.86174588507179
125.19977746746424 219.2915985488416
36.35220568632219 96.5761991209122
28.765675539613678 10.959714545667937
167.05527094061873 167.77944557016713
51.16015410760452 24.524343224111316
11.431419786212455 143.23262900482013
205.94609601101672 168.74262564188933
167.48058822846707 150.87505039199718
32.915686985483 39.41719800658003
77.82399155778619 18.565074058026433
30.34411758577424 78.05379807198695
171.26162601543572 28.063605123273604
113.34081742243188 164.22639189705845
136.74383907660436 81.24712056345604
237.2024656318076 218.41249662816674
145.20928903124064 200.1144158528939
1.5767099561383169 226.23875239758476
143.79222607981927 221.95637272342424
83.01258361635783 236.05419440984824
242.08682408894708 144.95337535439265
123.85829108830076 110.6179360341488
188.1667619357549 234.96111924613552
209.65248058822647 177.15533448132635
85.10838740173895 27.52507487810868
69.36109562874762 188.1953439149415
204.80386195093035 242.50096299503028
8.696576454089112 160.87812050536243
157.42822578902587 226.69622550553441
97.622101019519 186.42618620998135
231.43680816001034 130.3491420614535
109.04202420724322 162.9383253440182
152.2253687888267 192.7380915419827
179.32530677702303 73.4710749865747
222.05842190173445 178.56703468544663
149.99118127596404 47.54316306744916
58.30471191420733 91.37002964523874
153.21181003480302 188.78565942433733
122.26376570674307 4.133405382648253
133.16114794140603 105.55048106664991
180.0919229453542 77.97754713396779
100.07293840529339 211.49047627155016
101.20145306714653 101.61732685965377
16.449487883728604 74.45065473797177
245.97356493530242 117.86045039032066
22.549517350343773 192.86272013275635
107.47164694411515 0.40977356199425885
191.7465060268228 241.52681786414936
82.38922640262649 159.5492270146401
155.72044355632033 170.2762079259017
204.07694492690217 119.90271833380545
122.66881792510969 36.91075840106289
7.6648076386997275 226.9425739573708
232.9079905257418 235.10230108616392
31.371309635789796 111.84544232011778
97.57404917745508 50.27945124984992
73.69134141447839 63.62765621750277
213.8403702028841 166.8161608189834
31.87037674027149 130.21093424879584
36.31564527077516 24.223830793423662
103.01969719931472 181.6355617093861
16.999423791945993 151.81670100239484
30.94878644167698 229.6072098880857
184.8062337717775 61.407582340297694
203.73390632794664 124.6565991537933
146.40274036083306 157.35143450858158
154.2492348953659 2.0007435283556365
68.99260237443939 47.99084126218517
189.5355281532704 57.34395717070051
134.81478602249396 246.30959874222734
56.13771822845598 25.139184955994125
6.318401558721098 57.146339682062845
169.33328952273595 167.89464467257736
232.28220196119392 3.8258327652340163
12.674722916924953 28.551745443952587
119.58697049033856 143.74275009769363
39.51559969173204 132.44252730812275
96.58213001016128 16.530832043035375
233.14309526120314 187.77865790407182
214.63352862890505 150.4897208940147
183.8151479175315 12.198733865842776
193.83107433094656 234.80431579073098
208.56142036519785 73.93965811635672
55.273279528807564 53.307519516064076
87.53846182254176 99.27880322108234
119.91986233186469 80.57979931273299
117.94468421531509 108.51098445429692
118.03352305497852 53.15733757660154
91.34356138581387 190.20506134040036
9.182226078396832 246.49068533187747
247.23602753850483 124.92318404560248
239.61119364595316 170.79965883942432
44.609042896292635 108.90494394217548
223.08882046367188 226.65044088975276
239.34904166127166 131.82994686478662
45.72218587615237 144.05244212051613
73.92921644903345 210.72526184417225
31.109382755457993 114.04520282332506
146.70622105572224 117.86257123898841
222.09065098514637 216.6737033485396
154.27403747919737 18.795405619936506
56.986311752873135 76.31529763130929
122.9895286107151 74.01803027091842
62.530579574351016 28.135880460875313
188.98689240805294 197.02127552024717
206.02846369059438 12.00922519791703
53.08940917862484 190.22175497423763
93.52161214268371 190.74015704177478
184.98611159939318 90.4293798752163
145.18696890496733 122.86760637370602
179.91250167767703 146.69421169091987
70.36142412710947 185.17416371477233
111.23521210264035 224.8604567985509
68.22460418658629 61.180629108593735
87.13033125763256 39.726472832720546
142.31296035147759 63.95311013625393
226.33560902780246 9.52096300596078
70.56181174139279 79.3351526360031
98.26401694216742 205.0984191583665
134.57212916049625 168.86693223007575
151.92975094971447 212.65622470920366
29.432960441492657 244.8346735742496
238.7281425954601 99.33270266916801
23.41125072007566 29.89922097832992
201.88876396228275 242.26165393037368
174.35594018618653 242.19451164986742
131.98960888946624 16.55189090587969
102.4386122061802 245.23001464236845
160.3692589461985 120.83824500858262
232.7268040913105 90.96160469357248
58.82323347677684 207.09177622321923
206.1903432609815 125.67003803875748
53.1432463195812 113.83731904430869
64.11954979994961 229.1256854690842
120.4503210631031 32.90153593001804
234.13511409930786 201.8899018846617
244.99569742978903 97.12813005456042
156.29795441184456 34.60014160729249
109.19830767353506 249.7074364893129
194.18916435981788 191.82614798270174
197.35168171416848 231.89440023788853
38.2920409560199 127.6362418067641
144.0942036442024 119.3127705172905
171.96581316794175 118.31401634354793
38.01533868616364 124.27927254387292
32.155041431119216 128.1930096860562
123.96236903312752 194.12169364992653
214.29877920773603 212.4232437784439
242.92622183222613 38.200630907667176
63.682592840345805 38.40146696738278
187.6756163463075 11.252000388655926
152.75996236983033 162.9987150187374
178.0412402457817 225.30837579487692
35.43128928439532 9.6209690546393
225.53322686925898 108.0519639177856
57.62946716155742 164.31270687603617
124.654041923489 211.25150291412268
171.3454016003285 203.90865560399192
150.89842492553618 172.22920640779873
193.58559109490983 13.443580853774895
115.72382435494042 79.98213705625193
49.00355113830426 155.49436504894365
51.01086437140642 155.01102725011015
167.8119091208629 77.1371291662051
46.40943082399293 87.53483635500184
104.54464873361589 178.76476936177528
227.69639423524518 135.69070097014637
38.052891141387406 203.6393350304535
38.993468721457454 131.98202967181723
64.2009166618669 128.48419165981628
181.01436833187498 35.146278673622774
100.01712614290598 20.35345287073026
219.31389073444507 206.91051746132916
129.68526035905762 77.21957950639235
48.72176070365078 157.3471493626422
145.15952620270784 11.604381464892317
120.95571326397886 152.72300817336128
85.40842644299174 158.88409230539966
1.394438827161476 203.32399463607715
177.4795762576048 172.470738026428
128.15915217186023 232.74124411010283
61.79071364109301 228.37946691787974
65.91023034833024 0.25274315490247945
169.98162843754477 207.18111527257383
194.63580785311098 64.72538226144222
10.247999275226876 89.06161268951345
207.1825053680797 25.762717313484007
142.53157656010987 1.7185887275588951
203.21186698171087 25.281631802245048
98.99156531595122 175.1007343862709
26.17720085468578 122.17170602110036
189.90174303583643 143.6279516879236
155.25980165110934 246.98456286674258
221.63321303787015 129.59579055404487
234.43897810591466 136.68360280452742
237.49187209002065 133.00832522682796
195.77506524333253 243.15236977294714
139.3146311276427 40.57429781752497
144.60347574553884 63.507071241300864
221.89348748710051 216.63009115818747
114.81200911936865 67.20333325402717
107.40717782054953 83.58832800561075
245.14543508018042 144.35149518939323
84.67767654189645 187.32219928801442
154.40948167694603 175.8663069645251
95.75677409901495 68.4625811081449
111.04682759559232 222.2010125673954
244.12782914051485 150.2778786726985
76.69301682764029 106.16017241768606
123.14522609429285 232.55839614698425
101.61558702750109 9.013145671395106
152.1434614425566 63.586837820625966
28.732904639953844 224.77299875999887
84.36639532607207 203.7243016852007
140.12941610020314 22.52035334454863
180.20276468208624 191.68177195016048
97.77854434895042 83.29163941818818
178.14336737628864 59.52424762443492
125.22042546364493 59.44823331016089
81.01291152741507 15.096066151462361
42.674197069104665 159.26141848653418
60.316082131321416 11.251445217497185
75.0973791233645 84.35416503861512
76.74615304070484 78.76664320547965
234.65963090148125 17.6390360425836
123.15377088082633 210.3938433436803
61.69402389885695 26.189480630666367
204.11374982898877 179.75990446780892
218.9684897836553 87.13720280627265
11.186005450046304 106.70545060247572
125.03829188891577 199.51558896409077
25.630047306381105 174.9407472937943
5.40087516798704 23.231578102169024
92.93731654784281 150.88460217511874
7.588802859710447 215.81904578126316
110.77990699554613 34.4209455959468
236.2244346766943 181.61670504104615
202.01508489135696 120.86676390309026
223.57281047361445 67.85999862049458
188.63005392140465 226.70658764739863
246.90605509977027 73.0742759204066
147.66895643362358 154.82257818709365
184.3990513297317 80.1973124985211
192.22679692023885 143.06058313092208
117.03904301077469 247.15440263569272
228.7017309732797 243.20118781173846
40.84258235665328 248.05975358408733
112.74422388377567 106.15437518050427
212.64054526432332 193.58926299409222
198.14620279174116 164.50031431037695
117.07493521942585 184.7034479184409
79.23911731066863 129.8807602777411
227.42138725499183 158.0098420295459
54.743018218101156 132.8682423686457
48.90603296810783 96.33917827921584
93.92104681000913 72.41941629827662
122.24712261685467 25.92260704041166
128.5840070272497 3.4188949556961115
155.1866484842225 175.7331883402502
36.103948716874335 159.45943052170313
5.295372861588682 143.50617675144298
236.97535331139363 108.22987639320786
59.45057910018378 114.735300271431
207.0656303308075 228.93954938061438
4.983068768650761 86.78537371998581
95.0303943442945 186.8807095543626
219.97534329096243 52.63772847624362
218.9214160065907 176.01461593942784
249.27551157186298 101.30782318331349
195.00216763096853 26.90368368113108
155.40040014121186 4.507510025369199
3.4323699145661357 192.67752653092637
127.40263850831121 127.51890154440704
220.31973567911086 216.67948564149066
152.60857946845266 240.77200918309904
113.02236673049565 49.28824606880519
63.99222283807052 53.20903445523745
19.14037344233957 28.697972269005835
1.2551672123420066 126.37276723130847
100.05087672255763 25.320254145389548
186.90640576791216 60.40531882394709
18.730070063364913 111.692231436272
151.02649174275743 11.030533090576222
154.83889070281296 140.3436413215787
136.4817165076562 127.56909292274175
136.99045684925207 128.43223672307496
162.3993408615779 108.59345056920577
67.39541006267852 126.1521268591457
200.9111655154863 120.38494168285769
7.337829072177115 115.08442668927421
223.291749494002 163.99019114426764
209.74650012876344 54.16308692594382
32.50375216107918 163.5785327285265
50.83012504677978 137.64537397127728
181.87588246414097 236.34301569683456
28.181132334533537 176.26909781723015
142.86507062961286 117.72670235395216
107.00206899986162 106.20334776446255
229.57565534368564 195.9427391753937
118.59690381681101 121.99382812735016
244.5460270543599 2.040157736740933
227.74173673855748 223.77785282888465
216.68524768428182 240.11601217089938
48.07389382886082 202.7670406769846
122.160374712903 145.35151383639877
185.25999670617497 171.52490309203145
33.38612668401961 159.53124477945494
194.0392377791924 103.32278175921905
123.42327006118688 35.470315405676246
98.54471518069816 76.48639456473639
17.821022251249847 148.31264987209113
164.80166091120378 85.89239561151854
48.64403402402267 84.94694981636958
142.94799997044603 234.6636304894198
213.6844639494381 163.36434939449467
147.77205014050983 70.5697114271561
22.676276610941432 220.0952465141363
88.50596508598838 170.27227858418837
46.95266406962686 231.96104442440853
194.8369702567229 242.15238031880784
54.023936111380564 63.306069213973636
217.91160410576126 164.05936605204892
177.65951469994923 44.08333690131885
176.88149552229362 191.06810433863208
185.56099544488953 25.42748202220013
75.75743398298468 148.51674721575125
209.74864542902537 82.4842759712506
162.4458867384803 248.70250546987512
54.453615367808354 77.85950834947015
131.83513845614837 170.3646033811413
165.51959218858823 185.03829761620585
70.72105317404397 204.4265870722869
63.37363378132582 119.02072367569633
224.63200772046577 196.60730455908072
112.34637667264572 148.82491603171871
212.50563499848894 103.75780789043625
226.21940104348573 139.51441181845905
124.5832982457343 150.44394629160908
228.22312261792464 47.82990439982057
133.13720005340335 34.50238252833909
224.7174623916289 189.7405118416912
6.475122568717379 0.004374462725081907
14.285126704676188 145.25868921569025
19.04247447595789 68.57844563512543
150.5495761403444 35.215651795323325
24.238744698858948 95.24861906826814
166.88768518795538 13.466753898442207
72.95495296713652 214.98903312222677
83.59712887910293 72.89821570709218
135.76350137602125 194.96045139570174
191.4432398167875 191.31784653177434
217.28253233953862 41.66880548348001
159.2447650183754 145.4604623156118
2.628175501328073 17.222962400858577
132.9204031234087 147.57223566310932
56.41437229519036 149.78166129759668
76.47112865536654 66.5901773227324
249.3058996914952 36.33652208503258
90.20741194528337 69.52691798730338
224.63045476380756 128.99065323882465
37.09632727128531 195.17678829537095
40.85636931400185 5.9737392076517075
194.67508491588336 162.76461021844597
142.00495746467675 73.01275539463381
38.27126081992474 153.12316539409682
54.67909404557245 210.6981146707431
106.36868063462995 81.70706509550546
179.4290500264507 14.191111586311923
21.782966395722692 36.29013392744909
43.11578085419254 7.216712566745775
29.63546054395122 151.81265915782328
128.29581631357857 182.42798490756337
57.89857935282938 11.034548765811392
208.60924127430647 1.8660692022579028
121.41874330471364 120.5228979236033
128.889568839654 58.25463741219802
207.56515236896695 227.3138563677603
129.72071320821715 219.4359002016465
151.71906275570012 147.90157111351002
207.35939387289253 211.5305006575574
4.065336105728096 108.83148849837146
209.7327605583076 64.87066008740885
216.848243335666 111.40491833411446
76.38103582004443 239.22054607615627
8.820034381638115 144.67306396703833
181.29781257232443 1.3716905790911726
198.51899251916916 163.626846159928
219.4474997064015 169.88028379626758
36.148760857562216 156.5434954431749
175.40019080086984 151.16855156173125
242.18396018318091 136.80260647415403
152.86901861896357 29.31275653094628
228.49621382624355 248.0354962094791
31.882997362018468 62.09581613569312
175.9655709772396 66.55352189010347
118.10504739903058 135.71196278660807
18.39172258164476 26.129956192924382
43.99210476922044 149.89441107433748
224.51297480190135 50.32678566408488
39.52105955844504 10.522892967680885
78.06673658617031 55.775828506898414
198.17017150537706 39.75212463941391
202.8058504401471 123.01090225934705
60.67632585894373 171.87128560769807
173.314559152582 197.5198594266361
65.69866899082871 55.57239193472008
169.73762089064454 59.09550503776673
88.90727684992852 130.37797808673815
218.72380316927115 159.77876554685324
128.55119563007156 203.76929815875476
196.13813011951302 93.10169720748019
160.98481841384628 181.5385943511023
38.946604804934836 109.3193120008202
33.80769040872506 51.30340741740028
158.8425060842634 236.33127528687677
95.04646412684312 25.778897993532336
187.96514605580614 195.27760525933823
166.52985937372966 186.5990127643814
238.8969223117113 205.03841877974483
230.18562307923776 146.92923609583235
171.27009891181694 240.25958231373022
132.19874918004842 61.710492099032315
114.69634294002876 207.12766781329287
130.2907071849616 44.69837195213555
27.545311740251904 138.08654166139343
206.5989137633156 75.11533827912558
119.85074791211007 20.020413870292547
119.332439362763 43.592763365273235
16.06384081716644 154.83810394437486
138.5068374416116 157.1030669905441
217.55141952326483 100.87128020800823
228.93889054858903 77.8147829495092
121.06678764612708 181.79440397711429
124.31569498872186 206.9385178816457
147.23526120608275 11.843775744714236
166.7549970320876 33.563357094994636
162.6475565448436 39.541783141831324
198.6429982061744 40.42492149528562
62.18335156399471 155.24537449325
70.76556365543257 87.16346299909469
75.93233091656226 66.41793285050501
8.382637925836073 210.7359055283499
205.20003073075392 124.35272171094402
47.92487180362207 90.01831578800038
225.0634299222133 163.69622296225043
92.49273843949548 20.39987210320879
167.27474447545404 86.77396402889629
239.46612751221016 69.1332948299871
13.718522331107597 222.13751869298207
240.05456424990325 19.39362121843721
182.56449485206892 156.38011685119588
53.54511945444898 66.36079022295426
59.704648307229576 165.81498507350986
27.317220727844177 51.31440000583973
81.60971021521638 50.24060124435658
200.18473833566011 142.5482216935383
25.186869209314093 195.2934528896736
89.75918278764466 111.81383772322457
90.86735497514434 111.99606461591732
30.656024272842338 18.94153566790871
197.7857738288249 233.1811994208556
178.73596250779937 213.9436423388629
232.32908640785683 121.62563367745688
124.15140179292142 57.55732153342177
129.5957237231249 122.0928317996102
113.24602018819886 68.36795488118136
150.3403471596632 32.17043776900796
114.51351799329085 26.58322781837505
69.13093942269988 106.64227243697263
192.1084622986614 224.5323527842104
224.04135561977353 174.18234575355436
5.480262345538639 205.7795362918499
226.62216490231376 234.9362912637849
68.07216338756605 165.41564155301643
193.99930124107638 103.68998770262786
149.3778998989887 130.37680336738154
161.25449510187755 45.426028750059
170.8992077871918 7.183295516119209
28.79731507214872 196.6811297013103
132.65532381434468 114.02794384391618
85.84226612535103 149.0740611141501
213.123991244349 97.1955452197962
119.75969534576022 84.33933934695109
150.89839556181548 34.05518839019833
96.24828263111715 190.5236047666392
216.46771378733297 79.5221333698616
105.82711280810337 48.46988014003378
228.7297100555733 57.13586831770359
18.073411316271965 18.717362833168522
182.09225930048427 177.1760456504607
41.23519286460578 164.99448390952375
212.00465949746217 174.86266953781362
127.51477158540594 220.99604371007842
246.07952893077157 232.66471218363642
228.7093603786413 201.27750814694738
241.08508522310774 220.10980407765058
10.74582419344819 59.80267236073269
44.30915489538917 244.1608207132564
189.23988604553733 120.0486692340848
222.7890573959257 211.18709640668976
20.226288157148943 233.63419314933836
22.787945923901766 158.74114504001759
246.3795157484112 240.7010222349542
85.88043570458626 141.02312839068304
131.99577491204045 155.67202456030395
169.79071933974 108.42019026822008
151.4709234740112 29.984196183588026
179.4238219476073 53.13018150612025
11.675281799710918 147.9758082393905
139.15334396388923 79.45687999669576
42.633689966386115 63.61521723612682
234.513228139819 31.255644567917212
182.38782595236165 139.7655498144486
249.1446289547788 0.07342265441273588

27.019164609355357 158.03682073075413
4.175468894707713 186.46396745968696
65.01758199841454 33.57170809833055
43.77609971862334 56.24684714912198
196.2738254074874 167.5606329607249
218.1610985433384 121.1556234840008
168.66925774847388 94.78697817139903
58.51381259532798 17.564854991836214
62.43233511176097 79.72112803173734
44.946721053815644 115.71476041814505
169.89171778787255 96.20769635051008
190.07458427583455 226.2661289105149
228.0886416360806 192.0539839700109
22.30080734232945 63.79862882855036
119.81096485943871 71.54948013842535
11.84098160427413 36.14187693349508
161.0751544729345 16.13175975564979
126.57737778377832 245.86430519911562
109.04696492186689 75.75090281687996
187.38926540442486 111.68723462459087
238.37673342588292 96.0399937835916
170.91935473056628 217.21413744268904
185.22318719584183 134.26632208628735
129.22862733407968 194.06292252420042
154.39684033152614 173.98633802900957
8.729182808694224 125.34761991725765
67.972774050292 34.56957294056029
235.21161051291776 206.0063515024287
206.5527214881615 244.08534753025543
49.72697951835592 239.42532582997896
41.909006137707486 203.04444739538357
231.28251781705112 110.81378294442231
151.65179909934955 165.92592131704527
76.82870073933204 117.94487745489138
211.7980817741048 192.30751953581802
143.32976417342852 70.11044730836063
236.7116512313506 92.6421565303276
0.6659218790472932 82.71281891028565
151.07544266604407 141.8123092593828
30.500100215329674 237.7180500010305
102.06563658137242 116.33943583610883
130.5345457332028 194.85623736169273
128.427294408266 189.56879901508017
143.96368780775728 114.01087765284137
136.32954806796397 119.88455619797492
196.28211437102297 61.64032940992964
21.296720144435593 245.72365586598548
150.82625723475562 197.74519038339017
75.06518974252927 120.43865133408744
65.01150294098946 19.589692031380558
5.582973045993533 116.89741181256491
23.89076647817684 192.3864699820524
2.704995139552274 207.7642802294659
98.61892656961746 23.684767512564818
193.72355618887306 37.020794579653796
77.79628696250082 248.52195427459878
122.5045915464954 91.80191042244637
15.293440034927608 50.48121255653545
238.28643256007337 64.97072744822916
24.558555518437664 194.1281358580492
130.86883018447958 135.28406499991308
44.866993401801615 241.90402691781696
176.68781974714472 45.931018221225585
9.204080344532489 33.91185014481701
73.64273279108389 118.71326827106665
82.03325703333492 79.33382927287234
157.99983738317513 105.81799004663644
243.6262379169399 237.16960004644918
81.56458941146558 203.94109990639296
98.50522630264807 179.77097867527752
157.24119358939166 135.79275983396266
13.007545566972368 51.403800854283006
30.659851726962422 52.3737135298846
18.097945932031344 160.69478231511115
219.9515329625844 144.11081889044678
87.75363200233863 164.04005013573513
113.15872415139799 239.10406704262132
99.7101399649806 157.97849520483285
77.76309294802084 167.43285270261282
219.43857381696935 181.37169470852658
220.89997240264958 238.40885117619393
48.445558855830406 199.92832592210587
210.35462853349946 206.20054513707888
150.72954181562216 27.590481696459612
212.5574631585546 98.64911671057466
38.31809782313006 98.90341338752667
5.987757015017387 245.13643527238602
136.77743560897093 85.52383532471167
175.3626883030175 54.62759697071037
21.94891783416808 205.45836423431697
94.4101032560726 40.0861468101498
199.57517168259233 191.65629340404118
149.9491978824194 49.98215791533717
88.30767777182619 119.24074083151697
65.56640632029287 140.06953120394925
200.1797379383715 109.68918037227986
222.3625242021471 13.660335078016338
103.24102305559282 213.05228185836813
152.79526320344914 78.59866327929244
191.7202384618972 143.58373936999854
36.4958789830993 107.27896366957573
25.145943317253284 177.06252218084768
84.40214547464875 175.8235677254655
123.57285196199835 63.77950951829328
79.98641473983508 144.35403148914364
106.45936874281992 232.79235401408485
56.708259572820275 134.5043526159193
71.30577743202873 129.67142112558764
66.73607905070853 108.51421783703366
7.477620391759865 232.47957767491457
155.41599622388034 4.934563626680849
74.93820915764537 206.27579665117042
41.50021790062802 50.05432616982941
87.35195037473575 70.64641327434515
56.88697264789403 62.11653061579842
119.83423400900017 146.57575366577396
145.8079433303785 229.3214497992335
192.04024227196868 49.13930945411282
172.85733766726392 242.42221624745886
231.12751592297596 134.73804353995462
36.36137561606736 51.58786648098218
182.28447551460917 243.57028621591581
205.44411368259975 228.416823922184
222.39755245378117 169.0528951239175
216.67124662710418 242.72102936572009
150.22222301307397 116.9758804386026
13.841887185289837 134.0717664327057
122.81018918276581 76.73828628362325
150.83458509449002 18.160135240891467
178.88885451690533 218.32943749852151
86.85632703917906 248.19006477141076
15.552568742416783 16.808749095415326
165.60438912893653 178.02146908750078
141.79241398290569 147.5346655211062
114.90095850406263 152.14522783885337
183.72775409809768 125.8208318031591
136.3420570750855 98.17387093567706
207.33048229344246 86.67721469191683
95.24986214761135 17.315413555663767
188.60254076475766 26.42417250151882
50.442484388039496 172.70318739892795
45.42191595482487 187.3113149477144
142.6726089390054 237.12557717659035
216.55659623535004 196.0469999939325
141.89901954060392 213.76426700608172
171.7742093562361 147.62012990771817
188.18622416500574 58.25052517558099
20.299573362655366 141.3865066376796
202.85518961362337 62.97908237986694
185.08114166028506 55.63081674749881
48.5237854547026 194.08363913594388
68.18299917634613 121.68816553115158
51.37908719481002 10.01129267178033
10.123433855426828 83.14851331166592
188.54077794062007 25.737612423865436
220.8647485310916 109.90041750528279
120.77551473973769 65.25081741743513
217.24641620512068 86.52758364914095
123.81691710378173 92.39320745780589
234.47377607936343 214.29746951370277
134.5281460827872 92.52939162131374
149.72128844091023 96.96175560179584
121.9194923210174 221.1529147740247
205.37334414179753 50.92420537984354
200.48865321099453 71.74928467234534
201.2378126445555 165.63244744262087
43.864878022684685 97.55928194875538
177.6257594431392 174.40124755996146
19.71454828017244 61.2855617727672
197.47962093361747 109.51609748907842
13.778973489096597 53.83333997940426
223.18511806489622 190.29404261382737
145.31363169511482 183.52447074175802
227.1510831638285 95.94066872127222
22.11606280598735 151.8785581347246
183.7738070966422 190.4906739012797
136.0825781642424 110.79077239370456
50.26514813478042 93.0660629899808
218.8611544459378 140.18722576713552
173.82080980521553 200.5477285577629
87.885518752506 73.22904693053042
91.81850010045767 113.22966848043976
63.294168140231506 174.00237202185474
41.0933835163772 25.612442364411404
29.391258443131257 136.42992291130074
71.26097271975435 107.83477391296705
66.798644936027 209.49728969422458
199.10669220683334 140.99737669433924
47.599395104620804 47.4810374663297
111.38061367141297 215.52601896236013
120.25680334977584 160.7331085278895
124.91180857376705 19.63558806893964
0.22348919496650854 192.08337387613784
4.2966249961498 23.11600453842852
196.25492374233727 232.6162414182766
148.65563532489332 235.50861273690793
28.932622561129524 26.657017956743132
220.48309284976318 219.22739990931302
146.59862718860973 8.347401728594829
152.9183687469767 105.74092212379959
136.42205481985485 78.04526736596677
172.33312191849785 192.05061671994585
173.04962141143076 170.5984256391156
32.202453687777435 113.9414802026307
195.9947117155372 199.53726027447328
176.31873438297598 144.35602173979134
152.6914021622691 111.96760792824084
5.896280716428976 164.36731664168124
201.90224323830412 177.66250366688348
58.35242080584482 138.97083479579948
222.45427897411332 2.1379601158862673
233.91552353401934 99.27348569343778
62.61315468371442 17.877352176813243
108.6010663764477 168.52108975468207
164.72706785294758 60.421741123949744
137.56679004046606 129.22425054732724
169.5893493150669 184.05675712237428
91.44893534967974 11.223946839233555
75.94872889565865 38.53330991219975
235.18432615126994 224.44958854198316
85.33442291864041 196.4513027795235
61.13495133171853 120.05944607111432
5.88472140532581 10.018018714710141
148.13961983477049 123.29162904298693
172.64030786621177 86.25532260022139
244.8164717690101 109.39635679509932
77.11798015978366 210.6170913016196
7.566660399622532 30.610983170229172
225.83837216201334 232.492192609353
199.5367575371324 224.54595648343502
58.85585539046797 54.47238758773126
20.334771930714616 157.9452449670081
230.67241214500004 17.27645364769581
63.38890266734634 158.72408899979658
192.52992068369585 200.79479433432482
99.85665933968052 120.1314660996593
101.00680929593678 35.21681494427498
148.21578427391833 228.4124881060446
44.8492912008287 164.44285151520265
41.34158592025835 182.99836771440758
59.317114849704424 212.55499158190315
39.94987539439854 51.44629365730927
231.43178894684425 199.16135266414875
122.77766000318228 83.8933263932203
10.17442409093816 80.22562577187195
162.15171940416639 58.11609308743101
145.7156028798224 183.47208650071343
125.0465446233061 164.67430727216794
52.38334055324126 37.1860911090795
114.53311845139908 11.786639700312323
247.07280801757096 205.52578246113745
108.71590391516884 232.62682071082583
112.3123252361355 222.6271481632368
88.98839155272326 153.11604864523568
42.988081099212536 19.901286168488436
232.59699918643483 10.27482125596646
3.0779881804176568 141.07005546461232
188.64910567780032 92.56570340100396
124.41271302524754 245.26072358301255
115.91985194727361 106.39134454589575
166.30775886102558 167.49558558320254
224.09165364690486 2.7404649893170707
181.08336664589646 50.83607092801037
51.19439990234137 42.87741513631499
85.12098246060084 29.195893317421866
169.22970586451885 46.539971249574045
159.7559140011462 101.67385200063516
200.00180072433852 78.68394671850709
3.5350437684387725 189.53140128861995
102.08207548831035 20.018867634472276
245.73519837184693 207.6991435385922
204.5002243869716 144.31679247652218
191.51451608584196 147.666716448362
51.92227250929699 227.70502488798823
40.86284851158706 103.79421245820619
175.23095148863374 208.77645798619574
178.17389183548852 192.04386348316427
248.22382642884722 46.55630501759506
111.64776887367215 48.49646208962671
246.96741044874446 217.82769102866595
14.989558160443506 85.40781140064895
170.66903231180487 49.37538604640385
16.233388441143028 45.84640475047019
211.4522012309259 91.11335391462089
131.22331583454306 184.57082298104294
244.66039331016233 243.14316691161076
7.599611022254093 131.33491252136596
238.63612446281127 246.68159135089562
15.039943089953988 138.12938620554095
223.70834749898023 213.7695182299253
106.17889184622872 135.85369616200867
99.17163310552898 10.198319048326438
126.24437250435122 104.65313785550126
114.36810662138716 152.65944199853
164.55036083616974 54.942324229839386
22.25876515796868 226.27247214233793
0.15749461888706073 206.8926560421897
245.51539116333274 211.04163098015616
122.77866790819672 135.58819967538508
145.96314972488906 236.3277650951452
48.14918425091644 146.09545060512693
125.35636429659777 249.05073127090444
100.9642792293278 81.13464492892739
47.044338956778425 168.06510336267507
31.594246832116923 136.75044313473745
64.49451453791713 233.26322631099893
114.37430789273165 196.9149457833325
231.67954925020595 2.037011379137005
26.54979915090222 77.66453127130987
232.53227919199466 161.39019452890315
3.8058202137220274 87.57398151353868
72.40173754494317 206.632466214792
241.5208139226289 166.3272362872844
90.2113611592133 152.7468782680283
99.23108771347552 134.21146139061025
167.89705809011758 113.08734100310419
41.281472548351125 143.34018312069733
121.55174134294955 155.4998531782936
31.264891543164364 7.916458282206218
74.12592178402902 25.91041478049938
205.79513913724065 151.01586553974064
179.36804465507868 134.4881707191352
30.34851154320667 71.86542801603133
179.51937112263334 160.6301062895898
14.514127134481608 133.34304506698774
230.64755162650656 140.57541838169212
111.34219414051255 36.36044978741565
214.72677268271374 205.11157652354288
201.28401394364496 203.62503584203017
148.804006619369 105.2037969548823
34.219287417600135 97.92554418735335
222.89936687341608 132.28241266374022
46.30376132976352 33.91708113569916
182.4705944868082 188.50652217774015
185.3253125471384 130.496893201571
206.48521916110056 156.99276013831087
235.20526587080207 206.98974212886662
36.39226827154782 21.63543914156868
91.24309537138971 81.28889563382174
103.14537549417352 52.44241814506198
194.30656949450173 169.0380091458159
44.852156581329375 55.016430513694644
116.02438674598662 44.938543494392
183.5993400232843 105.83512781533175
153.2630227327312 7.0020197052858
165.29089631389968 96.90364852285116
92.66661804613635 136.6343164239534
241.4291712724838 223.3379735522155
220.535978317126 17.033787401785737
68.52946708360625 187.92710741502333
153.71006879825632 67.89918982810956
13.478007024663064 244.21545485412207
51.096701356702326 4.633091291373626
56.85205597375534 171.4570650889899
154.49386733028217 209.58503515097303
3.6225461760167335 171.92478437228445
31.925708024933662 103.0627725563938
186.1915761418514 178.0440633083019
156.6627037568471 81.95930160476303
226.2829454754362 173.6169311742017
24.660461646471397 185.18014548820724
195.96304763846334 194.7053593483627
21.488759155896485 182.95169163947025
19.136633148842066 9.206420654570447
237.43417321266617 236.99627100105963
219.84632643899369 210.7398816832912
165.51377151694845 157.6759455933873
213.67858227879043 168.98832809086068
13.607469641273573 192.86987319104566
117.4224406615926 211.051827120919
81.73581737687441 146.57387291753142
106.2764714916255 78.51257141105208
195.52235953262212 239.7142567546111
121.3179400161161 235.0747599499373
110.01139127661594 120.28336107575471
18.80004229824561 149.6846333022628
185.3810929526916 34.07711073924904
197.51249873926338 36.60287571018045
184.43298575833649 247.67273723602176
155.63248825138723 72.97454521343488
199.54842639052936 236.50432894727106
193.6223134571296 166.07102816515896
47.83744924839578 228.96715805153522
95.77666579017988 206.07071656251787
222.5063195488821 209.7232470204687
223.3976827627471 181.9463483947501
182.0822535235286 116.8368152074799
105.71006515244655 42.04229080737332
236.88490284467608 205.34179397312855
129.58234508240707 98.34154002308887
244.94229521121167 191.72653263739045
126.38304341595786 215.3084217728618
79.80073087488687 127.52806465058653
91.85408132448956 51.341572614402004
84.48350912415617 15.62894030519299
113.69728576730529 113.60363318094375
40.97976713038554 34.59220624365586
178.68789186063975 171.16276286323946
61.32312771688617 47.332220854853865
195.9457781180921 171.84993689424917
116.67014759468766 209.4514846009468
141.34180975041647 169.508843458359
213.52372043955353 169.08933680687667
23.255288364915554 5.87174735270915
3.1767696374267738 119.36305577048492
144.0819494425154 131.2443089489142
241.4577968155672 202.13799623904134
139.67349562303164 92.24759313714179
128.48469230229733 152.81741586336426
130.88465785676402 144.56894327501502
112.3612002478309 23.217521569675604
160.29305998937636 177.67712852381396
44.2384754044102 213.8698250620876
181.15209132942303 90.66297401856288
213.3960640947317 27.018738951406995
171.54274177030413 174.20844863014582
36.443138681971185 124.05901180467322
225.4776918041076 81.85637428692574
123.64293254981851 247.60581870389598
207.34430549992135 2.4726051073974964
227.31702652254862 97.69321804489122
193.77301291070842 91.01038433614036
182.4233467815458 56.52211091411966
120.45486885647563 82.14222802103677
215.99508531115205 175.28345299267716
167.5180063401043 247.7092199974107
58.14794176598184 38.13229132101037
233.1711320972994 246.7719336028174
147.69519897860602 154.53717422109855
112.2587225324236 89.30715259657151
21.190490328914624 33.157339013941886
155.1094259979356 239.87279105164967
239.34130342062934 42.58865976161225
192.57681144097322 62.10401312766917
238.40713611177898 207.69342173807445
213.9563524519853 170.11975886312874
73.68616667187555 169.44161677328978
180.98266530544308 17.528452223138203
184.17919390692342 33.77981551393491
186.61829608170387 114.83816460199853
229.0641722701558 194.07177840745678
155.07125783756425 198.6187520169328
198.23255916969586 60.704147796232455
18.18950533124111 217.55852846300965
90.9396502625208 223.77998695646963
135.3965684240818 122.14961520100826
160.43554497878685 92.31359056961288
51.935882905963545 123.75296594931501
125.74145406245532 84.62927420633274
233.1212033055969 26.489054092051408
163.33215394040175 125.75204584810295
11.743167004360455 133.60121952454944
99.17950470401523 7.590539606595198
143.45315914471902 193.4377721762798
13.739544420926176 219.29544103821345
208.60269280488006 237.0575287426356
97.24490582042169 172.54363433431814
87.03112378537556 165.43061702885853
23.670928463270485 43.72278948138966
111.53728933243126 167.46919366878075
172.31191197208068 65.22738516707064
80.9027754513836 105.53471122505137
83.95720374734503 73.83744536098958
93.11210680982929 235.62029921072116
222.85542029572554 158.54804987880715
9.234533550019158 24.53816072750642
59.763765933427386 164.1194449696242
43.3988513533278 215.7526004163828
12.903379673945864 188.6013546582748
19.37859028276642 120.53982928150128
127.17103252831593 56.52193957015744
246.9553006070704 70.77159736489597
2.6670850585199526 33.638720144111815
164.98455109117134 147.87946376552077
59.01627325221548 124.03012018575454
205.51369566600843 4.93430953505719
30.901350074333532 1.0450770366080275
213.22659152757265 81.04892278094498
218.59972830403552 12.304624361892753
181.03681620583637 97.2359896736634
107.02867123023668 86.1907630047153
204.7006423498794 157.5284646195257
80.63512791742336 62.00063172083065
205.0621348352342 168.56926502502253
121.51479708149535 106.20835717664467
225.75853872507867 198.98935989542977
219.6032085184164 120.70856864365359
149.8841947510807 235.72992417239595
137.5620781248376 179.35161805696026
55.24673612186973 191.60003929890405
3.0420097336091025 200.94568550926203
78.64779980986935 215.25282001506162
61.07873622622406 233.26659958268476
101.77965895203087 91.30980279584116
4.167743241124872 94.31936640012903
54.637116513814085 99.30359054475451
7.730246106384064 215.66485547464472
46.975034622296185 105.75150329295388
221.711956043421 187.71957891676504
237.16034979977658 69.5877262834434
170.34995167086825 83.38928043480908
25.612810391580254 244.37249039434107
174.33269299951306 129.5055444354655
232.94944764546605 38.13183367156625
70.55134249176842 247.08232255127473
149.17904942227017 227.31506491206315
73.0450747011022 182.03462755543092
235.24852140175236 199.4482558126621
116.37590985840404 56.059383437221136
246.26705707215575 63.97339392768861
115.46457449902451 31.234398739898307
122.8830762242838 219.8518903715431
36.98333835405062 98.89524479112558
24.60719819296861 12.228218876202845
169.79119418571963 174.71487145437442
46.53813079617255 23.614659720745777
16.79983038441829 147.7435718162717
204.39952164076973 171.0777218297245
168.27834801590734 142.94332681071344
27.052414157364563 45.17482518034519
75.48459557726648 24.249301429071974
31.705374775805538 78.36041916262737
167.21132627993592 22.57752481501818
106.96970774161763 162.90641283083926
137.56990536813024 80.23828090467802
235.39501388622517 214.2696253330016
141.9224081089384 205.4771948574027
4.00923963866645 227.93015233187626
150.7761298434285 225.49573004062438
83.03181732398716 230.2713660108433
246.79526297889475 149.87063761640988
118.62919574735007 107.81623712366428
193.99717933394015 232.52420830433073
214.3320131379526 178.4642394513785
92.39926342279178 26.972240809527065
67.86795694734035 181.64932562135812
199.7133355192576 249.08735416298268
5.047775097918872 159.44557791794145
151.90883537520713 228.51869967378195
94.24244200629239 194.1260616152658
231.83668435507792 127.44757274290896
108.41438293730732 167.15598608868558
149.82513170832337 194.5245874046492
180.65330786693653 74.92731485283733
215.61805075628993 179.71164397928678
151.14516400040105 54.66326396598595
51.10707398553857 87.09973857499148
146.47167702577227 193.5972046235741
117.14843203298308 5.205791343510735
139.17907256155655 107.60533691137746
177.50629818316432 82.64302876668681
97.37442801096766 207.6846976823013
109.0337046776683 100.81377908042516
17.125726265858816 79.73016456450594
248.89482576808788 110.38362887509243
25.565707365105077 186.1520635399859
108.78913480360342 3.469795652931623
188.8716699595197 246.59496067102276
80.71013090067389 157.2067724281961
152.42494457199345 176.1799567463632
197.26410455289084 116.38741387356669
125.87711598535701 38.875366382903344
12.671712609155005 224.83617040706312
233.4227675139695 230.22965020657355
35.110942417218574 116.99347129850418
94.25955928505475 44.367533364257916
80.78018520127952 61.54592135012341
213.38663891075026 166.32947427168122
36.99546964991607 134.7383477620075
33.69720443248836 21.07376650356199
101.51913923134906 176.5282519285428
22.23026400309591 154.7198087300911
30.18618052683647 230.90176900957707
190.59321745666296 55.87209404608123
198.1755518665627 124.59150132447175
144.55654978426267 161.51912865565467
156.9623316360104 5.991487550169844
71.23632739834684 49.59105690526272
186.61287089473086 63.51951931221314
127.11288550220551 249.40816388880768
57.53250477624408 33.43194691127923
2.963014732005498 57.23539800029792
162.35198968642584 163.5938908086048
225.14087846837012 2.439318312616207
7.1130763884871 30.64269566395969
113.52844935093864 143.02308774196888
42.238218321433706 124.91660500979413
90.41060726855926 16.131034260423228
239.9376162243971 185.3992678716634
208.73789884301124 154.12303477703497
182.3725336810317 20.09801187801677
192.4131640094291 229.51503233211352
201.98803857173934 72.83825313850848
55.03680730146443 55.66353550115733
92.29142294717832 96.07862007242917
115.79145406983751 86.36662103049514
112.98914411527441 106.1115786902642
109.87498689132042 52.85503681639317
92.38836813807232 198.4780852164624
13.93234803384516 248.9387537181194
249.4151975835933 122.32044529104638
241.40445815876376 163.53060654848585
51.472282067146324 108.70807939900823
218.4268399372472 222.55418820325195
239.16660520740808 136.6259157662602
42.85016762324687 146.0245538944917
77.82819142281164 210.89161554058936
31.81704616788522 118.10007531656144
148.82958307361187 112.14164957044581
224.72902438072256 217.4387231724497
160.75574007269017 22.405001503872953
57.80735503994003 84.07433669415614
125.51702951826124 73.48110565295681
59.04508249549934 30.065661440025536
191.56636136995047 195.734663249816
206.18167466023462 9.62720627929886
53.6805167581392 191.4736603812117
95.94686876746763 196.19850118769412
181.01159837427542 83.27969706753188
144.19187186348444 117.22416188463467
187.8995282901202 146.19314658261652
75.36439287620456 180.3477763819981
107.55822315112195 223.0473952800576
64.03852014275444 61.08440633022938
81.23898377489483 39.61866160244623
141.5167468058437 61.1725598813915
221.3599900064169 4.875116908848259
75.3557221685123 79.24634373743564
94.62699370308772 203.10771298169283
129.8707263729779 163.31453965870907
154.26417825738287 215.0025449503452
31.640734327017334 240.187337385199
235.86733392963313 97.24315561090496
21.794207166729805 32.37854806633481
204.95163067290542 244.55523148179105
176.88024106122018 249.98118070308377
132.35693780899095 15.072385791295467
94.81664939105066 243.11064089549757
160.87986166023148 113.46924622339944
233.20854163467212 84.3627575949957
51.65329833864199 205.51458574849792
207.00432199475975 133.6920374872268
53.84692048357975 115.10469939525439
65.66350757922301 221.05732201940117
123.62543938286377 32.861659866028596
228.60917499013252 203.9286167821339
248.08412500100465 98.15429117181068
154.53573590886785 32.85323712192489
114.24426921183434 243.54307505252035
188.29727461033087 192.63890802519978
200.6770234627459 225.3830282456048
35.77014720240171 128.4074761121308
139.6270245934747 125.60023670961826
173.7540678300351 120.47134031110471
33.55751403368479 124.09307443571558
37.48423131549139 131.15008233149783
124.67382616934314 188.7066453961483
213.94014066126138 217.12862331956046
238.61996963823557 33.809703322796565
61.9934749753262 34.487519338975645
183.53565846306813 6.283349825910639
144.84542280856985 160.57165376342817
181.82452061331043 227.11778126166922
29.795398061778748 11.469513772496859
222.19623745519823 105.74130571212642
56.4957897459018 172.66521789006222
127.44608134861998 214.59610536726717
168.82063020996958 207.0974155495569
144.31576011844015 171.33878486131883
194.45724164287313 6.929469186523124
120.22116506807085 75.21713638606161
47.193347684570924 160.21875098510918
55.93024069116098 153.50662358228854
167.15988549577224 71.25862273623478
47.033983189414094 84.25948060350343
109.71641878992203 181.25664852928753
232.95800325651715 129.97206951670688
33.35969432568259 209.21147962585647
46.51321937408323 132.5524389304188
63.75092278177446 132.2180591554709
182.4338473106078 32.781414266673885
102.92166180725762 23.509073235000955
224.63023530598602 203.78788541910816
135.2142692419033 78.00607068895377
46.49882779138503 163.73560974734323
140.0421889481052 13.711919053774974
113.44446733901567 154.36913171276458
89.72680888868304 162.83020109211623
6.013133927540465 203.45954135716593
180.42374715626926 176.74465661397943
126.93430797132754 233.01933366069855
59.09590852553903 221.1586003124119
63.26380019930642 2.3154307042136946
175.32295966958415 202.72407893192843
196.66605424586615 68.86625132957863
5.8593707805830455 90.25658274959194
203.6988415380046 21.572181297179167
141.7051844759844 3.1226815585488343
202.3782379476625 28.865453319573685
100.01148173063848 172.99096803827518
32.420400220320474 126.53211424247144
189.64222213526563 137.41919980979054
162.80964086479753 247.88607170211583
213.8280368734116 132.28958795965818
235.0672612061144 133.50976929561105
234.2953481091031 138.04509033166644
199.72897454879643 240.73697796559912
146.43678526010297 41.59135213205922
142.71197179829832 55.50430769730041
225.00609147845032 222.7386033803601
118.81192132885124 59.750920411014626
100.42818196474492 86.77344988753468
239.28859136361365 140.2444824165622
87.88033516505122 191.2422548716281
160.05260174422702 172.35695702295826
99.9110049810521 66.25834639333186
116.13968399294153 223.04360091964918
244.83284364195057 153.66187362406657
76.24069396616234 113.53283228225206
120.9609469381059 238.6545662968366
100.05956947256692 13.391518605845754
152.12458923967267 56.173954761012304
31.20678346333286 219.19285251640488
81.29138732870955 201.3770287632179
147.44001889442816 26.626419428001896
177.75188347739524 194.8405254978421
100.04164624187779 79.67555007871408
180.33272628342922 67.67153255151284
126.32404581468926 54.52658361497401
72.92329989721816 16.821131138363864
45.048904522838825 160.51647416415716
58.186634402802916 17.730962056527744
73.71875947829635 77.47298218989751
71.88296357157445 73.6332342918762
238.4894639059418 19.33085316458061
130.80971046203135 208.04998227843254
62.13356034220213 19.482444163058805
197.51897364506544 179.93951446028328
224.3930379470535 86.49239217839302
13.383522173973567 100.18315388707119
123.33394670137784 203.34040070147498
23.585060999870898 181.78751404790114
9.62585410633357 17.012605124924058
97.33513871310348 144.2606910315774
2.3887332948814843 220.44203568134947
104.81373758925336 37.45057304259294
243.53519974417082 179.13468156185493
197.50643375809395 127.28007936027677
219.86742919618618 74.2935504051271
189.56867340337584 235.1014486482629
249.5915204847493 79.0865481675358
153.9572892154332 155.20204772729363
176.8690175959385 81.88980611497304
194.40779727758598 149.46027875966078
118.40471048379051 247.12225043315559
231.94879307386933 241.15708732370058
41.38106736966976 241.73291614340002
116.319691736792 98.8930374373587
213.25042185221318 192.78588867560399
199.0820316343509 162.34188174602363
112.98074881148865 185.98345721102328
77.66924861725761 123.23243473652693
232.76977695563693 151.58196586898538
50.12703008166858 132.17602625431508
42.59255621909569 91.40875135808061
100.32336769384872 75.1780470077447
130.18059311513215 23.456720675690324
135.4976253029124 6.6490421331651115
160.99288423464557 176.55810007567217
34.510582698141725 163.0062693879067
9.907583324463898 146.68299522915436
242.97115971640972 113.56227801695198
58.584616054921156 119.77237401136462
206.95529876966802 223.56388361385223
6.598643148533506 93.52622640302535
89.63378932726859 192.4252326000895
221.52544047291835 50.93353794804881
216.73184356952453 184.00079211175048
249.95607105055205 93.81854487181008
198.203435506665 26.381736803874347
157.4292228524581 3.1755023019808815
4.752415272163246 184.7645215580173
120.89203260302381 128.24129081792407
228.73717872624525 216.97882181884668
156.4679654980138 242.75315854750167
120.00040613519114 46.95056931268102
61.64318145705419 60.81892936769337
23.232355307119395 33.03713683156948
3.3543790356134195 121.4112463532293
94.89292525347176 19.117528014661655
191.87616731830005 63.100894176593066
15.077614424500812 115.74703601598887
148.27153975862888 18.318592787847336
156.44027471504887 146.0378937734522
139.76811870952164 121.7509694075573
134.85643147187523 124.43880723103165
160.06757412016128 106.83686482948734
67.21890955929253 121.76608679287266
198.50413326530324 115.44365012701927
12.67844097851653 109.25561467232411
224.137816056183 171.02806537693698
213.28594557483567 46.733168029994275
34.48078604516724 162.84642073210847
56.998196723596045 134.61434773736784
181.5410127787053 235.52728690229964
26.408149547708646 172.3166210339497
148.14336052591727 117.36944970272123
113.36092986120957 102.00288517230979
229.1457663265697 200.33353865330443
114.58571828199021 127.05806346419985
244.73079529008217 8.636572971042783
225.3045300535791 220.2146467044807
215.76898203092261 235.81257485630596
52.76295300347131 201.26248522803263
126.51105649933658 147.55820320984043
188.73870778536636 176.17794874541835
33.398343541463454 158.41235084373432
197.36608134072134 109.12684391862044
120.41960754803146 37.842712123752506
98.10311378588301 81.05071844115733
19.876274430929374 155.16094726501672
161.3443661574938 84.11450217268911
40.37470734560092 83.15919696850338
142.6177190629878 227.36835367958778
210.68534970395163 160.73304080551404
148.37565698819412 68.70650271681586
27.55028664133688 224.22539027327264
85.05967895363014 165.57229498337986
47.41926728900236 234.31713526970785
189.97930868280892 238.75920094632437
55.31980561318453 56.625875970138324
222.92762662167274 159.73934641569312
179.69055922489773 42.46618670640442
171.94871223046803 184.97395370666666
185.02866377711763 30.038456107054913
81.7268629278706 152.5479535838403
216.3064563881863 77.94431411820324
160.40789243867584 249.2709588365575
46.98550991184886 79.84559333123673
133.51474135306267 168.86722155771173
169.70081361156036 186.62464859872802
69.75946656967855 202.33100473432245
61.823206230499665 120.17369204999385
226.53402663972298 191.49701836602276
114.0041457655043 148.96722888229914
215.4284411054217 104.35318374493701
233.1334208572226 142.8227019425409
124.57941590039748 143.25519127553244
231.468446207413 52.93462775617161
128.210675463728 32.13006377787189
223.94298331891596 195.9917383452014
7.202848957324509 7.394405683459615
19.611717239355535 142.63216015213072
13.005882957242282 65.04440317927585
151.47741035579023 35.14246836191754
22.756886992526564 91.5554060306675
164.4730858675791 15.474101171388948
73.21330526327915 211.35887377639324
85.90261928576368 65.92377165968318
139.24590350282176 191.0785431061901
195.242975378412 197.29587561786488
210.31302851663096 41.67064384625515
163.7087034329386 152.47051535335555
6.695029925072732 24.258989822946887
138.27778860955843 152.8049186888492
53.622573129521896 148.79404967341355
80.06485545081784 62.4733421568433
249.9474252898346 33.38247397104227
81.94859465460841 68.20951908614292
226.300991510952 127.55147261255159
37.06270656804464 198.11952296690183
44.084096463583435 7.25855899700592
191.20879105994553 157.643799446277
146.60985728138743 72.136136615953
34.1435191706477 155.60593297772488
52.70627442841461 204.4185820616648
107.41123514738732 78.07078258439368
180.46321465720447 15.288383811879802
19.414332484077896 38.474643219044175
38.87788465270997 11.3954207851934
35.37926521831919 154.50898239985085
126.65917935450017 178.15350868422587
54.83822864530319 12.561010045428727
204.50901898192708 2.7486624306486407
124.10974178458898 125.9218544041317
130.0050450938496 62.469677550366505
209.7599634983794 227.9131653094683
128.6478195175076 225.73573123965826
144.81547433530667 148.5357881498589
204.592625185493 204.14670922139055
7.687625769660228 104.73756387154428
205.3466711433192 58.016725727779246
221.98194940671866 116.0337073015075
78.81041937824432 239.03229035797636
5.240505839329668 141.69863752148353
176.4798348686045 1.353206539732893
190.0973134211813 162.79471771445822
216.43845372673556 170.54212900856947
29.2971903308496 153.48792978132394
175.35781661874222 156.25462791043236
246.1031332101779 142.4139728753508
156.22699734200557 31.86690454520727
226.12138026892956 241.8794233148714
27.38395388186557 68.6440540535351
177.43208981375716 59.59920436583785
112.24514981466213 135.69488797890833
13.168339034087678 30.402676389817916
45.346336190144996 153.4911470124477
227.70405972741696 44.122510258172795
32.684342789931236 9.499316724719042
83.86672789436928 52.349845045205676
197.1857683441301 33.11456286671832
202.40686769136346 125.85393435644862
63.045028624485575 177.51564160327135
173.33713392705954 195.12982850254303
73.26258896360613 58.04067193458454
172.91852147472034 61.81098197533494
89.49531701800758 123.71794959840923
221.97191500974276 161.5286215267575
126.38147188628243 196.0408293974161
193.15124618856638 100.35867867613005
164.05488340013414 184.44876481315805
40.46430053031014 112.01306213462323
29.586171996547478 54.09936880223665
161.3347510477241 242.19106509573615
92.4864506122916 31.331100592153245
188.02416453960586 203.52661095837803
164.34112434951504 194.32817290638357
243.29508988795828 208.55087556159052
228.42139425220793 140.03583004917002
175.97484563394437 239.2704319151019
124.15610153206045 60.74588119633942
115.32355618502314 207.6920875964099
128.8547318669782 36.988166576421065
22.834990302826736 137.15333356628844
204.74459868699847 81.61237319980083
125.60510238675374 19.832663470275207
116.59028855580553 41.18115058199173
14.120999713366917 151.78429432979496
141.97544204848947 155.18886052295682
216.6794135099108 94.9861369662903
222.35899718317526 76.35426035376089
116.26844032401925 174.84581937159268
127.70938845516994 205.81463658527022
141.0097189775505 16.213802370021263
161.38081293763676 31.17856652528342
164.86185113597742 32.61113137549465
193.53100757855353 37.54653061129143
68.34034407116887 160.34457702078566
77.95895260397148 84.65455140276981
78.84710000414994 71.26944508683557
4.188507112750428 210.13009523243488
212.4049031279585 122.03965836365965
52.404758986997535 90.94843693177035
222.29582421559718 159.60525579629603
87.66867682310969 17.711446544169952
168.5932828431968 91.51299855746322
237.2205601903415 72.91294049364535
16.85201612209472 221.78988792861819
234.08269097543965 16.834690750966967
185.0670403625471 160.0966666441151
51.1202048918242 67.18584049117773
54.131934417417064 167.94743261282986
25.28100295741445 47.93909736227067
85.93486167321021 54.064598541294615
195.9905621470143 140.50159766840142
22.27313338942413 200.54471792166538
91.64652968767845 112.48471986404385
93.47961151780044 105.69103557343374
36.238358741536416 21.131504818286324
193.94016963383575 227.2241455479688
180.25231900717407 216.68983837501898
235.23410413176347 115.96365895536142
117.50230006769246 54.743484060855025
127.40697103989895 119.31807093489597
116.37541664311277 73.27525014548539
148.1653932278972 24.546951560425136
111.1646575550122 27.85532524854395
66.45938196529036 109.35937676931268
191.32523960252374 230.24382998133026
226.55634555994953 173.14843001064654
6.585730006943235 201.86102876275353
230.88757990882155 231.88873737812713
64.15692937986525 157.9782586592531
189.56441742765344 102.84508923866878
155.9703795115653 125.26307049040291
164.83616639475517 45.453843015097945
164.10854769160255 11.699837165590976
33.08175772197192 196.60617633830825
133.91630397837764 107.2371830613583
90.2394981696147 147.79987386852474
213.54597270300246 88.76428013065332
113.8488926227046 78.59796081723312
149.07051220069027 30.666417630082517
98.4000506574105 185.602922570286
218.34672705338016 72.64580307988814
100.94648502731835 50.491919452103325
221.8057799992915 60.29306451548544
16.2653511812062 25.708773897229893
185.9706913142822 172.77352675096424
34.161430125906364 165.64128700953782
212.8168014279743 170.46083525431328
125.63245788233986 227.20772221824177
249.2261373610044 229.62801432316522
221.83930426811523 205.57019245663878
242.20011326894686 215.36553121675718
7.982197161667842 56.70598173751073
45.84057172913305 239.23572730707676
188.55475928393358 120.55806737457611
220.81872213459087 207.94286389263544
23.76678468642493 230.23516059169026
15.53993183147373 157.2832891844655
244.48056446495337 247.64580956437285
81.89944431547544 142.43518762784976
132.8788441800147 161.0734660021713
173.55193454757955 104.84453720408479
153.49228050919714 23.14371089798245
171.43647645406185 55.12386735970773
9.07372902501377 147.4286693430703
139.95829368753917 73.52128870350353
35.461785676466015 62.48369183477126
239.91169731186983 33.45686707465836
180.16598572598613 146.96305186015155
248.33482959987768 5.044356111711556

8.6 17.2 36.0 72.1
17.2 34.4 72.1 144.1
25.8 51.6 108.1 216.2
34.4 68.8 144.1 288.2
51.6 103.2 216.2 432.4
68.8 137.6 288.2 576.5
77.4 154.9 324.3 648.5
86.0 172.1 360.3 720.6
103.2 206.5 432.4 864.7
114.7 229.4 480.4 960.8
129.0 258.1 540.4 1080.9
143.4 286.8 600.5 1201.0

2 5 8 11
5 8 11 14
7 10 13 16
10 13 16 19
14 17 20 23
18 21 24 27
19 22 25 28
20 23 26 29
25 19 31 34
27 30 33 36
30 33 36 39
32 35 38 41

