1024 3.0 0.0 1000.0 467.5445840712366 3 160 240 100

22.95580222234839 249.66597390682992
139.03122760754536 193.56805445590746
136.26536141643248 172.66767887371128
248.58770531111423 231.26365227446658
183.07089249461885 44.75801873591334
132.50062686615752 153.12117286202454
94.17955802280176 192.56925859673987
88.72553776438374 19.37781149576298
217.85724135282084 108.14828372854596
22.480701364006567 238.17793711667912
165.5133820174932 234.93021720218712
108.30958482844547 163.88375257521767
22.80268745402242 217.42679282149857
247.3499964311058 156.46599363258255
213.91166106046114 26.416504026876257
209.80258845292755 178.80499320523003
217.36611653456276 167.3637701097565
80.29620735027396 49.23581802823559
201.7494091772797 217.43022665336866
227.87198239345193 66.3275572596036
42.908118665639925 219.57358217625915
26.324837400689276 15.459902922362211
161.74769555848144 16.520579109985945
51.92588235110901 188.51528161606407
154.70556542943822 57.727427009697045
238.82074152729743 87.12449387292386
246.19294959201503 193.73903355014176
146.6372136509488 124.96958894444701
245.4278065160283 169.35700174746495
33.939533614048834 89.91636789391455
37.52201603661939 143.2278856746806
246.83182955367903 210.46824126016259
216.6138971716265 223.0875957139871
118.17262443729432 19.61793233988274
104.64092946629214 76.81018545106713
224.77206300771383 242.7809443525737
83.16581288530014 243.57844044110905
69.47356128327706 106.82071980068164
119.23558753590133 133.6397914143786
49.2203897800638 164.45696434387037
188.9411823330409 26.32028704245007
240.59614018997183 41.54215546431464
146.58663654792306 84.3143619582866
57.20313968974067 116.67181985963244
117.54189611143512 12.873295068965646
177.82229205229615 233.22680394411427
92.42174689029432 133.8681940045125
120.08542379275482 90.44019239899795
184.5627214954438 114.38465339580995
238.0515260155779 166.81868593575226
184.87375118690838 165.27370477487364
60.8904178151719 36.90131603089428
34.8797067915729 193.75863408981357
18.8584358192333 81.51711199055786
50.1135789066707 121.25979538145945
221.32147647164493 220.08408766666525
247.9372437587675 158.53308256087598
200.64149412901696 219.35562137628372
150.63748952469672 246.04510490527574
247.1347291140627 23.208800116375578
230.96030494420677 15.712709688175952
22.778621436736895 221.35762490684166
207.0671805303264 206.9601622675177
57.20938621129487 104.49243278384695
32.85607936982352 212.60115751690418
108.87915987361515 166.88184535983385
223.09261839314846 128.49950295324402
122.20618387876819 34.86722685759658
57.92574645024026 141.95890802238515
130.41418302291302 222.24290217134336
230.24401287034263 56.392564172885464
71.39933398529793 197.51670989356322
235.73823638527958 185.2275407791229
188.53834037292626 198.8712951935968
173.19433730754838 110.51095895253624
122.4428528882268 165.5754397000169
3.018337452825204 249.2462484986488
88.8755021552099 200.43249575822534
89.30127991803383 235.0457021251675
105.51835399755305 227.7714935175828
150.50421025772985 216.74355602541723
106.4894347254001 233.51717560914426
182.91305748033275 7.391465714659678
38.10990576312398 121.92142111154841
178.36498889582575 82.19007889100303
24.71815631883706 222.72685938047834
141.86535908170012 223.77263272834094
67.90173574809214 66.12972460072756
21.60691475285828 80.48591681842149
207.85675767307188 211.16912738749403
60.731599309507025 183.6639198301829
202.69422984609963 53.34434916405065
197.94973089954746 82.85555858911498
80.54014607110011 240.72955808348797
154.24375771452947 71.59944942288645
211.42880704286273 238.4888940938121
61.746055832952756 28.49711498250543
128.1828684668111 47.17915450214136
166.5356497946077 44.29690061010369
192.81495414542619 113.77062392932972
94.62184114944309 213.99492225574627
86.2175798092784 234.57000803286948
153.70821722061783 28.134832050269843
161.9522258947755 178.2785968878977
124.58784893521299 193.10430256879582
43.19383717823106 61.80234745827667
86.52191512093471 113.65718490936705
191.76312348107948 17.14926124025898
223.77338085184286 77.39064695189197
138.6571000915762 79.13176432940683
115.46462248803464 7.905334547820719
142.68718165678823 47.27517775636744
79.3533980433107 19.55794608567116
181.98594926768385 224.71002405285552
214.05622433134664 173.6145454955827
85.98484138065871 135.366914782301
12.624788850764096 236.18448779906382
188.64608495314914 22.78798624474873
16.253904562994748 38.591448910844676
169.0499116590135 49.17792920301517
155.78580321292065 181.7387324667962
100.01442519943745 111.58792595518949
125.87169135258792 187.36135360774585
159.0795412982041 147.8898368648431
197.36767301459773 183.78299085723796
207.84596103843688 122.48121313315627
54.52320248127165 14.180286490891842
222.79777258541395 125.33499269984067
117.61084091522316 8.769282569839692
140.01596947030538 229.91418564750555
86.84946917314798 212.44486827533134
62.52924374678173 205.20946824590197
46.25852122951213 188.62330598952352
25.56304510131721 240.63759874152473
42.36656893666732 233.37884500874813
94.92479346720698 23.734504295256226
105.73898246973107 211.3068220711817
209.10522729068 96.46726748140921
113.49213944541839 18.076777853501536
183.55236448437117 0.8879648464937828
198.51982373380844 123.19549003500882
27.22805509594228 245.3004783788586
74.96147200661046 20.915615038064576
224.35526274317502 105.73368540464404
29.604375526191358 71.87869623521237
67.82327016176518 101.20774352577766
123.0534225455792 7.489917091414361
125.07351285245453 178.18839745010865
218.46268216494977 161.41931086087743
65.68006008372393 132.56533908878683
1.7030309417851996 99.14708968711938
119.27893722086047 229.31885570002703
10.317275503074013 159.22615699832153
9.129520758898835 150.04480337761154
201.91460610233204 123.60233659113271
93.04543066252421 16.75914294364708
46.90407023080662 77.04753073408615
17.063627449994623 234.38482012642746
108.92104007785767 168.30330600777407
195.91076617839113 46.71131157643774
9.890619675492761 63.50808102825403
105.75681815848118 155.21813027522683
14.010170034140707 170.8052162974653
46.74151182958097 238.8151079786934
169.39249984470032 126.62529448281343
34.53184668052936 104.30523876840344
248.66072497287036 152.3998574117421
107.4350430603971 71.67548019382194
228.146113940037 236.28904174179218
45.43611077601709 62.992825404509404
157.4563911517975 172.8087551602637
213.93243601905985 12.314489060994333
22.69109618062595 93.51044893172788
25.779761254709264 131.73664101333384
69.29735500438555 240.67571552419903
78.66146357273155 218.23467525766847
144.5201199537345 227.5867083832422
210.81488507152375 41.160179156901954
6.203881596461347 61.05453454369641
127.2336419945132 9.001731550268289
157.8856522703046 196.91918886727603
101.32598643716534 160.8833106034723
53.52557735868255 210.6074093826827
226.38530940111158 79.45487389887454
148.76861994159236 83.72430501716715
129.55654928842785 91.95026180594098
80.87060235431032 213.8835832762682
149.42703119044495 69.99870781228468
128.41148465326273 194.91629247994993
138.86289759517115 2.821491904947293
3.6425659796209544 124.02501719195446
130.8656534677779 247.74489105667584
214.76227457682057 214.96666869333853
148.3030089716742 26.38392308534826
143.3220626605805 163.86612297802006
119.91719387670544 18.933844297443965
139.14752012497416 243.10607166209448
156.33701377220112 91.5615741059424
79.64972956615904 33.007130314984394
176.61611293252264 148.83216544798043
50.80516100831803 154.10650351562825
116.73333277373926 107.31759513230479
144.40837549782697 190.90868098619146
132.49926193477992 25.47170315172165
100.68672796353928 176.52708355878178
100.3261935803345 163.52370551641735
134.86499813339887 243.1888156168128
118.20055683707487 224.62487158595707
88.737672436634 2.2229503224789893
130.09108412532183 58.71322609678961
98.71358262374166 56.32634225470501
201.1425556927699 126.10469004840303
140.8404782851063 231.3120869768994
166.2433225241243 10.361694074924543
233.56777108264862 154.3242903952652
229.97018580776134 57.62138679767686
177.12541432721974 83.28390749342812
97.2664871695547 88.09711009152613
242.73981774732525 50.91077059452828
74.10721514346506 203.9548266910621
90.99370505219134 58.283850615711145
18.404930891836397 65.13240439533865
127.21054991493125 131.21084283773843
5.865005929237971 133.48919716437047
199.7368957414795 147.78375521882174
105.6102094520597 240.5453265885762
169.02108150553119 55.99170119279573
19.445123161893395 172.9704198438397
30.08494236056039 130.36602525870086
240.46557548981235 105.11247455717101
155.61337351764516 177.49380333308616
219.878630545587 12.654108010917152
214.01514284962565 96.49315551532098
135.4291148769595 190.7602953713489
219.15881056560968 54.13703932694655
4.924475900466491 174.41040450413382
217.0063889007246 59.170875062259206
197.88979355549236 181.64407333021535
136.46819234547422 246.41630987952934
138.8818067524747 150.92894314899397
147.13805455402488 65.43588218246404
92.25506790872996 126.68584040742273
83.25073939901675 31.50887330757643
199.7340593907087 4.685772989414999
237.3484617604863 90.52328791597833
182.2478448188862 42.733580110386164
170.9682970080156 98.7456469773847
165.31235931628575 170.27173760279763
49.07887430132168 194.12422282882704
34.21375083740993 229.35481670689566
240.44893600218555 172.88360309731212
8.49971562210397 171.03009379390573
162.41599009433858 16.052994406331734
179.13203846025218 135.12582095682217
70.997335879876 156.10243328961266
244.12134694008776 140.5627646277298
115.07769010000898 193.51943855054793
222.74716947399014 4.544104423187479
32.62975073037266 86.35294337262464
128.43556168954407 166.27011557530122
110.67528303014434 166.01248967635348
174.51102265329394 11.220982058520068
235.90980257735083 48.57803693039101
7.082126248580317 152.70758331133186
16.348823179657522 108.95540732909953
61.55749557049964 103.6377388196362
74.08120372031219 58.13551086991453
109.2781054037942 76.56667728671115
188.0013616978071 32.20080413614792
101.50157784047786 182.3403844665539
102.60400751599322 224.35033358094273
196.2802462332324 242.8245403590877
13.41589513014238 128.5259340577706
232.58253196926094 110.57346062602805
127.76482738091238 66.84945869077389
188.46392115075014 51.950067604064536
171.6308413133072 50.495932381188545
99.33803245057466 217.851007990483
50.472139939109404 119.03971306278189
70.00947388325999 99.3476174235556
41.06394210465289 16.42903939214671
157.8162729063911 163.24964832442026
36.1170415486215 186.10999130400862
105.68865806820888 22.741816654520157
152.35749324791325 221.7256911505358
43.01833720884618 142.27022720003305
109.58030381266123 168.56763563133202
179.98568148037404 19.775603223251224
133.0816524095334 208.00735269215156
22.114249198448565 50.649636417121776
189.6653784112327 132.91562033092558
17.43928246429291 191.36819370360706
218.5202157508856 4.859803884039948
63.2306024178923 248.7758887320243
230.9623742950328 99.6789427588027
72.91692962597577 3.0919302439346708
81.70727853423843 88.88707520273798
123.58890561888391 84.86491750030662
183.36293110983942 241.44502102149173
157.30611096755868 220.35193303444458
235.8318044933459 222.1589667798555
161.01086370180633 24.91301725065301
32.615911107971876 122.98796137601612
134.98898025810016 190.93754042773242
223.04289595887283 109.08020251318912
249.6784435469062 92.0246600502298
214.06679425802255 26.500167527792883
162.30560898712338 246.5122432876383
179.96242685025513 229.88757655015388
69.75945744977855 167.72927111492373
105.88604708842095 5.768925561015409
114.64014450176515 169.19912071406648
197.8975294116072 14.408576441087618
131.9800927509583 232.31288854025908
136.9229504268766 56.68885809376287
232.36643617629144 245.99341534320595
237.99074824216896 60.019596739358136
217.8635262209001 209.91336278060567
113.06825003739846 7.14456435478017
45.857042206243484 146.9702457933556
68.16392156033987 95.62037374963734
56.1111847354146 228.58154198761147
155.1092912133494 110.30490224781495
233.65932801730509 115.42682993983148
48.32575544973858 207.48027282625327
141.81460784492518 112.05262870503752
142.6217160120319 213.24776017108647
241.38513031584867 4.115871185335129
165.27989742054734 20.3990584082476
228.58192536024757 55.72887966529596
85.42081863295256 59.63652527891547
174.96857762358042 183.46239133972747
229.8544692292931 23.886713682643613
69.90592027091056 199.7060142108069
26.11691015873277 8.877858607557549
8.891270496691916 2.6814031491310955
59.90944965637357 165.1689308150365
66.42451637309918 64.20638676058593
112.09545125724169 55.38052699309265
206.78247832596145 48.558028625361075
192.71692144206324 0.4240751805138776
219.25772916183982 35.04519142986209
2.5274160435224955 157.85576227796068
107.92639465907757 75.09195094617377
129.65594873364856 246.39151467651334
223.86339196170726 229.11436696679849
194.3407105578749 132.41969246957888
119.13684711579464 25.649187047262682
184.79065366114025 111.88315695787959
86.1088528397896 157.95375680529548
12.00221704588264 9.52423433915303
34.045240285172 233.32602358619988
96.01027679164173 98.31514341937839
59.58200548729106 73.0143549053783
86.40641931449602 156.36210420530793
171.1911162424526 235.958335020641
93.55161860378564 125.54110784522138
234.4923208718257 219.59036794986864
106.03113286816671 11.387639596814243
180.40905118178287 190.85435307999896
23.95718417686413 224.62183287739725
31.961308359534453 122.00727107329051
2.41469473076486 0.38191167858595
168.99043567957173 146.45940246927827
207.18931971816778 220.09189282833364
247.78375426724685 148.41817370425957
31.277247427116627 163.93350250264942
39.469387659255005 97.90919459191241
107.48328526827005 151.49186913742756
20.740877475909166 70.52450131454219
180.4102408001367 236.62916671252742
69.28420380003736 111.54121464588899
224.6724106695206 86.09200334663092
114.76279937493678 81.40009973884835
189.1706836538108 194.7483452162574
133.4513717539821 89.60510438356891
0.25135564015590917 45.751221981923415
117.52602922423993 47.53832542589784
40.481650578637506 176.73150519872704
144.18714488573497 37.57092909345977
221.50796496594114 138.63808425417398
107.22230953612791 63.73993245339865
181.4814497305078 218.3586150961199
101.6819092206503 72.09209645552578
124.9622931743247 40.553180106954635
84.8000263841564 63.34799676377389
17.426133914948654 36.56578427752927
58.91290810172969 161.27571934492653
108.78778376494425 36.279460443595454
5.727058601980723 38.91671839384914
136.70441360728577 99.95462698284305
53.17301324108883 129.63157245889997
83.11275003169614 215.64800043133167
240.2076159678639 234.49616857761828
32.87936646009096 140.1289646262452
150.68514847007904 171.53512927095548
142.82193985360087 74.91599370344889
62.83750856346926 49.11039789660654
183.9556910185412 69.08325184451203
15.84198432210593 43.30088827805198
114.05452223140571 126.98427334155701
97.90862775103504 192.886608981119
153.31557378173414 7.7052370804378825
213.19758236062253 185.28331076861747
182.88650214775592 186.53064870019705
5.482745445018589 225.3612002304534
26.447931999307144 194.50191059782253
175.01032778415532 166.59138003790122
58.21832226616105 91.24986660407345
221.7621388552269 205.73669941392276
119.32067374238333 212.00198448154248
84.66587057285379 173.49361157959078
114.54312006903888 189.7827743400203
138.79812512783872 17.041236958516226
243.2315053464524 210.55985714152442
209.8986177728953 158.3090335337781
30.382310517132083 65.33778819831437
138.70960925272416 23.080730824272948
191.22201837363383 28.01573137231478
30.973885600965477 157.2454213590471
176.69054705800977 233.07571576750547
44.85450326289714 13.260933463553421
70.93365377173296 240.41780358075795
39.811836128846394 45.09433247971312
62.49904355655053 180.59946722327706
147.22597966663733 73.17379966395882
114.3217301988761 219.67277995633924
112.6278365570687 109.36475559393105
225.90951500508527 52.28270777571184
131.68246862970528 16.971216439302772
113.86420519068177 198.06095328736438
177.41402318064354 182.81848447528648
12.888540131405612 192.1332664516842
137.43347604649477 156.4110698102712
204.57947804106698 207.17770815917993
137.56521314179142 76.09616105353211
172.22972420772513 3.9841781305113013
127.69938079296928 154.6892941212272
60.830838327533414 46.623565685753846
60.410258690918205 104.45206806725982
200.7117930644322 113.30333140166368
225.68311639512297 247.7052130977046
108.36158805896851 90.55742184750906
53.54715997247963 8.553538972397329
61.080756911756936 198.1955330528808
191.46052829991984 148.33104909539952
126.0910666752649 87.21551530972566
90.89060214516186 64.24874905973896
103.50641958983961 177.0207434574837
236.817775986742 190.3691432914979
130.3483804342888 119.09964665351988
157.98153809565216 174.4961012602576
133.693014685474 212.47416721484032
248.19527944475385 124.9399759243004
148.26559764999251 83.08282742498541
50.15111151400436 207.12446297117373
214.37172725701106 42.564024851568824
4.021769870285463 89.31581818307677
242.62963838013025 119.07125725251552
179.95273337918178 154.5677482040527
197.8611643772841 140.94494284307297
217.15425653273093 31.360996933419038
6.118152608972665 208.6656403840199
20.240108149352704 61.40834161914935
117.12640867986079 198.71136894526973
54.28923375224021 144.15631666523078
41.04618342717373 143.30889097511633
221.08336482341454 168.94833761398743
239.00107684276347 68.95811559005843
204.15261857906862 95.65127539708301
58.77236474936651 218.77208463514498
37.81447115867317 56.637132674808356
241.75369481565667 81.14580748310182
160.52852955530278 156.4508335772969
72.3902152473209 202.0889854736952
152.35955339665415 4.32533957769618
155.20556980053163 200.4452408048218
238.03308719706527 182.59800720645302
176.15566806629667 102.12293107609793
1.6623750473400978 140.6210761089379
180.2206827515772 81.55201239759849
74.25772327369842 195.83043777968828
4.402602833430969 225.00646903213055
16.05446324460863 225.9254663739119
128.4990085613109 229.7493599947497
143.3921731637889 77.74181389580409
67.10833278785685 244.87659653135685
214.9153375752325 176.65789928971336
235.23062893190956 150.70573906882856
84.25440354461577 7.036588311726543
159.21532148762284 29.40758463824089
96.92721139554014 75.59275659766446
84.99615721182765 61.501726131845984
164.9068386819156 97.84357743647328
157.57972210848567 99.32027462042761
112.51864182159197 243.91632332417134
112.85609618822404 74.76973768694693
186.49327200874922 226.67688167944877
126.25370457129256 106.31182495297028
21.128837071817617 25.867515585214164
157.2724906805553 105.68128665082493
61.54888987248358 153.9268806486656
199.00520251088585 224.111270965786
205.169182146439 138.68585117442328
156.12200501935146 205.36997962548168
207.55399831523792 182.0315266678704
47.59586439218483 141.60247288945968
55.4433673437166 37.18446227352648
44.291004335670905 239.1947522267047
52.64578233121489 161.9920649463841
232.43580929500203 103.73604462803846
30.33378107685697 80.0974636883498
131.38143331554966 214.8851175678728
175.47034668856844 120.993998818408
211.9230793100153 101.47920838682084
79.1511203105369 249.25329801886406
161.9542343593671 33.16708514672986
59.8722909893758 199.79235862826968
137.78809564282673 206.42742494717908
111.93084450975768 15.585255722556202
174.79508667538403 57.128019425291946
159.79016058101956 49.21954909612011
193.4191079442877 47.6865238765764
137.54787215845272 45.715569221808195
206.0422389977852 191.51023137246167
108.67759503977368 141.4139754456971
75.14714616203702 171.8081408488061
142.42976702823023 129.94953584120844
103.99486680304759 84.33579858665006
120.10666437412496 110.07837895009143
163.73207813065235 116.65236504665386
216.8640664533127 111.18717045299745
67.89224854157744 205.75011483625576
207.18531554128458 59.44988124817746
199.53689806837065 241.87601312179663
204.2148496352799 79.88144869640767
225.54055332064192 169.16896883908623
232.70160331055777 7.576555577914923
205.88501515305754 49.59408078208877
144.53056591530603 1.3139024133242416
175.08020668168908 59.49913877186177
62.79882473684112 193.37037451786978
238.31474975546945 70.50280808861983
165.59414432696812 101.05892642812763
153.04262398941623 125.97164681568479
61.581158420655704 214.05312901001525
127.7644054961348 199.61048831644166
109.98768253782787 128.91934031903193
63.25755405965946 131.21235415980598
221.9114785721942 165.3299027543791
191.58519214297095 232.1953676869103
229.3440035373896 198.1918789631548
212.4606106787303 40.41546487497219
146.7343028133632 10.73715942862763
57.69034653007807 121.41563377896841
68.12973800828878 121.46226794066436
15.65869263748193 126.60470125532846
216.83436951483762 11.050326966345642
238.1884099264008 215.03375316123834
43.64332939407939 238.32669546694316
101.66192309836214 228.85474605310998
37.74999958160707 149.39976665054547
159.28244690875735 192.9482115036562
73.31469424195947 87.57020142080296
20.918800561494642 227.24977003363728
242.64238940248043 48.433633915387546
139.59186022266115 46.15484282771834
56.10919728536673 220.7282002146616
106.67699319614299 66.13401920197104
136.9473684497417 140.56091855679614
25.31984494670961 157.84919651090624
174.8057847129017 168.4118879357102
76.18717758442666 9.926104366433124
72.50438573386805 184.43040360475987
114.88592078042223 82.8234709669488
182.11785579886654 233.05493590090887
55.5850881150228 88.68328436795619
227.77720575641985 143.4876410234445
237.84611169151555 105.3956078429536
12.25674074176214 50.63302626921648
80.6039933278698 99.1543905987099
141.0717226700713 139.09196313561216
109.29545261129122 116.68232212792465
37.214740963830124 86.92755293358564
117.65621451839759 151.09687349712328
131.3995340526472 32.60083170397265
139.91404473409864 94.50967943051965
6.736385007219015 17.655564306427397
93.33653652498735 90.35734580762956
70.94961458303547 47.738003658192724
55.411212814656665 67.25320990233382
62.64456441471117 114.47112907047416
44.6033105906887 215.0558784228288
248.38628879101847 45.760959474137856
64.26132666053616 64.27246462159094
80.84982053064324 42.31689005352443
141.58992575376809 245.05372838796254
154.07443592607314 50.527309026413725
236.22866964391687 121.46862722077806
33.23205580423441 13.746957784787961
3.109411168561449 194.11038559407308
169.38567931592374 204.61853426742925
31.056895973108954 192.0522674687082
59.57344322725344 18.6455477450482
235.43307168912278 148.56123505218258
166.63499938298563 53.377241475123796
214.4504912112471 149.5108614320608
155.95890428038825 122.89173412765534
139.57467000936498 76.58976575646228
194.06506124656187 66.83888712913064
116.45326524672875 181.72298333010602
147.584981250095 202.38440218099234
32.89919268328462 173.50061378445378
85.5645281877262 157.83624198421802
19.527745915486673 204.6178566513131
227.33628749735286 146.47925130384553
38.90552485503446 20.909536318500983
183.10539174902206 147.94474655355955
227.18508680764023 19.850182569114917
213.5490939689885 197.24241591135717
83.41831675136216 122.64932282325827
189.22243193232754 46.793412443362854
157.5561940130371 105.76743378848441
135.58711047605397 198.10072140064685
247.66833253328116 243.74584566146643
175.9592362547462 86.04430085814812
118.2197739024512 141.97582796717708
153.79000377999765 35.39186878758036
137.18689317384232 240.0969066818966
243.83553405369864 195.832387525491
204.4762702755428 81.88434052432756
40.70584798480403 221.9823506906687
4.355994146799436 41.16295255058905
93.26737999966196 174.51564290111932
111.36226053996565 43.75167352763093
173.81701128028797 191.10796867183717
215.72188758009472 163.69626207242186
192.34368244878578 71.39745714687906
106.34008299962538 24.3272464328457
240.2637915408536 31.481103466917737
205.94557866689652 133.08054276587356
136.0633158206973 104.38308900478336
166.69381254455746 47.95134335094075
200.5515949426072 245.35479678816864
14.504188612264269 214.1530822163932
230.37900230519068 80.49305765847939
26.105131554889248 155.14786873762662
28.705067132077016 67.25040448205962
53.46226837881157 165.77103029803067
107.42198266056214 162.40052596601575
51.249864828642885 60.346033059581586
5.942389003698395 112.23002738357098
107.46940568951912 128.47766487239326
9.932792855767758 87.80837332482233
228.07749462322144 62.83825487895231
172.22927720143602 13.878797563497026
245.5262804711769 40.78291794503447
109.37082117057281 144.1911634765192
148.72483235874844 28.703229307871116
163.72774075433546 59.53520794209569
147.88209759977997 231.59997017975618
84.20615096892791 87.91148761270124
95.95845763342109 23.97675671812302
244.51293527781482 131.59829140328725
160.2505039136554 146.31139122271955
193.90968144225636 171.69630298419207
196.79628542451493 203.83241784318434
166.2102582218072 198.32486801570153
218.31681452372493 72.51317107751404
98.53766242538717 209.07529709017484
42.45292732411157 99.6816214894814
194.0006428395548 142.92828744234845
143.76583765912468 116.29731176347447
17.674551770217956 192.18019331600127
40.11026228191181 148.93160648910873
77.99363082767083 14.636110894101634
93.01905526725047 22.87873221576367
228.1805640692434 194.16565525532403
67.51625737726951 66.09882499095707
28.519762385735586 176.15388736925746
42.888016357443604 109.80953630903961
4.140066034822976 206.61960839576915
128.90030909178066 84.35935193513482
1.2633877352399014 182.07854898704161
224.10770867007935 64.34525860039477
36.0738687527026 230.27056282678214
45.93525212367103 10.874714518221223
208.8605734737012 20.34524323913822
92.33943562386813 129.31991607891027
228.7258647514553 215.69462856173064
247.0197690058742 192.40621583537603
27.184327131969166 170.1035443134807
35.3873676666574 154.10692963745524
221.74740570071015 201.93006304479837
152.65630365186385 91.26796908673526
78.69561846635371 92.88511940270521
17.18858375377852 32.97957967212778
143.23909503056967 51.66354855536973
10.125222529940082 2.62537931500495
144.08134071051882 101.44289368878823
39.644251803412 189.49680967476243
144.55302067046264 35.97662829770299
67.19531767468065 171.10519465316503
47.15765639901129 111.47496230917552
16.64969523996218 82.44557394642479
56.72198092052097 76.39821392928822
133.8240726803741 182.53473823605276
195.0591475710046 120.97543797364061
211.65787729250184 168.23647983750195
5.42987275049403 155.0519532421515
81.4888549843837 189.8557740023872
225.41467904281856 190.35519100174992
138.0904757633175 167.97281174111788
241.38717615806047 39.55816936476003
232.60115598955917 164.0638197854923
102.41193270492155 8.951773057712137
207.54419544869532 106.22129197673728
70.37665041488411 54.47995584099308
179.9502148871482 5.5353180222501575
24.84503087124135 2.7076761045927986
219.22210770382475 48.62770443986214
211.8994662395366 1.1026283763365674
184.3226054660046 134.96585889842243
67.42899661602078 190.45885810141917
241.73504795370837 141.37237698259008
237.30476070218376 88.34877953324829
112.19489126357635 226.17442438159983
105.55196231089403 96.24759463542895
123.15901293764448 13.284621757195803
183.93044398646387 241.2467481095085
88.82088369506313 37.931052628151996
177.74471793862813 96.49170250112843
202.8776667608063 96.09479914858926
239.88513881464488 89.7883804959691
127.44612376925238 23.556700861411787
14.642205686899473 221.91327483104624
212.29929982406048 34.043177955181385
53.5968232952975 57.35293902596203
5.810844810011428 232.6669849120331
129.80853617696894 52.93170045845289
244.65414752917164 152.01358535580795
202.9658074186481 246.7851647701024
119.47519529972064 214.37044882560244
67.61127435022351 205.36556044153957
154.68942424166278 7.108877597725965
113.38297543969303 206.32810586670982
130.2726171651464 54.78351445938104
174.08512335901028 82.9725726592846
157.83737284771289 39.03716479578426
129.91436389212555 146.75031344457668
4.821031533029957 36.19990319145844
45.40559567270669 243.04201087339783
133.14720493778373 222.17537642975162
136.99279045481666 145.48542569646233
122.14410612550081 222.1985645972184
175.72535140927963 185.5974561219954
24.265155360476605 10.312541903224393
27.40450525523064 244.3862057989075
98.82890741627389 118.8688456510211
196.86340971155283 191.78596676663565
146.0025502631273 97.24700894890356
22.16384124678916 138.83072071788018
87.53610285370425 8.28022334545439
16.871238420183648 197.2407557566675
242.5136063676974 225.1204319009585
27.58501869609248 138.34818462568217
69.54131777024416 249.72426534040474
133.17469537050627 83.47007516511034
183.06868481293196 128.0433648025403
133.16719296495802 84.20368701576902
99.62094305810176 189.68935578375581
155.36447016591984 223.11960271992976
23.18674982254276 218.7712779610362
218.39867814096976 217.81542135749964
220.01523353033917 28.80387418616226
208.99806559580728 90.6167536482799
84.19759411036354 66.53088436763629
18.986628106471393 21.015233100507984
39.85057480488757 6.957363512329145
159.54548737980426 187.5683524596046
39.40123934705292 154.74998840282007
12.788616875565928 20.079843793239295
168.0061293921095 200.59418010307914
104.21883466994561 113.57000148094798
34.45550618277696 97.29484705210662
216.66125816155045 49.05784475475061
66.24973516168839 15.704604001139156
119.1776162878431 119.72923654423276
217.52066010090337 86.71684268049906
74.59084407435151 135.9797589992854
53.04154431625671 95.60435108768137
204.286471643216 74.82335812459453
246.5569177221854 225.60334376783848
182.3101542192558 194.84838092699277
218.6555935561912 119.374073101917
110.89554022101208 37.465356338656356
244.14161138969757 227.91494763568824
244.0629964504619 75.69028606079986
67.95436319703155 200.2336090039438
102.20426721739051 142.66686424910836
105.29828229419039 82.16467161492506
190.8073822285313 106.29227875882421
246.43924522777232 110.93758998572487
44.51553305282352 165.80039536686817
3.583572957720355 2.614272427893194
78.2637757380743 204.74110747970843
121.54618822685703 122.7389232991108
220.22182909111635 71.06240163678044
238.16511360714242 127.40168624797715
42.13958113955504 246.32171359454296
5.209463598905284 23.350035087586097
128.77380085937307 24.797847673656836
30.152230034377723 54.24475898691039
192.45719463141432 216.87898759170008
45.89776292305498 51.35138780713031
106.53770366861009 83.34207099770575
53.796918250778894 91.19257503400996
133.91456792692557 177.84784379145148
6.303923671230255 212.52253264680905
27.91713671339613 169.2208612655015
138.5077876746846 130.9653514104201
66.05010203633299 212.7656095406318
217.1427852643828 101.0783789504715
66.94181030859575 243.3507609075917
220.58292144313452 163.0532229154379
165.7152007329692 104.14643121825398
172.14509187243743 241.04622215450922
192.89818622180564 37.79301577023203
24.53612866747773 37.73618279119872
9.68915552539018 2.586039020211317
177.10526406684892 148.1840111147212
117.6531293741519 173.92211337268816
82.4473677525929 67.70617598869106
82.69002939257608 21.79609163347124
197.6021040295392 183.2998333568148
169.38187212672304 149.17212503237684
109.63804328772001 149.24116601608912
12.384709744476863 2.5241565317904446
127.07961354016933 19.087726475606942
195.92239412343474 33.898643765740836
81.66953067493382 179.92086224570548
245.85738179481285 239.37994088005692
227.61270196240872 90.62331314603459
85.57400836311501 130.75381068405525
199.97652208978263 189.90679189021816
125.93194166722166 107.76334365095491
244.05884526379097 74.02801684992652
54.83445150672608 47.53241594194882
95.76142036381063 30.66796504720318
27.695545704809533 243.24423119180506
81.13024448384579 185.78436133146587
174.12871531687628 187.57622563360533
227.3290695295135 165.33352200374756
83.03917030492266 216.79486896314035
215.379886343282 124.36773830065503
174.7559514861358 181.601546558872
27.3643418780479 11.73352806417477
120.00512505220331 201.32610470562676
1.0085656632918272 238.27518037113683
129.2872062065399 122.53907595434669
179.53616694790207 224.77753182306964
118.11366669393647 24.183288193929204
141.14935586861208 224.3540223801795
210.97133840612307 223.6689681641517
140.77168836084425 245.74777689268828
51.11088808909481 225.3152528838932
89.52189232008017 111.7620236622602
31.221835288564286 187.68620445789134
31.102787842898632 242.77383247987817
74.4804938328365 8.962818897064045
122.27173588886453 103.1061119951639
55.37022645174638 80.53974180469184
61.00667019712472 112.13137097340892
122.91937988126517 4.910890827500819
75.07207750018691 145.65830288186987
199.9947384456682 114.13094815864028
236.42012065995104 219.45677572065227
22.06589608931425 143.56211389417754
44.17655508778656 105.3894999024064
229.37203579695023 51.964184740390465
186.1337749303036 204.60355566591008
59.787999077377144 227.39995383340946
174.21627746863265 101.94344252102242
224.43028801425055 239.57567814406895
178.07271350653627 48.27506460998981
30.109966290762845 199.65193396155487
116.43724618900575 225.89534284420486
104.67633117613886 149.65966441794237
48.57028884712641 169.43334838063825
37.129841001337205 7.910755458749364
121.15256913229643 46.614214673195455
160.64801173607032 7.879118954189412
121.69868467916808 249.21572428076504
76.05446179555072 120.52348033891758
90.86311595713822 16.097561435827163
12.575338972039996 61.76851477581757
227.36352414582788 205.94398559669605
171.16065483221098 93.71480424873602
110.74506189482034 165.32678430361284
166.93608230539914 42.68270810328817
153.97940921500526 65.30116348828973
60.32059798006531 81.38597437934584
235.6946395106736 47.78587078660856
218.14168731834485 249.74461795565603
212.50574392289508 73.48222260748751
54.90503300100577 21.19110856243603
216.6123039329905 169.69714152305653
68.3323106821265 164.64392097561498
24.113237767215523 159.55847054018432
44.91725315313916 223.65263048316305
108.96885422485641 197.8557959753793
181.93405255506428 118.88234075167081
21.432438735526304 193.91323841191135
115.45386669480226 31.868162240836885
5.659218034959945 50.054551356022074
213.09483131629986 90.07841855392168
150.6722395232575 36.300308935082626
166.07558880862527 173.16619920405273
12.771421522983385 62.21216946349625
217.3722346700095 13.718690622606472
230.16115873840286 160.71192558906483
219.66327763545715 199.71654612401858
139.3540255431399 193.7588909922621
81.16841195506949 11.211005375456217
221.92177389679472 138.0686570107536
173.92256574341616 170.9849699974525
215.4606117924192 124.34916791198039
211.445229909534 237.9443791791598
239.06327305400254 98.17761051589693
205.27950311276442 136.44158259667876
184.27716471315446 202.8110842210102
177.7480733936466 198.15449913120372
189.17316180375332 76.24639943837289
171.3160442484049 179.6559246774342
121.87461023725446 52.73914333673183
100.35405142419535 117.95713901256266
224.20924913678985 147.699120341711
56.132447041723125 188.56672400468213
56.75633057262616 44.420690878666846
16.41182323992016 219.9198305930627
221.14177196154682 32.16439223581341
162.6071450942175 95.02270049939501
149.56572132425887 150.25794473757776
106.36703392711868 99.19443878612717
69.63169193069321 65.55380293681904
197.53421686010662 178.4850347138923
73.6989948749838 248.20890210223376
196.62644784648404 239.79553321768034
131.32463193233525 115.53000720102305
183.09703009493177 204.0646043728381
181.03613794800975 67.52122349905528
90.74203265842596 233.55725531239173
27.344715928766583 100.18039112245303
54.92154144823449 66.74189050648447
47.165867920072294 0.0081252312860991
227.12581093269608 198.99900620884173
154.3784822440267 86.0882603470052
89.46667502476227 188.50646906362059
145.0719535393337 61.37001737168515
62.12962213376031 156.2727886731811
100.75429238940286 245.6710213498981
65.20165592955901 240.71125690212475
149.57174123302605 241.05424173542957
42.37854181060144 100.32426989137949
23.1138487686573 80.73522544465771
1.8628743009737325 148.10092497582374
173.12601930516666 11.686628093073082
117.07814195187163 206.15053677818443
244.05996356482657 93.719888935035
138.7464671928343 21.362592594663166
175.46840520950988 171.37199969813216
228.3654315888328 243.45657855793098
189.47034542407414 163.4252298072579
97.09759509651458 13.468609487468724
25.953888455315738 114.92133539199148
125.23810428756512 54.34055492743523
26.87657627049822 62.03247979392426
227.18140889882196 121.0479740459873
233.74112163731553 173.1543233786216
86.41298608634932 30.422000458457248
129.08389917126976 188.36146430958567
248.99302652309683 152.82581351491348
68.26166104855008 126.0375078232458
124.57954175580416 92.07089430907861
223.45259349017567 27.598633072137364
170.78959958625305 158.9762073851043
192.64383735955658 89.33152950774121
125.69949841639746 75.09341326087649
128.77390717230887 140.2960855364232
98.04032245142686 156.67937091088004
0.34466590263484975 166.24145869609717
127.66572035578375 180.28494384902382
225.2094275199966 231.97743126208513
223.10458980625643 100.77138450653541
85.1547941216263 239.6467029716413
116.64530610497825 153.55923810877846
220.12531731824254 144.52263853257728
75.98867575982163 65.16742641387152
58.54774864614948 247.14330208335826
109.23714569452369 79.46153267053226
86.81544849897918 127.4848257498547
40.44289590402078 183.40170842037116
159.77742127308525 47.28562148637544
12.56004079288109 186.03399452125902
228.46095681500702 222.10457825684415
172.90174306597905 176.70170982217022
7.942724895911968 65.28559342585503
5.953878635599763 87.36937779602391
189.03800158058996 39.39786250457885
7.930307761177785 35.61825572110955
11.962497966977349 7.714554244549837
236.72271659586576 6.047538012276616
131.80572496630515 17.552837634781604
86.32480569963066 173.06091890377746
31.460133691569524 102.99323436462105
240.69380720344566 206.03466340219734
42.14487325565611 98.0431734427151
105.45928471444871 85.60445735333263
78.63821685287186 148.61067600449186
40.204348997888 0.09574692829461551
135.768395829614 109.01953084701893
137.52989463192168 194.12847665822116
205.3929471060127 221.7600158513652
78.6466970559594 104.44169349328541

22.47367087366692 244.6184147108789
143.14857883048012 194.71835219724295
139.05584415532135 180.44431351765766
248.50606955908572 229.4934845805744
182.73236007411833 46.68114975099366
134.98415165939306 157.3761326065902
93.95719438102448 194.61205940051673
89.32388956425419 22.516693278347127
216.4805960947789 104.2326119942931
19.930598911872682 242.2921107619457
160.6166892649888 235.57830959919028
106.15560166996929 160.58620336342054
16.304875598854295 221.44969915285995
240.97231602905265 158.94241542948004
211.66609278309085 31.406293316779937
206.05670106039128 179.64779171226667
216.88984290265802 174.45052702382972
74.8179618312781 45.70911759006496
200.90570776735106 222.28089664678583
233.0268652867581 66.34432769928567
39.8458982414612 216.266257852056
24.256771560381864 17.6089144269177
166.72471078461533 19.547989393658234
56.84011575648174 192.86045784013476
161.51856316267487 52.83483810717876
233.58467202545225 90.98338686363297
247.49826464323414 193.69240536321996
152.1136940210578 119.22250844993313
245.36648619437528 165.33628023200347
34.548729634064465 93.36755084387052
38.853567079554615 141.3452459381184
249.0296076193296 210.32070175737766
220.38655352230307 216.9274498332998
114.80966678984514 13.278113162477679
98.43988298531625 77.27528765870856
226.22563769213497 239.79814556466002
85.12084927322502 236.5829773276052
69.35940159201826 114.08665028634447
115.0925066379383 137.42885706811342
47.11137168779461 168.54734922589478
190.31292602134985 30.196209939103046
244.1647767862394 43.1946650883053
148.62036591707653 79.67684764810254
49.51604667533968 117.49551653686166
123.4539885272927 15.680649856749746
180.34720103011313 237.9433979416511
96.71487647106109 140.24730726824558
115.255185578221 86.38513950437488
189.8102947840924 118.38296764714512
238.7661013284653 163.12201070528698
178.3201240937701 169.85227977487915
57.46524666373079 33.11622409976861
30.386011556620492 190.68990976151503
26.344530494835926 85.16639508107127
45.45251847638393 123.21082083774782
226.5124753662684 218.51596302236925
240.30394103780108 158.59578513215607
200.923454181009 223.27512828133877
152.95272804244783 246.3637836170082
246.52435162326316 23.660415872319152
225.75876833951676 18.9690760939433
28.294136902245164 227.26820592586174
205.48342289203762 201.1245819174618
61.31930595738838 97.31393961004736
30.576636074308578 219.0894503623994
104.92235553573093 169.39648575332686
221.03556925252187 133.89387865823346
124.1115475426443 29.37708103083464
58.177847297141874 150.1102016842954
127.82697917901962 227.58431429508067
232.75756986726324 59.16208237071988
65.45848063528965 200.03669691912577
232.53470801362678 183.14080879706316
191.36937343787523 199.5082843069456
178.08001514954964 105.40509259897857
123.393736354277 162.9306568822017
1.4135745204688077 244.9523521823704
95.52771658930668 201.66915443497945
92.54842688562054 227.91627657811122
107.96143518579012 231.6458148121819
158.81421695909287 217.09397673328223
100.57881993123021 232.83692009651386
177.6819242083754 13.044847678614552
45.36809757042876 118.78933393846253
175.55169528098057 77.39881886920008
30.117858554110366 217.54598488370524
140.7315310765187 222.0644606457945
62.08378341632304 66.4768828961004
27.965631888850485 84.49212042842835
206.32428277908113 207.51086866498605
66.68294787573059 179.01887186678965
198.53916453552014 49.827719286859306
205.9472509953139 81.74770384547949
73.63333932932875 238.62051145274623
157.542577739509 67.82222850318156
203.40575452902897 237.28645259503406
55.10499320042281 25.192037869338325
130.88004790857218 41.87054006607982
159.61760526245303 47.00486846884011
190.60298689391215 107.97618965081004
96.04551301476319 222.19167497176062
85.71027010731596 239.3971609689218
160.6305864008885 30.05310981835868
166.28650140264781 177.8120332971856
118.65133530607017 199.15056228098288
48.4828060163881 58.779490720711316
91.5085170225689 119.4039365596532
193.56896792086175 10.096511647018968
222.1601517955328 85.6407733053037
132.222055071114 75.02732757536396
111.8784319086063 12.02553426662964
143.82955596228737 39.76956319665156
81.37513299739251 16.97039343752768
189.61810786236538 224.97991635797774
209.09157186443977 179.44938645709024
90.91625873875405 130.74049905803008
13.88281000236638 234.41922569972766
187.49987764056118 23.476065062135813
22.231556356797384 38.62456502333425
168.09977391440822 41.902668879034735
162.63768082332436 181.45135890939358
99.07488641039988 106.03201542421769
127.08868152297816 191.785664025101
159.45246076963429 144.7183892308826
199.9747007714614 191.00778548596395
205.481242547145 117.69590158049658
53.63413186618008 19.249304272532463
225.5589802319327 127.26713540921483
111.90154878356721 6.494405474614967
137.5363005929822 222.7778545042558
90.42115630813393 207.85715790817952
64.83932994394262 202.00041044237776
45.81958078603709 193.15956780998874
30.426324891001556 237.90714539774882
39.69644275949172 229.83799260869083
94.27631688805782 15.382899491850955
109.92860774642546 215.83115417148062
214.0207415998381 91.44760185827505
114.59765805619438 18.243638797966533
177.90946999654315 1.7015776160879126
200.3185354751481 117.99286981548678
32.23759812882468 241.02171494137264
72.70716962290447 14.92383686933696
229.70507063025667 100.42923744869783
36.52948536834977 74.15564451844594
69.92827919723362 102.2837371643045
121.04384598108456 3.7090337342325084
118.67952387171951 173.2935098542073
223.99292631525577 155.20031201279997
63.94134975283064 137.87049027500467
1.5548413156379892 105.36863220261075
115.32592985236151 227.48020115453537
14.540882050545267 161.6111338064767
17.34183062232922 150.66544737408685
206.22360358085163 124.10829032941325
92.78890858625167 22.78769049430579
49.637239114208 75.65269464773291
16.0529984575509 235.06603701370992
111.86830016516421 166.05997198801626
202.57207232299908 46.03523266849144
5.910182495113686 61.28127411003706
101.26769911918892 154.06864644093804
15.020044734008808 164.05378809616454
49.14835437304618 243.8445236426918
171.32906658996077 134.462680341978
26.899040930743716 100.86975828402595
247.18872774908903 159.70645799272873
101.24412866277896 77.22424172661258
228.3872354107913 236.08199324386527
41.819820540887534 58.71078910613681
159.032579374886 177.1459915297678
209.53698017661577 5.788009178074816
19.17879717375953 89.58796114239587
21.245596708955205 124.95828086977772
69.25128609591938 243.11639746902318
72.94834295303093 212.339371446356
144.4481765834561 229.29839155523527
218.08845949709303 39.116919498422135
10.17102771444528 55.14092852060681
129.1647177662996 5.1700065722549144
152.19168261378678 200.76117507506513
108.84245412551743 163.98754109557512
54.8271635414718 204.4318042116929
228.57405200838758 81.42177799808967
156.26910835369222 85.08968980804133
127.12056429827281 90.28040232773473
80.1993247319883 212.5064426162141
145.98398930467982 76.04310464835076
131.16627347804518 190.07794957245588
135.7271568605051 6.141824484255126
4.090105674398603 122.70599720819465
123.91611395887136 247.25694559534935
208.65676999235276 218.1171538447024
150.95117417911396 33.33563438310752
144.47874777277525 169.179953207276
114.5879679345282 22.634113800393123
144.6959879620652 247.20941100306885
154.23152773921717 86.72612288095344
84.73499815710487 37.09617252281855
174.88581577501657 148.462095786055
48.76443019236082 150.4708288049302
116.45674415899535 108.83281053091748
148.58988897327458 189.05465593828433
130.19501209739911 25.020125572480456
104.19167055111411 178.23601543237208
103.00125802788365 171.14063202170172
140.65928832944468 237.38972390803275
112.51650561162572 227.3818853359953
89.64952316420663 0.33162587729421156
132.90528929224672 64.55317557813034
106.46682302381797 55.74767690552002
200.90526647917724 123.55489925555402
136.92941820033522 232.3290475937811
167.2681877863099 9.844086102387074
227.38616833917996 158.73673123632142
232.12833875221327 50.03011303699934
184.99504297966462 83.94900546984371
99.17282471988395 83.05790798573683
248.83120921461725 56.25815078258542
68.22449803293986 199.67578612654523
85.49507831867805 58.07040637158861
16.36670071396776 62.84206279372043
133.62200096103552 131.139979158513
13.226303194589672 129.28090094054204
200.19718649914418 146.14499782975528
107.0843641279913 232.45086722566947
168.24490738253562 53.626443792551186
22.635494185306055 175.37625635575748
36.35671440936472 132.8844726361538
238.30638409875218 111.66753087928858
149.3536794726438 172.05934424927688
223.05695219038188 11.44637626364997
206.69507028879013 100.0581189260955
131.51113340307492 194.56258228996828
223.21007733524158 51.28383060788386
6.952245859015937 171.33647461907736
210.1614194525393 58.83080580998712
201.62592502446802 178.37196031184905
131.76426777132505 247.29008233909892
141.56255050315949 143.04809035229147
145.27506522398699 65.55686217060028
85.33679434563632 124.50614036660268
77.85249728913327 33.351375941457874
195.22472069129086 0.6923534001098408
232.66934679754843 94.57573782314535
178.32195772125357 49.8875734804729
176.28156516712122 97.99978901562962
162.89134559700008 177.5926694813735
43.399837605366116 198.77932630795905
33.440022334985414 233.4278018430686
235.3768190250231 167.90074470454698
4.62563809374486 174.13582674092015
158.58212417573466 11.050460622200164
184.09287497857542 134.09949543496205
71.23922544461658 163.60751086058158
243.95149535513667 138.05714071361726
117.6416974880026 195.71287355888887
229.70724342200685 1.1780162640488145
38.44364596295111 92.40093826957593
129.78743701965226 161.410841520982
108.04362420337155 170.18781662260926
175.27915345501887 10.406447508315624
241.34853944888104 49.240399497026935
4.5500013248177815 148.49884361887715
14.473037059999639 107.3931138577757
55.38854369777491 105.54262402872155
70.2171596948519 53.77962099535477
106.8173662264568 83.85412806068554
182.11006147884729 37.793095121925305
98.43829147171616 180.55476043131122
103.56905477370107 220.67999796061102
194.9958199996834 248.1388049312941
6.3713413581102945 125.96946453206381
227.20577816812553 114.94928445162606
126.1280911817202 61.97436259696473
186.0846896163494 46.540858515488644
172.753675057548 44.98194921342799
96.8325658793478 225.69346434807818
55.45002421367565 117.72815850030727
69.75269200197717 107.42943893898793
35.05088115915869 10.95379734923449
163.04417830445144 157.03538465170357
40.9464073663216 191.86466076573853
97.62376949603774 20.63178635453586
147.23439969753778 217.0918348237583
49.301453461802204 139.77304338015313
110.46626322930963 169.8000003594673
183.11315250931312 17.724230980145943
134.4619974666888 205.1358082352275
21.903354338448754 45.42080255931616
195.05463928912874 127.56761073323517
15.44825756000029 184.92529778472434
220.57295453653984 5.187783162325433
67.05409770079429 242.92243533375154
234.4370666055701 101.43754310147423
68.43979157369093 6.692175062307709
82.67911850605608 91.58505235463387
116.44168371917866 87.25496346505435
188.634067389292 245.16799707791333
149.96404833489893 220.13109470569094
228.13321540642133 224.14051534596393
167.89555056676193 28.389499039301576
25.694071664780466 127.8955867585826
135.83715579059466 197.88580169465658
220.86150340335777 105.86342421836683
247.55793793691797 94.09390375566204
217.3391031432899 28.478544676870694
160.52625185246794 242.44717370481706
178.24890341004982 225.27968089134416
62.71170242622507 165.13091507876666
113.19174040139873 4.523925975383037
113.22470578090018 170.18071672170115
200.69552067006944 11.288569885184119
130.61697313196765 227.93655475423736
135.84783731831703 64.6165902700646
231.52003807954213 247.42199047276225
242.1500735039281 58.23348975926962
211.74074501443081 207.80435988938189
119.35903845962676 10.701092989902072
43.66248084737057 144.13655306759472
74.39212433360282 99.79894221276184
54.276503139024854 222.0766875031982
154.6663597185068 113.28434110635682
236.23924515522828 114.26285677567898
48.21220574216081 213.52873789146125
137.20527022697414 116.13995027028584
138.81531874598224 219.30955158276103
247.61211388810077 9.386369955124401
162.44853161856815 17.82269704612388
229.8286113275343 48.551425731095584
89.03273936964798 61.72866056089107
171.074593464567 185.27858182143962
233.70452596192467 18.235861658452617
75.32105554004576 194.93430123348998
21.752251415205286 15.248024898447483
6.241624025540377 0.5120524242193669
60.01282352575748 167.15171857609238
62.815469146702355 59.09314790384235
116.98749688408725 56.048891866630036
204.0824434484094 42.06935873323292
189.4382626700505 7.631785898347787
221.50896013845392 33.12624861329344
6.037422362857036 163.52474342206165
102.1632126282514 74.30242683414126
135.408130267328 241.09613222454243
225.22291093708375 222.8937744927217
189.31450201298856 137.37949389634846
122.55757683557323 18.66724434439057
183.22664756330585 108.54337666746348
85.33987291890361 163.2315833930041
6.6761941882108875 6.28876821166488
31.82066103920708 232.81683808632528
99.19579751454691 101.6607784633071
62.231117207471264 78.95717724624384
86.84367716478108 154.83825454251073
172.79620236561883 236.64249350535655
98.18100351798014 128.1670246251406
233.46724271782122 219.8805476823433
108.85790582124038 19.125571167468685
180.23692727632707 187.411338810138
22.191679873965807 229.45873938143694
27.633443662255925 120.40426633349952
4.737321160384917 6.787779158154206
161.31348045518857 149.2187431107225
213.2346033711384 215.10759266608318
243.21907700675942 146.79178018200892
28.666031740608194 165.40145135095779
45.203512519221306 97.32586283640346
108.90976839942162 156.56681241198876
26.109773060547543 69.30761787284747
183.59833417004057 233.54652540821903
69.52242055420021 109.84952230048187
228.5768346917052 89.77151864130154
114.06059285402786 79.16803601788608
188.12230966406426 186.66549576429765
130.4335081128062 82.65894213902833
6.162992212106838 42.182666079531415
119.53457767505817 49.52637799594642
45.9937594556947 174.17256659080232
143.29912936329063 45.160272667434
227.96151333046976 142.82778259623862
106.37577140775196 57.73971210176798
187.15880506880663 217.92705214294762
99.41194382837625 68.77509411511556
128.94212906020252 44.56437136882638
85.07820166158896 59.541729195606294
21.539661191457782 35.91263516435528
64.65901478859621 165.20110365170635
104.85687119300688 33.65604444106027
9.536872230328925 44.22305206270466
137.54456484511087 101.84784505115377
48.90385187042309 136.1660791150667
88.64331432841396 209.63836623651136
247.56712315309477 235.25015898659638
37.78191413791049 146.6359428896981
151.6881913790796 167.02759868021286
141.7636093682983 75.3427291533689
61.374947042694004 47.27739143025816
180.5476287971433 74.76921660328186
13.638257232891304 42.72468090840042
114.63701001174186 127.92108395378027
94.49022344072947 188.1309793286056
147.09001675349177 9.225086402594007
215.57028139046847 185.87523406591475
175.1973888558469 185.19585796231635
12.667218188118696 221.20164878620466
28.22491461006593 195.52036957591034
172.77592768406544 164.6589575822601
52.10347908366889 95.23967452818411
215.1591376887746 207.51850710782284
121.25464711963558 213.73637877556578
88.97885535262188 168.59492128607553
114.1285076161136 188.17759530463417
142.02233610702967 23.278919014562582
249.62766863547512 209.88721112489162
214.75484284273963 155.81159877921306
29.12662346308048 69.42227089405573
143.10413776927018 29.90725076881179
184.18887020068863 25.19970023588286
37.93084450300313 154.3115341905226
168.4306391522974 234.694853081217
41.82347200937272 15.806425228897997
69.43588697572898 245.88043898470642
40.90686594763063 44.95572573631815
59.24456849594975 175.43876738315396
141.67120894344555 74.3510691774586
113.99868903336422 228.10127997540704
104.62639280793002 107.27843226342121
228.83861593593676 45.81735560970826
131.9055804407934 15.236124741506874
117.00102687114835 192.02736967098465
183.12990078425915 177.77226814411614
5.300683628922442 195.3444837252648
132.23195763083828 157.68772622992634
201.72916534491193 208.7859643958376
133.0610893390957 82.1204541534071
178.87237354264275 0.6390365028779432
135.94602375463037 154.258628045237
62.44592937334056 54.10946519837728
67.00461863444482 99.25218365459965
205.82379725379062 118.37785713624113
226.90302882459127 242.61585840706633
109.48674090202243 85.95795450043903
46.26368932818509 11.840583056743625
57.99602044678765 200.45288752780786
189.45125940804246 143.29343998572986
126.8003881190016 91.17407583171084
89.4347341102944 62.928282051100595
108.54231877555445 170.38008769894418
232.6256969399282 196.549180795352
132.80387327209505 117.30903555231106
159.07221235923845 174.4980935716769
132.5705138260392 210.72321938795753
244.4741623596085 130.37227673249058
148.1576843852278 88.84282163702615
50.65538544085246 209.28991286583576
210.81172371479667 37.930711612751246
8.34068937115806 90.9369378272053
240.42859966366245 118.25827352611782
178.82722638757357 148.66805859289866
196.56853274360665 145.99070321916554
223.71749942910012 35.62173620417647
7.953529671148319 204.47667642650103
13.323761927335365 60.36831520228547
123.82184102548499 203.7207159574605
58.723224045201775 141.6404652505642
46.0985623926079 142.44202579016812
226.77904242482634 168.65768195493627
241.25196771779855 61.63171447220084
208.39125029403266 96.36734921265574
51.36447584610407 215.03591002816177
33.268109503592854 50.57978818815198
244.66438871638542 75.743527460264
165.0123780148233 155.1996540231213
78.15509546803779 197.34378241275957
155.95876079857518 11.203031112907214
151.95920266514602 205.35436516121882
236.6276231976584 185.21321763173233
178.90421199586288 100.9854522432296
5.7572239719375915 134.0443665389744
181.30849915943637 73.83401920822027
72.7737367165282 203.88062587111358
10.273922967145744 231.06395281572358
16.461757252190235 228.32584628450383
135.46325964386273 233.89892868564925
141.8816702156171 78.27651883164768
62.25887233072616 240.97032844270618
218.88281458152755 176.7285801288376
234.63586385785788 151.6862484150155
89.36201589140266 8.965875814850033
153.4210585374854 35.41634257481815
102.73136368907076 79.86833679414588
88.14926295855955 57.64672607245802
161.79143535224517 102.62654440392934
154.35398396825545 94.23399271504962
113.6982767124857 249.40678010850684
111.00436460519408 73.78625010768697
193.22656732433023 231.15595658825015
124.73726292704268 105.5359734255957
23.624003987550964 29.509024069928476
160.4368106983111 101.56592050528859
54.7625744631213 152.97424443847646
206.5100539137404 225.3971448972785
212.05182301818064 135.37462602484507
157.79457078717638 198.9942465950739
204.81942976956324 174.7263411060007
49.24080115837107 137.80465182955
55.62881848576859 31.76012895773403
45.94898522226962 236.25400029296995
56.311360556547676 160.62026007535638
236.22184384204417 108.49264249869475
30.60254542190044 88.16880563726512
131.45331749197942 216.56358025776177
174.3141248502624 114.10961981483183
208.04339111688705 103.91481776599446
78.00767639568359 242.41646035218065
156.07140362234622 27.3602541820592
62.24572004167705 193.8464606212905
143.33113875067744 208.43762755838583
105.201903148117 20.707663771372538
176.7848430334218 63.912325776397964
164.25305353610216 42.76654731187598
195.39413118680932 50.226662125844534
133.9693216647518 49.492324161705234
203.65621670097778 194.97449789627657
113.20165769239307 146.04611204116043
79.32889270341589 176.3180203231934
142.77328382541916 134.76479088374273
99.70718941211807 84.54688077787937
121.59497365315083 117.05539040677974
158.00529868841662 110.91671817453633
213.99984936468246 108.37593280304708
62.440455360439714 210.69106617515953
202.28867929944076 59.71752224237936
204.3860822088441 238.684499940704
205.573153560317 81.71540974825913
221.81649733481535 169.47108720936595
226.21670816451203 5.631397658534349
209.43209387906768 50.63882133810368
137.60114734925634 0.06444077557482553
178.94701562215113 55.92458699061575
60.19013116671065 187.64647510671244
233.29130692486598 76.57347598970723
163.61660758680455 97.82355528907061
155.74855328311762 126.98909676735417
62.37486983593063 210.1689222647243
127.81137198237688 198.31963884816628
112.30590050687749 126.5698888559594
57.557885468204255 125.40870806414664
227.0280426995572 165.50573014343908
187.94300240778927 231.77128906007096
226.4944410440448 203.23370603350997
211.80829214073455 38.01931391981814
154.60473786277873 8.346759942286841
63.399974387438554 118.04277638395311
68.91431889979333 116.48737100792917
8.059252670567563 129.444860183049
221.53853718877264 7.6522577484058605
234.11974001221967 211.7923653856347
36.13895422945371 239.1170517503291
103.87811385439689 230.6951296904462
39.655556710362944 152.3397227098156
158.12043767730913 197.08610956783852
76.0134689907195 83.92410956375865
23.228422005814707 226.330219926405
240.89311605938855 51.88118510030337
143.30786944664987 49.69794624840029
48.83723600366122 220.46197823500032
112.59399405953391 62.15313253034599
138.88253541654836 141.62971699696607
23.74802469559714 160.55516964792685
167.5032252493573 166.26456764081158
78.9067539825889 8.216039828404103
69.82031219604778 183.06214743386346
116.62307179829159 81.85105794849137
180.8148890623938 240.15249594336694
56.61619425328301 87.09121819367289
219.92436063859375 144.79423011539467
237.63296623358238 101.90223412043869
12.77739316150242 50.06293870669862
80.40431751067138 105.52109718385822
136.69284283115195 133.18790700344545
106.90745245706151 124.45487874469136
40.84476469632764 92.2553732293285
122.78749179415621 150.4308233838238
130.44002517636252 31.246314463680868
139.76707907855604 89.15755541478413
5.564990406459275 24.88773655313292
87.04079971991466 89.81543131383707
73.03734267926062 55.942209961306055
61.95300836488637 63.41983328210904
60.588390799413 108.2944315023151
47.358022387914836 208.49653161923032
247.48106102744043 40.98861659544717
63.924294854545536 59.69171034133522
74.581694932189 45.24550712220574
136.26200462153042 249.85647769904338
159.80156435988096 56.111056691841576
237.35777633322328 122.78002986511066
40.46344912282501 17.967956667395534
0.6873246920043041 186.87155057282004
176.38020981231455 201.54757011752622
30.303308158768694 195.04285064843677
61.24126113884143 16.149237478538137
233.47505050937195 143.33074777919998
168.1722011550997 53.4501961980989
218.28241124031285 153.40662506111278
155.65137305699574 114.57858344811586
145.65595784013857 76.6236294200289
197.7385010616829 72.98429741584923
117.57541674500271 179.52298923085914
145.4822527208742 205.55230126372845
38.258940898485555 177.25902320132286
84.79447573136092 160.62257375299546
12.559528265918162 200.63452887228462
229.81773101067532 139.4498198292916
42.74919751252126 23.328293695703024
186.09053778972958 151.49775286051573
220.99882059948172 19.506129577053777
209.18797990085932 197.8687252188347
85.21975587723715 117.85707063262329
193.6449141162145 49.72474001700733
153.94578040287848 104.54222991831688
132.39484958780258 195.1158347264852
248.61701369648875 245.57189744709913
171.45696444045498 89.79051527807461
119.45006324048855 143.03575163299138
158.36688670953376 31.88679697705943
139.0459047751885 237.3033060442801
244.78620906854326 203.02642154741716
200.20525567668398 87.33315949504252
44.0779137296729 214.38807043866595
9.216406643943687 46.94659891978806
86.8091349941579 171.5701192590182
117.67731880921801 44.06191943859503
172.62513162349066 192.10974049398408
218.91584793803668 159.53166560405904
186.64929625080302 73.32945567182328
107.47089411982047 22.273630276912453
247.47752739589822 34.91429935818732
202.30164459067137 129.0770869476017
131.3899764481752 110.26898756850944
160.53206619999065 42.64182103641062
196.27637789095888 240.69843738359668
15.917979684338029 220.67296112032858
227.17223902973018 76.90380795099969
20.817704514381948 159.2638423829761
30.70619892727003 61.79000071775265
58.6716624337838 160.20907510405635
109.31040539508183 168.8852797459374
47.28755380797228 57.254930783080084
1.8977349124839893 115.11313035690391
109.25123562835063 134.50043744541054
7.703674956876489 87.07175003986964
225.65033924901863 68.9799218662926
168.8720944914801 18.872698057187275
243.33658616230804 34.65546573042225
116.69310192677823 146.04515629813721
141.7317585046701 25.002375250185477
168.17260645639573 54.04312499811062
150.12540852874105 232.63528691520037
85.43294649239064 89.67460367224447
97.26614962772415 22.830143262405038
246.16064606487032 125.54246530541752
159.55391464163435 149.13106102816272
186.20236040546808 173.94498434725594
197.12880811160557 202.76985093464074
172.25855188968595 194.6859860697552
214.6664766008549 76.06967050382794
92.18285457367104 203.61896363456975
34.55042241954745 98.93473033724939
202.1378729369174 143.4093321343802
139.41394758109033 122.4999881964241
21.27704568398037 189.36431730915857
35.933003478264254 151.0824908757495
80.92539415038466 18.596423862764556
88.53054794858153 17.92984748489168
223.16137639046835 194.88054052584462
64.46507237375614 59.49541240448192
27.558026261503997 168.86013212284766
44.90770176966258 107.42848853778472
7.4816126594765 206.6808327895174
127.62534459535077 77.92149572287482
4.379512398259205 185.08630281075685
222.61949291828438 64.84795759395925
36.32622251440523 229.96054458663332
39.781294376697666 11.730022051371304
203.63061440865454 26.647695874885162
98.28748140901993 134.0899315342098
226.9963689510838 208.28187992248718
247.2118389950897 187.0642440430199
28.31000069397474 173.8913286176308
39.51434957825692 158.31286795439388
225.09366313381676 195.55661879626228
150.81100100732078 86.96833635054362
79.6883554923869 87.13875707738237
14.95401194551782 28.087499577917786
143.2561490295705 57.00262777057097
4.181248982345759 1.8406818819473592
149.04260080802732 98.79128270263205
36.40848382130649 188.8958993784173
142.1726872002725 34.914895101990886
68.0983957966653 175.8364505716507
48.81272524644412 106.28781458710071
19.722862548935073 84.5048638559554
61.12454182013607 77.34942601208547
135.3225494246335 190.0908999553521
188.67254800286847 126.03191332010539
213.59222914056596 165.56507086428425
8.271207146252014 149.73070838786242
75.71920636526313 193.01656989535712
221.4172169726653 196.00560323829095
134.36604710835033 163.95015966467307
236.96318612549894 42.74757717550259
234.67138964816024 164.06832244692313
102.08863397694942 4.705671696926372
213.83845116534036 109.88494986430958
69.27408418056672 62.422952418834335
177.66758111852715 13.19504909355776
19.031961024909837 2.3769316043628086
214.14295500755242 53.91598792630975
217.7052451247322 3.004561326854782
186.07014420025058 133.09465648777984
71.43582693312764 196.06443268339797
246.3772912945171 148.4508291853546
237.14021695824053 93.58158771196956
118.59804265047813 231.21833712631474
109.20547823445845 92.20717392011305
125.85744426277645 9.083659024024138
182.64624375269062 243.6161137993588
84.65263705353613 36.73995317538129
174.70645090186989 94.61947881074282
198.80483100205694 91.12495048291206
244.72187300566873 92.63915221413885
128.16267647027146 25.49556746820053
14.751065924098834 220.15335535387425
210.73354349438804 40.76491939022001
48.21399222399145 55.46266567597755
11.647109441356246 228.9466731583501
134.5505398103829 56.79857703171173
249.25109328790626 147.893691344755
196.49132430654578 247.67437429397413
112.73818574876316 212.49738143734754
64.09676012988919 198.21493067733607
148.28519245951045 2.067530011185509
109.84300016061019 209.44271883412108
127.32006565381229 54.77759079820821
173.38769913600768 82.11495111538103
153.8805537929188 46.03222096308815
134.87331646950256 150.19923796640595
11.604937237571944 32.187591672655365
38.84265722545802 244.5104083449994
133.8327762076831 227.01905162532276
138.92213249133897 152.8806614166797
119.61946125480891 227.71884136217395
177.56692614719756 177.7332717343442
24.03038434658461 15.821121192783227
24.656763979910483 246.45183926988014
99.90013163659806 120.5982861445813
200.33987823826638 184.57368443496858
138.34897613266483 97.6204346071251
20.194837636643758 144.40222975656755
86.33922933886801 2.0422690197269278
19.383873877671626 191.47017079729935
249.67955352425906 223.65627952244904
31.376983362179338 138.82769418218564
70.4456282362793 243.8715146628113
137.15531037829535 77.94338199917564
183.95881706608358 130.12725507515435
138.00269080397305 88.53917654215701
101.90429671146484 183.41453297142053
152.2636076797009 222.51877897953847
27.268171302692267 226.02880763188006
218.73861424243563 224.9765817730505
213.15830401885987 28.297628414114236
209.6253113994209 85.18523533869579
89.11790034138443 67.1777335265658
11.759217866679329 25.054423753995803
46.686975301080736 6.9671324718099665
158.14190301806642 179.85042731900523
33.59817371232596 159.35691287299088
18.45869868267466 23.461603084795
168.0439103892267 195.92704038695194
100.99346358924105 108.61075351233315
32.27525503458564 98.88156601014877
217.4770036268527 48.62436727210229
65.1446156903936 12.015525011697893
118.03892621190248 125.37021021954136
209.8296742117779 88.95852012099978
67.71526804784538 132.40114541057676
54.84822939685524 90.01879289927828
198.42294595540503 74.113918869738
243.11395887756905 222.2629420472891
185.1434175390122 189.04350933144875
215.23193877597444 117.09823200551156
110.55552613490002 44.6290892160332
244.2370231809961 233.73440895834776
246.41930249992086 74.9769836214797
64.85044997445955 204.23846694204008
106.09817744834959 140.2913759147814
110.07686832741723 88.447585475873
187.47343845097473 113.59874199825629
245.92731292463336 105.72263047596405
48.39362727319585 162.2621522198429
3.8228826100510096 1.4643951175981607
80.56633246204755 197.20164574130888
123.95373190860192 118.57224314869936
225.32234257266714 69.41267646678831
246.43554225300898 127.62375653430242
38.268190799475995 243.96925446635112
2.292896048957771 19.339626222488192
135.36261528560448 28.639728811833354
24.307114244438903 51.797437393020644
196.3607439275525 217.74215245807372
43.12879857958832 57.43860093667863
104.21922782543736 80.8237707371929
58.263691680338376 85.29859823572747
136.00884379725434 177.75389135757626
2.4559011217912263 217.8198250923431
36.30913452267756 168.70100314080645
138.33243853767453 127.00520811676827
71.47341772010887 218.5625512518238
216.81394460725014 99.85718791508302
61.755050332290395 241.25267492635038
215.16164411152937 162.97782937112498
166.20452801603176 100.4942477045189
172.3618585342819 234.21857888755258
191.33073305413407 43.421959277690185
22.877137320846092 29.519191975548974
4.9891674120761955 6.940923745566513
177.66966435471124 154.14868116225782
120.8010467845298 172.65399062905703
78.48636155387928 74.50216447141649
81.85623645884723 18.20714089424702
200.2600496615674 179.42754916798017
168.23278575419482 142.72565994977674
110.52763963877938 153.25270623998424
9.716982233192478 8.5742050831486
122.54051256835577 13.33805598646437
193.61804584786046 32.24539587240377
79.92893371595858 176.8303578201068
247.28298355514892 242.18544327839393
225.29890002546375 98.64851118115922
92.33864858850971 126.34174832766185
207.80066246660118 189.26988066816224
128.11629788363203 101.18886735093407
247.2506941657915 77.04424502443061
58.43759681199753 43.56922730398976
96.62299763958038 29.68279129844595
27.26193176504821 241.30597149412083
78.46797512936166 188.33669916043738
167.55338642723635 184.50034021326573
222.45722134647733 167.47072625310642
75.93346240177503 219.85098292976488
216.57111976123892 123.54437878772295
179.47637996341334 174.84367822204246
24.833806997973994 8.551269881577673
123.4456369341474 204.17964893992283
6.6460140587042975 232.31717404105692
130.24113841846616 129.23196148202445
186.4816340997121 223.78537828337844
117.49333572009493 27.654970332814997
133.64059880188833 223.78973820977683
210.65952970746844 221.6710720197244
133.25612842290496 242.27738604278198
45.447757788664276 220.12561885388135
94.3687036268 116.66860386048572
34.52182466659556 186.396050365731
36.453773106154856 245.59759232792584
73.8128262201167 11.229693261202184
121.96251690259727 99.43210122843848
55.96055837713329 78.26351051427969
64.65060527815189 109.738056884117
115.86749696933502 0.6467654976983206
79.06109697068104 151.72532534462215
201.16434030881123 110.47721724632417
230.3954757683668 221.86442105364222
16.51244213714645 148.89408916357448
45.89159207239376 102.29499025354755
229.98235366270373 48.467223592022215
187.84201693796763 201.07726265494222
51.45688163117643 227.92644604032876
168.20570351078769 103.44777491982818
228.57373228547152 234.17831675199753
181.38429887081054 43.714853725106636
30.13956743391849 194.3331510117252
113.6858819873803 233.58317522668102
108.33917996138867 144.63844776836825
47.507676392742034 174.49012783610758
40.57256459416736 11.465819633443536
124.54034470858299 50.69915287124285
161.81433311896876 0.7096077415927882
122.38396502684712 242.45983567018368
68.37131335228943 123.951318771895
87.3669796839861 11.32384612499368
16.713103862197933 57.61316143502207
234.91615348542908 205.14226973013214
176.46513803990013 93.28057312178339
106.39823861455191 160.82880235762022
171.02615495906204 39.917901480579
148.87465257504158 70.72481938480338
63.59644248477336 79.28670070927421
241.505148909571 46.67239687965716
225.07965634480993 249.50357373778598
212.97667013168567 74.95856898967936
54.83966095227286 24.058991519199296
213.93443940279457 165.78796013967494
68.48589215347408 158.35574859572236
17.735623457226623 159.75932042884355
43.722338271911966 229.2898545685191
105.52124946349106 193.82357695017404
188.4062522439656 121.2294473570919
22.335209826886555 190.75622938349582
115.21944165221754 26.2932434755104
8.036028997831929 54.99830507458361
208.99847755459058 83.58729561802669
143.99624068240797 38.098240245747235
164.40877084914078 169.81277640778276
14.663680174655024 68.00415890243441
220.75692079680255 14.288788846946787
232.01160001227885 156.87628724121774
213.1911387072096 204.9003444989502
137.91606411728992 197.54122885209142
76.42305529509946 12.594908307740516
223.31703534336694 134.07796209181143
172.48637513260638 169.58499643865997
210.93235071819208 127.1293239521416
209.9510204417833 231.0399166000664
246.52046211807195 94.22076261221457
205.8791044565755 136.40383444936862
180.63186390473786 198.09676717396576
172.53103136386446 192.61486921709798
187.54130034182134 83.387081228948
172.83841271853925 180.5568581597204
118.91344415258168 59.81541538047131
108.37910830224445 117.34698139974198
232.06976785451482 147.29060710258588
60.8784109744131 193.4586566900364
60.027948692118 42.089866059456526
18.249861996905594 213.6682327039604
220.46027270464324 26.580592377369676
161.28604289575492 90.04375960852606
146.87085241809007 146.98134900322452
103.93717836194455 92.71851364411968
67.21389192371255 57.88465432647563
202.93812693585522 179.72033282374116
70.24489867365338 242.95694583924163
193.35718821721866 247.01731213855342
132.01308279601167 111.75634658962308
187.51733331649154 210.34455089154108
186.76007357697196 67.26441447419418
85.01579889331518 231.34860635796838
31.198504170777408 105.16535739906496
52.26991845502532 74.31222831685247
48.298903977030186 1.6672386299785014
230.90270196556696 191.46088181618973
149.21589833461118 85.16335535204337
88.39089752285004 191.7439283438634
147.2199510604996 60.13107188074321
64.47235192776554 163.23212501237302
105.852672452675 238.9557638537496
70.42707940877676 241.89998662327324
154.32322469686764 243.05731240203374
44.48999152795169 97.53011087937682
19.326606405482753 83.30188746747952
9.302699486530313 145.3242768278781
177.91766845046902 5.9760869122807145
113.67941438463406 212.74415984557623
236.68911194520115 90.4273347164334
141.51793165108376 15.43956326431098
167.38437180350607 170.57399725306988
223.48458257245713 238.62272766141413
184.78755394767722 166.37667788914823
90.68339368257472 10.655164208171641
28.441898119487636 122.54078069356913
120.74715518556062 60.88285145120412
32.3856148947684 60.353094038809814
231.1150145850026 122.16589009184153
226.94497901275776 172.46270251513525
78.16702003438431 28.55425784092189
124.86387299718899 190.6116820255119
249.5979542842523 158.37245882626917
74.20317953700555 127.18847031259264
119.6443742054818 95.3620274167906
216.7821054428092 23.555129545092424
169.01991885647772 153.95021342589067
189.1706449933075 93.50405497307781
120.49933371677038 81.33817111241348
120.40428738081904 140.09997290036495
98.33502869592273 157.17889491638618
3.1702228420699416 171.60644445858063
124.32520029549559 179.31630755505
230.15400382682026 229.8452129540589
223.89767225154637 108.91048458465075
79.30951339133746 242.34739290574893
115.39072653744698 146.47283596336408
220.86398953633972 146.73596947062163
74.76879789442573 63.31434161267524
58.98586413174087 246.57947293963014
102.11620905153046 80.87208666980722
85.17785533442942 127.80895049742688
38.85286410957997 182.22258236693324
168.14409263203342 47.76430936620843
8.812374339888407 183.05489017855987
233.8324345973469 218.14916070151858
164.56165733204463 177.92183842335288
4.863573621129796 59.566563359321286
3.340327709185104 84.55836870592168
192.82488443344008 41.98853431050867
15.334463102420425 33.41649229556279
5.0008500152423085 6.756951408398853
234.8427090923257 4.88129549979302
131.34648426879752 23.283895879469966
85.03255989962216 177.99941458609337
24.75008778884663 107.7973615482396
243.9756853511619 206.24068541562997
37.816221861236926 93.1416251137385
101.60872991240069 81.19635639732276
77.93233024256313 152.1473737609808
38.1276174033171 5.55140051838518
139.73406459208744 109.91340499129859
142.57319734097157 192.6812979020591
198.7315687040394 224.1026203530172
80.19413067187642 98.53465212240276

8.6 17.2 36.0 72.1
17.2 34.4 72.1 144.1
25.8 51.6 108.1 216.2
34.4 68.8 144.1 288.2
51.6 103.2 216.2 432.4
68.8 137.6 288.2 576.5
77.4 154.9 324.3 648.5
86.0 172.1 360.3 720.6
103.2 206.5 432.4 864.7
114.7 229.4 480.4 960.8
129.0 258.1 540.4 1080.9
143.4 286.8 600.5 1201.0

2 5 8 11
5 8 11 14
7 10 13 16
10 13 16 19
14 17 20 23
18 21 24 27
19 22 25 28
20 23 26 29
25 19 31 34
27 30 33 36
30 33 36 39
32 35 38 41

