1024 3.0 0.0 1000.0 3 3 160 240 100

7.961984242930181 188.85740605109262
135.360546317644 209.38160782052344
200.17793875516958 214.98532292733665
127.89358331590886 11.991356950756204
94.91778210685986 233.69175642121408
205.96355908625554 59.26790243042351
227.0211683402861 87.35890648743904
8.843439015170013 23.21333797727418
13.556300367619317 124.4132020773262
106.41587131168228 208.1553495523429
69.09901798034934 151.8425523750904
137.29039478873995 128.91912456619562
140.86225597563867 228.10894963460788
0.3153080196222624 119.44786556631593
224.00645198006904 57.274211955418956
20.23022421135781 144.02696412105155
134.39540794023625 41.944560505207534
115.66570347740223 227.12093693838096
205.21908615644094 17.30148558414274
111.7653713760666 112.76918766332284
183.0425659253477 233.25546813798644
170.01112449759887 40.25456450024323
162.81148467955103 40.66796964767677
73.6639423101495 178.01202512452264
101.63643016037094 229.10627350485947
38.312300820024596 130.4175431007055
11.461950296901808 133.92648924149148
57.990091932382555 51.19965839364438
158.94471916475368 237.03851418166965
133.01258477717622 84.31844843346283
234.70676162860977 113.31191763909307
115.7471400267735 145.33243777569942
240.1417402234966 180.2127198794674
215.87957160315503 226.05017553698616
210.18006718820203 85.85228584950413
64.59511983591106 20.741203623188348
7.878421869642022 160.92873025602532
8.013114807898624 218.45400776349192
77.53238741610893 206.3190996244509
189.9720244937342 13.312079985754899
165.2456212873175 99.63681685577433
99.3081197227826 94.85489065547829
69.11481681171597 242.81090443335856
98.2882197280481 132.27700592623168
238.08041866369345 220.5806930636764
15.205870377230257 95.13694563757291
18.1802163901095 206.385748517446
172.71066738649705 62.12160807837302
59.72213360317144 15.611773779138915
239.57266822502405 165.49950116881865
173.10028634251904 214.15296654583193
130.38197017920567 74.13617735955359
153.28790873776478 40.66549345532905
186.46889131139665 53.35278127833965
45.616996424746006 194.95881152679138
90.73841586374445 3.569521905553957
134.2261349422497 97.96021606977995
157.730295089451 27.25827631943459
198.23976587958373 42.69137095564679
215.466982604403 53.68781613007154
158.70071932078557 190.9089112743956
67.54684818175643 83.07660207955303
124.15297095232147 159.17361393957486
187.6779536072419 118.96913560904807
166.5653274674361 172.33137008702977
238.47028468334852 65.15649838950641
126.9558522643081 106.84493915806067
180.66575853404862 90.07193585973006
66.6611822731184 181.54544898823022
26.932574907656715 152.22378581940143
158.164611534269 174.23857055970603
156.9795323975032 207.25567339132272
131.06376576217954 153.96879963171622
58.81397919843301 93.27264646089611
137.02759401132613 88.09977870718491
46.80498466439859 165.10886373171437
215.83979056407824 40.36279853568075
42.49946813680444 78.98073869963751
187.2193177461373 148.19009743640365
90.47284432404476 35.845380252527924
65.26237671711272 235.07840677027008
3.7951280684990207 186.93966803749356
140.27970872894502 150.35752652369428
202.19829999872658 99.9598416065062
118.54245063161348 76.80035281341058
27.36712499056107 56.6747355474555
176.50946551161766 107.26203434993003
220.3400597906904 157.95058163688046
60.22677090485459 33.51575086477909
154.85955400573258 69.69788278499523
27.79134495532251 82.09519528682837
160.16085193402674 28.804518146413383
74.564550857871 183.19138081459184
183.78103532705464 48.77917889398517
239.73145796316575 102.11659747019053
30.775201198862124 121.03495149600352
184.05466905891774 21.670933075369213
3.9593674004423374 140.84895419647597
208.6024706183523 98.80813219669834
151.7232495919925 42.078389047142394
53.056660496276024 117.82161221486143
61.262275547924126 234.66553606764907
236.85136104885115 177.62641156515218
64.69819470565238 30.158918507750098
12.983074442081271 219.34975203093575
245.5856694245047 165.31562442499387
11.516796192961976 145.82257565314512
128.1127725343834 212.8821992524977
209.28072469024121 148.54135819979496
61.75324351700293 224.63686575020847
205.28501519861024 181.29985288591564
136.65048900307806 132.69326884012912
213.65604191879532 198.42168547946548
184.11210694708083 66.28909684105355
226.7728970051991 193.72037589536225
135.36823007218024 0.08466584725927429
183.23027634080975 31.23724548157761
172.63362139943627 71.25094693942702
32.78133464204988 114.66984281957012
15.824760237745844 41.69345918900319
100.11197573630123 127.34533202406614
126.28699916578431 2.757166517534965
105.32514989741324 58.00590501679065
118.2260683907836 228.38760839816518
39.92701684733157 94.37417482043678
22.28130746813109 227.14698938047894
127.4303741120015 162.89128028357499
114.87301570205999 212.08746639356607
62.725644306487524 46.13559982870663
126.1481289612781 34.45793037159975
177.20459563160802 32.969241775031605
172.417946824781 15.307652047925114
163.4076636020008 36.318852696537064
126.50201590765161 151.83329171705267
37.7053677524187 80.22803741207557
162.63824525887608 220.80359272520005
249.7413006274448 67.74589996124439
138.40247848330608 31.598511134181244
147.69247959582012 228.01774627366046
16.458613327939325 71.82790214178944
102.43362116498616 182.95321964168483
18.052835930954718 81.31399834396031
176.69907141145205 154.75980396120843
72.97274812306048 52.3060926600008
244.25251087369386 103.15823017539074
80.47906155707685 104.06542038569549
165.05049222084014 88.82754980728613
81.2764181400589 219.53252816814685
31.99717444879785 166.24204684027643
167.50904787751443 241.57561226142727
34.047623263757266 4.5644820272702225
161.06198367544937 178.1481647397799
216.63473241526123 102.4896479112192
160.796885451914 52.139890432979286
164.8695132210858 60.84462421271786
38.36714257954002 154.72256318400858
231.56767547191447 231.18362584984868
149.6821989718322 97.99942738688283
69.45845890103972 145.04020203748914
126.07351588575244 223.68457534639592
168.40446678198916 11.707634543516615
165.90987988228972 247.3352548955298
248.92281844515304 144.027739161075
138.49016455031887 202.41923101468788
55.24597330815695 191.95893640117245
48.65620244099203 49.009857057491644
13.571958534693229 136.73049192849828
49.140082463279974 102.28787428692279
6.530862286921457 29.310524162457412
109.18621656892618 196.40075801561304
103.79895770100639 249.90461775924618
73.06298402883974 41.36183698839224
144.76141154212183 35.00131815510052
126.1563910895766 60.72305377116785
139.43103913305285 43.81468699278513
185.78940092145223 216.0820325755481
231.41590767815242 45.878125399353266
226.44775650758208 165.912857598386
81.78241542087045 174.06836447977216
209.3664322965582 119.08842889066814
180.05301263978734 28.098334213674747
70.07121157053761 72.39505271829871
18.582147678559423 54.68220473799698
101.2147149949805 129.34520927072333
196.6360298132049 192.7115349728475
163.27400250310424 128.22076699707185
48.983874194069635 183.26420021254276
53.67476811040278 187.25989565124524
195.2163242785352 213.07844964673413
224.86890867649703 231.38347741349827
71.2560552720024 4.595206893781873
223.32576647247433 25.12575747210824
117.42778340024745 52.40195678588799
90.06933100851208 66.21274601837776
39.40684405938827 169.95653393319623
7.915122466189195 178.18509908970708
178.53740213692643 65.20546198762631
214.21508630772945 85.05886932168566
149.26762525960467 11.961781239762686
59.83521261276381 211.56411263095495
181.82244305268188 150.0655636417963
130.73917386498712 214.46323882725454
9.299018910235462 185.49451713570312
185.72121456848419 5.538062810018507
213.63963061139128 134.56850213372877
27.666770178609163 216.2181014145961
89.38307252648461 196.3279776154192
182.33123267963828 150.97708994161607
194.70981567277568 12.019681688999862
115.57626257574121 211.41361789211868
89.96649722578357 215.87341469198026
30.462424546806172 113.11527220586862
249.51535327286743 50.17272254117774
197.00209285850104 114.36234510618218
122.83064854314065 138.84238837606915
108.63428080147283 198.47846663222487
1.4565870407976522 114.05058773605795
185.32256678580282 73.21536300749382
62.75097207861999 239.21850824397492
204.84147516341415 219.98717182876248
70.5245870513126 209.25706834563547
129.2508250821009 18.357855768808022
43.21413380671549 130.47128075253036
104.07088212056101 122.85635834994174
114.52842214936004 243.14323595414143
164.02906576305787 150.92706592649054
45.45883827649702 199.4406892514482
239.74656672225166 53.04416410774102
34.06166658309015 230.07532462362227
90.43148195463586 175.61164903640827
169.87669797670014 141.05624816779905
21.8539958299899 176.36846454738375
138.60152157383698 168.01755116194033
51.84112561656176 243.46022798021056
183.45200957045162 165.9723794882494
108.50255516961532 122.06644776597764
77.17071494421116 206.58608757756903
25.998600233232473 3.6671876727232267
83.6137151644605 114.41193867521027
127.27368983032328 202.30575640551683
184.79358639082446 104.93408978262903
74.8184404435826 138.9364673748704
9.046763865321411 221.80013967561828
103.45127967438437 1.0110037887224588
120.75465816834586 50.82347606995102
236.01430070433622 233.10821636085066
236.45328123601593 191.24423162433484
13.954878213659788 2.366271047223645
126.17358940212517 70.80030909801366
151.35498270063897 122.37471691325486
116.7428158341831 34.71929266243159
189.85869648483506 161.13538876499643
144.95894678520338 173.05688312252354
117.06798867601137 52.819472372739206
9.674449413871356 214.52449201616238
191.00060948777548 85.81088672813472
78.95027256098378 214.6448813283878
118.03480652465743 118.55844218567874
186.9381012973511 36.865137638007305
127.50831355035052 176.0027085722239
246.46633961441904 59.11152897680477
79.94640383508676 26.923514181088652
233.88089391674535 196.84727898218568
33.6446730955538 222.72395238523043
245.76150620968636 202.6457378027325
22.71580363189199 215.07894186207957
2.3548032269126162 247.37359610681128
171.8250975875665 54.85587921608157
111.28769941933159 210.02540231069267
199.83068858072932 181.49674400669943
197.61857465464567 73.7218087427029
1.873327699575017 89.59740735966018
132.78779745757427 139.1205376718769
169.5353775566995 64.03447179172086
107.45740555916552 134.00134463815812
97.08464933523994 102.48798663513894
92.26449608398032 160.0664340634799
27.404981149037223 172.156517648471
176.36852855457232 204.42997646232575
74.33186172700518 56.713254818061024
148.85610077458028 32.78285183404897
201.8193556815898 71.96661266303612
203.64708372244792 243.12697272102594
211.81436892542385 156.39934711804145
41.98498479204527 196.50089809445777
145.14048224951608 221.5235467857182
103.78060239890132 14.124123099539837
222.552446454886 203.15731272050607
62.39549213097936 175.27815681663705
137.45400418848465 170.1662161990081
18.432855635180267 143.31496940658084
127.96221775009029 137.85223877532687
53.17008060820408 95.64349280108497
71.17468030601401 138.87261593641117
173.9761298706885 238.54667729068157
30.289086683982585 98.64559171142056
51.4066689275838 176.0927204423525
4.565645108282751 147.98324796424626
178.42191284632239 220.84732520194524
84.15007706151847 137.2443189542093
106.46072811888868 1.574399469457255
156.97293071381452 197.86238594945075
61.20985529787451 51.84282839022203
120.44963245466275 182.4231238079473
189.96058939320727 221.37957183099834
127.76164785563974 42.35063874174405
24.846125025829473 179.98426622815222
159.81630326202645 210.29936655288884
198.59936301709786 125.77345784993207
56.20802373872152 52.156266568063074
226.96809735742758 110.13431565147542
75.93318625744946 64.76950017822236
162.47123611654553 222.6576583379262
221.1028847926016 206.85932451492417
247.20350769182244 102.1450786801942
148.62964167714145 202.7099894325641
11.482558401242681 147.7442492265934
84.31828957866746 180.02804089973506
145.23274208863543 59.635984627806224
74.79694240194732 42.76820354466213
240.24669760226192 141.4286690028096
239.07289921287355 15.42094573345082
4.88959127809141 172.75052933765525
61.70575268782688 66.01189217158507
88.86819607502639 123.33117147371006
12.799453819726025 25.84761622643897
34.0877487333372 8.448698644598295
17.796497926795606 189.7476779813903
208.42542726153548 137.4555125097173
49.27098728710291 220.97095488879566
133.8397010981692 58.32967644423995
240.81689815659024 16.564084098117576
169.5577498240099 30.416011546272546
8.369941477717912 47.99042006743334
185.17680046126944 30.844098371874658
69.73975538446247 8.912353151088181
184.28450956371964 37.69046250770791
109.0725071314326 103.45075061512513
136.4821272513888 97.61869482555346
135.05579266114148 58.96622359958889
221.9110871117808 11.698033034868605
51.359092085871666 148.80398696813774
176.92430692127922 203.74497768796618
153.84995597258566 185.40168330268634
190.9816149227683 7.729216710607611
53.97344422105932 123.44777270413456
211.62273856344018 249.83189803479348
50.347574760578496 82.24810426344864
226.35235325808998 118.02577964694113
223.53550730078965 26.85056550331727
44.6223654711152 184.7003817129752
5.879326374580163 209.0767438127039
117.89932822516921 228.1380850405584
39.255633497899126 59.61990467105091
139.5022422771 110.66940139858983
127.93925768968967 70.60139923996864
150.4049819124022 215.9617996154232
37.56251020242096 159.23732100021485
106.3066446269379 5.287161894555192
238.63545646268264 52.00423844591581
149.21646892440498 23.458600081784407
175.81584404394374 134.64855715009776
131.8922170195292 54.01109058656431
190.70834493069265 129.58232063814748
215.22343413367807 208.9578157851109
224.70441258647114 55.490138150234124
185.2158169547323 125.01916314585034
11.335614740400734 11.059885180612156
11.166632224723722 159.3247017321975
240.18854655039215 89.94974377563899
152.32513379617797 138.30439683230549
134.5771542859048 89.73786435217195
163.554962102918 25.523096195200573
34.25487871700858 44.34533708782984
248.2891640709035 196.25265437337822
114.03122305130961 182.92970757570393
108.82183890228764 96.88436019128044
188.52836817340767 155.2938906335502
210.2298405118864 65.88791039722992
149.00377957391242 159.43141600945367
119.9347301481517 151.23732139316297
3.4115420776819616 132.05069258248952
19.654062039569652 220.81641499588196
51.50789025500197 17.734969898960255
31.460357363618908 227.77863028299808
196.52978130502265 40.63110677400056
74.24462833124998 153.50172938266292
45.96665483981677 86.17795472674217
246.33360971662233 81.47381105802545
136.14714432118666 55.67714193640658
154.94343500882485 25.016037196770064
164.0644702737405 107.59488468482589
240.19279525631686 237.97207428586057
139.0675044406342 17.61820717885315
6.734576764820893 81.72550395841535
199.7479480872343 63.23061156371773
225.91795131181965 47.49943255815878
37.984736411462606 187.71460374573283
226.91070695107922 86.08503524942168
100.03883463796367 57.22074510798342
87.55654758907036 57.43647890857931
13.701194768322017 78.36516701054269
192.14398721443595 10.23939283239561
212.27106293879717 168.62398873251595
50.97975404771965 132.804891889827
70.1117791569029 186.76855757983375
60.99065370686033 228.24473636396417
185.9003670520726 204.86070851998423
81.31366584316658 66.33141247715146
153.77373123303627 73.9170851489438
25.494606279538452 127.29411896465368
84.40122235876186 121.0111020051515
72.86336411505536 109.39779704693142
204.7163987879001 20.36288224139729
169.17977749634218 22.630090017750128
230.19549148646766 123.3634008004414
30.725291191194216 25.244461839811354
7.82562535205622 243.3353900176601
187.21709876391327 239.2635692615148
171.97284654513 227.10358893141805
60.83332125275237 41.40044262542519
38.04458406395003 202.40083717955423
22.2524757243015 6.5715464866582805
93.53163027072162 6.186134645977642
62.80297776598209 247.99879563460436
158.57224713569562 69.61822238038245
144.30797638254995 48.10915304885444
21.247321389113587 45.72403540221931
78.42310831812402 102.05599464511891
163.42205301395464 49.76929838059227
65.52872116100531 0.2522798659310155
200.382737253131 198.44803503567988
32.548691864089626 70.81186725993052
248.1676058432344 74.96861098224983
63.44566085832462 32.73881996520739
125.28009596468098 102.47739242084849
181.33269321876904 235.3870217304853
214.76716224390006 100.5038395936177
137.88524681387165 107.44759005403948
205.4840799329613 232.13584172599928
4.165632089111831 233.64116899977597
77.64978123793087 60.65378072246619
244.36259493608065 97.4986901360007
2.027687161320013 81.69108909454759
232.76663853516087 100.46726375447778
101.16277875709773 58.095519400438725
241.08686428831928 51.837626981035726
218.23680349424052 62.013026900893664
152.13061136271824 2.6993897765247854
113.23957991064215 41.12017535582971
201.60901712396446 148.72915689746912
37.085684386947094 17.433130427715994
195.68732633839215 98.97715222793946
235.49186744515748 163.80069974028513
212.58716165452907 89.87511455976416
48.15781678510961 184.20002419874447
142.08182416843283 218.3313102426129
209.3084351029074 188.01045470514796
107.56675961162158 12.102826727679233
196.1351851324519 108.33186522103486
80.48668036216105 154.02543314534722
116.87624743607483 118.58110507191586
78.40508079809358 30.539460201242346
145.93215514136816 167.52517444272553
198.7979146878282 108.70251880275842
151.9238950321722 2.8981789470105825
127.76811379594675 219.5046940887124
125.76681836493994 196.4441773046121
245.56090647855396 167.9156206952795
157.6775183321809 25.234041229092146
194.7505153241906 99.81953621335043
170.80059439408325 216.21871323902803
117.78559945087267 37.21263544724912
91.803518583004 214.8507225431124
6.424467927968747 119.07808883632678
88.28667690268146 30.25961978724881
188.34114033661106 65.1525917467565
230.70093328106134 212.71858592362244
204.10404861431374 18.371801760661583
21.667825477743985 248.30933422222796
1.203305287769657 238.39129109513553
99.48203322830945 179.90517802686372
227.0210430085885 66.03903115023108
114.56725174340596 119.98376431018798
196.09074667752358 58.612660153049696
66.13105157443589 157.63467174262334
123.39175784455276 235.06858447158461
158.81876833157114 105.81810102998374
35.0564145800748 179.02174069233374
26.32665496075179 230.245501289799
95.10287623274822 34.279274366700584
171.82456376255064 4.477290538782041
97.84097683097059 133.3347319865187
46.269358310296354 45.43932536177808
157.2636867628013 179.50199008597275
148.83153017900003 220.20439806952044
185.4997811276176 19.014477080388474
248.06986084608246 243.6236773533095
94.90947060083951 7.170199599382199
71.23698761542896 165.58256416916058
1.7809320241500282 187.07426472909555
161.4245027748169 49.77725477184189
100.13075830397366 123.8677712670419
221.37203347063115 53.20421387655613
161.58219501452749 154.55852066324502
240.23845879514516 103.22803174723694
95.90768618602824 48.366830705547066
46.11293531342628 18.34924901851326
217.4786238197523 159.01132235374897
49.26867344835911 125.55926311519625
147.03443874479893 229.89568359966307
158.413955622237 243.76494861433247
23.097513976347102 130.92929124130367
14.994428722293701 159.3656038089687
119.0422222252496 37.566392774803084
31.294109952545252 43.18445663793316
225.93230978695792 243.28852812827796
245.84589589638588 91.48043800867697
170.2701496666738 77.50835421470595
223.80696301229867 125.78577518219153
195.56433212914658 237.4216343971291
191.81439926663944 105.58670160264808
89.10166945643283 220.17434997641666
86.8612338138321 223.319385620012
110.04095017661488 193.59407360793435
170.17107032047122 154.29322541410139
113.4342888802934 139.72851885545478
38.80504609625191 133.0817789859829
20.243265100203356 182.59347550717294
76.25441291147067 82.15026189186727
173.10972071821652 203.8177930486221
234.48397574622956 133.8750929821739
69.20829858432833 64.03575671860811
241.39850869090483 40.07047800486288
80.21315182601185 192.33992559538893
108.55713233324565 12.543352748042164
88.31066167171566 138.2582145404074
117.67776105901514 1.6921302063276356
126.06794317632416 241.2214359463299
128.06886381769317 189.8693728713313
51.68503042873701 213.61295102830408
215.29172634835942 211.55173477940536
240.069756074929 178.26384459211073
1.0029674047508097 142.4436722038957
197.54474353559104 159.2603380743417
143.64719515032118 27.866255088281
103.92269580766781 183.18935678425137
76.03991705351463 102.96206781022273
144.97173707157313 17.625859863518667
52.620088614992845 161.32660303301233
62.682059182214616 40.56492995838745
108.46242320811805 37.06738901475845
188.5151310717382 167.33135725201385
142.40742172428776 54.34548571400269
94.38490948984357 66.24869020596863
98.57455106194354 49.33242377914898
92.14105820573373 122.3369150616055
87.7766217234863 139.119129459506
41.804000551943666 244.16690427199504
153.9903209742239 213.0507519646296
67.42113408823671 199.50722463641273
161.14315099491995 95.08971244341619
184.99744066406487 205.01301360613076
101.73499519663912 198.6446349771673
43.129290454637065 23.250052031375535
219.33909789033564 192.26146043889557
42.38489313016478 121.19955587849407
36.115503427279236 246.70275670634572
243.19535596921574 45.97776731739217
91.34634136500391 156.52646192235184
77.8656030813811 79.55482900516472
95.24096505994079 56.826790292724084
81.80874419944465 187.3833594214221
248.5842543835417 42.59835775549947
81.57472277320554 145.1483204985474
171.01151900467102 174.26569507623663
0.24567179822806984 54.82084417006233
148.20633343600852 6.168485075200985
76.63984978228089 218.56727708836516
96.79824300473724 91.83002981188382
129.02300462055263 243.7842957838205
114.17864401231081 16.65419522726916
242.098214335485 130.0919417887951
168.97835465513506 92.91626921672156
161.692404224551 47.90744886927234
227.9701034260923 204.63842471795112
74.7450158951547 27.32587404782061
4.298740916030774 171.5148641630041
104.79360785933616 175.51815464055554
215.28996100549065 211.39668911430527
104.2708738909208 156.8930902926645
231.42486755817947 176.53903812842492
35.24216710484748 121.62052536198367
204.9558336315318 186.94931688595778
172.61086074967028 15.72046117405243
135.9734892356304 166.5939835704061
152.475355992205 114.20936714305293
177.54197016226678 120.23800331089984
178.69280579465942 72.97268026359482
192.20185953037375 21.799459051218108
37.946904731785885 28.421579517584505
38.73028420646168 34.152277441318354
193.3238831396389 28.829035257947666
32.564664623216444 84.51468615362923
118.63540000909451 126.49398097443442
17.66750035860762 235.96543037898545
90.35812264365278 17.090653320501776
209.99954042897295 122.40038164551625
43.50733074477164 104.60533771293795
150.38105354210484 103.89319173195425
174.76026301232923 160.93552948537257
0.063334549909283 22.411115262021248
187.98564184134705 150.23984096724294
15.636542516549918 151.8770922950617
203.25518364025058 89.5376063277782
100.27328755797105 51.94709900757263
205.27703763033963 56.15392634425109
116.31237687955007 114.37919251051518
18.355543591919794 158.78864024607205
123.71668951573817 209.31365281660072
160.38813969867732 214.55456351991054
5.830377079449889 215.19483927682876
124.92540897713614 7.9777162535134565
175.02889651170642 225.61308906900365
152.96984136343772 137.557527375074
177.96715441872652 68.42883967959668
230.03300862354484 127.63820953922783
178.16693291229555 40.03710999761623
225.7523285076294 204.1427317884365
32.06543949865276 233.5649135433563
66.82044540941487 190.1216360811803
94.0358755065552 63.42110490972527
26.478741903525588 179.84220085261694
54.25842038071277 175.75838592225875
136.6153581142589 151.2607092661967
14.584945661837988 202.5930629316965
93.35976782445579 230.36119833577055
163.88346342393552 7.596705719023405
55.78271085391104 154.12278088936316
52.953206741402745 106.45601401123733
213.43787062279804 138.70064724142236
214.83000402548666 34.55490385145474
8.99241357237049 114.84585252684762
63.144807323906036 197.4702976876036
98.20848856384035 33.91253758755827
70.07263699096688 199.46214844950487
178.02845164278656 221.11104850277795
40.701500653544805 120.0834940590908
73.4208109637055 29.034988644953046
141.25960307696653 214.2656333030129
18.624931983198035 230.21033584151633
242.85455246093488 197.94754502109774
42.36366170150707 130.31641129969017
238.2691975460728 120.51521251269459
192.86465590238203 30.66541975750045
227.9271050906622 47.34409987955377
227.3109041970276 34.39528509213391
28.86634653414938 2.8267858180857086
128.1664932813461 94.71006898399307
88.20347764083719 93.19577139537242
207.1110463378466 95.0877506982945
5.763243194492312 65.70534173373629
241.69032421229394 107.53758767377886
8.13733855254442 47.26555823491868
143.27326866541253 158.99212658032565
171.55007092201788 32.05550081861811
133.83958571996936 184.61539319524175
244.69393571804451 209.68149879018998
57.81411611577084 43.884758851532254
175.14287980844202 237.40606397185346
96.22122282831965 138.75487237386272
234.44337719365865 202.24236507393888
154.949592047414 183.02955577313975
10.515078799251121 77.39783548682269
188.2340745309349 101.30959356449884
231.50571165519892 9.730072598903128
177.2134036965308 87.56932018908428
133.0614185242541 23.685666296992565
176.42027245209198 91.11975695479182
51.579639644502656 91.20564826210662
198.17927200429156 71.76543783792033
71.14994440806748 172.35694472604214
151.17733141899342 139.43337839295776
118.75105927934915 186.36676921297814
229.27710160510566 225.2404793749186
210.55607505851953 57.045135762461314
100.1365014074867 191.03961932074603
31.475212185380823 183.28623613260132
175.65649842778538 44.71614683039826
62.91310627634117 231.82178747738388
190.87829440183143 205.18056396547456
119.23401724619737 117.59795061193898
237.1929947775507 200.13779995110633
159.6655190384653 244.9815133974617
43.10329459697926 178.9039610750936
232.9679761568074 117.58551488270011
87.36910939537235 153.80886361881375
55.096785681740975 2.29714458189223
202.65682310206708 224.836963690941
162.52151280992476 220.87471044308987
75.65474756568918 206.66471439798093
6.719596126766813 216.03870958928763
175.33978168611802 160.99860805467605
239.4664606571249 18.92598173041071
116.23362138040576 109.30667516643655
133.0027477028361 144.1218001569971
138.25908963652083 74.25145250975169
21.79446410354449 140.59841496084363
45.999275829041316 114.32818990671271
26.29710747422953 78.8286369699791
104.48774976455933 35.9119406729754
16.649574356307234 16.518215795196078
225.92692568044217 177.55969474735684
124.60158888264536 217.42288725533012
71.93357787269764 188.7742123615565
44.62829239113558 180.9737152902044
128.28899225529915 172.20634104405653
175.38140781029568 45.23582300139473
118.31071341230876 49.37381907647384
163.23430843249008 167.9571674915122
223.42209271345976 156.8188446578385
64.04945616099164 147.72599951455348
141.89807628926022 80.47376823673436
195.93826854357508 13.647429550474543
143.85970818148311 86.10996012965686
11.574455723897897 101.31845250980895
187.6692158498714 9.005793810045237
91.98770253889116 248.2070381411407
34.066762612205146 74.93530658258466
19.691653798907637 162.23360904857466
14.132954485041981 130.8603482762189
166.24179463925157 243.47622855015672
195.31808664710266 143.7911952606023
121.17844346090345 172.80014431599955
175.64525738894662 146.24207075032743
206.72010412318426 190.0620929068394
141.87154549507318 34.17356290646689
103.0676671342777 50.23698011262876
137.7756952301093 216.28267689606375
195.26489283451298 150.13803498463128
214.9117457292992 137.96858121237
171.08687738199887 172.1059649540509
76.80660720721347 129.18829614520448
232.88509158212662 58.42638128384642
201.1431085997199 135.09512213954824
106.12179763698678 239.81478899463477
240.9705778915302 91.84972836020857
145.10326140312475 233.8781673546468
183.26762214309406 173.48118950255102
80.06758131471881 113.69558213519446
228.20742246419303 145.79986218806408
165.38372954540395 57.42614313399802
138.99570068655783 4.538775350774321
0.42577720317740764 2.52112325436718
18.00751430669306 58.26557369434168
215.5176402993596 15.854502398759795
196.25259408660568 202.22211885852357
22.403205758021237 156.5432033878205
89.7958738596552 3.0346172288072957
146.91282309831476 186.2534840065541
58.097757004830996 225.48600417337397
51.31941857856192 188.3716984398737
40.35552476551399 187.2994371148241
180.24570549967515 222.2048622171877
79.03159182580401 8.117853865420827
94.20599569212138 43.54485841473454
140.91064699080354 216.71176056898113
240.5342828124244 93.8056598206621
64.94841780557037 149.71576802608917
41.47449715772786 101.68239792101058
73.84704101052239 46.31871495504167
235.59439513420608 159.77289713878264
227.89660460896027 13.94712676367424
39.2168807911146 4.330675766152231
160.20645814190345 132.08523723108004
47.913733383113886 115.96850227765043
205.78824305187882 19.674098701741165
21.163908070843227 221.38587954098622
55.86028969480067 220.69704100952484
182.35232808600693 128.44171202855588
152.97918806202617 169.9643736804965
82.11856755924765 143.43947656272906
51.26768217268535 245.8733465844393
214.89822216175068 248.5114963254139
65.42953878086257 3.349124186383584
132.49009564836874 48.3974237024819
73.51276185129699 41.87796236021918
40.0206855372405 241.9499822648439
80.03785501268523 96.33345237973236
237.84919006661107 43.685182262101605
189.3224167840881 83.93785012431981
99.53055931614487 200.1224107544667
208.6125747519415 220.40948219802885
81.02260601071573 29.522360943161296
199.76659537374672 232.73135643813785
133.16616540877865 119.75061334443119
208.6737170774974 46.069021960501274
174.51718439277258 43.35813645021433
44.85226149682772 29.89411906284617
244.21488159965787 127.66269754074769
202.17721586764975 217.4427358714718
56.711057801624634 77.73862120945572
159.36622632394176 173.01219862287394
216.35370489002446 9.640420734298383
10.633061175586212 92.92131768264261
246.92250201860512 165.32744021659883
74.30650015818313 162.81335991150348
23.604272458436103 102.94422374837667
188.4164415525055 202.36207114983821
18.473104413015946 150.85174600287718
124.76255148837923 115.46693223249291
182.26390023387933 21.272772209124547
204.802306680323 213.76915389038285
177.11334525780447 237.697406576194
94.8119432757418 214.53904989294017
112.06971617580888 11.606931791622587
43.95233232758539 123.81795287258498
5.230442810702951 226.542187887089
227.83889869908202 104.95795076992012
119.5216573886263 113.47277823027355
120.6636259262836 215.36272009046272
168.06984468532752 94.30933161742675
55.5104813031333 70.05024834734493
222.7030858038817 22.831947792412766
222.0847252902669 36.15055146007115
76.5123384664349 27.918288221190384
30.1375522615539 117.55574040350675
90.16063860187792 186.71087287482152
15.803975791925884 209.68945840520922
163.78935203024727 77.3435904844679
217.52959380044825 232.90564149632885
144.96271269339954 123.52852556547198
186.09655914026177 139.2527184889766
161.57965287827255 194.04013468874703
10.590890448812868 161.51617182618838
66.32233836753826 227.16717450898605
230.93078257230016 241.15881898364802
149.52606712029896 172.05567519591847
72.36083659067289 148.49686224864476
106.96368496113656 23.160681437243756
8.863587474915585 19.78590966714247
233.67357296715358 225.77044595395247
125.94301689164992 165.5203310660593
57.48492678933531 46.355300523764214
141.9666900096243 174.24758493263587
138.2190528194671 97.53296871660993
205.71198871329415 233.93972614205668
121.48075582625373 211.59181499474226
144.2921228444708 196.30223410888482
133.2916420037956 206.97846853305975
59.006728526550226 11.232653178090246
66.67212504891235 26.916784992063015
196.06520868720116 112.60771794388711
158.82044077393778 96.03609786861699
153.0548567758673 79.16386438798997
200.16126832547317 111.91479444772837
163.1092246605861 155.88883435480068
244.65615349642587 120.0581244103292
208.35884167051768 84.40995493538175
141.0886729113816 170.85200764854358
22.247623662818324 200.08963254027887
126.58016390492918 20.493535505009014
8.538175829363503 5.844714915698268
117.2431162848612 141.91358744628266
94.92180057118534 22.02296808883697
39.22566700338132 213.7101178893667
135.4328891786509 118.58648528522947
27.825392181132447 0.4036887168989145
45.682274847789444 106.07247751424117
123.04578078294828 161.19928159679785
45.603974039712945 243.75165597621955
175.59945525759989 158.19732848506104
40.0500449844346 46.86016455268957
152.66573929495397 137.50163064567272
191.77378883005284 168.0427493713287
113.60712572620591 65.97947925999617
206.90428203828583 5.5570246326183685
149.9686005058068 40.091806518489534
68.92304455416983 177.02769539061768
143.21805991369365 36.328387865673605
202.74278463716374 25.504639684803404
129.34911575959777 49.76329793309167
49.38118394852287 61.97307895485496
170.99110644574804 194.79264247483084
72.5329710158597 55.729470410759205
195.1701125956701 186.90159748435894
165.1815121529934 205.55208024650204
249.80365360458777 10.528684058707743
6.258097003361995 118.3924277705545
20.80719441102466 8.02224259917017
46.15525705898413 20.84635527753487
201.42661045374237 102.1436550357852
196.62988939058644 247.48357554395005
99.95385519424984 29.57332981037286
200.7533697236828 90.80079873924748
162.16749705877405 70.96512140830824
62.48014571207455 246.8692867066309
142.02239775328022 200.52233057596175
20.086764086596265 46.93471596262408
70.35385993871348 47.72538705307022
205.29013088096863 165.43048126010595
184.36255967321236 211.50500919935337
236.82699354690084 204.53010338311807
52.87189926500205 112.29768368464704
53.536213902221604 127.58154198011579
26.09682593987414 104.98435995525584
231.02829341768899 79.84773484765839
2.107628573856213 100.58210692091795
218.4355138335197 139.13711839843052
209.110505998573 22.798809329634768
151.9245064812596 25.977344637504284
93.17023233275017 124.81018447564584
188.59679312829613 237.58925548643344
41.235532680829216 155.18537191645908
46.06322937041363 86.94419817957582
119.91178855934686 232.3415881469297
30.108736901595627 179.3253302518236
198.9495812098066 242.73585401547132
214.21621889505994 0.05759737340152449
180.99200739199998 110.36828946474297
53.43378485254532 66.79931276011727
231.75436353207485 76.49145720736398
108.54201088696816 101.82811915534162
31.499150864269797 207.71958290351103
119.59197517459438 87.82457294219465
106.2391941725947 167.01126946577241
242.1111238667811 16.091668630274782
213.1735799164994 73.82491734608645
169.7689829199315 215.4287466904287
196.58057330574837 215.23526107481496
234.84897304756618 83.92562402966023
97.42904119957485 82.31663147176194
40.25317392599484 201.6943596988542
204.86048548969035 239.19017182564974
149.29742979017396 112.89219583547622
241.93905251212104 36.083270448089955
25.432795535025754 8.909298234996976
170.56548466705155 206.25109332145223
142.26848456967875 38.25064243973994
36.75170996111179 234.29487464551366
20.50835610326501 117.08342001245428
167.16102234394253 120.55829069092796
133.63618842797723 113.04798059063265
70.12082187007395 54.87066076122507
214.56895758572315 178.47208243094917
80.05214993834784 84.5372068776244
211.63704268949104 77.22772130478722
145.45109327728403 29.73353240626972
173.64269137161858 191.54142956519
177.15614661562438 224.4124993091721
43.348063724179596 165.98271590235655
86.58096242689317 164.2710434007647
5.232362619248255 199.20047237367157
224.694040740243 46.15701393192747
161.92903770840843 174.9610892020487
60.00757370701631 180.7300057594146
138.58508351181575 237.67608057577726
16.18007160048529 179.81006750531742
124.9817285114923 80.13076183913925
249.2263752249764 30.432310494088455
149.13145084843475 183.93135667782266
103.51125688524019 157.47386465212944
56.13427405672308 241.8675067526361
30.027552219288044 200.39554206222465
225.3949312918873 8.087618422952552
100.50877373160894 125.76516952643132
81.47597520283378 145.6591828413038
210.41516223490757 66.60002836192052
132.0552346411074 5.700501338424729
128.63680120276365 178.57562061511587
76.7964680875935 93.60450628310393
191.6807069163168 8.588688131001721
161.22404841360628 50.94044825856725
54.32209945559632 222.24161501300924
189.28932079079541 56.18799568118146
132.79892237548486 220.96378597202224
20.32827081494443 231.52895738837876
122.433440919149 178.74827529758159
200.80065570125862 210.86414159349405
230.83195738252277 153.9888840284601
62.150741786233006 181.99757901475482
118.25676962673032 71.5228019709229
147.52768604421823 69.42257470426088
177.55340533258635 124.94498662540268
175.9383803189769 240.1426594213684
39.43583711649612 127.98862270357381
58.51892143736165 148.258932604374
176.57746374044908 217.16899696986374
73.51993576273455 145.1366031910033
85.95749452092377 73.80996154300671
126.48968115449962 32.587565043147585
5.0211998567946665 192.64835262029658
83.53347671119049 39.310082767525316
56.338495069975515 148.31117270471853
161.2687018180176 48.921932806122975
94.32740041342517 40.391401649143454
87.29719816899875 194.53108141290758
109.06194912103153 139.07003878614336
136.54221094925745 104.73459486735447
68.78410047145702 187.6880535231274
23.886615912722426 153.13261321081808
228.64872706016948 116.24199872833049
30.87646460729074 159.1204734058845
156.58524106857766 108.43420743550797
44.77817015010244 21.711054992488155
191.6885811723961 108.27419706491362
198.3025887940909 64.90514881256091
76.99126201256104 239.4930660931299
219.4993483758202 195.2463661075288
35.813814392655715 154.9189530831043
42.17744661261524 100.5267096713387
44.6984508044242 145.76661532012514
95.96382031351233 134.86080195018695
165.69791518452175 149.5193436088956
182.53651338095932 172.92056481084003
61.65745536370989 108.01689707699566
106.99900770962456 249.1553051332641
79.92041012022364 10.458453073584062
62.13848420721099 213.76985397124804
13.149947209913721 207.9755373452775
229.4081743845786 134.23969634811726
105.14452075565814 119.82914016645776
190.28157412643097 98.1495660099084
160.2473477701312 195.8888669831809

10.45468983755704 181.12163062467152
139.22461997907098 212.93259248595956
199.7501435067882 221.64808402227956
122.20329828025778 12.461553401012292
101.5167866146818 237.2831722372891
202.2958450407017 53.72349395067308
226.559931672437 90.53807866826396
7.042483537057609 22.755686099017403
12.127180840603351 127.06458245507801
111.96313793111118 213.31695866884687
70.9745827891001 150.7121618962248
142.54698640354195 128.80694128294314
134.35107784210192 223.1431056613544
2.1931535747263253 113.87364272107756
218.0634518227518 56.08186645070634
14.217266342661045 146.64923756037894
142.4091966604389 39.99108181387115
113.71497728889615 231.46537099218972
210.61435136049946 11.362436702746532
111.59394503153902 105.99743369306441
184.1302935088614 227.95979748971195
174.51267327269042 40.849915327935996
156.34746349227845 41.326600694005066
74.31514362881616 182.31714711250586
104.45349206074755 229.55777273115777
31.54277944153272 133.81171043112715
18.437098262973656 133.16769010766743
55.4636198179271 43.436126031844466
156.10994615814496 242.38126201034828
132.60809290254056 92.06853072041606
232.96169533275508 121.52726365692645
117.85553740441021 147.05126953721697
248.2130433146318 178.1706335065644
221.73427934703727 223.68338525968474
204.6578966507191 90.47995364820608
70.68586380169428 18.45918390065801
15.388129697695458 159.29352922282936
5.030422709221688 216.48013735133918
78.38018711263925 205.928684925779
193.0492148102694 16.48091977004157
158.30343449465914 95.60007956160484
95.8168918243583 96.57730871917536
67.9389030940985 237.87388791696486
93.19058686398199 132.12892660030553
237.27170140674517 217.5190558789351
14.927669548104456 102.10274650875442
19.334086767453545 199.84547795046208
177.9106618309397 66.7658509893465
64.51333273560864 10.263811645122079
244.4928487704603 160.62648195648197
179.3447891973206 212.15742840085895
136.98396593461442 72.4068086101885
150.23468134043068 37.45945114596797
191.2699167070285 54.55483134502492
43.7807762132347 192.8597465765873
95.28115321235178 7.126570077634758
131.89385122250127 104.13575604900032
149.54952832619165 25.25344197616375
194.25032484514952 44.93661170915767
212.87299247268916 52.8485179212439
166.48645544009278 193.5062175697974
66.38136844768749 84.73264432336423
121.20866924813737 157.66139273172615
189.67634057328684 121.39667513223051
161.98508610542007 167.967253503597
239.73874552238857 63.26980779236763
132.06770360169853 102.40474065671823
180.7320697482168 85.12405019499789
70.8484012051471 175.196890667315
34.52886729775367 148.61885721406966
157.56635888408704 182.3954570913666
153.53874117419227 206.29754202089026
131.73902047305126 157.54826715592674
54.73498952979916 97.43717291866041
139.08786700132697 85.86673466035755
49.23088438935797 171.46396477298046
221.397819371342 46.07684364151201
38.33645179901193 80.94504707278067
190.53117289118006 144.02982020164052
89.81341586097189 33.151507219183806
69.28711889874813 229.87409336390053
0.8684195450328336 186.98241572828533
145.24682061563868 146.68143167100558
203.36057397236505 103.11163125304948
119.3024003411961 80.23094132858205
31.474321176737625 51.209251536382226
176.2949806451235 99.33491870050568
216.08934976493342 161.3426738781966
60.05895698410787 31.05590652871332
159.83857127523177 73.89826730209647
29.580406196479142 88.85360111555585
167.56103850004467 26.97675070339567
75.64727545749855 183.0256306794523
189.1846283771613 53.3765633274845
236.57036441422613 99.26558868445473
27.935014879793275 125.43895865034865
186.79219990951214 17.529090314684414
0.9912194469510471 142.46583862290822
206.41120077357675 104.81777300638271
153.26202848087513 38.475853282060825
53.14591038282132 120.84755946152576
62.14218084190529 237.2649664526989
236.38004932351168 181.7799250924873
61.84589072315408 26.333269013118443
6.147115091220345 224.25261640862266
237.26232431828313 165.98916564818217
7.84066659253252 143.42129879094844
121.1447313117686 211.56788845793085
215.40866838512585 149.76847772212875
66.96889191131666 224.5827895784028
203.99103390945618 183.29258213725154
143.52058606529758 134.2953931942582
213.65131670360347 206.46070701371116
188.58036520257855 68.23835744291509
223.5125383192916 195.6780123080626
131.79609264011708 3.5533522167116027
190.5676569912287 32.47025503329712
172.63623247815764 64.01290664941098
37.823959068631396 116.17758559977995
22.458789482214332 39.05380869399897
106.45063684210548 123.58804781415938
128.85266015217428 5.863614565050495
107.32566295553208 61.06241453836983
124.67264339488099 225.1853780887405
37.007420648434625 88.78660252193023
16.18472617161221 225.34358355024483
126.97962120165634 168.37003554475848
120.98003651111863 210.62588503073874
65.85714141327372 42.90540469993812
123.60595438480662 31.392392263351248
181.88889166084937 31.039255290633477
177.80654503679796 16.36448628724502
162.38128626998196 32.378346949090584
124.27702183287317 144.83450524722738
40.21433306961655 80.0188407744716
163.018206286671 216.9236533248805
244.235856503995 63.80306474454253
144.31299708882779 30.481920244882083
153.603193958489 232.1387883337569
19.493834682145746 69.87339496456055
102.85661593823738 182.11393745064072
16.873818429998355 75.2337933365135
179.3086985914633 157.61855386804712
74.77990356235759 45.49712259154901
247.84719593666256 96.59918995142247
76.76245817154981 103.28705419893741
165.812878286935 89.88008386045313
83.40680235058615 214.455453069118
35.067259368394886 169.663362013614
164.22690097593113 234.9306522869276
41.44720548066177 5.771973700249261
160.198454147034 178.9238516870534
222.20794935103618 107.78173757616882
163.71278488685797 47.47379983086422
162.12618527293117 66.67702133989295
42.09312045322383 161.57720199130682
227.70233871949617 224.30595724488512
148.3975657450941 101.27339694931253
69.56753075700236 152.19286705187986
126.15628587949928 219.62573178453465
171.6074655159581 15.493318743214912
174.0074747302179 246.07220148628727
241.95295957613868 144.20878835955097
143.5069505659428 203.47284435126716
48.374016436691896 187.41906564183918
49.698965679223775 49.085186132125955
10.573371850224527 135.499808840448
49.5889753815913 108.15901190786248
5.6961152456528055 32.78491729880012
105.56714624959135 191.60121819324843
108.5062414066541 247.94689542450615
70.35131616323625 38.91350534317678
139.30712198161484 33.68371957578198
126.78091981943821 56.508900483741854
143.532110333068 39.51407077083777
191.45824043702459 219.19495938133647
233.8722343432048 53.21935759948582
230.69303041403023 166.63380778079673
80.6702478679007 171.31989899162514
205.71929666000779 119.10085726119301
179.35337299613016 28.028660608466954
63.44883656561226 75.89639002071502
17.10187823811121 55.209129768804125
98.01810332339319 127.11708780883887
200.0636644957269 186.08411402407168
165.29549317517052 132.27596282200864
43.20843938285785 185.5379748035688
55.19615855701146 180.39935662518712
195.95882665256116 206.57357350982997
230.36630108110725 232.31432762943686
63.72242998321392 2.1075310073600253
230.04665112024506 24.138011797617708
120.61753628447225 58.823553010870334
95.03407025147217 61.51581715266271
45.43198011942531 167.11365019618364
7.34400483957684 186.40976300982788
172.71283437866506 69.59302252020349
213.05841862877702 83.13842199869592
150.69507200540266 11.437834574761746
58.12685804536985 216.21820399094165
174.47165111750007 148.95195336245612
136.656806812147 208.41440557007323
3.040645416178572 189.30753879479846
178.93566665555255 1.7669296602623452
212.7317972300549 129.29852120924704
25.048783919574326 220.22480321671716
86.01567409451289 193.21309488196488
183.37194535719848 152.15376255784938
192.313845122526 14.012596674429195
120.99826365633915 205.67111713260468
94.16332000994612 213.00303030659043
28.220761795446748 108.95379815616118
248.89484251406162 49.06088685005675
194.4800624376322 118.33951932235077
115.52665693981822 141.52469036501563
108.0018736282004 196.28689123531146
8.460691476650462 118.67831400970813
187.38380650165826 69.11305688019107
63.70796118408414 241.58812281825985
212.4149260649738 223.75209065265335
75.40046219153481 206.10035941315982
124.73181347705112 24.17156738460849
46.192653615178436 129.92713547972517
106.65594663803648 124.39733461531006
109.85597285310756 244.0294165150855
160.11930745775734 148.7812918780128
46.58317241507004 207.4197543050472
239.64406386212977 49.63434416509721
32.987495290671326 223.45158324252648
89.92350983652081 169.66504055362213
177.24945065584518 143.54519471036238
25.20785153710195 174.39287455931816
141.1896665554014 172.0679418630353
44.772830098316284 239.16314920970385
190.7809405105509 168.98025993905776
112.56448038674519 120.9301390467524
76.66802612872112 206.10241320133346
30.44281824947795 5.617477128114751
83.54723836539726 112.98500788339044
124.4996154276087 200.25162686447635
182.81198106183362 109.76574899888372
78.2386859871079 138.4061879202886
16.843327228946354 223.34501853289464
109.17413079948521 4.325236414875699
118.31137338259887 47.803102598716954
241.6471588029574 236.32946973052637
241.03106890876856 195.70064762943355
12.250215310284391 4.070709984626913
126.75237500284634 69.38236935364873
152.54940730618125 117.98136959485203
114.81586498844251 32.20315642249616
188.5282063747097 159.17165163375793
149.34328510793725 180.25227622944874
116.91424644180279 55.75386407370483
14.287815195416137 207.7072111430165
195.1909462137017 90.75984145202747
75.34178995462784 210.38860441540155
122.62229015554679 118.67852641128601
185.17854651805135 36.702261932187675
126.47266189822807 172.1390897685438
248.1590019179923 65.71258248660519
81.32348642520226 23.738609670286596
226.7504370232813 195.3326919062819
30.548400957411044 229.4283406773596
247.37933091493804 209.52449575420488
24.22259256474485 213.84405706490705
9.42806514757874 244.69502728860257
168.6181471678153 55.69900242081246
114.96768267995014 207.35188880349793
195.9660596036808 178.79393612844365
193.84077158144797 71.73607844170365
0.42603902081189693 87.92539817748116
140.24045721674423 137.5709333194354
164.0800909300149 60.766271396803326
109.90406153103105 139.47869628936758
90.72197679519392 99.16342295971909
89.7669951120318 163.3533921077834
24.363288868266913 165.88296471677856
171.69624524400368 207.08465669741264
67.52545614632088 57.24188902741051
152.0889683843647 26.48526304806059
200.72759866602718 70.65602767314472
195.6797221656725 242.07039426296902
215.49273464418403 160.22489499374484
47.48044703764856 196.91760454580506
139.75889898142032 220.99884031182327
109.81227905733864 19.6827207864253
223.30485645704746 200.15308734640428
54.842824646630454 172.69275195995291
143.43580394064924 174.21023349765872
16.501511559769284 148.0002093795917
128.97862322333188 145.44791116929514
49.129213792969864 96.18982925057063
71.2474588082887 130.83285596163628
179.58307342436385 242.60004323157955
24.111176327922617 97.27741899844334
52.36083819632767 168.8846441385334
4.672588219669177 140.3437881627884
176.9317373381892 224.64530399705302
82.88526452715006 134.38788736436405
103.58944875406112 9.102581087212098
159.85464232146006 196.34601252303963
60.70693343582354 59.115900513807524
118.62404469369389 177.5350427371402
192.4444171072572 229.16389718243641
124.80742304544431 36.406088868039255
26.937993598489225 178.74786476759826
166.45460616321708 212.97011103794554
196.92698205606823 128.72601701872318
56.25850078525749 45.94613427385008
231.300879543219 111.54448527377318
73.80212139259196 66.65965354158517
160.5578345118535 220.90054329465022
225.39802679502426 201.66972904994788
247.46912765031726 106.56052198777702
155.06068609499872 202.63194011227566
3.9639758253458837 146.16756545608624
91.55302824354264 181.16956899933516
146.23141091397042 58.1149828788062
67.34089829853454 40.89950884376603
235.6910394102857 139.8425224723312
236.3243659955175 20.45355483179534
5.4359067981726295 177.49569998368284
58.01267887788805 72.52339612193411
89.31291934319222 122.96937919376583
7.336415850390743 21.597496162813563
41.61208857511908 12.281803646429918
18.258766046395174 186.34036301091717
202.9876211070062 140.73723695183426
47.923932173157155 219.6750690505609
131.4978194510725 52.37778138720348
235.76126719097144 15.013404672085173
170.07741719513203 32.14121837307024
3.775192981082892 48.32632964360386
179.84909023352222 26.55947013614024
66.13007235819259 11.135418921876806
186.76490777153774 32.189337131600496
110.55893889828019 107.39406005369406
141.55558575297673 99.96297593910222
134.21762734990335 61.51364382641028
221.2705465639829 5.157826653864883
54.800122397303085 144.30461620411185
179.9486203687123 199.9589592037707
154.11669470210967 178.35880470314564
185.06828528539592 3.9219817652153823
46.26156899754441 124.95484404057308
209.13416810434177 246.43004051788148
49.92658730238298 83.35352328391632
226.05870558144193 112.30711929478599
218.8942528406426 24.55626915096837
52.40848638747114 188.03104469584787
10.118552909053113 206.64922025156997
111.74823713132767 227.97229454340047
34.60708572305868 65.30124516411983
139.40443289922507 109.27232863100367
129.88006317434 71.57214511371146
150.24287494156317 210.6036014913533
44.402794060269756 160.8337555952453
99.25687435079772 6.356652623878273
236.78411892922495 50.740158178756936
146.9491257921888 19.50163944950431
179.7689675962669 128.8147035567465
134.63431125002157 47.291154192956654
193.13024218389577 134.33220850697873
220.32745446113026 214.39137717481398
218.53168645438487 57.97797520355691
181.16382479956525 130.6104157632347
14.89266797262112 17.755903498092778
6.4284882224434075 163.48199280657772
238.9040421425368 92.51372663320042
146.4505989523181 136.4460325703143
139.19540197995286 87.61520128227737
159.06122265983907 20.753830366201377
37.68635291199754 51.03724461790227
246.21000994412282 188.9883282741411
111.14179190504844 189.312534276099
115.1321442763485 92.58324298167031
189.31024971689976 148.60544931499095
206.8055454283665 69.17193578754532
140.53650415703692 159.705515175952
117.02740689520138 150.12036282112206
1.1506180222889684 129.25747036003452
19.31501242566383 218.32847197272133
47.857811898904004 22.580137744375172
35.9843300310396 225.29729820859308
203.93133000786665 43.38775582003379
69.93689277121365 154.16414305456732
52.17516909413472 91.00508734409243
244.215593280183 80.73792220893142
132.2695297089145 58.95769751928528
153.95167872303537 20.668150535829877
161.35520434078407 100.19801309950834
236.69900362381568 242.16495335680435
135.48389203476145 16.28014281624171
11.259931511288817 83.8560194363949
199.89758198071695 61.55316698862673
222.06350669935262 50.97211071207122
34.680379064053355 191.72695370058366
229.9925741447342 86.2386624998131
105.50697335257469 51.805698197861325
84.25230030990569 58.19167930039676
16.555889626274716 77.12641170961412
191.10775030050206 9.09482929324265
207.0259116401359 174.547890840054
51.97308614140583 140.0984790380979
76.6694326857106 188.07566663862335
55.42298781408977 234.1896444036284
181.9578118161354 204.75875854835618
84.8804371048541 68.10780737228187
156.8109936715276 74.03415972908317
32.69146311193163 127.33214429210935
82.37191450656525 114.76968441332794
70.92284743419752 117.55801819300265
211.00756663182463 15.770535436651635
169.94129760050467 25.761512811598053
235.9438349911018 121.30611480879865
33.45428298515035 20.792246100339863
9.775178522330592 249.5942362538799
190.58386489766588 236.2133384570719
171.68635217301724 221.49482327647672
62.014543239920535 34.08570584208831
35.42831626529422 204.2457090669814
22.515467647899438 14.084478411864637
89.59077869822951 8.408710038351142
64.00985796390809 247.65675570601002
157.09840152400446 75.99689748131641
141.3059740386205 41.0558738066627
24.313796022575467 49.659334606052596
79.72293025486479 98.88612267033903
161.03731897272462 53.359235213871315
57.91275254600403 1.0404309977415094
207.8883389546662 200.40639696744628
32.37806580550284 62.93134560795296
245.1178763281185 70.19278667629916
64.31834009731426 35.538020718631046
117.77462200947566 106.41921945929067
183.55821895407644 242.89759478333235
217.61315506909781 104.458899409309
137.53933350997306 109.99943977948423
209.91192982358905 238.1625101552203
11.600382144493965 232.21102017265235
73.10922283764812 55.796784790520334
240.07037058425456 101.03705008269462
5.760297600097997 87.42461059220707
234.82317842696918 108.4947631103736
99.10530063221887 61.87076283267437
236.6220237162704 58.61652455346919
218.25133486618358 69.11143654496063
153.27336728776905 1.3420255482025356
111.9464707051846 36.491123965896435
206.84629846766535 149.19215786734546
33.45184605048196 18.22531379302414
196.7216519067667 93.8342082751909
239.97678672315158 162.15775824879276
205.72292698877087 87.97033189009178
55.5845247555331 187.62095361442775
141.6668031207631 218.29824478391527
209.76436338377502 185.94906343670996
108.4738585770319 12.587385103531718
191.4716245743458 105.4152185109328
79.39126638334243 147.0610359484669
114.56752940395302 120.27644504691864
70.3762120495278 28.081276270657735
149.15046835947155 168.43612992858107
197.15128416846264 116.32160809147207
151.8219378903554 7.570954808238079
135.7783634039168 221.69842867053657
126.00868149138131 203.56943166346215
246.29977935737563 165.95753278443695
162.7067731794928 23.4681083825225
202.47304452937783 99.0844823460642
176.86761144882794 217.7342353681709
120.11538023515658 37.96688508900681
89.36792248724251 217.95440825125905
12.191351254541905 117.48116533957919
87.77648177971037 24.818106480675116
192.2596956869493 68.72931342235411
236.3777488015552 214.09579356857222
197.27585721863872 14.264304235256986
18.232303836371866 247.77136778770935
4.399470920630005 233.9668113758839
106.77553835756682 184.01436804340707
219.74761665999338 62.73001392919017
112.69373544545283 121.48537965108235
192.76808768371677 50.86082817054863
64.6247326949386 158.40345590343028
128.53780887262573 238.03385151522465
160.52483147497958 111.54889295361505
26.78244716130451 177.95108502556988
25.70869674369969 231.50179941450958
99.11995395345107 31.63443373872399
169.35233641039235 12.49789473259469
94.32939292516787 135.5182072843505
45.0887060588703 47.70832006567638
162.84660695893115 176.0206570662063
144.87131285512964 215.40547987247427
188.51124570230218 25.991459547811264
246.61653960800038 236.30275298081133
92.45789722441425 10.667061894116008
65.40893433805047 161.4808226352095
2.0136904475179795 183.31541899101907
161.3438468237739 49.02021635244883
100.46233401706603 118.42753195714198
220.31597028720208 60.769954391374284
163.01445936029637 157.3215185091295
246.6918476926915 98.01075210450608
93.74453809999272 49.338343147862645
42.303038121904116 22.136654322359423
216.97443539347688 166.2423385564834
52.34393851877242 126.39601173050058
152.4401132989555 235.77126565077177
160.4279492018008 238.2472835039502
27.669408682515524 136.82498549559108
9.929580367135205 156.95758550569133
123.20796212215996 43.89026195055337
27.140785983510163 50.10118936227914
219.05820712361165 244.2557544714926
243.24951167903794 90.18918020175698
176.77894554492548 77.22372686903711
231.70593694243934 123.96773002529962
188.94391282119656 232.31684155657348
196.6451678558195 108.16735904307271
93.96333957438432 225.94893610127676
91.94150200412291 216.70031034024368
111.72479030617752 199.45900239727234
178.14373332446334 154.25282038975934
119.46981516652019 137.70624511178391
43.46558388964339 127.18948542910994
14.838488063230294 178.37274139283565
82.87729371124874 79.06297230003304
177.6271456516697 204.21377138333585
230.4129874571626 138.86186906897166
72.33340539241829 70.8872804526443
236.05205207555017 44.45661305762225
79.88582840339856 194.9567064775852
112.36223159663284 20.09442058339092
85.61753984324419 130.3225663221
119.64979605242983 6.633328950964384
122.05878139899006 240.64209798473055
120.43699500752014 186.47763431960323
48.62324878269739 206.23376483630187
217.58553083795832 217.14993494798287
240.7593757528956 181.49244242130203
8.341353575268107 139.96890309315955
198.08641027254777 164.8866045523573
150.15517832183667 31.941070553035633
102.1059127718052 175.85440765735683
74.19091558768395 97.07100120156551
151.67590172959635 22.61338859546208
49.51819449990585 157.48175007550896
60.00760703037111 38.75241715090999
104.47580336384374 43.13516631949893
196.81778381562634 168.2203514627388
137.4161937228871 60.71014069007718
99.14524889560278 61.45800514279737
98.49373520507469 41.28039342604586
95.92068052388933 128.82700280922458
88.61500585991338 132.40325596307096
46.21704737065563 241.8315565834676
148.7744114214305 209.5889169256702
64.1018169732558 205.82239121471994
153.8571879594812 95.85918469393268
189.97539507433163 202.65782631424483
99.38790854165075 200.33254159281253
38.24206734939703 23.9282649000806
217.4208974545259 198.9308367097273
47.498756110604 126.1146642682891
37.78171725894997 245.43483944205835
249.6763098153174 49.49899703656555
97.80069292759016 157.29233734772345
84.92119229697117 81.9256201116349
98.17083493780635 49.54822867968725
77.95936501693984 187.324466049865
242.78423272834803 37.85221043359122
87.36362647378304 146.86426353300612
176.50691579227947 171.9811603351439
5.935330831890962 51.54443906846337
144.39198846029407 8.659739655714983
81.37039653064049 212.464783077038
96.45289232806527 94.09803405524875
135.24702275612054 238.10187020837714
119.84221354649316 16.048394585949392
239.4375665313665 125.52476195702289
172.20193033006893 87.3247477271453
155.82054567823684 45.91444833045491
230.0714611750814 210.53242855900623
67.41318431274989 27.960396084421664
1.7252167362811488 177.51445642169347
102.7690569675421 167.69910677164586
215.0503166264463 216.31931272803638
97.24683907567119 156.5150030483651
235.2216335602597 172.56220090240595
37.15264201716326 119.03176488566774
209.76842531907977 181.20347628866648
172.21582803039627 13.471547366760761
129.65347891714555 162.9389416349189
156.51245681722452 120.65978222627515
177.0736658754206 121.71518573656462
183.8483813820013 77.86515830517702
192.08142191927442 19.667602691835455
38.0219796220648 30.71798602870307
38.090178804182 38.221917668657234
200.60198937755717 26.315175894000316
32.25274664427052 83.16583454630499
120.30837459179328 125.17525920960931
10.559536055513908 233.26393943684025
85.81718985368336 12.293797274621237
214.73388137308874 116.00385143297734
49.92176666959802 103.51218782018657
158.58878369714293 105.02333669861996
177.73675773955117 167.24037507925178
1.2597088572562087 21.623957100416312
187.3072907267409 142.4634705391846
8.276873731505042 154.8950327767636
198.31110487086494 89.0079876510956
92.88492755561387 50.823787620792956
202.54799010572037 55.11892789877465
123.92873361189147 117.56930004983398
19.55872088741126 165.86611845859562
128.15157902379426 215.19121706412423
155.7976381159306 220.81158251079793
11.133556955441076 214.36984131419337
126.25537192233361 3.0486798237804313
179.24932323499635 223.31838118408058
146.49326304534245 139.17447932293663
173.54004752071612 75.35908998901425
235.4463624452222 124.36494122811325
179.8565624687253 42.628685230236854
233.86647929635225 202.93998015675803
31.572142703519297 235.0732539200727
67.67678690461115 197.76248439363204
89.20308433961252 62.54884499490751
23.170275976627714 175.21097091283582
57.12875211202126 180.4123312465088
137.87204265111947 154.3160816423481
11.624260218768667 197.6266699371751
95.16134355188984 233.6308644842087
156.47377742371984 6.9704814999392015
49.946664282786436 154.9287906662052
58.762983244659395 111.67251788393854
212.2304409863033 143.12251136743302
211.63219720302232 34.70705104365801
1.100461026703442 116.64620309105474
63.60471787123148 204.98331095716915
101.48272237848039 28.828138867374896
70.02834818070889 195.595236236683
174.8741927249688 226.64267590498767
38.74315237243714 124.55074258632798
73.04534501475058 32.98089518538802
134.8795869816433 219.41202682097565
25.714026612825293 230.47997978830148
245.38864067702744 193.37878606146532
43.5365193529596 132.47726909117398
235.37837084210608 117.52161493376757
186.86020210955195 25.884603224884227
219.7386272038319 47.956102622821625
234.16502402594207 36.71461861369077
22.972025309431764 8.287131556262345
131.50982333277923 101.66863110431373
85.28631810445388 100.85529752601089
208.64300636945137 88.17259298174068
4.003844345417923 63.624425548665265
237.45408842628436 100.60697458158805
3.6451109842668417 48.49418762995075
143.98590164391777 160.8815655921808
176.34834326741674 29.38439408441351
127.91357807607199 186.53355374469328
249.35625547450547 214.13689708155067
52.60537986932662 40.35740026687545
173.39370870052454 237.8372848656555
94.60344819255859 145.63825450582456
241.08849205100603 203.71037695860875
161.7233645899996 187.7045198281992
13.324162024786062 74.78870597824952
190.67594328447052 98.66079371251041
236.90952026803444 5.08941310266442
175.53176576903044 88.46893585956738
135.3829370903273 22.170287125093807
183.44263367786803 93.5100716226165
52.94783808084741 85.45417727058116
195.67822316600132 70.18096925742073
68.96301242172275 175.7916380255337
150.0934234739593 142.91608265552983
122.53829648407527 186.9198804653862
223.031318514622 225.91815421215776
216.4754542802605 58.493759746164805
102.65800378431445 183.72989086172848
30.690417581023116 188.66681485836224
170.83634881180865 39.79941800261977
68.14397045403686 234.09607715073264
187.25289464239907 202.87929703438672
122.72793271410853 124.46645391249025
232.6770690571156 201.4189850049477
155.42053210259388 248.17112416435253
39.1070214732169 172.32400592227953
234.96008520729143 114.95800061776355
90.91680883531858 147.42417592194366
56.03459878071487 0.25854770990424436
200.67318320182298 219.2642472183675
155.44550358960487 224.3033493705493
80.53915622877419 212.32202693492772
13.383723015209986 220.69359186764777
180.95472566513791 166.51212392976436
246.50050952028442 19.2145262886263
117.7416241312505 101.17604023760171
135.1504476177074 150.01743161686593
142.1164167436326 76.1082617474115
27.463765689258736 140.58946921519617
52.83766883714469 116.15605161127549
24.52978253927729 79.33807901093031
108.99331363466852 33.406740969756044
16.743949575873383 12.623750345518825
231.61641876113018 175.83238147150578
125.89587133998731 215.9334957842608
72.91914044728188 181.1272941897986
41.13613227010154 177.29320352344553
131.92829960914972 175.08325981728422
181.34272370187276 49.37543855459489
116.3941744623701 53.07351270696336
165.9228913341479 162.9996862737402
230.2090682334471 160.445559213764
65.71894277419737 150.31471021084272
139.52019702658407 85.62137218307622
194.0638419475387 18.302307581407412
141.53202879503232 83.55029173577702
10.849978470090921 109.01499672181129
182.16014800395206 6.760122779553457
93.7248251800993 240.1997787675913
37.49191695339779 80.18657922686117
24.836513704061367 161.12969251301612
17.56832033065217 131.85792182155308
168.91053193452169 239.19557243829033
190.60596100457403 140.38112525125592
122.31306949697446 173.1482621185998
171.3928923692179 151.29910269049572
202.13279341836528 190.42643425705103
147.925251044153 33.01881682081206
96.54934298048006 50.41895362025503
129.42695374245744 217.2718862702444
203.57326978282637 150.56572276052373
210.55194471142298 143.27392700713875
168.4426760073008 168.64334540041557
82.66638587486841 125.23300372747396
232.67766430621657 59.77381422287975
199.12665082164912 129.95612561762175
105.89462848989606 237.7493768432411
234.25367722059596 88.71455650216117
139.73050383328484 228.87892373531594
178.35030261397105 170.22749234410742
82.94186327445414 112.88903359409561
233.1508370500509 140.69249618950394
161.2569676100308 61.64683043065802
131.57476128800317 4.338145496312562
7.475941897756355 5.050551355076093
14.696330068271369 62.54101835810663
207.23290245410732 14.513799499686314
198.68397055051432 207.4700820095894
25.392501628108437 154.84705618956423
81.43295870242792 3.0880885076872144
138.73716559383843 186.83319679084855
52.38139326635164 223.76886180969228
56.93131958843994 184.08624008373405
34.186811341404 190.77358918940052
174.8779135615156 225.67110595178025
82.04117504874289 1.8836371126308704
95.50888254256849 42.65389982873064
137.50913650429803 219.4773224284901
241.4097775703199 89.58868618557483
71.36693505694316 147.45436405909726
36.03545432444735 98.82625915529961
69.59041067677396 44.325572104189945
232.7874077004244 153.5493909693933
232.87168777448895 11.563457113436204
37.15259940635448 5.8132413934011975
162.00203709127317 127.24945398084819
48.749125514354674 107.53853875641381
208.2438208829132 20.867076522822547
26.69471039068727 217.04554015281784
56.58091991661118 212.89933825534553
178.3412247531385 121.1774668783285
150.086723946473 176.7267473749467
76.94945967124264 147.638867156123
46.74791326109304 240.2174724771546
207.00790968805364 246.4776297330076
69.55740111706093 4.720379161274435
134.1732267006141 41.114518592026585
67.00814337628708 39.36751213805237
46.65060994674477 247.15840007084753
79.43304215360975 93.02591345438263
241.50769628120526 46.120385239948575
184.90046301362943 89.04336277042135
104.16998999703742 201.2780274522621
211.41127220896217 213.7128623803443
82.94886225964196 22.342413628669373
194.07127114092557 235.72337944808348
129.97098919762684 114.91131998756867
205.11677666520404 44.376164651533465
178.38652608757596 36.27562979291121
48.963059676153556 28.9724375003704
245.2188197974232 132.87739891437485
194.3268564456331 216.2254200463085
54.88438393029382 83.3904380313338
159.67491601985597 177.69835894485638
213.45872867624934 14.16193421744541
11.647989624675754 97.90987058783551
247.5191661116194 166.94531375188083
69.31181023847715 156.06395814525632
31.273494708947357 106.35921723864521
195.48538280352483 205.4777731948147
23.951844412697294 146.4990625380957
128.87015083021984 108.3074604609193
182.51624674582197 21.002705286332525
206.7296295020329 211.1814558890388
182.01513066614132 230.93996384380864
100.55831265705307 218.29034871696888
111.19005951604508 17.077893018706547
44.99048613944101 121.77000134138929
0.592759145614602 223.0700720234423
232.30513793664133 110.04921906977782
115.74161365796046 119.75473226453393
116.4932941320467 211.5548840464927
170.07920881515878 98.99405871236836
55.81670373583755 67.2827311196799
220.04664135062987 28.35398966576158
217.03122041542517 39.88617345777581
74.87466168371893 29.52359552361103
27.049348669663715 124.55262546009837
95.19214632322098 190.45398889277044
16.80946014722401 202.00246892994096
160.43498877496376 70.62816401327362
217.1918186346275 240.22772383528385
150.62695529767052 118.02356803815553
180.49049056088103 140.8557333915473
165.96962089218943 197.10059574724693
11.114096856295996 168.0600588007363
62.23930064510369 226.62859286885896
235.73158688481547 239.63388586848944
155.34037422196013 170.6239062262901
65.30824956020858 145.99244543240033
103.43267194321001 24.7147404351466
5.270683603304405 18.14024311528975
237.13702285014782 226.36742528555473
123.22042894032703 170.378973394947
54.1298895035432 46.233971760854416
147.66347976929774 173.00542979517343
134.6352823680796 98.80808417219633
212.11388586672876 228.48221500497445
128.07608206177528 214.38639165284457
144.7969746689418 195.9406678379644
138.14480144772742 203.98315728498753
58.84117545448958 6.544436735090642
72.44999131172978 25.35373725951176
190.61717069255414 109.43524485945447
160.70570339048078 92.44427967893068
147.926305079467 83.40483880035346
202.35781621495545 118.74348474023694
159.9662178995166 156.8798944328188
240.61621214447288 115.45733458520766
205.70185717558385 85.5244510264618
137.3066139686621 167.87761127068362
17.994195553423825 196.46998755492797
125.6094208145262 22.447462229218672
4.396434246554643 6.540622094302117
113.10987281205558 142.7763023872612
97.61491298803234 19.49438459896807
35.23484103381161 211.61267826082153
140.50761332425847 124.61386141766778
22.875086923030864 1.4108730482313148
48.16373147560113 105.6090653630605
116.06079782205406 161.50685642103795
43.849021313090184 239.21204900395819
173.77892494988427 166.1429241662978
43.525779434185566 39.29396434367233
151.22759696913576 132.9191155405815
197.279381336511 162.57243961060917
119.3948447175893 71.58463837883208
203.03794512402462 5.736192786269828
148.39242614432146 39.667584698758695
64.35022100147569 183.7345203789335
146.09760349062375 35.18587086533282
195.3060158528644 29.335999956843857
137.69694622946466 49.57748482508778
52.19065993018251 64.13029610771822
163.04087095207967 197.47617950309106
66.32988027398318 60.210836066414835
191.46072377951248 193.0751418402193
163.07493898221637 212.64179374934636
249.29224160486777 4.356324307352999
6.124509037194109 115.94664025872112
26.77517426717438 3.2572820586744546
46.32380051447438 26.962451577353303
195.18039433803466 105.48570355664005
199.44671770203897 248.04606856803596
93.11178728127076 30.399276704495243
193.9445933181283 93.85406462302626
169.61447905253323 67.82994408821857
58.69375831984539 239.762578632407
139.17500259198775 202.61526933472248
26.09136944366794 51.05030628715737
73.47144183567065 46.702274459775374
209.6939487119088 166.7757896241359
178.31710264947253 212.27773038960413
242.43262843672335 208.47666519517142
52.70003044131719 106.10860590409018
57.53585365624259 121.57666693127625
30.120950681283954 111.48781129853683
224.35458299219383 76.31097673202835
1.4395216411436373 109.03926457237922
216.12058966466557 136.1715468731761
212.6079055599642 27.523922318235222
153.4761181372776 18.095763041687224
96.27287387179328 129.0840360959
187.59756542157584 243.09473564773685
34.87422017630948 152.93018251202537
42.615012392179544 86.65213231499955
127.62724027987268 230.43333583008788
31.749692560745252 187.44771254450296
191.7298368561168 242.24218372579432
209.89196522929095 1.6032326055922808
177.1947922023111 105.01859158376409
52.94117533761658 59.39777574432997
233.1813134815963 76.92841868678643
108.51969731983421 109.06294761796487
35.93960072564312 202.6061064120365
121.1537267771834 85.75596049110831
104.10056215252759 171.86485585316242
240.0887661640873 19.938648501004767
211.69877145210887 70.27376317739514
171.0535242197904 210.6313330084009
197.49726427230593 219.8604912351007
237.2885619870679 85.41743772553312
98.84656585918378 80.14794308505155
47.646637633701275 205.4262837967661
210.60817253771197 238.80881471911005
154.77351303108836 109.27593512973755
245.95941804383583 30.989008245066728
19.97059336952897 8.309889811084714
177.5130326472838 201.8508988673298
143.35125004399177 41.23827653188661
30.53109893572023 232.44985211939402
17.2018481157071 111.9602584281745
160.47024238485855 124.36805214228566
130.35401613595135 105.42429366825704
71.81625911120243 47.13305518009878
215.31787742889927 185.9298772349987
87.02528110028018 81.39899833487493
214.5085001503704 70.2127829879697
140.34988752878098 34.49683966870343
172.83933133611654 198.39815866651833
176.67310064737285 220.49262404212118
40.883499372958624 163.9315724777569
93.65804004115361 162.96395047157216
2.8390219546112485 195.77619189656295
229.2908275644951 42.26856952442726
155.66927839187997 173.69788196506843
55.037834181095256 174.37370965760493
132.50160332718158 235.47498739963748
14.124465693657246 172.2400701528993
130.0346512543295 79.57634105145303
248.451804263193 34.597934964406605
150.29143672004685 186.60868906102405
105.96829934549088 159.1702395553766
50.85587660220606 248.15485493045938
27.50021432370908 204.3323374585571
220.06144217306263 13.769138454320402
97.05669974700653 123.84255063954535
87.68346219516049 142.83951134874934
204.61675606743185 66.95929449123398
127.01814397993901 0.7412519498445069
134.8439208195117 180.9645480913813
72.18964970939417 99.79403735565495
193.0920960339559 4.904447512114246
159.42115358298847 52.23034123625905
49.151556336255894 225.42125639292988
195.2701628182853 57.050356203970644
136.89205386444877 221.78439923060856
22.095528922392 239.7895541143192
123.6471939294175 185.7860204999523
193.24041018085973 207.61539482817363
233.9011614719333 146.4180006743875
66.18130223042171 187.79853205782723
113.98476036108218 78.26329521626799
144.9967432455156 75.54095893677776
170.76414519135807 128.54529700832285
182.1600019364066 234.79558290575292
46.4213150888706 129.70876999378257
57.64273210322368 143.50815754827906
182.7263182685943 216.16318992328385
72.88106174597559 143.056945028484
80.52321868078191 73.56623026146691
123.26375019738262 37.209292186400425
8.793513776440665 196.6966706098702
88.18686407639161 45.982719778013134
62.98700426872681 152.16765588587643
160.28878719203558 42.17716368594257
89.36721728068564 34.87004443116676
89.06168426991593 194.35868616024982
108.53950154168163 136.62391864808814
135.5464550235523 107.58772392702518
75.32628134508185 185.83471750863927
17.4139256149784 150.22182999050835
222.48282957375295 111.85177464912604
31.965730237209446 160.13369579294977
148.68247585939312 108.4771925785534
49.16720366609514 27.82293333261801
197.23756765483193 104.61719673540878
204.64075985854302 62.18947961624826
79.94017284343164 238.67667355139275
218.13407501873087 187.98295879068635
35.16256202356993 161.58759269830432
48.37963365366102 106.1970780161489
39.16147077750367 146.27644389262102
98.62069870948481 141.69443976664974
164.94543470177626 142.4492030175185
175.0202699866843 174.36144412352084
67.70254385056107 109.77627677789911
106.55391210913601 244.22267778925033
83.27720933997648 9.20091481890642
54.87709071954855 210.8547799631078
12.664083176858298 208.1994657979003
234.17753433949764 136.08927651812468
112.65195862747326 117.06906941412085
183.79162513356655 100.9085314290711
164.58386015825513 198.54188279990066

8.6 17.2 36.0 72.1
17.2 34.4 72.1 144.1
25.8 51.6 108.1 216.2
34.4 68.8 144.1 288.2
51.6 103.2 216.2 432.4
68.8 137.6 288.2 576.5
77.4 154.9 324.3 648.5
86.0 172.1 360.3 720.6
103.2 206.5 432.4 864.7
114.7 229.4 480.4 960.8
129.0 258.1 540.4 1080.9
143.4 286.8 600.5 1201.0

2 5 8 11
5 8 11 14
7 10 13 16
10 13 16 19
14 17 20 23
18 21 24 27
19 22 25 28
20 23 26 29
25 19 31 34
27 30 33 36
30 33 36 39
32 35 38 41

