1024 3.0 0.0 1000.0 3 3 160 240 100

57.3983287494286 190.9626913924854
217.31920046107751 226.81751905144515
13.816949099891895 139.9398527685302
28.79156998065216 56.142028484683195
232.75914740376706 155.9764642649753
69.25686814119372 79.05663084667938
180.99947410814445 171.48626742768832
146.58912060446562 9.269315979744757
243.5728333915738 242.22263655084677
121.01944731608499 240.91840181774901
155.47370229062994 85.78792286448375
48.23370594666251 246.91030225368948
231.4480192165667 32.934106127085585
236.07725312496547 14.299892740021441
187.1114741940712 173.3736032653709
112.56459676483294 55.7726923140846
49.21709908614294 58.88946403586551
39.12658119221149 164.96434220861778
116.74805534686463 88.9278577891896
127.6797858561235 111.8305983597637
18.476426564296407 30.680567443460316
57.65152204169488 159.84214254325246
49.7751156158519 227.52251108446856
187.65138818445268 195.83312771011745
190.9325907983721 199.0229310954353
121.06102329485007 77.55914238627307
113.32602048491114 114.42710513113887
98.19899681060842 23.524696274380503
156.72607427867635 22.55900420879553
43.06200921982603 53.971223845588305
34.65388573978606 234.17425182954
14.5785703988211 167.99750663391953
76.19700237235911 172.59511148424622
38.16234191393994 202.58448734903723
41.729096395560354 21.69476007006449
122.65608973811598 61.383432903142435
4.66427969721539 177.00025864771382
133.53953145444518 105.37210130250735
182.8086297074854 105.5763083316246
85.07890608623428 4.308262270970253
139.75731437903045 106.00268891801245
22.06663815326665 74.45050377669543
77.10918176790238 12.724239410619065
132.90255673846332 186.54569269031037
239.12752203499727 165.84480061297413
148.04219585719446 239.25615992762422
72.76583123995411 24.243543261547316
204.22860716091915 237.37748001460778
21.623616789892775 136.3508167046312
29.14229527033102 180.05370129254885
124.47489752133006 42.54491941499808
78.22879381330081 105.60529474415245
94.8836560813005 184.89141624871357
96.34962323577928 41.45997029647589
53.966957482700195 163.72358380704054
61.1718457115559 147.78960743997501
239.64102794963958 96.74651776420565
213.28977775228557 61.98381601450728
166.7167906439306 130.98176634028937
241.8087922117778 195.58475588132285
211.93838820617842 62.13803745624338
170.9522806116152 70.19915983230129
53.6728895881535 219.83957290037188
76.59981182614109 49.95877813474642
138.03022558654953 59.998650434060856
233.660526575068 89.86854929660632
222.71498417173126 178.9063418514027
41.5045803395917 234.65855859919105
168.42908301986142 220.13671143069735
109.5567191591221 249.57334022104018
212.97659019568917 224.7885352619604
87.83837960868537 147.485033549555
148.14706926365452 75.59463715097154
12.20552452217688 46.05086771132991
44.74261034894042 151.4295949991349
214.88914127621732 185.99127183560742
228.62885402684665 223.9183516645096
231.52534716045534 147.097594559148
42.54008553267469 138.69479359239133
86.09729827344192 116.66210434402261
109.38032445827187 179.03113228968078
165.4720179752865 220.2362704041915
109.3759476662853 129.00949283522326
141.25894151004263 218.49209941977838
35.88470098009663 180.65325936136358
156.68546506081776 134.22273975661616
149.78019991640477 45.78179756049672
240.84156984484744 111.47544618915997
117.43880188278935 212.92448866969167
138.75709828649136 69.9253976524536
235.53449767776743 87.27689098429484
152.54959565041185 60.98190604341722
175.79728863005394 103.11690785239286
16.93254548417708 50.98741776443269
96.32589097638922 238.56449832523325
138.37892393319228 138.91411731738867
101.4382148265737 100.54049141537624
102.16979829434023 85.5951408639489
170.9662625635634 77.09314443393389
208.76917297773386 178.23188585547712
173.53454125150728 175.33369917988165
28.93294342422925 62.0518127080503
183.97633331465744 232.25118329484985
59.5329331122538 34.41266618503489
146.92678560177305 212.88363667206283
21.025050740286822 35.78329578970757
28.416905763704094 155.49671102754172
44.10167120357161 73.06639471682186
68.96048119606765 145.09948933068418
1.6670192852390742 113.27819124350117
16.102403069921806 126.25035495063594
45.8214115117043 189.67030532476736
227.67312648702026 176.27810758901177
157.76893280738892 26.21500928466125
118.63494304429823 57.08950271214741
209.60337394010932 183.00226689932035
4.829566863904344 23.971005693023823
78.52358964731448 10.66402739848346
148.25303651359624 123.15741031569225
60.77933333888005 15.684353365977454
232.84016216020422 157.3982019351704
230.74780671867126 16.737118022923298
134.74908643368806 159.8801827939321
168.25448402706854 11.2824140379518
39.087099969179725 140.3415349132654
249.39489720035982 36.13312500810429
11.493490883223323 76.23585426472826
36.62271417326654 241.04812049472054
243.35274792699119 37.40631896782176
11.174065095883728 43.45885178804526
88.24973564499136 191.7628574165321
112.88049647178599 169.1059427232988
212.59891428210105 96.7935543784555
179.93278326190773 47.36852579787168
193.85505919199014 54.017763352257276
27.231955603002817 217.69339521718572
39.45494701184493 3.9480915299048567
159.66939866265736 120.81181174919669
88.68207111234375 186.95137393749522
115.11547569705954 66.74964863261626
145.97666174121125 98.74219381064184
83.31286657617476 64.00359964467839
213.1575423669166 107.5875160408387
23.037051613543635 139.50387023617805
135.07968052873997 178.82246663121126
89.4375268487695 246.24854198684892
207.8054622200823 175.36948906220408
178.95604420614322 86.07357269240195
144.16673763515527 115.33214990090524
96.61941841727423 88.85860694357389
247.53174654057037 192.8853698648488
239.3702414208264 47.444101420229565
220.99708319459126 33.32583700758837
160.59712618215363 161.25168943232168
202.12769844615568 235.45260764192378
68.3242754860715 238.79052212225716
43.074625986299935 172.35861952480022
205.39496554957378 195.52161870256253
106.92897682331548 81.41175060852979
50.25966331251844 235.5035748672943
79.91063596744813 37.558348521574665
88.95209665571919 132.81093381831897
84.84720218556568 11.577300200990043
143.5133538510696 121.35255732587868
61.3923753161632 187.99445003611805
211.36707426236902 153.7781887294283
82.26384897116914 33.059006522960374
139.16124991722066 223.26637457684336
144.25216624372473 76.83452236209834
168.33311132020498 17.658194953099365
131.11348322532882 128.1146871307664
87.05064840336895 241.18245300163608
46.852194628463046 8.731328980934233
166.83397685993307 52.748707588351316
113.74779734677698 231.0041254004783
114.72657866957981 248.661093843664
211.55415060663515 133.57239485107863
142.3395266840936 51.637852728746466
225.72520350390724 197.69289489318663
3.3292871343579558 21.625065512780843
6.53988511705883 120.66933199422566
158.32316265549588 20.925236626950117
106.02031402195361 131.40889813906455
58.29269697386788 5.146587006782721
112.2590770869098 6.59632012351924
158.45602864231506 222.7493129088444
156.8844561074052 210.87657925522495
201.4497850149093 193.48749736682373
141.2137814167666 188.8235158554926
184.5543856048768 16.309336363527716
2.747132960078474 30.43737171577873
142.93694076294216 4.40104604787181
71.72431925822859 61.5444413702258
76.61490882505284 142.8638410657708
217.03843478008673 183.01112374320778
54.81587846254296 23.90040888885703
144.54830396641108 193.68394957984125
150.50330623117384 79.38779556238151
7.552877785958589 16.835615428431954
122.5706469388318 178.60254252191027
195.6063787417962 60.53812148683815
179.8584801457463 40.270496733620156
190.2794899069297 70.3829514267359
101.8313612579543 186.2312264992178
70.77755531047316 242.31106323151803
204.24948046916427 13.706233029083442
85.21969656197945 191.39447531426646
55.31395189916671 208.67745966249393
156.18432118554665 230.55623359800285
44.75268266829091 183.75240707112727
219.57861998193172 53.642059890500306
233.98003508539816 12.089998089766102
121.00620437455686 222.2778188757967
92.48218177409825 225.66986199734063
224.76864896002812 131.43848549620014
30.334874802405267 118.43259490165417
35.53646555224299 144.7096808178087
87.90793905404945 94.13966661305976
192.1808518992667 211.6055924384062
11.451752811995647 6.380698603176499
51.51701561800634 17.721367289872113
139.75711181483717 89.21397613777904
201.23763083433283 67.47781530457262
32.30255208010638 216.10080044714857
162.49459199928063 239.51623300959827
65.59682366781794 141.02915213217216
156.22162979660308 58.58296060427268
248.35654171200395 92.80333243296005
177.68730674791829 131.29420469665135
64.06575191314906 151.3426401771208
62.69364909334957 121.71100118405992
85.28372060561563 50.103133938464495
232.41088904930817 138.71693138361246
41.92310862022444 40.17079034913207
166.28216261566354 57.12509997203069
54.17555786450482 235.06274112919428
219.2629102612786 96.11389353096212
115.92455171824257 47.37940149943304
63.35055577457418 116.35923826902383
106.65800144925252 134.1042902687887
166.86881280069738 236.0350104699389
159.4972101486283 160.32264270378462
121.05491762866902 104.61565232748146
16.38035700325932 14.305387189756019
98.68718473798135 117.31214276467276
73.37324732277115 28.12364983233831
56.64152893744823 244.49168555239729
68.14677573917305 122.26495278326257
84.89418025126 213.79823157117292
176.55692439593454 231.1138985480254
85.04264742355468 156.07117722447023
106.15508717618333 5.650577107443572
198.98070919828362 106.54527288823434
71.51625066590628 232.73872274979698
235.45096699305893 119.83076921727186
82.72162338204444 118.44021656674283
115.48354563773906 205.19263314828711
27.674625752701242 172.3729526074002
38.768614497107976 57.598385341328914
141.35035219196743 99.6098027003332
205.65911579431875 10.03049082021476
70.66351443592639 75.83105209796939
186.7845128325817 207.66790947420125
88.45172015019493 157.45411346014103
28.84802779806439 62.1099031717339
243.21090899047655 111.86909564905389
224.09830649789393 103.03814568429372
4.254813330588525 124.11774348074483
72.31570010186329 80.4964632314068
172.144488000436 172.85619503356918
190.1169428815577 207.99635911076146
177.87284336283406 65.27273924175917
190.59741130502826 243.13332751719926
6.823255509776943 127.57762325237734
30.780123033709277 97.4798588470586
46.48682635076604 89.0150592525216
217.51418563487718 192.52653455951167
68.86808582594783 33.867405861581126
173.91110334310045 179.67836608304302
99.20861072722411 10.314573080989458
177.38208683261988 137.2066155396942
232.742350281268 170.13504038482196
152.16676745791654 82.25877652669358
238.577161807387 162.50144475150177
185.23999271991423 31.04689601008978
26.56944554904314 39.67565821103722
57.6090340663977 249.168483471979
173.01266289001506 123.64421082011015
132.570966630411 238.02575383021485
162.90995294284738 1.563539162794808
181.8007131971221 48.62439912756514
91.23193204776237 7.523268815111589
159.12372619053696 186.7640033132154
125.53196366467154 142.5551909553462
15.536484670641421 54.47816492584148
184.800784725713 140.22170252025208
151.0536846592614 59.65060835564215
107.90599926736907 143.76331994994928
106.27378264289905 64.26019532157218
171.24667475944074 159.1002046501818
205.34122087399842 202.23530904740298
25.620109257642937 99.01208853694044
172.1979059625144 127.03095811637647
16.14700790996107 243.49009058001158
222.3757444624832 144.97429202470568
145.8668091289756 59.204438920991336
226.8545338242507 125.35472690153313
224.62730984889455 66.00765366745372
230.72421096848086 212.85474574767917
6.6076893930592515 174.60021317131918
223.68677806433277 13.729432814654496
195.64903606442078 17.15990334601533
121.40523214320676 53.001466381766534
99.001549911003 30.03272503474283
194.71991983313606 210.6726607970575
245.6178387309833 11.937624708053152
26.094192673419947 240.17233923708807
229.0964603547174 28.582380081476344
207.41745639871525 48.29579651729282
149.78907514614258 164.14040801330785
89.86844492016924 246.61571625179522
51.92154649373282 194.90630737452835
159.0485522540387 214.23119611920114
140.50032124125022 224.95101352613221
215.98578667332723 6.066463958717239
112.4607114921849 184.40013684591435
139.86273042749687 50.381272937412156
72.27629415328698 110.15611358396491
226.2253332443696 62.51128948003878
234.43017868879446 242.0986094153402
138.89449659548265 190.35729259960132
184.5921162885954 219.64460549291343
158.7992630963358 137.56884880185478
122.2614223094465 49.726781527187654
27.749395561238092 166.45423611419122
234.54878422359516 175.17131648010778
217.0770289660009 209.89878322979303
87.13415052667663 209.52230546005757
182.00352841088394 221.44779330288424
98.91267826818587 164.05138908250154
111.35787146370504 33.161687705416334
123.64508910709695 215.31084108145134
94.89278333871492 131.21933919056062
103.4023017884275 196.61825223226413
4.898763553789431 40.285638310432496
99.90618277909485 100.49730118084632
64.376064596459 230.9746950650018
6.576250251829785 103.89993518192597
3.959952197600619 174.25200044048822
178.53113328866326 109.11689102938341
153.01425302882734 175.9997904500813
97.01659919178607 87.93498273964065
159.27346166133 135.27864312214408
85.81002312716367 40.01947367040135
248.34345095945045 88.44934545648358
46.39752680514425 246.052914846017
154.2486817092857 15.365432726244437
240.43278924811816 53.80250564026892
31.188446148164434 69.35432292671695
96.61652748854243 187.29250273844892
83.0463606668268 37.039133779288996
197.1324227557793 80.7022626539359
168.1592638283144 181.22472975113098
128.16735772698908 242.31373973821422
46.38593937817656 222.79695636636836
205.19865700575684 19.512891771133802
133.18050981408553 225.28761859665727
117.44794805609979 147.00224987533986
23.629430874466006 179.95991532422124
136.90819325837583 58.594761150078085
234.35286898560042 242.32599366853293
126.81468101245768 210.00737120096989
120.73177517529149 99.85647976237364
174.65768060602073 134.57335466043057
246.79771643624835 139.56003623827496
160.0479687733878 164.66638062768186
215.25102200859249 247.57354756019046
188.82423509219743 126.02862742478804
50.28725345488624 94.99158703730329
112.83879740159206 39.8673831440958
144.03744460646226 111.16721994825166
104.17383835708713 45.4628949435496
106.79644180927251 141.52375828252855
158.43357320030893 47.16372039856112
119.6324312271099 54.09497447005091
72.20310313906953 219.8678625489391
58.94683663385941 16.379271923962076
1.8863168620469328 81.28656897936928
145.42837185641133 206.1058990690794
30.518114370034212 7.27056003615309
53.547432051134244 134.21578226996442
157.30430289581162 155.27915211503287
104.23773423308808 84.0269783194372
194.84981457953006 188.47009508530303
34.15357248220649 104.70580932728008
247.8486182650989 46.282119214006904
246.6230004169016 136.2694391945604
194.47519386343444 24.096086947736627
30.626784715977905 130.59021310539194
16.01117599458754 118.6636246617126
71.50118702907935 34.63977082940353
192.47787513382264 186.70168375263447
157.76050141985084 187.64443809984812
166.72577502327223 149.52553721768842
43.76205357627441 62.60473205933584
226.12195793552394 100.71949707150881
133.8541537815357 68.88120612952459
78.76308203615906 78.52127739541814
185.45963742571632 126.15331047017305
182.88516823412027 243.9752547689663
33.058753502750946 124.81343017768242
233.88410042976048 185.66537462989166
90.09050529886392 145.1912895712407
24.4864674051882 64.1340130031782
134.68221002966948 138.8481744696039
137.88166600524525 83.75155331507322
61.74234632449321 210.928577307238
167.94120105330467 172.94954560506477
152.29334125138456 6.288965247368495
221.88840381372202 17.07311803538694
197.94219074362974 214.71889922926496
51.06367339725607 98.99838322974155
13.435671506676766 6.3127619010427685
18.46648723861191 248.16421945957092
129.54727990844057 58.11511607107811
96.8346072348816 94.88424468332943
176.11710869373118 154.75194587501244
199.74739131364674 214.02690335256165
131.61727018712827 116.34376716984576
245.90305107550662 13.404875386785948
57.8826846717817 91.59224590739926
182.77703041818884 235.1058182873375
165.96577975272118 6.066787521902844
73.23008453099061 76.18261925326131
233.8166373869789 65.24455678943922
41.21648683848067 117.87116329654972
97.30185662742998 60.56424850075764
153.1950518519604 245.58729248441045
123.93606141666508 223.03610517232863
134.91622707016347 140.36278044091188
246.75706660956195 29.650163840475447
37.11045203573241 3.957328531805304
243.42691575032285 183.86146402236034
197.60493486553466 20.864507464430638
141.5375429829569 152.27745350074227
220.31733374501496 39.14497509934017
26.454768329619682 206.97128306265878
128.74627939528233 242.97491062136214
33.14356193482554 114.18448934059744
58.442405449383585 90.28420544477991
193.5771084051797 210.86519063014362
187.2043981156234 112.39243269591972
178.61808106950824 214.59676030249463
152.50078653078143 26.869654671232894
8.908290647355821 23.944799546551405
75.05030564527453 190.534860464053
32.407381535236865 101.89408300711955
135.81856571826162 143.00429712230792
192.08274093648163 63.95078635198118
125.56013361111381 78.74516727126252
77.27655221164773 240.64177551697742
128.85388046842783 82.35109515366085
184.09605276522396 158.94950978488282
9.42503923621546 227.23585209133662
6.399709753071415 124.92080500488531
228.68700004021832 133.5018143071617
157.62416950940616 72.07250054388548
185.71769715641346 163.05286069014892
108.38945703593345 37.44607837730779
110.21424016652878 147.8505232008616
215.6769954767112 55.72763364019712
40.478845514154706 212.7647375348776
248.17635160634458 71.70818075163784
177.15809287686687 115.86389196221977
239.04978300213546 248.63892324101255
60.78712462739552 50.5792176868857
179.03659813840258 69.80095904133002
58.4496929466635 79.53917834256202
138.31083921890436 93.1982928621071
133.8366981918524 42.147577791793736
86.17717277622359 69.18082791549385
186.50522314781816 112.63967601236263
48.07931136167759 99.8398754949935
98.2802103621129 103.25110480100285
112.46863773654917 134.39480693312544
146.27255381400784 48.5708538701371
117.77101855395392 39.78885029574106
184.4041583019297 131.7952525062297
95.65976033671852 206.16366157028486
98.33193805249296 89.23896912844891
156.07212137682387 55.07014950434305
13.514453355716688 24.792972225683247
135.55633539282897 120.43678888845521
117.30874606361397 29.293274628760997
26.695268068087252 164.52223719954074
70.28213104792358 76.26880847210182
241.23594731517684 26.334450333751814
150.74454252736166 63.84416031350831
147.90770119187664 196.2863056807636
205.40557006804653 40.64952113223214
110.96952072115587 239.2940910875326
72.44957210446212 25.583493283930338
108.66312794146721 232.6332419270029
61.24218217371 39.78154466805431
18.987684752616836 87.91450846168061
14.614327748362438 93.21529146014021
150.0858313638266 42.96783505666815
54.662988081900984 216.96841999927472
34.52793713485247 172.0364823149446
183.4670348133959 16.548404656927
199.8900510273245 213.5633133379944
234.33769373283982 231.78105561582532
164.10717147321625 245.8288540519584
211.22710063836453 180.99695082655558
115.76252260425137 213.4504021682046
70.23199230682548 42.789973062246304
38.291704924913184 124.75974705316895
234.39229406898482 151.0728273209219
75.73833892481841 246.36953938358562
14.806437958192086 65.85823735792329
130.00631049620605 64.6326229371215
219.08602299938184 22.49622438907889
67.31850915523749 84.67527669863831
78.24557811190306 58.78041127610389
56.627802261112194 233.35764758946556
46.206950426578935 94.4615884041893
108.6418171909291 150.4041697915426
64.76316292422096 204.01191143708778
77.62983417379974 216.0957030721448
125.17636900194032 49.83206667929901
219.29129755086177 75.2234014837643
121.85045270022756 27.525879334798358
128.81880141572412 204.73645520684562
232.37590847891752 118.25614111698115
185.77129082568896 125.94095013361303
243.2670962471343 178.54354382004414
3.019785375855899 11.06997590961581
105.16183688357195 188.57019962321465
6.371512856119615 49.90605934579243
77.10758339160934 162.8111636112893
38.10204196994263 101.52887408733446
226.2904069375026 64.35068862473697
144.86140939759002 86.06874834426998
54.18889570715349 160.74257405106002
208.9642025561212 204.9306901363135
162.62918407636957 169.1111980720765
12.699051933676348 30.889048415552427
201.81038595901956 148.04266821716843
136.1009631923548 24.859246752275883
52.92028800812621 154.56116227025728
86.9489503593615 75.43319940872189
108.63946356778928 91.83860457510826
131.8698624493263 219.00879277174388
131.69708548063593 60.305776789517765
64.06373671465701 120.74780639168888
196.0016204594583 231.2056091498319
2.094269516683095 174.99129533902303
39.93905467305836 69.61001699327532
178.8072969764922 98.40698085327656
79.00472540677245 203.5932065357441
25.961484336456035 24.742233437391707
129.3876961992506 92.45385653377197
19.069296590262102 249.06563130132872
31.450901212414728 208.80995823200695
63.67018446613196 187.55375593171723
194.21300085432753 172.96208631089468
96.1106014573557 102.45344996678935
3.2312644491120923 223.45706010302422
172.89232988581372 158.5453360628899
59.82192548588719 63.410300916066255
207.8200652534317 93.7302107052318
129.34754623420753 169.1472064663584
50.88042108861604 244.96376683578396
26.996097872240693 64.0592399235923
217.84316083934814 100.89715254252884
192.62127809802578 240.7113651093686
141.26674759868894 56.471093073858086
4.713829741009534 141.8270964819177
176.66410296210066 179.43109963831623
1.0574150328666876 241.15158985462554
43.106116141971796 112.23254199487495
74.96096708255797 31.395231614901903
14.014832137017125 27.04269489404984
141.8064248227345 215.2776871942937
85.44243816818309 61.22517305517919
205.61389942077824 163.38648370039562
222.19836735411903 76.30065221719958
194.45430219473963 101.94745215928924
87.09287880922916 165.1600674767127
213.84156430906802 183.41127693160175
28.33442019949306 44.48633695683454
116.48831776570492 93.13326410358843
32.69026720793522 40.16862454237574
44.180745775736746 192.8006255665016
65.06575993707948 106.35182955919964
13.434951573048998 24.984737371389926
76.73814090621455 48.3844636848457
61.25096910121292 10.849791911218432
101.07048010861448 227.89355289926948
193.0207277336939 162.4281008404719
85.89935139787211 210.67893894666813
176.1210120905418 172.26903817472535
91.06803398508065 236.35697411429592
157.11525406353732 237.61875832782573
74.05937435908183 100.90256812467804
111.13560012317187 215.67711623236033
45.207115338481096 169.1221546931761
97.22117929874955 201.6443031938649
237.13609434413397 18.506955339238658
102.75078041977744 3.4395420996543025
208.14549107232386 179.4475874077577
54.078139255353655 168.3970473528529
211.40216075055443 196.19527964989496
150.92402212526068 4.3111515466792705
145.6490168814343 184.37937344485238
97.95403997404642 198.9849172383022
5.2772557920359455 206.96456135406885
74.15966489087158 222.23619746971437
68.57376091699905 131.06479356565083
139.70594576234458 168.55789535211377
170.82851186118708 104.77408368282565
238.9988208173842 227.9264408409144
8.829269314294063 0.6597543859258037
37.270162786981196 148.9398943248456
99.2764165585289 60.95369947246901
91.50398518356448 100.55740942770124
86.51290762516723 189.72958166358214
96.9732728630867 35.81278702850491
156.77992339817263 123.87166457996035
62.01666812294135 234.80441045057947
10.989675516511282 62.75947159968307
132.10531093157394 116.4418894031216
170.28797218695743 147.83417170595743
168.33903680886561 44.18695425988054
233.49213548064324 206.9860002397783
175.427209025625 186.8549325524335
103.64549321772517 76.13945536783731
87.31709602719967 203.35534950018575
123.29268381165645 151.38460258352833
32.85879833997885 144.31696496346922
27.543167290595918 219.52411618122076
64.41750173556976 84.36047384101519
53.42596634845584 87.74934127382986
7.6273919768490845 71.22430664828482
40.00578405321503 89.82846562476566
24.704525270344472 181.26790249039203
160.14072894737947 228.24592965933692
88.61207869978676 210.14067621281393
82.232297026126 28.909870027429204
136.62860144899554 127.01702021469124
163.7326120132433 105.57228705140156
181.96749013370186 188.18018469988937
181.10071747645247 19.94938007763461
9.297638156374521 238.37604822223128
137.51062643897473 142.70439759548492
168.0978217773058 237.31287693684968
82.86091598858857 132.5997458296203
99.70769582971492 72.58298879322653
175.99970832481532 3.2641255407156455
247.99415214733963 7.700465775494381
196.50877451954506 0.7850971319898759
233.52215691671927 83.22999884338283
87.12304857741209 58.180990020687936
143.28993805376848 51.98271190742235
83.29572633114695 48.80873285062084
232.70173910761852 212.02516044305565
34.32145918983615 29.951298673114497
82.72247670090744 233.99582961092972
218.19088365182202 50.82504065788401
206.62106383581443 102.0165773608915
136.65700984935947 120.13379431742854
217.13662747256205 131.1428846739034
98.12187454085921 60.71819931439435
168.66031107680803 74.22477954082827
159.5409240227627 195.2434332139739
238.77139782466747 38.67711089842849
225.33915279777736 147.40464364072668
242.0838169806361 191.75244603724212
22.642447853481574 177.43362318027968
58.16726728660329 91.98373520235734
12.914996952752444 212.87682895319156
73.62187807520068 32.805893020965456
151.62275866834062 1.9824795328333422
125.344661249631 97.1631142955266
79.36387815957296 149.5508144941486
109.50799826550458 83.61156126462896
216.017189601166 132.7574618098091
189.74021400683563 72.80008165652468
247.49170396532034 46.567559953889806
97.71279625715745 152.64825736076259
155.68831813113331 209.4279796474393
106.0963228507943 34.83703543756031
49.040754202249126 0.5689389822386426
224.95212665944604 21.031400752743483
218.93591385230482 99.25962537616061
2.484977846144376 54.99867296971575
156.28920735699825 207.35098189423456
175.31990850218253 161.90336772393036
178.7493890185983 11.155668925901502
246.9818182847624 110.43851564024287
128.59533508959703 212.9593696378255
240.2501005137251 32.519563285958455
172.46009174439197 133.6901199870859
33.84282685760376 154.1544814309907
132.61559384772133 168.68183190757892
216.87244774091877 142.02467174723483
218.5077361096135 77.18379596573463
3.604910711786591 32.330791291425356
46.19469249348451 7.673456925307964
235.95930037070744 108.95674342405154
130.34251228495788 81.084527815582
61.651404391968256 116.08197250873108
39.50771458610108 2.5601886225399273
89.55565088780848 26.122281489315057
170.24319997780756 143.3583341095757
33.89581071556591 236.4673196835734
83.17931508808462 3.717351359643517
123.54888013319795 228.02844983754167
243.0557512654685 116.23962876209035
77.61001923950703 188.24893658537525
79.38521136133728 207.45254296536726
204.59048216237355 213.96597207681427
232.4942425093687 239.14720605666102
212.65787333665557 231.41135437242787
133.41568785570888 55.44267843723297
157.03368608785604 240.40722262462623
74.38570543862284 168.21913474611992
126.21943457473567 141.73190440959712
53.948826544168384 249.92469765822594
118.65628029104899 50.811013180788514
223.37733658563852 136.551375731721
30.36012506893079 137.6811009248649
135.54024863879786 134.91126999751413
91.6937346264193 75.99075671466416
206.5879871421828 0.6581320326577156
249.06200398591213 135.29624552315823
47.470333306231986 72.69859808671974
247.51373462997262 27.620568339699613
96.4714596184488 150.548167189376
12.35671268049815 18.420574625560516
187.79942366428438 183.65866861479057
189.11572022743408 227.28274579961038
200.01988323007046 7.964523564856885
198.95250512961556 146.43897365850287
90.00504467547366 94.35257083363169
155.7391859385508 32.9339546184293
139.81835927591587 232.76438694677796
149.40912917253254 179.91527863380136
5.631059591038213 33.00177955413525
220.03881345325843 192.46103436326374
248.71084536710816 16.31947849144047
229.92221843477208 110.87211814038575
112.90606989824256 15.029170367115679
243.58893749871444 142.9646214941589
110.59084516307644 108.0750338531771
236.45501689089866 0.09968290479794861
212.4340758956214 162.31981912174714
178.22635686601464 188.91256294427058
33.734690376278294 203.13948143479394
203.65770136047945 229.49123534476948
71.23616536535263 248.25773616459009
91.6438293567775 62.96588290832833
208.07278797053428 175.40702582127122
26.607933094452697 54.61275271130392
229.49121498105464 240.36417524144542
65.17956328977412 20.29015390322267
59.098900153363694 211.50558096959924
176.65602355371462 211.93442924788033
211.33644470828418 100.18998374831814
156.73828944369973 218.27960620249846
199.27652746382142 130.41705926449274
66.71887970809337 57.13167992862617
39.44454398084546 141.45503311067293
15.956642582153984 241.47858348287343
64.96480806231206 231.3650556162182
110.7021792730371 33.167414440464896
51.75297974367532 25.129960172011717
139.04391987846222 210.18762006209315
83.74567105309707 97.65959587171602
240.50986486865762 215.35094654228126
29.866575920414224 239.22256059003385
122.5937808498451 171.49853875017695
217.68799410489538 31.449091161580316
138.32236261228957 61.83998330664661
51.21463705075427 174.53441669608125
138.9614443819834 249.26171532430658
207.81109771193596 209.67186393838577
202.77851282960546 189.95833908747383
33.21964983164013 35.00270236568526
50.601917833801274 69.75340102834643
134.0291460816348 198.0676148663097
244.99421739629588 137.99481875063904
247.01303475202167 219.8928748812661
15.677262765738165 101.31555367665482
249.9158746695558 178.72777130282498
171.9863108100017 208.72698038023196
65.82057254340837 47.65716624512473
64.8799225544352 206.44741467646253
69.13102494315093 122.51412041763405
130.40188044458418 249.43788282374626
239.90023444473226 89.80986636392183
240.45214979566515 26.094761299139236
116.40221762770724 191.08235405385778
155.0589914847063 77.29501499430624
110.24838552601335 109.47089998820289
48.49670926681812 174.30518039189525
64.82898161296815 221.65503773736842
6.79524847433885 153.4590382272134
134.79286023039705 209.01790586685354
181.56388948032227 229.17847520054994
162.99696287192967 15.534942857047845
43.93669078645787 208.64288693493015
202.55743940812536 30.489330024894567
211.7679514789309 177.10643234133082
45.44041855809039 159.65917541646465
90.6597416458575 84.29457293771995
6.58193205637525 35.55649380604623
16.94713805922915 94.06195576336415
235.59709789365562 184.3634507931138
57.59846676404307 76.876793419313
77.68232347334222 224.68294806718535
147.89236548856672 83.5469540551432
75.26580131760763 25.74307972175058
108.48186591495954 226.12063578576496
174.4723154359379 5.783855538962768
123.6739522384607 81.18745221663107
131.1414187486608 236.1687045230829
80.16408498628074 176.63738058915587
235.6552780843737 197.09716967651158
186.40325607716036 140.87301101608614
9.40368526265145 150.97530630714397
203.2285169438777 62.01649983876989
38.34826399646343 157.71259733400447
224.66846179999092 85.8506106292623
30.302827892539604 232.86418281725497
120.55817394131502 128.68453547256857
97.98114307089106 220.1124127527878
10.001071979922866 245.47330099177455
216.4352959211037 88.5887822643123
106.16340742330105 20.754729507002857
62.05120286875243 186.84953660912225
53.74005709865023 206.89464618315495
61.03079247437274 58.51441892771156
148.2058945831738 66.1980784881154
166.8652887860619 214.93173243116115
33.7628387185393 61.0663261391827
195.16451178387405 34.47822463259209
207.18917021086514 170.4393210045283
183.6524610462745 234.44377443817595
80.66110923011388 129.42674053923898
174.92468845584725 69.59859627280277
208.6031683459138 240.24944228030458
167.51037349325205 24.659197512747255
155.94436332656713 143.0052070695067
188.82411236001212 147.46074896057632
212.69201142191704 144.10432266877217
123.97305233260522 111.15935436575994
158.64620499562832 64.46052436980834
7.482358522976656 76.1713849938914
189.76273408960577 142.52746808991915
197.19230023200345 15.41501093263345
219.9718799732342 34.35776675091351
172.57566289356282 151.25715014457944
190.63527818578206 116.84478931911885
199.72615067192567 225.268845611487
221.63723318931346 153.21313719989374
86.40719466444367 48.87105175089471
224.36986067233974 194.85804642869016
91.20418484631782 197.87717945238134
247.86263800057344 50.63555705244807
116.61818392415613 217.9569557935779
19.713581489865184 219.24947364095732
127.11272366529592 134.2350407735041
122.72482069949253 104.63508697875837
235.86132397353873 155.8466087629114
182.7254519593346 162.5509850233268
24.99406976655971 210.6665769245916
128.17871078357672 7.316405925701347
237.56543007556644 227.4985077464728
59.391726521160344 79.39477175921594
27.196396809035683 96.27017661482381
85.63850160625076 27.971942879593204
199.65796708237536 127.8232995844917
233.1717837720291 220.00875486804475
51.25773362127156 161.71457940085062
135.81087008472937 207.2698161379566
231.8755851277774 45.434223035634325
58.97573763960384 129.08200147229073
239.4856843074646 167.54911069646326
139.3292209591409 233.72930323716014
11.254728646786338 163.11930221741434
177.55017718532517 45.420832320238
68.80353185103863 39.75887358609875
152.5803076867334 121.45647621359684
95.49483192230839 154.0416884358185
10.665083416591726 126.56725656833892
20.69050350350196 30.164084083873473
188.88826728396847 87.63044247979252
152.9017783917599 58.80032608562971
84.51556662563348 41.81240993121399
147.1598020699774 5.1394761982321295
13.976989798789585 3.0559456727965175
208.38130628409527 223.73961816572216
1.1347102094373673 112.04671602146568
204.30921680819387 85.30966590327598
166.39430225831057 141.54223221462385
22.66448671411514 120.84586552853096
142.51944369262543 36.95802244999968
230.97658264549514 15.43873075724414
116.28196134162661 97.70987922129551
241.5847089065285 107.66087442440083
88.98627018779207 158.26195899110473
244.67937229229432 28.10461074040965
34.345602909973515 229.5344908375275
207.77996835837138 87.25253702674632
208.6249127417883 35.594474954706854
108.74826758905004 100.16535567295284
196.29914424413712 135.22491796940344
95.56743319381134 166.11628124582714
141.10470933777697 76.31462780843634
119.22061447506846 215.5210457656367
50.05117332019235 63.56572417644532
180.56241978507802 15.60872591765064
143.5094670489229 107.63704723383954
228.82201785298298 170.54347215627854
82.64004898492693 134.5360326791745
122.58826529604077 156.13479462877976
109.47462436596165 181.69371509391542
149.62574220271537 61.9472525647553
47.69100402439122 19.96193734262816
238.50141734822185 172.82726805029662
177.17615641379408 248.30122555302097
69.75249822991717 214.20518143325495
225.21430979480408 180.6588330054575
145.40712299698566 65.9176856995125
148.93820541599638 244.24692586695
64.78130597326943 168.9630033465411
134.17074466604302 121.09436184269417
57.82536911139352 166.75813645450216
186.78427249295524 132.29594100713328
248.90582967542608 75.1049885335874
29.364926656956612 28.093359418847886
195.48499138376616 174.812190519419
67.35324577282695 155.45364619132292
227.59157382619208 228.43331539007787
245.97778473183394 154.38585334422214
183.23144033204477 193.09055040680278
166.05851457564128 125.1067676910361
55.575982350535874 70.68406084203538
75.9766600491671 181.02859550162898
185.44204293499885 131.11911818753293
206.2579096943392 219.16271564914493
133.62637743707273 0.30108410327558954
70.66275434368838 106.17124358403399
72.05009578468855 207.69341223560386
47.6241618384427 99.10866118586223
183.1044030617042 215.89862491666008
156.3556493846933 119.24409789791596
109.28690641562564 71.00664837516535
136.56655152506687 49.055081008165054
230.0214901032133 80.63460496890119
31.23884191747753 158.9778699674851
60.50209782582955 210.3457118286096
77.30458470077339 0.768774681420975
97.53028305615786 108.73916847640128
236.93933806525115 17.365276475289683
31.538560825729867 205.37261576013452
160.5682463678809 61.69804084140412
130.31835847207986 103.20188297002761
147.59409130886024 198.8909517310756
248.75355725452386 178.17602805306373
185.43651234073442 136.33399427325662
76.65117770968367 206.1865044985347
46.904537660262505 152.6732458197311
125.63070106824716 218.32644477039224
85.68410421211553 104.9988315499067
124.6647188350718 17.859630217086252
3.8890403279608354 142.28925469915396
165.07318294969355 233.76108774372045
156.9740457665296 238.48347776933437
100.33581325227969 93.38185728242318
107.37444965879992 45.44873985534576
232.38798421635587 36.364599032265744
135.8425824916615 50.55205385962497
248.85401968103457 61.11838513873924
61.045519676620835 12.052070599080617
191.3504968531784 153.25286791013426
182.72346667056652 121.81209546188535
136.48894403490763 103.67810338492886
240.21238382145677 101.45811170536528
98.0268834558446 172.07857399775912
50.336725296760754 236.20228204744194
27.86603427943707 39.62834468109339
49.93585325003269 95.22073277071324
215.86601966678592 213.07316931364934
12.593631735407895 150.37679606147984
79.83775945729715 36.64964583424599
120.5889777254606 119.80548282042025
189.99487826777374 164.99751536411395
144.57752230990582 140.58250308884845
37.56843217096015 85.72921281899434
26.214562749209026 138.88460892410282
17.201230759373104 83.65162853776589
7.273311187306258 240.06161502262137
55.8203364232123 213.42209680335452
206.9611720899599 98.8738392021894
203.15576596650644 122.86376748349079
65.9378542350596 249.52877670233875
26.447858986855614 194.52591205606092
158.27926918912664 24.05108939657541
23.944446026785972 180.39459591282483
5.424883662672131 241.48226001716029
75.38825673664404 31.338949378402926
184.38177655933876 67.56813583475119
104.77855806768183 175.05324526971313
179.14410775085332 41.794777591167346
79.91886784927621 216.65233392098503
237.37568006153722 216.91219989532303
232.81728978768257 43.87341257513697
155.24584156525782 196.2741042185017
72.72415354067202 245.77128990019764
171.00670702972084 115.44218303890774
190.0151183369482 136.58678111684046
115.70383415166832 128.3253994547693

64.06251785697035 187.88009400721538
218.02519256440712 225.29139670040988
19.75638690193951 134.06901640945222
21.56079648710807 51.75826171054379
233.44590235203913 159.37671011583836
72.0094420387556 77.24783595727533
184.5447990658539 164.89955103298894
143.43039993520526 7.632204686729816
240.85712588633723 243.71392786841201
129.03618757911832 240.98192297803848
158.95439020869873 89.58030568058811
50.676218585249984 238.99280692974543
233.90139885416022 37.37202349748362
230.04146820381555 15.46106823403287
178.92867162575808 171.62701368547914
108.0603020397465 61.38268925837123
41.63444128648253 60.74473917372425
46.2087726565415 168.05314107116715
120.04083786859209 96.58401782225964
135.4677097547883 112.26253871111221
14.126337758196966 25.67128429041507
57.96039623443383 155.3385411497735
57.34782054527271 229.71163865232887
187.19156029107933 194.6206147156289
194.9375539319211 204.20471313043407
114.695762934549 80.24523100701656
119.49482666918924 117.19897060022264
105.2019949713617 27.858582356253798
150.94006044681132 27.707770544985603
36.54353240432093 57.84767661277587
31.982875069204802 236.44266813202063
23.01141872101739 167.54943577331903
75.89050743436674 174.06562535196835
42.770041446072184 198.20318504630538
34.546872970632556 19.058594789136627
123.69894327074805 65.74744058815016
0.9482679887878875 177.9607687322191
138.07144598135687 105.86724879452208
188.10191349078457 104.04519190054387
90.89479534057875 5.15535097947617
137.93028593254053 112.14643147071135
24.427091500275722 66.42342229655735
73.54323516137595 16.850630014228457
135.0615232071437 189.5674245076019
236.01351407702114 172.0836377346805
150.68807978439878 232.3703781613313
68.49390673189932 17.219556027216033
202.19780063102007 244.84961267848897
16.253611127916013 135.8782501821928
33.543075804988 181.86544083480942
122.65619995752213 36.80257157302877
82.14995715228423 105.2908318072197
87.88253874692928 185.89802860400647
99.15413497759351 45.366357737788576
51.148107008149395 164.03961163227174
63.234403501632954 153.35995781746576
242.37450733499395 90.49337260580609
215.8465970298362 63.39983719405154
161.35853425369862 126.73969203236533
240.6691383760001 190.90161755665108
210.50720834917706 65.56775510905786
165.16663742831665 64.20220137959035
60.69399466911457 221.76854417782013
80.53043050199585 52.58872451880883
134.6063568454435 58.15256653223774
229.77879455889547 86.72599080568921
226.42097959985395 182.79473374284865
33.176888719927774 233.28305577771658
168.5960084772965 224.52941041873603
101.80577074145289 246.43094455925348
211.5187186086827 228.24380393134487
92.19361487903835 146.023792931297
152.83158541515806 72.16761198071327
17.457303811916542 46.136583406699074
46.735797770505464 153.99075440878738
216.30091783658438 189.8298504308555
224.0532583084409 218.30138188887238
230.2907266780199 140.21498309483425
35.32273187252177 138.94987149607846
88.3411504515163 114.94031683841993
109.45005367788313 182.4009189772027
160.5370041419413 217.8299794108806
113.04546659357304 123.8922758069488
138.4643234037099 223.96189627317386
32.7884778689567 175.1010844952841
159.196059194049 135.13406833586194
149.7132487290458 44.909616364380234
236.11108395458183 116.06198546190866
121.09916512388324 214.54692885825617
134.25741475562322 74.18620604928341
242.26232536717734 89.13848787238015
156.58908637098176 65.27078813252291
172.30074674371718 105.28236041893138
22.071060706730204 56.48439947027772
93.11362821477162 235.78373741251772
136.00867111327779 135.50084887151357
109.49215980173696 98.64978400726582
99.92423835501943 83.99231474189253
169.6498109012169 79.15813071084618
212.9139126523156 175.15298211778872
177.64552473400215 181.16010852144382
30.37451651153786 65.65111644747442
179.31368873782492 235.418227240628
60.67810813404531 31.089174135930485
145.98054090641378 218.66675587563984
25.319424142766835 42.70083330175678
30.477899294334364 162.63771391622254
49.610194978774445 67.5907510759447
63.761617789800745 149.62406497593315
7.785042148101301 109.27859255547598
17.016163552658863 123.952568756551
42.871845300460095 186.47689504600817
220.0095060176624 178.42973465490996
156.97537588001796 21.56012549084327
124.79436320136716 52.22941388792105
214.00276786653683 179.82463680112866
11.226934571311881 21.537643510137315
78.35878694808649 9.79875193221888
146.10070738678746 126.21176151737362
59.37025531254111 13.89678838955713
230.44834760257433 156.41499201913757
228.68844480244275 13.884492521412245
129.71983697622417 165.53297788414798
168.97915064281236 8.974765622722646
39.04995094911137 148.77050067682507
245.09324871558084 29.844895306892326
7.4018782216225265 80.89769286499074
35.016319756931566 243.81394413674312
244.73616972388413 41.98012323828926
12.588110440367117 41.39252720487063
88.66890924599585 199.0148077818907
117.09109199654102 162.72810458609285
212.65751116522537 99.8027121323663
178.03017918310718 54.95012812771541
195.17719350525292 54.09356444594035
32.38344750544284 221.8755925300824
41.20602930105735 10.157295614462186
167.70384152630103 120.59189498035383
85.99555496336079 184.95013906494663
120.0108006001436 70.85483691880265
143.34686617399413 96.36069684105458
79.18561215446864 62.5037768679749
219.31093015892634 112.22894709215647
16.447015635863067 139.38196551300314
133.31240088446629 185.28471011999392
87.78055350119287 245.03444921200162
203.43290087984673 168.96087125349572
175.6722955903456 87.34566460630344
140.23558094542298 117.93063414133745
91.69582693759857 95.71616940387717
241.95009912710023 194.86894456249806
241.3726023142884 50.803935802503005
223.25010409366413 32.19108110172083
165.90949562096992 163.06490975427968
197.13943967191628 235.62773038116217
65.43452236517558 244.92048304439538
43.8950619623352 171.12658391052446
202.97409697080488 193.6508410508118
101.67042713502671 78.26062113709744
53.377859480332916 240.83634333432053
87.79184373030638 36.92295400077666
86.29145690970915 136.55725186494254
88.6431374411524 10.474758448540038
138.76692834487065 118.32883262936011
55.82969004254507 185.21567953462124
205.85107094520905 152.91579288565774
79.15366822791897 28.739426256328027
144.7466049380876 223.07050820338742
141.92801690282354 78.84342632272731
174.06244062678212 14.391328789068458
130.88296446713002 132.93727474476853
87.8827260873076 242.00902736045845
46.57521529338426 0.6225320113698307
168.45559390889983 57.417096106663124
113.75575300908866 229.49746747548434
115.87210372303372 248.18910861988326
205.73706938829218 132.40351809133193
139.40864535779355 50.604530844680305
221.91060217169462 190.53390002163536
6.416304551465552 23.985565660168103
6.2777567912317425 127.61703227902579
160.4723031000165 17.06368042662762
105.41543102746247 131.53589821937578
60.09218528980953 12.075569840087063
115.69505188421437 13.257568012768338
158.43825080485283 229.70411551034098
162.4639659458666 214.1793016354952
203.99102846379068 190.36261026625328
145.88701143177673 188.05230404214282
179.5771906748606 16.37091899200019
0.992423873357573 36.460373579119356
141.00872280527383 11.805691921555534
74.6525199804261 64.37967391853327
76.7750360103843 141.52443912738607
224.22399825571785 182.73344775873002
50.42867723973754 25.751295189898464
141.7867519194814 186.9289945009329
153.95565310328652 71.95255426266695
9.133208418612677 15.125700549355942
124.27001097870802 176.11340651149112
201.87258681579186 66.2364870688548
183.78297510530265 46.57486220402207
190.21609686789105 73.98006252450499
107.40803237922087 187.8693196850809
64.5139120179421 246.86953791030885
209.72468996363793 7.920612909325609
84.65251752870908 192.80939184907427
59.127377058364125 205.2334563783288
156.78234756918337 238.3007392772931
39.46719365409729 177.20892718150728
227.50693116990848 56.012965143100445
229.66823648674108 8.97694632831983
121.4457904385246 220.4990912081415
89.06926623563032 226.52271756379363
224.63886762752202 123.9603487462366
32.50463887067803 113.07091050272331
41.440438892629714 145.9467021264021
91.9647037483303 88.01521170378543
193.12359097950628 206.84901790899536
5.053765760214213 1.1942440701230017
55.37590961166608 20.730037110478744
143.61438102640392 94.83737439309037
199.26280379357223 66.18805036990283
37.75088541776894 211.25453390456758
166.4332364368029 233.40346161660943
67.10332727309675 144.16958182627192
148.97253508787819 54.18087221877615
247.48270220825083 84.5748720655061
180.54457852551982 130.7507978577679
57.18212186894586 149.65645104559852
63.62656536487702 126.59652490839845
88.96619888650409 55.35632898396731
232.4363574729946 143.01068830489396
41.68094372096235 36.31024330793742
164.2335633230415 56.329819544880145
47.791662181993324 236.3385521986207
227.15992749535917 97.65167941495295
121.39536010648378 53.272736803527536
61.65430986899303 121.17799527488282
108.11037359694534 141.28668830821476
174.51363741928202 236.63993981034102
155.31692330047838 156.812228001507
114.89541358362762 102.77352345165691
21.896389891758016 8.074155179660064
98.41415662458266 124.36281784061237
67.94840435179289 27.42161049337513
53.33911577339126 237.61367751067277
69.40375369120508 128.08203600151845
90.38524299029027 217.60996719519133
174.16233433945345 232.74957539794596
82.86565741223964 149.64901600551076
108.93524639763952 11.796014031308143
194.52742758913965 109.19386241738214
69.01905592583633 232.44556710524427
232.89736959865226 124.12386869714695
78.7285117578018 112.02170933231604
111.0908686076065 203.20895690526098
33.997642480323634 175.83516083572354
39.969576492633244 63.00367807801563
140.30536605048485 100.93285834665602
202.81677066687902 12.834297242131171
66.36094651766541 80.88497757162166
186.59139473982972 206.63762548967665
87.25768038994866 155.0056966904438
30.003632531605096 56.37485442209805
238.37972693303635 113.17962749461822
216.3617755308567 103.62646249735593
8.184695566331667 127.51999021445104
75.88539153915977 86.31189343580031
171.55817201874615 171.88355207979856
192.66334771712883 205.0900841463001
172.31590853028334 71.00109914412798
185.5406607001327 246.08239380414497
5.564033420889736 123.34760916155157
35.075885265341746 104.00612374889889
40.69908101143157 86.40394714735955
223.1825994368338 194.4803454341189
63.03337593972302 32.28720358415399
169.57089001429554 182.55788021977258
104.44590231745488 8.34410090571408
171.4224284087971 138.41843480911152
226.14817738736755 172.58690931250217
144.95500825761275 78.75094775927552
235.5837017566804 165.53256731205855
179.2385606331195 28.530741455969956
33.268119946053 42.439009518855876
56.41827008168013 242.38785496066197
169.83976287272338 116.75253093797139
125.66659565765218 242.32007571411773
161.83119683089367 0.9134332498760278
174.502530737114 51.14302624942002
92.1912445489513 8.293549413890045
159.2129590656561 186.30895178038128
120.59656981195097 145.6016022547654
23.49721876322633 52.30840554129498
178.76072705512965 138.19258553419502
147.20015013750768 57.287155536425466
113.39889265730454 140.29258821695117
109.19580340925123 56.685060335559754
164.6780293125839 158.65133647155002
212.12973989323973 197.3177286617898
23.054907843200077 106.95978839683154
173.15993100385836 130.8069009589117
12.965699781904426 246.35346850366474
218.37605618804898 151.93991995719296
152.91442318896165 63.1732627079952
223.90166546129524 128.76803761711997
228.6387688355497 69.82392084114183
225.84803909909428 207.10030081797356
1.5392904330389368 171.6263822395451
227.55282027499328 8.37620272761541
201.91361925955673 11.875518875593432
114.18801614930457 55.631222523773616
105.60525468436333 26.931614042975283
201.57277370520532 209.27244278718933
240.24174668521513 8.087517263569294
22.804571848841604 242.24923104210865
229.14688718809944 35.02099379011417
208.4280147963108 41.76375272826541
147.48193054656343 162.25050017787672
81.58924114370056 247.67928414457228
51.20825824313508 198.17463396292757
156.26971126775797 221.74428630432791
132.6112888840194 225.85823771544796
210.48061278022215 4.053630516901386
105.27363184024188 186.33969761534408
134.54772925225393 46.13611478638025
68.58547703774428 107.59823654911763
227.2972622918564 62.9031504928772
230.0932513059857 241.26609741380912
140.4836751378499 191.174142843094
182.96044622161796 222.00629136487316
162.37792679801478 139.60565069119505
115.36262614744672 52.59350768679161
31.625802305777107 161.1831872264792
235.10568924403262 170.45796123295082
216.82918138518409 209.07868935130807
84.97829110198735 215.31917346579118
183.33316393255632 229.69217067332832
103.16789886933192 168.26337680479025
116.58639265444043 36.42832186231437
129.77861038533032 211.41632564175802
89.64193764192777 128.3494694225069
98.39620483502071 190.30902566231083
9.39897726227598 46.090023378252994
99.57833517820997 100.39020036648691
66.32618310812217 231.69516704451468
6.626616700820486 102.61052287033942
0.3265583029814778 172.51876548327516
184.00206801916846 112.19630113200654
145.64640713951093 175.05334216375914
99.23379393698023 94.5849876628041
152.69280706154566 137.7796534247401
91.76650035422432 42.787692500023624
245.57093529670098 83.69397068699786
39.66396049366336 245.96023427887067
148.4349011842635 14.988785906731916
237.09417636673808 59.07608957934321
22.902820133250597 70.04089632254772
99.19442708701423 191.26071109369244
74.70868718795762 36.22841174165184
201.03424794326423 81.19217850469046
172.48773889851657 180.30804677897854
130.17935755918123 249.78684383785776
53.683506220334245 224.96798602942596
203.1774319997732 15.443813750620066
131.34691846488684 220.95638026456098
113.01448690148582 151.01175097304957
23.014102445996915 184.45015083417417
136.56854880034678 53.25083228206851
236.4616189292488 236.1298570946825
131.4448265271439 215.91892448187994
115.03959063705221 101.33150378721787
171.54806088688906 140.73888487045224
241.99135925901382 139.3308237280036
155.15208630685945 163.63790758573307
218.6951294129808 242.20203107043628
193.25298840919558 127.87484461166007
50.881405207120615 100.92907380452601
112.34410413176668 40.58120556865216
147.51418872106836 107.79181663365736
109.85801291009479 41.13621679877899
107.96047255086647 133.78546769694097
159.96811801979703 41.382045015452476
119.76765914800508 54.6562113161089
71.96718646848718 213.39340465808633
61.71188044500972 13.764996813960733
9.337874654601702 83.44764060999921
141.9277457420511 209.218623384028
28.328993176332418 14.106615501770975
59.04527294454714 137.04423207955514
160.29364983612462 150.71831305600557
102.4895465426279 81.00157171317562
193.7768583375595 186.26640182718828
35.50895526440057 108.67115663230048
247.05333350628095 48.05743673209306
243.17682543118977 141.92921778120822
197.1579654252542 28.145502353788654
31.6793205961724 135.118903751897
15.944225220294344 125.77086167016962
73.10097114494563 35.19397202260829
190.12911809986932 183.22191891073908
156.6867585200341 189.4513912329881
162.43261573216756 152.87910059716447
43.698391797920486 59.613329485281
231.85670277536883 97.87251324795271
135.6984712444535 69.08590312220178
73.76547292325267 80.04129722390385
178.3778856428525 123.09299782676064
176.05672496921704 248.64787412982085
36.535408881154254 126.38735693603992
227.44121125004503 182.93396995933563
84.10577920281062 149.72086389271965
22.86760191319881 64.60356639981308
134.41370849386462 131.71890785295298
131.7354898197124 87.4358318753739
65.88677593106019 210.67504493913742
174.99797767748726 169.64512457175894
146.6901553606167 7.359518517385421
217.72934646153618 13.210174149149351
191.28191100970497 215.03615473486593
55.818974323305234 93.29351091848065
11.303520361450852 4.685191309192261
23.65726028707005 242.42299865475474
134.05050178384258 51.81556092861167
101.04121760186291 96.78421539429138
182.27583307600713 154.62482958748927
205.4734108127339 208.50640037457737
128.87771390287406 124.20863690427362
244.11690902847687 16.766996028347247
50.76812892612137 94.09003829374343
188.9802022482503 239.58368910265716
163.0240465045524 11.186222709851561
65.68808902835086 73.95776470955443
236.23028368524047 64.35505201707502
37.85151552740165 122.24449807417965
102.24153963985638 67.21755750906897
151.3912659371328 239.17702754081088
118.45063706845099 227.8412397868359
132.1787801748747 134.7235165515362
249.14106401593017 25.695990159196935
36.36824649803857 3.8575845213425772
245.91785897133752 182.88155495239056
203.6396697052062 22.443243207474623
134.04193632122255 156.20043365754086
224.78382309614616 38.52464115901197
27.962794689411652 212.95749574063618
123.8073157270243 236.88730794151354
32.20543034188788 108.44518501303904
66.39449687056914 91.46657369355552
191.90243304707192 210.59893928608952
182.03855518238987 111.9800508179244
176.37592978845726 211.0309861718657
160.54417587366717 29.011181094831084
10.13495746940607 24.36001868611809
77.83297610973392 189.45745832798463
32.339696277037284 102.31912116941277
142.58715568201464 144.33332703941534
194.60993999741422 56.796570510213144
118.54624977741612 79.97117596742682
82.0197885636511 238.49779836682467
126.66079935311689 88.52228325504183
188.14600427305484 156.02313644978375
7.7252058883653945 226.80099069181094
12.224962541667244 127.35349399935555
229.05019313158837 141.416100906236
156.13738293666293 70.37889589231509
184.29765440793153 161.13726546673522
108.90327457281637 38.55161753972502
106.92641909029749 149.53227605130664
216.3269619587153 58.31678548135266
33.89321958648633 208.5399054024243
244.13314180740755 64.85954192221891
175.08878085661706 119.74684530027882
239.78074241327408 245.83224838524362
53.886537759191 48.68449828508348
187.12408910052423 67.28532938068652
50.40706829909669 79.8700991113352
136.81211008632206 94.14307724642335
128.42366936647778 47.79214708316487
92.67332025909022 65.14612874806511
194.72590405496823 113.1559713395554
41.55245749891548 102.60477264519322
90.62247609886309 104.67310473076968
119.34058966156536 136.89326955963693
143.61174561021812 50.32400338480045
120.01801163068545 35.706474658255246
191.16035486474544 134.21158770742082
93.5033240058124 206.80974221242127
105.20831993721347 92.43962279922701
151.97401917850127 53.225915913984984
11.624656085477996 21.799651148458636
139.7450155597517 122.52322243895847
118.69685368446444 22.601793203838316
27.902249070823252 160.34003804696215
72.50213972316133 76.96711012559787
233.8774725280208 22.547837958236173
151.3961913725501 68.98955014542291
144.86606549171773 189.8017461268055
206.97736676158715 36.05416590429936
103.72082823520859 238.0046454316579
71.61295729254064 31.393407148382845
104.47582694107551 225.44661133137703
64.22441901204229 32.647229205298416
12.156442629030566 85.06563580792827
11.333108645083328 94.16645790032885
142.42918757435913 43.89187408788781
51.375507031165 217.55017967638008
31.35664719044448 166.31325513535646
190.89737256196466 17.87471965676196
201.0927255491548 213.84905584009516
226.95386714326855 235.61349247823003
167.08558956701233 249.12043026846754
207.1865645055291 185.940396290476
119.30379396152537 216.56559179672593
66.3055050667152 39.37575556714803
33.31535136370381 121.58113371157178
232.0106169869379 147.6624983101151
68.94730137562274 248.5123774202673
8.897870873713632 70.91596282372839
133.64078364043377 58.17002784370956
214.84649123899894 17.57669873693085
75.47385985396602 86.61417390157055
80.76519959769108 55.91628662497519
58.3628704545944 228.08017395721419
47.49088829166387 87.2196552935662
105.83890951302868 142.95349332301438
67.64772579085162 202.13271777588292
79.14905491792362 219.37521073432845
124.02416091793624 46.36603328039729
215.6757574986903 77.62547657458305
127.28009204291935 27.272055625568502
121.54290994579046 208.09905433656235
235.75744573201942 120.96862670278472
183.91740519031535 129.56898914758838
238.57839237038968 175.3213120098553
7.229424026679143 11.950360674236437
99.5709775829409 183.56359925331935
9.59982793843256 50.046414265080166
80.29207464370872 170.47439872915368
41.17050636993333 98.70834272652246
220.76620207912146 59.973518541118544
147.48449618842108 84.39980778024622
49.33194131035518 154.4226048066149
216.39305114159194 207.92532855521625
158.83077990745124 176.6897146148403
13.172593233318375 25.327267674326304
198.70131051072667 145.08161866172168
136.8573814756015 27.581831055681626
58.224548334601586 151.92803851302511
85.59566678434838 68.45924103383163
103.91424256425042 95.5519615328011
136.81657786586825 219.21619607625
126.31765858096472 60.80008367551726
67.67344350282978 126.29090752050304
189.79419193327445 228.3506363906157
2.493805410108796 170.8294046794408
38.03340152063214 61.493402749384416
185.01931002708872 99.77848461600463
79.51732988537647 207.85361613818102
25.11009495628469 19.85815853669032
125.93007678029619 87.1594700979404
13.83010571081128 245.443990086551
31.539755375059652 210.69584760701403
67.23231395064472 191.6642652232961
188.3986396170856 174.4057849191063
93.80195633609073 103.27888112152445
7.269805999530366 229.3970694500893
170.94118147440835 155.16004741076972
62.011411286078705 56.09015847199289
205.41593064496556 95.03823333475853
136.2175368796178 169.59467973149813
46.9414629409369 244.6192320870165
23.355905546557366 68.42162942509411
222.6320065244076 95.92786913115167
190.52518482728104 248.43310688026327
146.7752675468294 52.02638520011785
5.190359286783741 142.1540671374841
175.28819947400737 180.42347215251408
0.7426490867914748 232.89673902726244
49.4741089118535 114.47968042561479
78.81163459006912 25.531009710274137
14.710121903570933 25.943881178435962
149.41227944839673 215.90573729119023
80.48164896243529 55.31195094847261
212.2279516993986 161.80535875941678
219.0980707035649 81.45339627854925
198.86677419949208 98.72866825893331
79.31870673105217 168.38546401425486
218.9605546454051 180.34440462117612
27.82737973503452 48.76136204802131
115.73545086785062 86.61255944803531
32.698177531488234 43.13485776217746
46.14648154487502 187.64420503827566
72.68860830229038 109.51690635738164
7.829179708011918 26.351519875101147
70.36717875511742 45.31862740866469
62.46825870584377 4.39130916874797
97.7318782823805 228.37158572503003
195.29028814406917 160.40739320620327
87.07041249924863 205.85178968282628
177.25485206447766 177.49184963298538
87.63017029588104 239.43916359572606
158.17027840599644 229.84836979842254
69.40059555772183 106.63821293589318
117.29076034152719 212.43651686889055
43.235455148552234 166.4654800804983
93.9580961110624 208.2732011900632
236.7886389236091 18.515840289588443
101.18958287836655 10.526394585178789
200.9225895263335 180.19934339432504
62.00434136021663 166.9519391647289
204.89055113277695 197.55198247097726
152.31646103379336 9.511167668575792
145.85669555412215 187.11650621532738
99.95734047977253 200.16358675446415
9.926303890401112 206.19581321954217
81.63387008205733 218.90210633562208
70.57355231535293 125.24899947048509
140.15081395140473 170.9888897804223
174.9375383156598 110.19824602913289
236.96570783194022 227.45173234614725
14.246399826905677 2.8743714625315553
30.909390781707373 152.24616361492923
96.75788409431709 62.733416862409605
95.09948850016312 100.67156137488648
84.64735890640316 184.1290410344806
103.09293064191169 40.72326408246504
148.6549330165013 125.45901792169087
57.85032399409617 233.53128748529113
14.27103599875651 57.022764471679835
133.49388133535555 124.51852702641403
165.81819554749072 151.67524766235812
167.98401460866484 43.12703738054985
229.77699796061836 207.72625245051816
178.2544621592939 184.4732656951685
110.80730890404192 75.62429366253612
79.90877448441688 201.36917211719935
128.29059612467083 154.07329605281095
30.248747248117493 150.05663782460843
24.91386671226706 217.5243444761932
67.09650889870237 83.52607806521745
51.33195327099408 81.67558876069548
11.287926000647374 70.80261423748482
36.206167354073784 89.00743348472598
31.607912984963292 180.0956430669987
158.81096426731466 228.23193553500215
92.97113863920087 212.4769900355622
88.21848381185163 24.368342993811464
137.9762081235514 133.36273830456156
162.60510946016933 113.93831312504138
178.35092676852648 194.13120533452008
176.4744096721243 16.418573602191316
14.163311043625892 235.31724923000868
141.6482535562984 141.73471013710548
167.42185496993574 232.2333049802136
79.81332992725102 126.05462638668804
94.54677221521565 78.11274565762419
171.1054332755735 4.128578495953578
242.17111724185366 4.967729416696071
203.43503136564834 2.61969633071768
228.93241816159755 79.88481384285697
90.66939839379745 63.63387604898302
141.17314369535163 53.21139780301104
90.35172089445965 45.94080566136968
231.01714572283024 216.33036528162341
28.24490883380479 31.163561626665032
90.97661616024097 234.0604490563448
222.52908656662282 56.40662745582334
212.6077010345929 101.32740470249408
138.74037516615866 112.69222667815897
221.17196026399242 126.65804293334746
103.26209360410773 59.79536636019875
170.0267862289082 74.91278735680702
165.96780359256329 196.4167570008167
236.10911168055242 37.10041676324191
217.3237646942162 148.80898250251363
246.24453163846775 190.88741174761697
30.10152084223941 177.40251647870525
52.312238631878756 88.63062996264742
18.771979763372443 217.44636418098554
66.95708776871864 37.42099923232245
146.44978681318946 8.395440084350337
119.77525426897739 98.48949546396146
80.17929486287312 142.54325275188634
111.359573091971 80.04587247698619
220.5950973149557 134.77565180346
190.71650211554677 80.58660841216486
245.22759086165968 42.20115404199881
94.06646308395464 145.34774040747942
162.32487920960716 207.77435107804854
98.95774390245975 31.33671217433667
52.276499578236795 1.6406504770729857
231.288692291846 16.96814051999035
215.6781304859213 103.7660718053445
1.233668699322621 62.54433446280305
152.74702342714784 206.78240351111836
174.9578678204921 155.5129031502074
184.66345395361546 6.111792711310043
243.04378953163794 108.50383176111522
128.56345851307387 211.8928799216543
238.24379433841355 37.640750077860716
173.68529102792013 141.54816441881488
29.405999158890637 159.549962093339
139.34412557410795 170.53711744519993
220.80740283586533 141.54117637320846
224.58561382463952 75.17691974776741
4.288897008243281 32.38169063498459
40.49951163751772 2.3723665112193038
240.91833574289265 111.63080010179513
126.62321631150775 74.67304964957236
56.059476998335995 115.2677268343415
39.86549393938269 6.1694053488974
90.54048232852588 19.140922808583703
170.19844177691303 141.63318587140503
36.002081357823926 234.0838967673755
76.07855228789937 4.963406152566824
122.50162019621821 235.36437740600138
239.90898205202737 109.85996058138467
71.18512573125888 187.91741341615645
84.93927424701097 212.57330719590348
211.83630461206428 211.6406101819467
238.01823850118834 243.1156065225581
209.66573832440326 232.44873759654251
136.9096922850609 51.75444624920561
154.09226141740803 236.5936119889911
71.55568377532565 172.02541356982798
132.664713842108 143.9668407355806
46.46178616310018 249.65946691124043
121.91306118582723 54.08090512459776
219.79301833764796 139.72449359393548
25.92704618844571 142.86704493548103
136.01035091492562 135.82936995499486
84.65736518505545 75.74759841795941
205.01984464743728 7.820963289344646
249.3657984959595 131.57801998151274
41.16610253740169 77.8851871448161
244.59761620835542 35.458080689568824
92.72358161241989 150.2532011527322
16.607062663206385 20.577205568822727
185.77665012678722 191.72982811531094
184.56214460167573 230.9270983091365
193.96802737333738 11.7718794884073
197.62197865587154 151.64006711758623
97.57847788421806 95.43147660196854
156.04428151941386 37.56875796589912
144.0967306108501 237.3902132592022
142.43955010700336 179.65785875612377
9.15020873849645 35.99266275881258
226.06638905230355 190.25291758760434
248.9945746118253 11.186149013492685
226.73991211365703 117.57706759083725
119.36547946572334 13.251384146693301
244.36729931078864 141.4433818685426
109.9730251571225 114.34638276718545
232.79816462083988 2.3979765116133036
218.03577522880616 160.1689577475549
171.88128832844563 191.74686987837455
37.19336266997866 205.70518469326143
207.03620996758667 237.1019748799489
77.12499303236578 242.55497536099097
93.99233752473499 65.53258816121516
210.65633834502796 172.54190071625388
23.219291474743553 62.00845695260176
230.90954924841435 240.14358617708646
67.1983202352085 27.892285540798422
56.41281987195307 212.10682216542486
176.22203272727887 220.31885976651063
205.37133688945323 103.0177726460498
162.17633413701944 220.95065583402152
192.25145097466108 130.52313967067937
71.3028099934378 61.22347678924795
41.52672472275595 134.720455705092
19.496984703470304 243.62495163669527
64.9499195429987 236.01815129032477
104.10668205440243 34.89904551138523
51.88304866414028 20.669060062868617
138.5977817824068 216.80216517370675
91.2633374393447 94.84998259936755
236.46426658436243 209.9263615042379
25.334476568583842 234.87943259339434
122.20840625678412 172.29863297991363
220.76244865785577 24.058210086128657
146.25934599613888 61.66339143305269
56.487495965012066 174.96055419608376
142.58759810148788 244.23559147873235
214.07751391447636 205.6547478730724
198.95868956813942 189.56337509072674
38.073497545461635 37.321813360675804
52.43666010432929 63.595439749432465
138.53469589404727 194.75255108786132
238.59233762607104 137.3010571724194
247.38681783536347 225.8604005355576
11.48511197996413 103.6725584234415
249.70829489265822 183.74306956255262
171.41929085224285 214.82362666450905
72.86608498946947 45.53331895032661
57.52704148957208 203.4468753832869
68.59167740052078 122.00912618555576
129.75953431958314 248.87104610527422
244.00575943490122 94.18605488452012
238.32569113197468 19.911845428327275
113.71329560183993 193.3972679658608
157.49147933913082 69.91671414645914
112.47751033873232 110.7941537498548
54.14649285958989 179.3990028395758
68.47272740839594 227.5439699875822
3.4683231229014346 147.69250051985162
134.29867381442787 210.97354491020087
185.7321784864522 230.5281029938713
157.54768384224738 14.546667279897424
39.17306741727883 204.2109982797359
200.64689656452026 36.38012364632587
210.7999961577524 176.41526578750774
44.50392485862623 158.7031316475144
88.82004379809317 85.74750939055909
13.217097986975457 35.73836569199018
10.293688758773122 96.23666350480875
238.8658143836132 185.3306183562024
52.81675858987606 73.41777718517828
83.26157664682931 226.0036720806015
141.01562266274485 80.39917511140149
70.11299624399145 32.335790596457166
113.65374207621012 223.38166418538142
178.37250193991161 4.212398983167942
120.44148194203159 83.55122585451913
128.89640304194754 228.36792364838013
87.10079883850153 175.3385899232397
235.42892938696409 196.6352300284768
188.60327646359926 140.56326696596827
7.9382751547140975 143.2447363387741
204.36073400267108 58.62722875210524
41.97874760091169 154.26312055929992
225.14441191337528 82.12623614724951
25.702621278243633 238.73779223894246
114.83554346494793 125.62269882867541
101.12497395527633 223.92462634169306
2.712770526209801 246.73206609255902
223.11421704485522 89.29568822618883
108.58872607240727 25.238621634777083
67.1309639164086 193.36111545110194
48.09705673725806 207.86112088925876
61.93763894611645 57.56377893514863
145.7075365768097 64.55143076333844
175.20954452981775 216.08351152198648
27.215594108114082 64.99546654938749
196.5440808327419 36.506252730818865
207.23222916678398 178.29620343308827
175.68469104688262 235.86228066162172
74.62314685179273 124.01295706539459
181.68249193467622 67.01486096337942
204.78659065719987 247.51228250163143
170.38889629471475 24.14405070973702
162.34123158365696 147.20467619010236
189.22703854088718 140.64016224977763
212.44325924949968 145.01683897219095
119.6735830922902 117.02944280554334
157.97757358296587 61.501900057959055
6.173772469991401 82.36424300138623
189.52979918350815 138.54293757402658
192.9313338992402 12.803741846049293
219.16160701387707 29.96393749304241
174.5966425305377 148.10816694612376
192.54707043983424 109.98233004712444
199.78323760813288 230.900574303588
225.76936469380925 152.30474435963242
81.959046042161 51.573854308792164
229.35893563868856 194.1874445434919
90.53828348661594 200.16597345675376
247.75558332964255 53.23339779214464
118.12198513115152 210.68748265677564
26.819988544120765 216.40769511150867
122.33008414837096 129.64182353639072
120.48356070604954 110.49990008640282
233.65894225529212 163.07158052388607
178.56183963660587 168.3199564009306
25.343827014341123 216.5312284628746
127.03844102605879 12.459056661324686
239.68449936521287 230.2049850546313
59.25499268271056 71.5303533687113
29.71866429840561 97.66460945225741
88.33188709985737 27.0324952686854
206.63155108393846 130.15450865917566
237.45809699239723 218.89795974599045
54.34872795457313 161.90447474587268
132.4095852006836 213.0932143659152
236.64505335963383 40.582705243866926
58.710045283918404 136.1935652498989
233.13217652637755 162.27499420978526
139.97689872716694 229.31185657833726
4.610164562093566 163.3620052355964
178.84244858371633 41.3319341496195
67.85871619160616 34.29039166969861
156.6091824330357 116.44287919705476
96.19534250210754 150.0144352859235
15.712535386386866 126.81237419164434
25.335757398383645 25.852763418423407
188.232900814687 94.80742578926612
158.0618496391112 52.58732086377518
86.05565754358757 39.45367057738261
142.30761994335194 1.4509088510228363
7.940344060650029 6.242771500776789
202.37882223474634 227.56893139026033
1.0131289977813596 115.45214116437866
204.53960859657298 81.31004574373488
164.87902210660516 141.4226700068433
30.291392435773723 123.93601042380136
138.85001709585515 33.58168552303214
237.05601714240203 12.376792627553673
119.65137560462802 99.37877298273193
248.47501958140575 107.9787372957198
87.23723663827556 164.37156585836118
240.2086068915576 23.092606202330668
26.442488417685734 231.96032164934286
201.05884375350462 90.51534040204146
211.3840241871162 31.039692390296164
111.82920688446607 95.07849746968758
194.2329218656433 132.07827190837946
97.78206503469517 162.81266616530715
145.96382458145902 77.39594845379324
121.3205754576157 221.71007029764263
57.15195035396917 67.66265156603058
177.33183429541086 20.910138410990154
144.2580692509965 103.9803115645288
226.61571793065087 176.66500614495777
83.47792088318856 132.58154983897765
127.72941224506701 157.87530782356797
111.86469549848164 175.5595248698372
155.98205129694088 59.690977643079954
50.63792510176005 23.41127208734639
240.1075614416076 179.06143834752422
179.59817827382997 249.97873542318476
70.84147667926553 218.92852779375463
223.93739027483102 187.09862992317986
149.44906483371346 68.17051284074194
156.37751377454265 242.64230068173748
69.10174122419069 169.96143517055737
134.94129694450575 124.91503387069939
64.98925114420915 164.61059475623497
192.54938815775475 137.36131403678687
242.65096476640903 73.6657821320959
36.62611723887846 25.8825015917504
196.0401074294909 178.37326286582854
64.10692599581661 156.2775042944131
228.63446714485056 231.7941958394444
246.25732640387776 151.6079955253042
178.59428952870036 198.54610986869642
160.7739833858901 120.25462788732497
63.054789221925255 67.67376549924813
78.46277438405558 179.3992364101481
184.92849547329396 134.34181880120155
207.545278729264 212.1661517475926
138.15305356851482 4.086381983800985
75.25383604789282 104.16370636612326
66.09576245053167 209.09843262293649
43.53936541689404 96.42955593302673
181.54350922956033 212.42529777728174
151.70152698521574 115.12573797662765
110.96899131188952 76.58530477375055
141.23560079540886 49.16398046817108
229.23020630060017 86.96236061167687
25.15346379654079 155.1701784134145
63.098554855405695 213.267187685515
79.7124812829895 7.336986014570723
96.81860542197987 101.9282750252126
236.47730813225508 10.998783243945597
32.80952675289675 212.70285522041587
160.95581197545388 67.31394074399039
122.33511070621455 105.2923838599714
148.51036890943882 191.17920349130344
243.56831809229345 174.63589319068632
191.06601317210212 132.27292911014683
70.02504176779631 201.1313331133742
44.46172330226114 153.48988312901133
124.41588546475288 220.2766767037531
93.42389135279355 103.92234709397913
120.37792551859857 18.954053271819564
10.688186800775934 144.9322633135335
167.23956273779578 241.46764639562412
153.7026858278734 245.5345478610956
106.63754331693401 90.98030257564257
104.00519964153013 39.45851012078816
224.0984716454263 35.672318096904796
139.7541832897377 50.29432499265021
248.1980258377595 54.496905629831005
57.83011293342138 13.562771971989019
186.28394474831552 159.10227574758585
185.0789229663142 116.60776454309452
132.09169855101578 103.92437010507105
237.27880630073656 108.28998676182833
97.75515834054646 178.20999185632354
50.618545729767646 233.17306171184956
29.619239471505825 32.483810917687926
43.098183545307755 93.16253074097428
220.11225687059627 209.65645257316277
11.115974233272318 145.94320139699403
79.23998992031925 43.95142273650832
120.45501935502995 120.27764175380648
191.0145581711425 158.770049948601
140.4114255887154 141.9402912297416
41.961166409744735 91.59448420185309
25.983636644236892 142.099785735143
19.530288575657085 78.01485879016093
5.78909286527915 238.80094178537033
54.41655299609655 207.161770049689
201.93057681964603 102.67546962782495
200.87234496026895 117.95269422333996
60.208700910521216 246.81188385148081
19.689697201041913 192.77401952373046
166.50404483603498 22.36211741387545
29.51098885850284 174.92679812092814
6.689772780139213 235.5724385688447
79.45512946930211 27.830827739161514
188.7651889448671 60.940695919973194
102.54912265211263 178.7970612890813
173.40409992617336 36.60715120318239
79.45484052077312 224.85421578922802
233.35342118783754 219.043711274802
232.6129273991974 44.54606225426622
161.75487498593543 193.48165006194964
69.25082236719702 247.5131973530433
168.77883697539156 117.98948066014678
191.05472499373926 139.9455684281851
117.53091309416384 128.51100289546764

8.6 17.2 36.0 72.1
17.2 34.4 72.1 144.1
25.8 51.6 108.1 216.2
34.4 68.8 144.1 288.2
51.6 103.2 216.2 432.4
68.8 137.6 288.2 576.5
77.4 154.9 324.3 648.5
86.0 172.1 360.3 720.6
103.2 206.5 432.4 864.7
114.7 229.4 480.4 960.8
129.0 258.1 540.4 1080.9
143.4 286.8 600.5 1201.0

2 5 8 11
5 8 11 14
7 10 13 16
10 13 16 19
14 17 20 23
18 21 24 27
19 22 25 28
20 23 26 29
25 19 31 34
27 30 33 36
30 33 36 39
32 35 38 41

