1024 3.0 0.0 1000.0 723.3732616545271 3 160 240 100

85.95463702503858 150.63628763483064
196.21638476830395 130.05892892686748
182.8575528560305 247.26123878079298
81.89285790171618 70.04161820031801
216.50199877709426 206.1530649661708
181.9767538229571 90.34257335434548
206.06580347855345 34.90574725503026
92.95375969527797 79.37510553531973
247.17727679944184 205.53070876891434
69.75955140445467 120.2235793573139
214.29312264798577 192.72844739423488
6.049342870446201 127.09033060291416
55.39587960708353 20.938183649088643
19.94293352006271 70.56277076410059
242.7041944783969 234.2380312291943
41.42041779388953 110.3022909191455
196.96866383979884 28.31353377899204
195.66236630583577 33.6506748067597
152.94583249233497 0.4108759366258652
217.01713469701224 192.86642081381086
61.05046993188928 152.82726745018803
63.74603015857788 136.82213713322287
133.17131931957258 165.24883679862455
18.551800470426734 104.40629175205066
2.026038645758621 209.50495699962858
160.12727368107625 194.87901354080162
43.839770071988916 166.40958057267196
242.387734804554 147.19201087371786
50.366144776202354 191.75355074118235
141.90710130471194 64.4685576046131
53.357504457252766 224.08725306786522
95.23685228524545 119.36325537044911
227.38533243971264 192.09642737765094
231.5774885645373 8.567734035331481
200.59349689136099 94.79895903626256
190.11982733130807 234.55563132755603
196.82271170167644 188.57253865555748
101.40889755908702 129.46145054589164
98.53617139973336 110.08264349127644
33.47481175066322 173.38612790485035
145.435281982601 16.74780133471604
42.953217108532506 112.43447209667076
186.0300160408666 221.03717052462233
142.43625482463054 79.95249658853129
240.27766613339014 155.18986338035614
148.73357032301604 53.922000468891255
89.51346294490517 140.4988445966591
98.35598502944093 10.796968510474404
92.98366134548455 9.259399662015056
86.29951373528822 189.22045398990065
181.80280011466752 19.800405225337464
31.84727666099496 178.72715555440425
46.330124646236705 46.452524105588616
248.95628608722706 85.30394381043018
30.49252433045002 53.93575177895704
20.343347332637208 249.13544652336603
199.71695786655238 122.03587214884573
233.0461343245558 249.4837294681257
231.0599487849366 91.68197556850383
212.6823612957622 91.27710970447627
205.34866643556103 186.59100060234405
19.317738741581795 35.152953171583064
93.29609995368641 164.20887048360365
164.7365434968031 217.62343017291943
166.46710197511027 111.52640852154902
180.97420317814417 236.0558953823255
186.0028285357306 214.19675664238517
27.673446704958526 34.405249304328365
200.27728173989112 175.13162730874123
35.15613984587826 56.49782476570769
6.697671760623358 106.02500658001871
238.34996174657914 7.295726616037474
195.99926517764322 52.94535580194751
102.89502655755633 16.718063633115314
246.41313634107655 14.090554535258232
158.45254554397889 129.3148432082354
237.91071427691628 121.27213594352574
76.13424409536856 90.23339223776489
27.490730811116386 16.099315344362708
198.81324337969144 79.14075861100822
112.22502116763447 76.26495119848042
35.92311399114759 163.27279156831062
74.45529686237063 83.06367205064768
150.05658349701378 48.456171665327645
39.25734446372434 230.09727430023975
89.05455394459663 222.69110860441305
175.63588277225637 198.9728185160193
61.5217515192378 240.93290740468814
79.90259513410264 123.10275282900157
164.37056756467823 203.9147103205921
113.91984572472461 66.01968782828251
44.480695788038624 58.54504822085213
149.43511837546208 132.99466848222553
192.786323787881 238.69882352206804
220.29898693257766 118.50699477780837
185.02029801834155 63.17118198852278
224.28889109216462 152.4119997184431
205.21546312298887 83.14048211292189
97.55406460535099 239.68851906247
202.50758378250472 14.117866499486265
113.49727618571123 147.75374769036682
156.71347776731776 187.903020191364
89.37816892036446 165.56218832935704
241.12705691405301 58.77130614460949
10.763669412186067 82.65484861461472
249.79481383377572 43.34599001613565
167.01331516161073 5.534876350492435
109.36984586283049 186.44388333197574
245.16332614857544 34.5328735939906
105.01180540307337 49.839203331312646
92.88943046714328 167.9117996651375
125.80599256515978 243.1118463450754
215.51216609117284 117.63225504265934
133.58634149457615 212.32578896176494
19.947023907767313 71.90037446913638
189.7208196531767 33.16519163709772
165.19892236988548 178.0084781920807
147.96023201569216 85.271078780046
113.73573803680232 160.99920841895445
244.39891630822478 12.645713530285152
55.64086086526257 132.4795066886723
193.85490928495673 76.06486384786254
75.45248534759335 56.45089799441852
117.79157394894935 6.822880006084054
209.34533382210108 0.8186481703478798
240.15187329490692 195.38004951614053
148.0924680859055 9.153082475769681
68.18815054614349 249.27605834305194
241.10250955979353 177.34219882866398
22.798358095970748 226.20959135240835
36.53463329588799 126.13653983526443
215.26418222654183 140.9337590677815
229.09920310565522 48.22272918124895
77.76332759860327 12.438363711194445
16.695532360526233 68.53825052373926
23.690174364843553 211.6057841638804
151.2413352248449 135.51729954734887
60.610381615482794 51.670837316542986
190.5167193628526 145.87391126348058
116.45499478405155 35.40581211562058
226.74656685855157 181.42345130407486
42.97748310498442 100.88626971262087
136.49524123310968 154.73486696825807
10.680845288046136 16.94207029539474
187.53205491623973 205.35947826509187
175.86632671896965 149.5400444114523
221.61599877864393 126.14208882429418
197.93420618788053 108.98067182415147
43.914652944419984 79.16580624939785
85.34208121663117 133.32129835719522
13.230353373637344 140.8855538817902
201.38764987363453 10.982495144900517
67.58298941126061 248.3456897678007
147.8107706597122 199.72716383504698
170.90851449254822 100.75769877712631
92.76314291133284 65.06854609669426
85.07434480632881 18.18073720840485
167.2436200220119 19.634039288063036
134.4109442030103 123.19112657685858
106.97068339153684 189.47809580471687
232.6246286029425 192.95738766779127
236.4665192125728 168.97403623115096
196.7453408579879 102.67608567561088
57.4417343758428 118.83966281220118
183.89773808621936 53.237882298736274
236.4694313415225 113.44809272144096
171.11582334411415 180.4039339291361
217.07311948283217 140.31562809942497
220.6286358614972 145.51531788185582
96.8326858812344 113.91542473184693
223.39072987080849 116.77034333137019
80.0388494025622 51.018715045719034
71.5236405563994 11.598362423558745
55.591086793789934 101.95244432004716
139.1618298706609 239.90598641190712
62.11863569602919 37.2617883007966
216.34389777071195 193.01345027042169
116.13101710381413 162.74045976849726
248.29104281523212 17.068505988085096
25.539429969636068 232.15857018209337
20.527435657509475 33.04764127930712
77.94645570476338 135.63384232790585
88.85759444839844 76.62411426630467
232.96662063057224 176.7232384499836
95.63520820517415 222.9045570590514
75.70647171161448 19.22236087144913
184.20206947171857 246.09071633950262
38.668456416890926 68.47661301147143
180.76457380433783 111.83756964272449
3.6555431180394784 32.16896484074513
205.71109388083136 200.86562322863546
73.2600058864494 128.8220292952862
82.64733769372165 98.09676926001751
116.93255418010645 236.05177464204306
190.75648241256945 49.55279232421109
166.12350696348767 140.54057453756187
22.0739492200894 144.7357156651472
222.30553804952535 3.77793284722952
124.55527756173466 27.192512136672924
191.88563838298995 192.54233236625308
136.347822278816 76.05479448550432
211.5258141089008 1.8585578671703185
154.81280078656332 18.339944885948672
201.5467634498884 162.5382191437513
63.136920907212236 56.9108383400202
220.07832976880388 11.009724041711216
115.96903020941188 138.12404943114305
96.53961112497811 51.25085687494746
198.85600730696993 84.3677062000014
190.58899350248933 136.91464898399764
42.086411115141026 199.51987620519137
209.96857725220036 43.102846410993436
4.583051383628023 142.07734884701716
93.96479346200576 246.86959490608552
46.63216573440393 11.008184659471814
248.46904808702783 97.68598260419573
93.34783596187054 152.92959021322724
152.34297890141647 176.7094121274089
20.3144154254096 248.1708537018978
47.63927474476906 204.1941028379984
137.06583284387 168.1072779583582
186.240855775579 122.77549148133312
16.539482646760362 206.8732458278373
21.406453602843907 150.2156749704347
127.75060271932503 227.57060281286073
64.81801755641895 65.55094623567967
0.6289927127803574 51.06047334534358
175.94919565633063 56.98930930937365
166.5369520247706 40.917969327844695
231.07137107906001 146.38494090351477
237.4723664734371 214.2894507973237
42.03763067498656 227.47126908576428
23.49779438741384 7.2166647865409
126.64472399581317 180.05498005409768
188.81604191437813 133.88613421237844
183.65643279873606 109.28247585024259
126.79876779143268 156.78946390350953
4.227076896614862 14.224234823459774
224.84738133313442 19.521985586559765
24.417394189856832 17.517752287019377
71.87945532422458 159.74179484132594
167.13027398482973 190.89209749067123
153.15205029937331 128.37075686872407
1.7110537295469963 145.34935215752515
49.85183467576573 196.32815993288887
24.95801855133703 164.68479843685057
137.91302277497036 9.610111129486398
235.5759321381373 238.35962316488826
219.68048339456365 64.13534437553564
130.5023313262988 156.54097885354872
45.275369445669625 219.1068584558071
238.14082272419338 104.63002858688728
80.90121326906527 52.88894230797844
184.09461802545346 199.62995701502732
16.163553387459924 114.81180630926963
43.364282438908916 74.92285772552887
55.260564897602144 68.58788865198822
225.07537702124577 133.95029271462226
131.0506140750758 136.45963249992306
175.56048673308416 43.91032721682892
120.92021922867374 188.5121715729803
240.87344626898036 156.372308014287
34.62777991780675 23.362562364704715
229.8592447682153 171.27529960440867
221.02095228673465 132.80937809301022
123.9489878313523 161.02919869718417
9.773866820306065 132.37515796909213
119.20536432498216 177.67157243887945
75.10765480432765 3.5244297692805238
119.28109721246597 8.468745396587291
113.97852093019512 53.48102493543105
68.38260461383716 200.39935257912742
134.09535130144087 216.6066674652023
203.64769789861256 151.72223532222029
45.7458956806811 185.2340362788087
161.7209478451714 21.22187274720716
209.31858063864337 179.6623839685323
67.9378672553089 106.78779020560314
190.8692957510173 98.49107032458285
28.67698666508528 203.43450907256354
71.67769420731999 71.38078530577232
77.67125389881846 155.5390714383357
42.97015209878205 152.18518736376146
103.72901876016877 105.86716461746362
100.93922702286373 69.06825615676573
88.99623181015326 139.9765188751824
102.57665677453656 216.13720880087732
5.423014371267188 91.11536413480015
49.862225986640475 112.88677109989275
159.02415525456462 78.4936476754165
230.16283633137175 37.73008821250542
181.02199356499074 113.0065211389845
148.5170574746817 47.28846676145823
3.8351412870647748 38.47273591214007
85.00001448020473 249.71721119213677
208.44924026371785 123.99194469472307
173.22527524572405 172.6409063502682
37.67474518711547 231.0306857764364
3.7176973353892917 37.749188679823995
174.23748567852766 30.079533597264646
192.92199798398275 152.0415282112196
234.3533740435901 191.38388261823127
230.22171609895057 70.76781501893822
192.6702757160284 16.98198756681013
37.38080419525716 11.718134830328214
58.82407412798996 36.7243606601986
14.068693061208032 107.82612637550693
176.93736549801184 122.57145031194867
91.53643797446995 192.61565188678006
88.42742105078982 86.56479216176086
174.0643196156495 51.61895472110878
29.908827173902974 128.41115078428098
182.62042667828047 123.86771192116011
108.75301969965437 96.12073518683763
48.69830110922738 118.905233062402
89.456490245089 96.88239293556566
133.12354933423885 221.77491767411118
122.21882565877803 233.74560842653682
157.46612642498573 218.29648501965093
221.8196188600451 151.8327854253287
13.610700433976607 128.36509733784473
31.415426802946428 202.40398379431036
32.91808842649183 113.04047966739192
143.75218978838257 184.60002421704897
128.3030977740656 210.23057534837517
63.95730955652817 154.8599312744181
62.51255730508743 16.03264319060968
74.30656247499498 67.0484828020049
85.57714306495518 231.02884924564452
19.124618678812904 130.30763373451785
43.423088223272124 1.263601277268711
189.692565207871 48.748626732920464
184.14851817599816 71.26023397244083
68.54798196185236 61.4187069873621
26.040979287319132 246.40675202361845
165.58348563276132 234.23268652549348
65.35773551208467 146.3585972782806
246.60739208802212 133.50534271377754
90.9627355543729 134.11191915916464
118.09278863220254 62.0156761530003
205.33020322711096 180.74638674777466
25.626042922829274 13.168605439615288
65.01830632687786 65.67090478308815
145.98820155534216 19.466650328094442
239.005504104545 129.46324439140875
6.220640378892445 116.97549483253464
58.01616806056112 15.764850444190904
144.5834015723686 23.686489817392992
154.18880885603923 170.49648331372944
150.56205849203846 169.0930731312639
129.5075744560603 184.90383103922738
20.707827165023534 57.02578714343595
43.72547107166075 146.16794624773593
189.40929410696214 228.55257798508705
244.7930975320201 165.50454704771363
100.33164695537425 85.62281721562229
211.96059487662302 206.4368692781494
122.75073566685668 32.26125113424988
221.97491015254602 240.15559137258498
169.63619000051776 48.06256419989332
10.530256523229614 8.420895407127594
44.760685000298615 71.46377708802004
86.36358479410453 152.7190902475823
39.1129729022065 52.200174918063915
245.22152936048928 12.88913545107276
80.86411698002117 215.45902740938365
144.9624348592292 70.21419566763512
46.57614890809886 226.8679369885195
100.35055892154482 25.92802243474407
207.10681309307608 231.90875402973955
171.60971094133671 143.4625116224258
146.62136332915483 193.76877290447163
183.45238196275653 104.31776742463275
40.56367504051941 165.44572818058907
75.8004261278189 46.95676390913309
7.981103699874509 72.43650007166119
1.2529540769092296 97.72975931329967
123.53835580425864 207.8218505653138
31.125762916386773 190.5289306943146
42.932475135698645 62.36858256948466
104.7143583741177 143.89805798481166
203.18241679226136 126.33457760216011
152.58790329172203 166.38567031290836
247.24973233078097 15.770202344384476
222.78595298560586 127.84619431830404
135.38211222775377 125.33001013458819
237.73595452563094 54.0504916160372
37.66566421361378 25.084112546020084
199.92071415333422 75.12244298287895
221.47752189262653 202.03206993721474
80.87889042789378 29.92344748145792
225.03980329059846 200.44962274042172
136.63997865667858 43.865994361058426
106.98582637480428 89.35519430896561
160.82103009928943 65.72948593430067
124.83992104962601 217.44417087805365
42.55841149731229 42.60735254416098
185.11340597557867 90.32540487773366
217.54139330524728 44.51779684098137
169.6471672927943 156.67794660816787
41.422042717104226 104.19177563121468
48.4539243835728 103.0921097321397
119.30275152635784 111.56515325639957
145.93803186471567 230.34304020080782
39.44178012569333 187.26397446475738
25.80763275324699 19.511345463837454
156.71974541146048 167.22293797005386
93.95566538285358 151.2846446004674
244.2654730028302 12.954478957342669
33.10566691526803 199.08468953907325
12.690119597397048 249.01664940012876
187.16920966925085 237.8604284736041
226.58200188354863 6.0955229583258
238.88100442438304 184.27303028542468
104.17068081197436 166.009625691738
9.837617165939255 214.186687807506
17.76757041777807 124.44749544919001
136.94068062284032 203.90046019377652
10.029514674977674 143.09222887638882
188.42757806645457 127.32349703024789
57.0110898865582 190.7964942263382
22.877326920821535 192.73473252501617
204.1428990838768 185.2294387098966
37.71959355065299 33.632511005806556
109.53434190078335 49.06006428355336
158.79386852890255 193.6939729298503
82.79145009081141 19.258099811799212
5.8562778278421215 31.89430327232409
68.61789574445696 133.79591378494808
137.0984012856789 180.77648158279206
178.8461716246772 96.93409118745333
90.96902119101944 44.87666528284171
93.01445928276999 96.8429989080438
246.22694835476497 153.5495835784581
4.217212196522574 40.1342639011662
79.7583669510053 248.50069493557174
113.53289300648173 18.448308189359082
221.84662596751468 220.24269936780325
196.8628447554599 94.1799652516308
39.53655509304432 172.06580902868592
59.00895894196642 102.52745244216635
6.3586169504244445 91.80468194104213
67.62497257702627 58.19411026823943
106.46682884850772 92.84134968595906
181.48952456385553 28.517754738970947
115.33569723221781 81.5051823794668
101.61366058198085 2.242708380240793
190.68289359324888 230.81893087058324
95.43763384447357 35.68647147513257
84.11924435461796 19.676775106091366
72.68938862920946 154.35944200174967
139.28091829086802 15.186496710523578
210.03618779844018 192.1391891062973
46.02903149472076 19.694391319227012
1.6378001192698388 228.4179953727198
236.2923315458589 190.92109151435108
132.13023902089674 50.00390724641951
138.64776560821824 119.06483506299595
49.84334212520519 154.4096119140315
192.02629622028104 72.1973291113247
226.03212042068188 87.3871117785584
181.69992026177144 81.90786831545574
110.05215176502439 182.48114302565304
185.94597091985696 184.490956882769
195.11324328888432 162.6934900299197
8.98609077297985 168.06612769430814
16.038014806219746 146.6503040305614
90.96103117976747 149.36265401540217
186.0135103595614 189.4167233030502
30.49713437185739 90.89600801729631
96.99199345796886 231.71857355412027
95.4516178394638 246.93227223379216
224.1226444517554 105.05040427728376
29.424797203953133 23.989802144035956
67.66556199484744 63.20498975175667
143.24783190102963 73.15009835271272
28.960408894835172 180.0509209137575
11.762066099381407 6.2708092301452245
34.58501137288625 134.966664253018
22.10089279531205 90.85786297512708
120.0134445058976 227.38334368826148
95.4918028870283 81.27879891717721
189.69053306431914 143.99782691498223
153.3964208767513 102.00486949223153
87.42599982915758 31.405246306707742
29.643098742331343 119.6251627460265
158.18621351881697 95.60337991505263
230.20720790631063 119.72577852334801
106.36590775407274 47.08068171929361
221.882335350656 236.78500509744558
218.12812154952533 179.7538373922485
21.793478974930363 120.85621853839326
0.11848624707747057 42.657297054245895
125.7484863394203 155.40058785046614
111.61601085318088 204.849548576444
180.72361085444373 30.060385094250048
149.72222886449234 60.64475799189614
213.8367528077 160.62161792530839
160.6428414450629 81.4620144021316
212.28034589144468 68.54281547104286
107.90635833968842 16.784960075749783
63.99763414080489 124.66960136056373
98.99348233509536 246.30869846104306
114.84409730621859 146.70379084113884
208.48458667106493 146.96061677577214
122.29556776700431 67.24309139048962
164.1967403435648 151.95405115628463
240.82908321701814 165.34079085808176
27.564422387990895 23.28798555505446
226.6283896526033 121.38410475651062
110.9170591457748 214.71684086906262
154.23428286623727 183.98332482960262
23.29793649569853 204.4978025173788
8.647672766638332 19.754752302406615
36.459034751545886 116.86577821415167
60.483608509238394 5.687095584099383
77.90112263700516 80.34824005207808
235.97030333791463 121.60003366466316
96.46599490557372 24.67334314826622
209.83328841297964 10.100824429127602
87.55628993960826 238.79771012115282
211.30850965984592 104.08697613104037
99.87701400748725 198.23255432227842
227.56104818852285 72.65914640066285
172.63568520104576 244.2259458235047
164.0131536648648 211.0618888162474
39.28972236007386 134.17790528715562
142.37836613863794 23.711573171702305
36.031880650353735 225.25676942713906
119.93633217731026 71.49025619433014
249.08990901088637 227.60739493399097
132.47194980300293 160.43901040546243
88.55198506964379 152.51197084183033
150.9071164188656 131.41689395959162
113.00351329138574 169.11268004722103
182.0756897679784 89.2596471168862
44.570462741512884 165.1372689410445
90.61262985765728 56.03908620496828
197.86140589524427 209.4027570523926
143.09940073356753 143.7421123992728
144.75012725339587 165.24562579013502
217.46754405203117 118.70784950839474
172.36055924883613 92.81308971317104
66.01885593953521 53.56036655439353
90.84370242429316 160.62306372910479
222.4835735384711 135.31024865386073
182.23119179577083 202.90729432468007
188.6009431780109 117.91925477880966
155.29018174622868 49.56582111772831
73.34227069025238 51.58769771918978
133.96974742582168 69.14417511174689
102.8997866433867 21.87939236504291
52.355994328164485 230.42315241327503
249.19260725359652 74.51922051558307
163.05787046883975 115.1477355208844
128.34618135581522 32.66841952999611
49.13378277871195 34.40984147532039
240.63232856597233 93.03701513325824
215.54201467793834 166.20965906856972
178.78646866700313 17.290884707745757
28.67588829689752 225.6073804865882
231.70474547564064 226.53643419671138
154.67154921516254 192.44930731755332
241.57315004947313 116.06146346134521
219.01401616592452 148.29008801300503
111.1711629944746 129.35478441325768
11.34334713254312 75.76619570178289
132.5343396805504 63.85329638503698
109.84927479337675 43.082350729902714
215.50924036668638 27.88230539962741
73.10184886471392 41.12131449952863
145.4165121584351 175.66574172284277
21.943050356531714 155.0320777219926
200.56667983042334 0.030965830855406162
232.9914426248369 171.96065630161627
52.45790785286034 75.77319502637356
137.58419682304162 138.952214322609
28.011364564586582 26.255511639252106
103.64663347672484 180.74743973491644
171.7109675420029 206.28455429815807
13.082534750577052 60.46076058311195
36.99950830258839 243.9136375929025
218.4223632240927 87.1126265923765
191.2565031319682 230.81403629261615
10.304431235805712 19.72165248541061
23.322814238490587 93.24608099309309
223.2677551519924 174.24405033782602
123.66980878412262 154.62717460014093
53.058130943464036 37.66827261389971
178.25910655457022 177.4943209409632
245.96204537574684 8.425419115549476
128.51383749545698 134.867617064417
224.70487658777958 171.0020685932074
5.014407001375259 30.716416234269516
221.10318043251326 238.67849124955865
78.75163483913552 82.12120910669965
130.63869943653614 138.77814608948395
201.9772642389459 167.6895958857417
5.647488266470574 105.3333513391781
168.57751136943665 102.2714747220291
247.7395576454318 53.78283243241938
122.73229993741175 99.58329445040853
79.58224009729214 228.69793651788646
45.58691708806725 207.06352242256995
209.59468255397087 99.64370395790284
211.29596817200397 114.22413124203887
20.627837072651893 136.7385225971606
14.917418963277502 30.134709433525252
103.3563320625224 138.9727551294839
128.88163180948297 142.3012045756912
45.41981645886622 150.71129156968414
221.67651069416556 240.81187465939752
71.48577454870983 239.20863673890062
97.99745361107584 32.765837114105885
194.99943619295064 183.3098438143382
52.13653444469282 44.92100335634702
221.23352763912035 55.548516294447346
219.39196790440096 8.134537305814483
122.39858378684445 98.11178276938202
32.64167757661984 243.47515730773387
171.13602721220647 10.199812850695016
32.03066614715849 175.99359078284863
183.76850657073064 10.161871810316248
167.6975454504175 60.19243311742278
89.9233842684774 24.736432014183656
168.87649890098706 188.6252525194991
5.483121667187508 17.956512693268227
42.27897078307394 140.1666673439185
38.08588163258392 52.98979125500492
148.54749804869095 140.99648862308757
211.22549485679542 7.536538980724927
123.34226566516513 97.33233198109583
19.963720937671457 59.694816937761296
92.87977867389647 137.48750690309717
116.21216555010133 175.37580722686863
69.59781649442428 212.05764403381076
63.068896250629834 113.2379835016426
44.2412191801051 57.64075533097607
197.14601544698368 189.4086445583181
76.25732088577577 75.66956319104426
133.87966821176698 136.4157249057206
198.19721356171888 27.76836344630032
200.5013547261762 1.2664174380598303
234.89765505404264 19.05624655539376
208.85870799722383 223.89936448125786
152.8539804228826 100.51120319544349
115.09176351781345 85.48977610252695
130.61172700738845 171.35562159688286
74.96135450513499 11.755309622019816
186.14114812802052 119.48153612962622
51.90064121820595 72.94687774575314
134.55251786243338 57.043899775113815
209.2534300965458 191.4948227351421
58.7182089333427 186.3600096452583
51.466681303355024 240.87248819545587
85.79673179654301 218.38962159626598
195.96225129981235 162.9723870141487
122.99149358180034 123.18744649549201
124.25445508926178 210.40875656368664
155.52664897163382 56.32418317612789
185.61068560281828 64.26581219377408
42.5061499709119 99.52096454586032
71.78751057006654 75.37463157233495
168.0376313458017 92.77085055875281
235.86713469742014 27.270412624337464
211.16319424832142 217.29121212641286
33.75063372345621 102.90086094093506
18.2481422792696 27.9258243668587
89.92911678467988 15.644919071065495
169.44684863185222 16.260862907411163
21.410086487928524 92.59745471232408
26.253882087256734 29.06816894997738
20.460589837132364 159.2354897697467
153.36656405890164 47.64931795925747
235.93927074304324 215.06183369160365
30.296215932605037 56.191249802179485
176.54595943801627 84.16173271819655
135.55671190106528 243.42806677817666
206.62737458994874 37.620376057201504
166.45311153968657 115.242954448489
95.33866615399086 164.12117661787815
228.601289225399 140.2987097940838
233.6071248322693 21.75996855394685
29.688110433795295 159.92783477773318
125.80867117186853 137.09126899309553
69.05727854768665 34.37975181319272
57.911273838143565 105.3886165827627
18.32740302394814 171.38087064674482
75.5531287033236 211.0554226419461
219.66309862466048 140.28208176135556
131.12861338324282 188.49951380912833
221.3657501842176 203.45497380893593
5.436575135343569 223.78563568547017
91.4474631285481 245.89823452499874
45.4020381016525 191.56906803403226
51.1242713907133 31.164182877734063
96.64929129748653 245.6615897945067
117.50173957367285 247.0899176112524
199.96631764184332 209.86318567896146
201.22653962601953 235.8650306113184
65.93152135617176 66.33759516970316
91.29657485664849 11.714416578075426
176.47259942228024 131.8237349100367
84.69206372077635 42.941061259032324
37.95159400672876 21.059177450326622
144.5503745110263 0.8744717560457971
85.15837544693258 210.81233899012028
207.77473828678467 109.30610078395262
75.70663620232695 117.46158770357553
76.49265950026721 212.06132614108415
94.66238499785368 136.67086117342765
16.403056104504543 223.951400588471
100.6721983847503 94.74158634022339
199.01230290342264 82.8593723156038
227.03696900727732 125.65057782776229
78.3250818124441 41.77527476409393
7.696604139337538 111.18321361005337
32.278688543385584 101.24313737056137
90.14897283406961 235.37858093816905
13.513364954234303 50.961676440023474
54.09049381976444 1.6415748139051445
61.53374555261906 8.718730693634269
135.3662075451562 206.91256022330103
52.68945750759471 161.03591730612666
210.03581545784576 239.84816215173163
88.28001495635782 190.14587011128611
212.7593915840625 224.8157773102254
57.71749774176874 239.0834214380204
40.68667281972693 98.03851195850585
58.54931132839669 66.85558302135225
217.75840268363572 237.7194343134285
136.39792393266904 122.9951007379152
225.40209768537468 106.18214203545007
67.83756117718612 51.55642117889142
224.4010869341187 117.83180574736504
12.75309239024977 55.04454187385369
116.07004963581934 18.244700886593606
136.1962954359519 77.73112263933218
19.32054187069543 129.99471301834166
84.21764470985212 65.93136192124027
82.93147578166338 146.86791772853
169.75168741146638 126.84976111549123
160.43340273789133 48.88683338983968
16.697217774121114 210.3527703544133
120.54622644623392 165.3654882995413
96.88342949860049 211.4513982547743
58.51030189813647 145.83719796305337
213.48496467141385 73.9562069089103
183.95254426931484 212.9862289340921
33.26133885320251 193.31043594538656
158.85522955796785 175.7388303179106
53.64163766081684 154.15807122812737
170.91045137062352 99.56391316164908
77.0056889776052 184.43365547680565
115.67652962811947 8.442385311752648
179.02150734452866 57.9700953026277
177.26469860575148 45.72869198311602
120.14480030460575 139.8363156664518
43.653477973323916 241.04330809122413
6.1343201965182725 64.89617685983531
232.72782480356162 149.2820237681463
248.98953643539005 165.12814691300792
53.11988206432686 39.11687977106074
124.91860650715608 187.57148230485416
46.09704591748784 77.34529038844786
221.07226096606806 107.61282713285978
218.72697548215754 13.609641945080742
169.13760424095517 223.91406524662455
189.5941601898453 49.909535609986065
111.18461882173227 159.84991681443188
66.74560072933266 84.26543321027997
219.86619679420912 201.14168758048163
96.19634919955014 50.74902454956157
237.60582280971306 20.712371122514394
39.505490779910616 169.39324197769068
223.27595237319605 134.02010738980954
44.64274840333615 175.79136108426417
227.79725353342798 211.65934482987348
129.3228972495464 137.5698337902444
117.77191917469959 194.5505940937382
113.49200509320475 82.86508672938186
242.92725560974628 73.32207429507093
11.876099637401271 200.57153033443976
43.664703885541 210.68253480117875
115.36192037749082 38.99186124128651
69.04640953143328 97.45308291324467
50.186621369955915 213.92589257611036
159.57663981507974 33.99288388836891
116.68698925753861 103.76758889757673
84.66910770961672 118.64849362446515
65.93660137418874 179.0592507581625
194.07815490381216 149.01765765604114
39.17740092877789 37.179122376476194
143.3210446618017 62.587281549263516
3.3121700500015616 25.20178018668909
175.54035304227543 247.7413637627684
31.039373014261045 8.688945618154808
52.205109497625386 149.70020154807622
180.6618955143762 78.16868922550768
232.29040119794965 244.02152640688678
151.2055534920785 104.43232546547362
22.838269235573 172.19439211249517
26.815626646623013 125.94269321140625
152.62126895434466 20.923894106436414
192.7379729934241 30.70364384495161
106.9003084907752 57.52241460326951
127.8793371449978 229.77722951761714
14.623021397625418 124.0124059436705
118.7711178004572 245.45665042201747
188.2740402890792 97.65606885501742
117.53426237606998 32.25862022352391
54.06313787970493 191.87432625320253
183.73160427597645 85.04559812500631
162.39421224390838 214.36177764599864
221.8115281282208 24.991677478029438
109.15399797121356 200.08588744298376
1.47456411242472 203.1766896870276
45.77102576575531 42.267076458723075
125.8095692474036 147.76619888475642
182.536105055423 89.17308903531281
244.96543115673282 199.22457858877394
249.71401152103627 215.87629991752266
220.7792619373276 98.7686554287576
17.723629576700482 160.72177372243877
178.83479399858 189.88253330007853
59.9702634382456 181.1622487603581
67.36313009448935 97.15412295288995
197.4437615451998 125.88981707325169
243.1550134389111 3.6457766051752882
15.908586024580812 44.57795587340971
203.11049448506233 48.00905870780253
79.97604404168271 167.91272741390148
206.90703413281983 187.8728732507544
133.87741792289276 160.16841325044066
126.93769966647805 61.82954628473492
133.74172596687532 196.53895572253464
241.4915008781004 57.130598663028834
40.506791879104554 77.45622832419427
244.64139982222116 210.12833704414277
80.74097809339322 50.0611657157016
186.16866344171365 172.77667281734296
227.20644736665938 237.9446692830519
216.76838062571625 215.81731841680255
229.24336533319985 57.11740403730839
153.4227238038607 239.48387024365493
10.52563796034034 138.25502833067787
94.86881714769244 99.96742649839554
158.63216628664566 140.66502923863231
121.86773688134453 8.483119968396819
95.64043621100299 133.37277254246513
140.91491580963324 207.6138578930862
33.1245271105792 130.51387099910374
16.144125460518133 109.45011294129189
3.3889953374378887 158.60987283275082
108.25051831328447 81.86635720719526
186.59288813974487 112.16435950473
235.69119233330622 181.3149552109982
42.42424022638497 242.09103392634276
8.174953308040244 199.8246875066064
14.746178735707606 139.58977615989625
127.20063020875611 140.96572989304337
121.06599432384895 92.974896913927
239.17919212240827 24.87515220366454
192.13959637449514 1.2206278333289355
75.37180894296353 63.67652035042051
179.77058445135197 85.28763258954739
1.4940292591437698 67.75612271422175
200.35230572033535 121.7932425134893
143.35619189022788 192.2828877224327
193.08898155671267 38.37895231435917
198.16845760182636 139.0636217959592
28.054661469013947 163.32785562003423
118.17574123074779 75.52911471384289
171.5602583746522 14.174227925024125
68.39237457638805 81.28123522024549
58.405569206643136 101.09863807878081
24.123317096335416 69.82911714945375
184.942422000256 165.69191637575108
134.17776181941568 70.35005614081011
10.181477690177744 65.65029890994673
12.226266996362977 182.4931165093113
220.9711945097621 221.3147741028373
174.6147672442823 139.68326749719276
72.97996329843798 203.29789905909925
111.0046476547884 242.24350422798605
100.11030911076327 34.05075870426996
95.07153225223247 245.6739063629545
219.01022551024326 236.58471531935933
73.6060590389583 174.76459662788966
218.27471426853845 218.83408883353343
28.449135629993545 96.69366691348294
83.11441752406762 72.5402943450425
246.8588454169555 76.44064712101407
184.64976586167757 231.48519104887268
1.4822380552733105 30.896105453812662
240.7789584575402 57.72810480153784
100.81140108396472 52.35632726314277
39.53844786461977 194.91691955224965
175.34638172513607 100.4602176721763
18.567472959569674 33.86047911028434
85.70155693163575 234.75304494781943
16.031065637816784 140.12093479315996
48.18891309983986 162.1881144524435
44.09707037317162 162.77506252022107
78.71141838782378 71.36652498724402
9.123410216398952 206.36214354539354
183.69287889506268 4.446446404647614
248.96136104823296 134.8185979312538
101.90981176299654 112.6516926560055
107.14952000070716 188.26028557005807
112.76692109161057 161.18881020741753
143.05479977838434 15.240319821104853
148.86425515890005 2.308891067147906
243.1941800375584 23.612501495398064
112.14733863781102 33.85911835992128
137.743332932052 147.46972742126798
122.42663996220904 99.7196945896667
71.15168878462755 186.20167819804635
41.74281235883012 133.24287079372618
74.30846661963461 24.43601934363318
1.678518819641206 225.2944010008327
233.11609524610452 104.56437992682751
129.06120918896812 164.79209320265474
130.37694437652013 87.49287044704737
127.44744721587506 214.95167066523342
165.13115221174334 143.65457407130717
183.21592165591804 146.3857958451743
68.70700673815725 188.1678123687842
118.43026287115083 87.4687975268689
120.27475508995794 4.470002245002963
100.35825386225852 190.52757496096868
225.2406400400861 80.39969215864254
36.19441898155434 196.62693928488258
178.20975437311125 203.07314389014846
239.7494818992201 189.37960162579
71.53426618523798 247.87719288030442
95.38178780324472 64.44974415170837
193.52524628113937 130.05339525950208
31.206910272846972 135.04940907076292
138.17998364857783 60.924097141167
48.58233654607294 182.73255964708733
92.34039852002945 217.8675906430663
124.3669389088089 50.792894409158265
28.132977822246303 124.56684547701028
12.195833505339898 99.41878030476367
225.12808890009345 109.96774874642132
23.426805102924746 166.08582717176367
22.04526779222335 199.84867313443635
132.77590994021241 234.37656626906005
16.75465563608941 74.4606779887709
135.01504380525355 139.37327163255455
220.40422367333136 108.92836010612264
60.42707243004333 106.60664312437027
33.53392531117677 176.6636529181019
111.58205784187491 158.138737898932
38.85372694161535 45.40356475628784
8.763051499709102 167.75022807606436
123.19203403196937 83.58561795244721
28.641879101694578 126.90537458977354
207.24071611050556 78.34755055149334
50.03571171416454 22.906059196949574
59.97873685599128 48.764342855600106
108.18311959386531 166.60116757647407
233.43245792088254 84.60834160552474
220.2151405067666 79.39781992689299
128.82525657534683 61.22609528677197
79.01025507072102 39.605776658627775
195.6377594053012 137.5646736844877
101.46273759358857 53.36129308139609
197.21296447210122 6.0769102638530414
109.31913849896132 161.23718532044225
42.923198746448236 172.5444775918424
125.49971657430181 103.08479969913142
121.30297683390823 36.89120541730731
107.72947990989384 2.1143634264131625
72.00281659915417 96.52367399498662
140.90898662372825 201.37037477110405
8.396432944388465 37.04050190734043
196.81586396633142 152.85474314184768
204.14969686829266 225.14943820089178
225.02010931970295 142.03943092990514
186.00965737193565 177.7169010783597
183.6847961675304 150.9714470794178
152.4438058868061 190.51606119401302
246.48889830339442 156.64557836546146
101.34002321310803 208.30562812642424
63.966166546168076 131.63522246277873
126.28297489969565 35.18673410215054
188.37553181333539 190.01291213584278
138.865230820802 33.67296843103881
28.732569107121297 1.6914647173703612
126.57565677815516 55.352048450329484
132.86410683325926 217.5876486260117
34.279694218684206 201.89408006136665
245.92102303097272 147.77494301243382
9.43624920503136 161.5354063179442
204.3806177402659 244.29763823681458
79.01568030250425 236.4923775439626
93.79868123104495 237.02726632529428
214.8316940645262 20.272358731246914
192.93923672353986 11.944989384013727
223.32037066100995 9.02191324636542
43.88572889246628 183.88424211822002
157.27557615230734 38.545651262538726
230.12267592505378 238.0682881686926
109.08217626658303 226.55465129377995
246.12819596931993 30.37020540227714
194.03291081532646 180.65385928228267
212.78152413720244 35.56928992580316
17.25001538776827 95.8260314959108
188.87151832855335 162.538673895212
172.36300503465915 238.89848094171987
115.727158664516 102.62977577028296
178.97558863868477 131.3410444631673
23.95002816122757 130.65182796402266
153.49790462652464 115.99172683335146
234.26489333247406 167.18339661803
106.51994808383158 36.922938275183476
219.7224657668611 116.14493675303602
115.14294584980308 216.607590249699
169.4318602893825 46.712754113249765
124.20611833240514 11.572451206627838
225.15350669712558 136.81478437385874
168.9717603312513 55.98736089959597

93.76479819080977 153.31181439154435
201.49104034490728 130.19686943624876
189.20036321923337 242.48087273578966
86.3840467630743 71.49974059084738
213.4834356343926 204.49181880218995
187.3566025259971 94.68386993102135
207.67582852603084 41.759477444188924
88.24759333377582 79.43094507144497
243.91506945468157 198.0350084331803
71.93679383024937 126.67879801824947
210.70116206344917 197.03745114696562
4.325341851290632 118.88417715795227
62.077604834298945 21.541069506474606
27.00886424292248 72.93579560335472
241.40562619980128 236.74326544173945
45.03370968587397 110.79247984607909
200.2023494879903 34.356072438402386
189.21293916140726 29.320967949242522
149.0764816625196 6.9414228592604434
215.55145113405518 189.69184400789254
59.79560332468664 160.10931213639418
71.06224317433829 139.20323292613995
133.6791811685983 171.8029766214474
21.126281960817728 98.80434703731144
8.336215182019158 212.61177850158077
166.27804477539257 193.45925892204897
46.15853089214298 166.32111830422514
242.85920398980312 140.873411815852
47.44821084002054 186.647984056022
143.9856414684373 59.071194546613995
53.2392584138954 219.433877687691
91.81029088273263 111.83894025764712
224.06033756843757 191.5668875008728
231.79935929151793 13.471186552132336
199.70403160223873 97.93785232052247
189.5764501409967 231.90186423102708
193.5842816950431 181.04587975895538
98.35730700409631 133.1763337441852
97.83367259196784 103.38389063811992
30.853577817600954 171.50745702213044
147.0321257534231 22.101959035047468
46.454512538148556 111.85897889622787
184.00444199051418 226.87584434039456
142.16396396807113 83.83546719834465
237.01725066542778 155.4702832731517
151.32443442537328 47.91682483663523
94.49828223815237 138.0103463276364
98.1969791150922 14.543638568119826
93.796092486117 13.535067276471525
91.86514883510397 191.54191982741568
182.3436229307269 21.813415291138284
23.497289697510386 178.84253151970307
48.19979838546329 44.431720961424254
243.5937803857926 85.72439190092135
27.163977085670226 59.395946089582154
27.06075155017232 245.05999012952682
201.23712088804402 124.88889240308865
226.46708380865283 248.59679189881723
238.8252560790365 90.42686906565415
205.32949507231763 87.91365981276803
202.8206357336283 184.74806870288978
21.157644326790347 39.908217488818785
94.80473883213567 169.04176624800328
165.1111957029276 217.64614173874142
164.07379039551833 105.4428630803623
173.29930868633872 235.29219741093465
182.19658865915895 209.57342470121932
28.02479919698053 34.18944388729245
193.2523723698642 174.430637329674
27.742006703892237 55.120023588099585
8.511043406531972 113.89223563328014
243.13219795078243 4.492759581150752
197.97965757638715 46.41230097229404
96.822338169028 13.418029072003707
243.4125870214949 7.486698307226786
151.08353823924423 126.75078624432673
236.0332754433438 129.43264838436863
82.6882917941317 87.87530858252768
23.74007490513619 8.710753369753633
204.491874805862 73.94063096722434
109.9161589512081 69.0414387066921
38.98979909187733 157.71228501870442
79.24982685003005 78.00016777869992
142.90987506063644 44.05417842723461
43.849099279828664 230.27718078183713
82.97101189905456 220.10754049290856
174.1722436156761 193.16614373106412
53.895423072354845 238.20028949333062
85.29497473739266 126.5175279801169
170.3410368730626 207.95649705014526
109.2988195274005 64.75843750234509
41.239235550540016 58.28522540959808
145.67637932663996 133.99394084070823
187.41386156542188 241.1534149170871
221.6645800847928 122.6122236462096
183.8213331658206 71.54016907170215
227.09248678691398 155.08571114789552
211.33714733092083 86.41369680949559
92.26712075745554 237.0512984617204
196.4745909194397 11.128258796582774
120.75740414960276 152.03710389350888
153.3505950510774 189.216550296654
84.89208884387872 172.31433489489964
243.90299518484602 62.66345706529011
11.62696842092989 83.2407948632014
246.36237696957326 36.59073721539782
159.3819279757162 2.508996238376804
115.4577707390528 180.83733495376538
245.59870535976233 39.515312535456424
104.61586813826851 56.00578269712059
89.88519608849563 173.04706357895788
127.17101966356051 248.8107107979967
219.74445490533887 120.84887038110514
127.48763977186212 215.91498855408747
18.03966834796497 73.0626894501843
190.49005715950935 37.8223023445583
172.50449478891701 176.0797660468641
142.67783244910981 80.7863924811365
120.74933575912722 157.26283073180554
239.77208987953486 9.248246518128973
62.151243818345776 128.6575576816933
195.20434451583944 83.39260351163522
78.67669033736097 50.61675067202992
112.42583554352989 8.338631029135485
207.06537408972886 7.928702642247737
236.00523021679493 192.61712103053418
145.8368215405432 12.68459051482576
69.06315078108005 246.03821108882272
248.2251188481479 177.5281868669926
26.379194445702968 224.14256499298503
37.47713295315391 126.8826361618374
209.91865641072317 146.09925320587715
224.02045869269833 54.34611252337737
83.31686335006356 15.14155028531089
13.660115974431509 64.22325444236156
21.03112606842947 206.5383747560562
147.36178128293653 130.2038370488194
52.92333600250135 48.24895543167179
187.820818463597 151.21842636667833
122.43998200765505 41.12618669347323
227.96788915714956 182.03137301088404
42.636241130523196 108.06900562634888
139.56461883197127 157.43200701827786
8.855507817606384 9.76795015290266
188.43252671774246 199.50646585294865
176.0694397776582 156.7364894314703
221.90175827811643 126.760438212763
204.63187881759367 108.79781034654779
41.45385265969781 84.82367574204407
87.45665459138286 131.14632541210293
21.446687327584396 141.95667821165043
201.35347353314987 13.398757057537791
59.324508879743135 248.49976424723675
150.75407281899103 195.73828337169417
173.38935136105536 104.49937975725435
99.55124601178697 63.90112713317761
88.01297483866321 15.551783477381564
162.92065601097548 14.066789164786265
126.57829777502519 121.18119834848399
102.35882468490267 192.0895726021952
229.03308804568746 186.4532984297923
237.46067711120506 171.46122164798786
194.23946276462718 110.3853657451157
52.208048759527834 116.12893020300366
177.674362945201 48.03346322873023
242.6751884117101 116.99056413505546
174.53461400548983 178.2661949865917
221.04639427744178 138.86855739807007
213.63262977049177 149.60065968451494
93.10460035784709 110.4726122895249
220.21302108252232 112.70864331289384
74.40038522011491 44.80540938471808
73.92365489353894 5.565258582154398
53.59222060506255 103.2767900895131
132.08621779188366 238.87249305931792
60.999803773047425 31.858742713447157
211.4133912893619 187.21320215282725
115.96142356780794 171.21347160711173
247.1954831779834 18.390829958670558
26.861487908225733 226.64949681630435
20.719720980711674 39.839778714160865
80.81873317922883 130.5019984911869
95.18010851195405 75.22598314661238
238.06138368112912 174.54646662987903
101.5728424419495 218.9400574222918
75.97516144818167 11.103659193802768
179.35113791870765 241.50678988574163
46.86132041180563 68.25246935369356
186.07445526820646 106.38376799571867
11.024783499746393 28.023898859184825
212.13536372560236 201.88875478561388
78.38114657652027 134.10688072772447
84.86752298168149 103.46399785590948
113.92873638687925 243.6770623701068
198.69726375792925 50.64610425384897
170.61856622540762 141.69638107062195
14.990071407468747 141.13281976986653
228.35846626172582 4.3492922433227
126.67461393958865 26.914220603394323
193.56435072502424 196.19118081007645
131.9282848412914 72.30382497455511
208.23606802589592 2.625099639444545
159.44147473283024 13.938966081808863
199.15358350017792 162.30946163776423
69.19652209921756 53.419896288724594
213.07130430810224 14.044564633118345
113.87484445257911 144.90455079229918
94.69652583476845 46.459344406508954
193.92857864721708 90.03697819119397
191.10107339390618 128.9402331116937
39.75089737694956 198.53076767763653
204.8244919641377 38.54813334853427
4.431479374625652 143.02271043640087
96.13130395320401 243.05850594832987
54.32840736387459 13.031718990078268
247.54740311113082 96.00173697829312
88.21359829506683 159.04184385991533
146.57791976924682 177.18337747768823
28.599175190643226 247.8117202324872
49.336711136293815 203.73792743452276
135.12135352554031 161.70802365050557
186.4430327659929 126.632177189746
23.136895904749018 210.59108485791947
19.528090284125415 153.44404707232775
129.03970728780556 221.62832986816912
59.670806732669526 61.423068359557966
2.213427292811904 54.083563263043146
171.5738529540079 56.26274428465516
160.3145452415004 41.270180667446475
227.49908863880017 151.92736477893595
237.7556482147676 215.794009197773
41.29471712753577 227.19716480623924
23.49773022458057 6.176418276921142
124.87890850772254 186.27861241177084
188.33353176280056 137.61728474042704
185.95180739799525 109.65304419272442
133.1529573011604 154.93139640783411
4.623230124083583 12.108674909534296
223.20998299234014 13.436733325030037
26.172691436774585 21.122135270113667
68.84238538633295 161.22259602284427
167.60767472037452 184.24598238276212
155.60572904579837 134.13682225285407
6.060824956224842 145.20459632389367
51.7023384309726 202.5906606750171
17.19393811507544 166.92536606853147
135.05263026516087 16.062421667605577
233.26030773101692 236.82608677341298
212.5489340826876 66.33833032599205
127.76125131496988 161.9442399552893
40.60795865297243 221.25265117982224
231.56677919474575 103.65787466890983
84.63174758185357 55.09010655482863
188.74694216420696 192.86640321273845
16.578145565429693 120.80309833089423
39.24136216268259 71.38944012740056
62.814345649869594 65.02684068363881
220.2275958974078 130.28044156433282
128.64849201479535 135.50532934417205
169.9501663867318 45.299479914993974
125.94355269664851 185.5002836325313
234.43061432566387 154.6024672555586
37.83933157707006 18.62680221625021
225.6068336004274 175.26778332761143
223.93381899918583 127.1120018842671
124.45957361669721 154.55395549691866
2.698097799545857 133.25762162902652
120.49592837661227 178.8913457596952
71.07796988516226 4.046501215463322
116.99079932999784 16.06488308318349
111.49437701713339 47.6207440071664
64.61855229573032 192.90584793311393
129.02603907203058 211.12846552262917
204.36230395211282 148.04809211012525
52.226496271699176 190.31201988191532
163.0977137532938 26.948331862910013
213.1782374923169 186.2371206099686
71.38048159391022 113.21241401146071
188.16091943109964 95.63819701849121
23.687399323554985 209.45517872886134
65.42432389890651 71.47095658537408
84.73911571263204 156.94892186005808
48.47282209588946 155.9992259486872
96.36066160173617 110.04076791405917
101.81366159611052 64.8917034880349
95.70552740702989 143.92518922994807
95.46995348959541 218.4582786377136
8.223622450941686 96.98727889445655
54.19338770776561 113.06198852487468
155.10527205491968 77.63022245245577
226.29744445554215 43.301790351619964
181.16022341987 106.81411322731607
147.71863718631133 41.21808198759211
8.845618330399763 39.00513463565153
90.33639197622873 245.1718095922746
209.1520253552119 128.38233856364639
174.84792385604845 164.6222822433549
39.76319844509743 232.23845275642174
6.255987754170661 45.62021787523976
177.28334135850483 33.42662951668807
199.34055108171881 148.56096818132335
233.86321974089668 188.86324157549635
231.0214265036094 66.87694471875089
198.87093164974513 21.766503509435182
40.53268422500564 13.438363454702895
59.34926465253481 41.13412600698943
19.243053259681037 108.20888217211008
171.4294475325051 116.75981737198107
84.63147584052238 194.10643569934624
84.99509620947804 82.683837062099
174.61687667503753 59.59107980066797
30.504178148167416 121.54789408410025
182.51143539584797 129.30644175797977
111.02870954147329 95.14099089885825
51.3100259508647 125.29664190542283
89.23838699873384 94.32839650636934
131.31556188768363 227.46043410926492
126.9630427408627 232.92396946614912
152.59410364357322 218.052724736679
223.93379975408254 144.36145580013473
12.467780804901352 130.67710096044013
34.04951476635412 209.18279364606124
35.59061886934542 110.29301642341413
145.07364304127472 177.17657134910456
132.85313401890858 206.87211427150274
57.35154678288035 153.61233340873628
58.98397754127627 23.49497501813655
78.55335235265403 69.36838388955272
87.025720956494 225.16296296207088
20.866480411114942 135.48238275451197
47.32744526543614 4.741741146870732
188.2000901975991 47.46476907654099
184.08381551277313 67.74890520034334
65.55513682380185 60.4443850117167
32.98442903605336 246.36767736073085
165.3861248055372 229.61122501823226
58.47063983867481 149.63753637859634
241.6949809441733 132.09131182954064
96.33305319238488 132.57614749741325
118.47995321827146 60.97411946309972
206.5917762814208 183.5484447658195
33.60766239273552 14.421077151526463
68.01330279342152 58.79141640494978
151.94674759796433 19.081458132567647
241.20463708496476 125.55312846235175
1.749313817364595 114.75485658263813
57.205272002320314 11.037637559775021
137.4190172606801 26.533586398114345
161.37878563842793 170.59019886060153
150.76030381223234 177.22598978080813
132.88866333904647 186.92424137983463
22.394969679482568 54.39686899331831
43.660642332438826 150.51244147471525
188.22255859190483 232.62821398019545
240.27227582586843 167.70351043427246
104.35184018128885 85.87388206431937
208.66799215106133 205.52231867663474
130.4621382787105 31.61224119432851
220.43043148916192 243.94762189397275
161.7729407072495 49.24274460657746
11.06301596340209 0.2032945947706699
45.992757665664655 79.74537994811665
84.38040180944532 146.4408051378699
40.78466500638572 57.35680556882974
245.3980908801812 14.741599063015364
85.99230688743201 217.54038690887504
146.05659515008782 78.16495592249863
50.9179063900472 224.19529972257274
103.84343709589037 25.58355242154392
206.4221824486624 229.33179925805183
166.06339258036076 147.41611208987626
151.6000797841994 197.29918636473204
180.4691870376128 106.69933216818264
38.87122472791704 173.1209629963583
73.78007210269091 47.94940984804013
5.0019004925234976 74.7878956942537
8.9366773858387 100.39218815974942
122.47368995820507 202.27953423301543
26.556582164573378 189.31285139360702
44.519076889439845 67.69981543163858
104.61053832631373 142.6606755027859
200.32952402539857 124.73816026051016
145.75387298055998 168.7336221157913
241.1835069633817 15.763751941446664
222.45736839027347 124.67383750056052
138.27455971205927 130.7564656195206
234.7848304226315 61.02658402976876
43.71389404131818 29.839467282643
204.50964129929835 76.70216964103716
225.6476467471114 194.9250596958642
86.42745971663362 35.6555813071184
228.1437317543136 206.3070691608925
138.17056402495834 48.14253246214767
110.12987115197892 81.88819321361595
164.37970471502769 65.40979067343314
126.11519968491547 223.26668920734497
39.14053183692026 36.604340937572196
184.2085722734289 86.22143621703762
221.69669976147892 43.56063560796763
168.38593153542513 160.86425249238076
41.996430629769264 111.89569170936292
53.585279762415226 107.59997895402037
124.1398888868904 117.74781770718182
146.24093648049657 228.23343556334044
37.40347344662198 181.75310018173982
27.91179148538439 24.681274688234417
158.89551816233612 167.93773902027257
86.84454683041099 153.6390201196972
246.33489286101553 11.803561100412669
25.24267895477922 196.50726937290082
5.512012079871731 245.71784681066046
186.84671658303046 233.88491552288977
228.13436681006348 8.3063621893279
234.96565043376674 181.28728676516087
101.65749037055815 158.69014612208403
7.469867475559639 219.9121112467877
23.59752814650004 118.83265112550632
130.78698785361158 206.02050384607747
16.002462942349805 140.84879951307974
181.2265898443966 125.84700021527013
59.90022128945166 198.3647528904061
24.85407730170558 196.01185370399298
198.0868851434911 190.92935538488996
40.446448274144814 40.832782937184426
110.30584926546972 44.68858736352352
157.96302083507834 188.61354673739027
74.89267941430788 21.819441097194662
13.191455567230642 34.85485662918114
73.25532103950067 140.79220381612797
137.3711920831922 180.34852905392862
183.96809477595048 95.63002827231729
93.66466738824982 51.972632440438176
90.85525815628179 100.98808320798602
242.20972796370492 155.42006744479525
1.6822575794585293 32.67580754511129
85.26231138704054 243.47652868511517
114.2035262569766 14.974426853030687
222.0060304629976 219.5025851506251
190.95011145750132 89.61314503615417
44.70154933307696 167.35921602253717
54.06759533547814 103.80634320236109
7.701266113879502 89.05780693765236
69.692658020446 58.77530143711754
101.98172014260042 97.08392193636436
186.15710520434513 24.352249235364663
109.38915052973483 80.26319376861075
103.79319445121757 6.087686380309015
193.18723872180206 238.10599238951062
102.80811821402023 37.96057520663593
86.61584368348355 14.670605311606716
74.99342001203414 156.73868064032163
142.24793253378584 19.665611512251186
209.8288682586684 199.7914107409754
45.71621962272976 15.321252531907941
1.5121733012301852 225.35123664694592
238.66553405223934 189.78039909616683
137.84472665030506 56.05943129227811
139.42771244255425 122.58457781539414
51.6062207541034 160.80012710613698
193.29808563586425 73.87139145342859
232.30619556229556 92.44646043963995
180.40624875948686 84.10177867987379
109.15474715112511 174.74579018663695
189.9071037681464 190.45362153476302
189.90630383083 159.70897055280676
1.823221205349168 163.71630698843575
13.308705698619999 141.2441725579208
95.48793092960054 144.40242247308663
190.98408809656416 190.55546273578918
29.242610419531882 92.4859400159295
99.2592743294905 229.6037707808873
102.84614849318841 249.08035288502677
224.30596086265666 104.91114039238053
33.079009758092276 20.616418115584928
67.1061522996802 65.19647741888227
143.31001881728443 71.88863964168158
25.84327568779135 174.48471517243635
9.592383706952424 0.1311229020962701
42.144059834821725 136.59813469503743
26.4372244621722 95.36745620981723
121.04271973521544 225.71515367836125
95.39691073272616 88.55930142385091
191.74325366207907 149.67063670454408
160.5333136257917 102.38391231837154
88.97841106655655 32.72840947862263
23.236433050540377 121.85994450421941
159.2934398832788 96.75319114998696
237.0294626056583 121.43646542850419
99.799351593723 49.34606488480869
218.7719657324659 243.25775347299907
211.61512784438517 175.3040600729724
20.79343049091656 119.33850351403089
7.568013048902117 41.789913695576
129.12475625801932 160.54771597762345
115.39381104034449 199.62803332069046
179.99205225185915 24.618113160330136
143.46273294448898 58.7207975997289
215.2410141187898 160.83009413530758
157.3094065572774 75.4901871591754
207.29100332067947 75.21437809974002
110.88180065505007 17.707891732949342
65.04956886109156 126.93739999589651
105.87891465678698 245.24883999561587
118.37492688134357 143.122665321471
204.3879579725139 143.7956312088901
125.01738439284755 66.56429569072492
167.55744086254902 149.07526255160553
237.13714661318105 161.21082444869745
23.560058418946124 17.580180421238435
223.39167211723034 128.4202091467625
104.01124493004579 211.36527941760906
160.1144668877883 179.35909451400846
25.866838739836446 206.66259031292867
10.907769611151224 24.841693728169385
30.18863122005572 120.27741114504367
57.335709782067866 1.0352646046191682
81.20500816805499 81.5780913406354
236.97386851156787 128.46425382374596
95.51629433738098 17.36843663307608
212.59425376025385 10.087419350454429
86.81883242429753 233.55751042874468
207.94117727032662 106.5088112477093
106.86878074427649 193.53276143893
230.81578303707053 68.62994761460847
172.39381678981158 248.34568594899648
164.57551711939843 211.31525418079195
35.651198170165735 132.29342060605268
135.34860353144666 20.20332520109222
34.77654077999418 221.20299647396837
122.56163291997107 78.50278856984878
241.58044222712405 228.5741039683887
128.9096867191021 158.0503976692597
90.92850729679499 152.31771384634422
145.96444155897427 131.2298110082242
116.58186914875444 167.68462374618986
176.61136612360764 89.21366640718247
46.934021573882156 162.68939614561103
94.16609495542852 49.396178711889696
197.33678756031208 209.9583455937596
147.5161002556936 137.30709221494067
152.18545446911878 163.97220514320293
221.24413042381286 116.73726284737695
164.77864426115306 90.8812536481372
58.63039500494446 57.683021594001346
84.71303958954441 160.12111845128658
223.52142924142638 139.35065854879792
178.81242381328641 209.30722613559934
185.9992853484618 118.81135408753102
158.32155202717055 55.19668111549084
69.01310768309013 51.719866186284854
132.60779859060193 76.68427943683287
110.50675247191491 21.816686898894154
57.26839329778735 229.04494217163352
249.78227529851085 81.29245346600328
158.2024304909971 109.33650301027262
123.60259585816615 30.193134332755804
53.459019758691106 33.808611495864696
239.23420171309178 91.34839594747659
212.3429821352297 160.72428508784802
182.864106672029 13.248683350731621
34.066265924095674 226.40747615840021
236.4151453230706 233.16511992169484
149.88045328560486 192.65756327127022
240.73878799575724 123.12201999952022
213.534582980765 153.76103945468265
108.90667397320244 127.49702932605261
9.799292406086291 72.4505085426537
124.79097401463667 63.802456518540744
110.2779024738687 35.712236881033505
221.12360061147496 31.43471311033508
70.7968120615477 39.099307280045515
142.92823166723593 179.9542488890091
20.468239747843537 150.39414154015338
197.75191500727834 6.32957038649995
239.64889695279984 170.87193822502866
47.25576175093516 81.28748214628315
143.2152227565427 141.34322453095473
36.0756702794374 26.116378808293263
107.79423161875302 186.85077836329782
174.0800321381151 199.0330757241018
8.477321873420152 53.55922137028893
42.17487979300569 241.18503246166634
219.95129360016634 79.02398323138462
196.32620981379677 235.8382510985775
2.3781808160013576 22.48198909267479
18.54332188288496 99.3032204472692
222.4822269021465 177.9413677026148
118.74995358759364 157.52626157955874
53.50832433792646 39.84173701106605
181.38273193227286 176.48178456835407
243.13600387523593 2.5843392694672174
135.92531195281273 136.23578029035423
220.49688216985285 169.486911866798
0.8270754919716405 36.387475001848635
215.55059901730337 244.40383053434024
81.81412965153021 82.90945463583587
137.11420459662324 138.7872635244954
205.9772954153476 164.75295402685933
5.783847988238083 102.30463993995687
168.7020132285175 108.04538492795172
249.5486602035562 60.76019443060351
118.1728553385157 100.35914827315051
85.5344421409123 227.82686383802775
40.17109886864598 210.87518353948875
207.24103242443107 92.29199524344692
216.2718018676274 115.47017546850543
24.92639292895954 142.12166602434453
11.279924537387298 25.274133051640447
96.91773694455433 134.4416985353805
127.51984794934567 147.15867674051665
37.279302483374636 152.78171314054057
227.03549244440603 242.73304583775487
76.41080403380704 242.15606910221334
105.80299505008276 32.53077832308546
195.77302156494167 188.86917889122802
44.870669202522336 46.180620196552084
219.47627610970522 51.46783161900215
219.2032769633381 13.135665176138096
119.44037820977968 95.52254945794503
36.35168680194192 237.50041760212687
170.4936859058875 11.407745462374525
31.810858344181568 179.59915941315296
190.20672063727852 9.359465900849685
173.09644969700145 60.95218171481842
86.95338688071017 28.324195978162827
166.76244039389414 189.8007926795001
3.5393697678855194 18.136366682782846
44.22821055516757 140.2248900136834
39.07574442595133 53.06319046039737
151.3913578456557 143.8802307526922
209.5056690011015 15.117080572607493
124.99163499434049 102.71875693367386
19.73137958094845 51.56629064128771
92.49321132991645 130.04579620846027
122.39729438676197 172.01262044711945
68.21572544592017 207.45771656660628
59.25925878673585 119.77113963825664
38.321032966231655 54.80654994661396
204.59907864697348 187.6036056153458
82.0025342944467 75.62301390743053
138.22478583095037 143.23427640778328
198.88396024283864 25.933027416743943
194.2549994854936 4.2180018638361405
240.08297562175903 14.330552154210697
210.94595368366004 229.53233997905676
151.38326495314212 99.15259219328799
110.98185479779552 85.83973939115234
136.60984506407985 174.8436946335202
81.73613927703563 8.429192097338417
193.29289075575448 118.42752674881548
49.14601309938857 67.45544702854752
141.44287257620476 58.56668687412134
217.06435726514118 193.3171791646564
57.74010522352574 179.53674346386015
52.802016879685524 235.46028470391968
86.34170544758499 222.09663737683746
188.3997043581949 163.7652050392966
121.50722292324731 129.7443402605024
126.86217275247921 209.13607134980748
150.59486526500856 60.823008115521574
184.28953340712724 62.74911573132908
44.2899967715073 101.4169718269462
67.79872208559506 72.63859130969918
165.7994577460816 84.58796584779118
239.54437573627834 23.9704163826058
208.69446376459678 209.4935974217772
32.76324810849299 103.9343166657643
22.558405712455905 28.74664401353716
94.1711249436591 11.486143394727366
163.98889618056714 16.334599399091655
27.204515552108067 89.32048889500993
21.292863802638895 33.909582543687975
19.481220540905202 152.93003038451963
150.86386265358757 43.94707413551341
239.26665990477548 219.37070584987566
26.73675645015297 50.6490617477359
170.6142779761809 88.85360831293428
130.9794015899577 242.2386884854974
208.3115912233338 43.0398829695407
159.58170139077583 118.31663184658753
99.5783292018363 157.8458514718889
233.034477985609 141.8851577635841
229.82608126210877 14.540893458703048
30.922585584347377 155.08539554611124
132.7006273536461 138.9498869770555
64.96089445709646 27.650370206981744
62.59594266304821 106.85508636937716
17.848304802718097 171.00410550474197
68.90829972944142 214.21551116619486
213.2036696601699 144.87066577359687
137.8170362897215 188.63173016430702
228.999575694541 204.94464161645055
7.482157878676926 223.12992044629135
89.89575374122569 249.83375982276377
46.85091969794919 189.6631557355471
46.84550712901697 37.51009769721822
94.58152246808324 244.77057084858734
110.86712523157533 246.28070572563905
203.10199171241223 213.15207172636764
208.00831778738066 236.80742394522468
67.63945582806637 59.72418595035079
95.2522458486186 10.236051579956051
175.7045415458695 124.51116628156747
83.09165823437084 44.41145561825627
39.578570498819246 23.470413758032272
140.34191919503004 3.0175031984124856
79.8653975389178 217.17506950031182
214.93967711942105 108.53974243576641
77.07403212138757 120.17720614091681
81.07686359618657 216.8597970923918
93.03048063847783 138.2555058327313
21.927441210311816 223.8885819878294
107.55670489787272 92.19088293045726
197.1494910161285 75.849925748006
230.76977496652097 129.12014809622698
84.60161366955526 40.58155330977331
5.617470835019262 107.03397401421394
31.78591727134078 98.51605952277545
83.35809451767146 233.70976253251544
6.766039655488887 54.587261859389166
50.03043550367564 9.065517797073486
60.24808522003605 15.644971202000423
135.32017932302253 206.43314746029418
50.87757047185135 161.68589025317362
205.11413120094164 238.59220318237735
87.13941455649702 188.42692254337192
205.83343677784666 227.3906616999178
64.58805433137455 241.42263651387228
37.18811309565412 97.55287133038415
59.42123000485772 68.72239218065096
215.70184090350065 239.23845578251465
134.31531424529823 128.17357377892728
231.35359512634946 112.00974253303811
61.19299401661396 52.18492497743746
221.42466308695185 120.48810081340893
15.676605223923085 56.177856233251084
120.36535420266803 13.152435300856553
138.49728652947724 85.39121691750712
14.229195139219941 136.32084216686823
79.79543802217002 67.66318444487027
86.5478697971852 142.5643528579843
165.55754661378506 125.18400495163392
158.06734322006534 52.15007274548233
11.008403207922068 212.82480079720622
115.2118210306885 160.90332129943482
102.42928709979965 210.43679087851032
59.60217098272155 149.20604080505845
206.42790501641161 75.85224977209509
177.11920466544117 208.66926285858503
27.753244305531275 192.83890338862093
153.56930817954049 177.97030756353607
60.48337187581418 158.26157610789446
165.01322178450366 93.56575082228343
85.26777584539231 183.6269969836177
111.18658212084337 9.523938073623867
178.61890732768165 65.64767772881608
174.72346971636793 39.94139869039714
126.87445880845674 134.80661684175223
45.965884356049955 249.18951596211272
8.19688442626032 70.54126623925127
231.42287677267745 152.40130387598128
243.7047241863094 168.93895744152945
57.81308709115759 36.540387911746244
117.1649779701815 185.63115255463094
49.606390558590036 81.29374463513994
216.32470508968825 106.19529916202642
214.9511449758106 9.5574223146766
176.83202168505952 223.14980883558462
193.58996816660462 49.39043043312849
113.7063526763081 155.321548160346
64.06585602258424 78.71090733565927
224.1586630519171 204.25128655108023
99.2979210335842 50.85546921831338
232.33001759452648 17.420851505351166
44.44640131740421 165.53139163564526
225.9801020967822 126.38863550872486
48.09949363447669 181.13016133551812
229.2306074019777 203.39831228282915
127.9860736276026 132.30546152927724
123.12803159485858 197.95602118937643
118.6544433516624 82.89755249013555
245.45581633741097 75.85943406629012
19.227378873563765 197.86090727392826
48.062652438313755 216.4048175513657
120.06560700992155 34.48109231022553
74.69094078237428 97.98869232161344
47.288022985186224 217.09999163734966
160.80385909857287 30.316132272431545
110.98659677467381 103.15512125613007
90.36260213585525 115.34336377870189
66.62171043631277 172.49958992338313
194.6468488669847 155.7950677994867
42.24812550929744 32.98728331132328
148.07001750751175 66.42783014825984
4.373569255072623 27.855034448343254
169.70132990501392 242.75112952155098
23.549811226014654 6.188649276371
50.96235672096461 155.398747006646
187.07631206706358 79.70280107388409
225.71182026507566 246.25609366319057
156.97713841841968 105.79748342442613
23.633454371225575 174.38911006358512
29.826398415003506 119.52220192011167
145.81777661195457 18.918272231741778
192.98832858803743 33.89487709265418
101.73982401483913 56.203960405932285
128.19835715062686 223.20851889379927
12.895613784466741 117.53699446140456
113.47170086246547 242.53419575239485
186.08380843917615 97.25189069376725
114.97660806458809 35.47066656825626
51.3394238502585 193.25053255321052
186.86759586885648 82.27943961167433
168.97912562503072 216.7831165040327
227.58800365985573 27.50521026076147
107.1767727519278 202.66572839775995
4.01458041973271 206.8995023533613
38.37224926371569 45.359901195834354
122.94088672591461 152.71665315868609
182.781335324194 86.25352102667397
246.37314651579865 196.4283697701634
241.33305534963338 216.6368193868811
219.22661849901002 95.00830692489833
19.106799911660005 154.07452269203677
182.03553087829852 184.60304313934233
58.016442075346866 188.28337239179604
69.73659513917826 97.98624751046403
196.57956322048489 130.991080062315
241.0380662731562 6.6834567632687305
21.52133238210477 46.45499488659699
204.3241326033097 40.466699425505624
81.93978781139532 164.69788533432373
204.5373180924407 184.0077000834396
134.56413016204226 153.78260028824192
134.9323795584239 63.79735896092353
129.95724146260844 204.1036518904832
245.99152631991026 54.27891620586264
46.68558466081643 81.66142830738968
238.59632475863256 204.8926050318661
84.15316273570627 55.08968198399927
180.75314592039953 174.64833591240526
231.93492743412347 237.28479058687813
220.90914158143528 221.07714255096286
233.87796147474577 50.19034532048605
146.72942718945671 237.63867299924186
9.931540738959715 146.51182751156296
88.06082794169343 95.66062659353503
158.761034174883 148.24430618584844
114.55505726133508 9.25274440274193
98.49915121713157 140.34106876223126
136.6422762586369 211.42341405485587
38.68383880128515 126.44854586667043
20.858180911741048 109.79658993744346
2.931859187512098 155.8526453864991
112.6862476850509 83.1215313615285
186.1019246114516 105.771752079375
237.82746629753348 182.42153266058904
40.17096219415678 245.40030343554233
6.315246679935771 200.01008808464374
20.59111977896255 139.86968723948033
127.46461430719397 136.0900996553476
116.36810576764292 93.93339523481458
243.42968147706924 31.971229141505574
191.78937193713432 1.979632356622435
70.64045456801615 58.947316552074966
179.3616776870979 89.82768060312924
0.07178324739817721 63.290319880761395
205.8724439929572 120.54881873908025
141.0146600597142 185.01659206824363
190.38650488185715 40.46233005429084
190.17391536287158 137.1284003843868
29.887956503130418 160.10543071154262
119.00851514664254 76.35299508277957
175.72635059648638 20.973013352670765
67.4423863509219 86.24023677884118
65.54988464238704 102.45341426163723
25.356031950457407 69.52667169384694
176.8265126678748 166.3202830122026
131.03712848433355 65.64791932653785
4.387393270985945 63.13451605466933
14.952004809401037 186.56379609485023
225.6200804410973 216.92195904707685
166.6248121657213 138.37069171487553
73.64938756707035 200.6614223634125
106.09446591414265 246.88674057086246
100.36310910550719 38.005794226208614
96.11124663704013 243.7523114205742
211.12832162265835 237.52022668393877
71.567383590146 169.39804395142005
213.95963412014572 214.59852274048586
33.92893305220232 99.02275552773371
87.9448174115241 68.72739431101787
245.8634074026958 79.98156046204416
191.18507692989343 233.68953911114943
8.196654587347307 30.760352263220327
238.9452761328747 60.84409203411131
100.48590323821796 56.87731374265531
41.74004167665507 192.7357060691356
173.55695532599216 102.96436378154114
26.191382649751155 30.88957618371449
82.46543118681069 240.3455580206751
11.695580423312425 137.50617482534608
46.22655739612494 154.94570023699671
40.00199892387168 162.4955420588322
74.29055506785312 68.40124311414559
1.431414636333339 203.73195681469622
184.31576773358037 9.308900177586926
243.02969792516035 136.57240856279358
99.32278402035563 113.07365311549152
114.41304149961329 189.36578103229778
114.06412304366906 160.65651054335194
142.24108735638941 12.624436107860598
147.56602478565122 0.7889518871954659
246.64567076089284 16.042710385164167
118.42413095725249 33.92406768591197
135.83558820249468 148.41678914963305
123.23158841238849 94.00653311036467
72.2939790007987 187.92704176663167
43.23841869368073 134.48673432659476
81.27789911465985 23.275151567171555
5.755642863991883 228.7148191861282
227.78147918937893 99.59534346884178
128.3852987170079 171.05120922128376
130.88974117327115 88.49597242647114
135.44138212762925 217.73091228598517
172.5423794757524 140.324323215644
181.60732178173004 139.52681270959613
61.26093173763095 184.28498719641777
120.0470510379835 92.25010537595527
114.09722105356923 0.5649736959778828
94.49706392770659 186.96623579378905
230.98752669047963 74.56609017398152
40.919656910968854 201.3757496785594
177.46611720394895 199.23307383987728
232.8499642618195 184.45395078846062
67.73677095776584 249.6178589574166
92.46516233066262 59.4925143206641
187.5332285329628 131.20296666899148
24.244635457514708 134.6018868637405
135.02598248300455 54.451356313669955
42.866587880667936 188.1919069231883
88.50202515157385 218.94518866890263
119.29310205311275 44.252075720896734
25.232654169423718 120.06808793611526
18.614912927138988 96.08256793366682
224.38544284152525 112.17171776868479
27.012387880644333 162.65375026640262
24.409512847330088 198.0564694734489
132.64457876048104 238.50075973129128
19.654490836847366 74.52108933807169
130.04011726488756 142.3012330401564
221.87006097866706 111.49215172337634
60.51762691270446 113.20083503492518
29.089693735428163 178.63808618421066
113.55501572543878 165.03756972198545
39.012823861236974 52.976429525412456
5.130655004110308 167.72778482484583
119.45084714637288 89.36162532617232
36.836454810026815 127.08979906944928
208.19112861919234 76.44479959805778
54.695752881772364 27.41479020886492
55.413771522154235 42.27862831126397
102.98751199533542 159.9689886643166
237.80756421179046 91.31983461474788
219.91246405625242 83.55496700315224
123.14295528124808 65.0362571427644
81.06213142363305 41.542113277327125
192.4583848801723 142.3215445755772
102.98902610851293 54.760120916607676
205.41857699398636 6.174645690935565
111.93749427375793 166.26058773917094
50.49983776398534 172.2821923106595
126.13732909690614 102.80291776557351
117.1984271838849 42.140889108827544
109.87479060734287 9.115624199373922
76.95094583628445 90.1214313451463
140.11943280685304 202.01903379045794
11.883051196202643 41.19895438104443
197.34068899186795 153.1341807492641
203.31189574462226 230.73583103509966
219.9304801916548 140.53854043211143
189.09647372907858 178.99521705234926
184.16742871602963 158.70501070637607
151.61743606942096 198.87438710402262
241.39102546275106 156.95432039351812
97.12482946008305 213.16744173067292
67.15279956258907 135.23063651669796
127.87098749493303 39.888482293059916
190.86615322877535 183.85376719961158
139.66028456562785 31.769870689017683
28.888493986695686 9.868789551039676
128.35149906206337 58.47099034108749
129.53982737072252 213.49329419421315
29.96181789062885 198.6113556800194
243.2397852898157 152.42031860384955
15.496778166587122 156.24661891500776
196.5118273289709 242.79069433507237
82.02431185155729 235.64003515817342
97.12697055659372 231.4588421527628
216.80102792961674 19.72228427266981
190.6011651332116 10.370203367940201
228.64882896114594 2.9190164184612066
47.44639126613134 191.40347293606555
156.81546939381397 34.84310769658691
236.1675812702274 239.88040751546714
106.79530304931659 228.31954846946815
240.33723315455248 33.22444685249559
195.0800235810784 172.91854306915573
207.90864548512528 38.904071500596885
16.078403862904324 94.87530954243623
190.4002505365474 166.44614126020997
178.54112996289953 240.60092738262102
108.29059096634921 102.40566395220155
180.2051304587334 130.58976501973453
25.521004422033005 125.6600712600103
161.44505340077018 114.18476692760332
235.64452041891857 174.85982371609305
107.80576491788904 30.875674576221286
220.48483866346027 118.15030116653611
119.9179735649957 213.85230505013467
167.02535075180884 49.2735372282406
118.17401921388407 9.342766961749904
220.73611608006098 135.13343679822364
176.67305841659683 55.94790446618455

8.6 17.2 36.0 72.1
17.2 34.4 72.1 144.1
25.8 51.6 108.1 216.2
34.4 68.8 144.1 288.2
51.6 103.2 216.2 432.4
68.8 137.6 288.2 576.5
77.4 154.9 324.3 648.5
86.0 172.1 360.3 720.6
103.2 206.5 432.4 864.7
114.7 229.4 480.4 960.8
129.0 258.1 540.4 1080.9
143.4 286.8 600.5 1201.0

2 5 8 11
5 8 11 14
7 10 13 16
10 13 16 19
14 17 20 23
18 21 24 27
19 22 25 28
20 23 26 29
25 19 31 34
27 30 33 36
30 33 36 39
32 35 38 41

