1024 3.0 0.0 1000.0 473.50037772090565 3 160 240 100

241.6920196753077 157.85239776665546
29.109218258016877 84.2162967867783
170.58281182788028 221.44414975467382
93.6927806474776 5.598139591483475
39.193912384813345 144.9250551978995
66.05002363649793 249.3292504886301
112.46510749543364 231.97097901571365
238.88177426984709 57.83582017401842
67.62368245661057 0.4981722171702174
205.2305317870551 237.9004095647605
109.15517332854091 192.64791460263183
89.98492213301174 237.68942407016442
27.047473871276985 28.556765777357107
24.33487549161997 49.04929668261413
123.80979042287402 28.88044828134434
102.2477288668509 187.37441953771545
22.97058204213087 109.97534948196189
208.82831520866534 224.56009864131195
66.46332558686305 196.950636779838
142.37404812522965 12.90526818837781
186.4191995876321 176.6222209795398
17.933536121369887 43.508249895299336
138.54161635711137 79.85439133559252
71.21354521514809 84.6181553244526
195.36412697517775 33.187538601031044
38.6991209380535 112.69012894658492
47.46137050067739 31.717720191367317
47.00284061842289 20.00052108091052
121.62935074701647 119.84782843511462
90.24723347803574 122.82799071319764
204.42792315606428 101.87855829703376
232.70662381504232 33.96493350162444
101.11902282326557 139.77854956746788
188.14341785566162 131.60894894019128
29.94186951077249 155.2832830626753
173.3108537083865 214.6670361744859
130.3212585246602 170.75559250062057
25.833983693543505 9.771185800229649
230.79290873354904 169.20513179399745
195.6875983110312 50.42969589370852
113.40564391173693 204.46968797852645
8.1289008064645 148.89124522470743
179.19716093402104 37.93369967539898
216.10377884252873 214.71631925883807
80.21865193903157 244.0222228033977
93.52298864724604 111.1001677192477
159.11650952510976 243.0526744387442
194.43094948697274 189.70657119640228
221.3586118352301 186.03245208545437
144.22688723403684 167.0568121131622
126.76142196227919 8.230837467305186
74.76457515318697 8.296086074164128
25.144968586960164 93.47685594543317
113.22655092961895 74.66557867450247
130.01522360785285 249.83503257675488
44.95451403859555 73.20768331924631
240.657515247339 210.79522796546908
66.40147206738109 197.46319538380308
53.49560878121101 249.23935172978184
109.16255172977019 84.73369978744059
118.79776191792507 82.43161512997085
26.171738626180858 226.99297859019842
210.64057872553536 179.45912950431358
106.45019844043047 151.88372345739347
100.40844687013443 185.742185485836
11.323853451171873 236.2863611489703
72.2482808553315 138.76042646949512
179.78053277849787 45.45616200791181
187.75253220931566 90.77501788226769
201.51638947809045 125.60422355343961
190.87154576983363 51.174878683463874
153.08570640304347 21.49155133928818
90.69590318987777 21.39155026013742
161.97487460369655 76.92694069984334
108.75092300547188 151.96019522358793
125.10854295794785 5.175230996054631
248.43515160904863 237.78622542138476
212.99426198104638 0.04653870256768333
239.80275271853563 169.52552424166896
155.8861937981594 38.718891413533214
39.88138362406918 144.37208637929484
215.15634190471135 10.994204165202277
158.38186435332236 109.81089064526448
114.47198082070223 200.92307789948217
166.64116849352703 196.88001096826804
182.95610859469141 81.90849503352649
106.09658338386524 18.896476029519356
82.34107035223093 12.333149690611695
64.57987209240353 239.7503719894205
197.93684889444717 87.5617989541526
113.49963725575954 136.12682709603556
113.14442616803943 45.79706233402522
229.46113625815835 182.92036446240365
192.9388583650859 34.68968923434568
153.14267456951643 106.72574635800348
120.53027491875068 210.18549544802363
209.65736453049755 241.04330387956503
186.56187949324038 112.95340692006428
70.7078485621521 136.3760524582449
191.91618730679318 8.593601905145382
245.7228795905467 52.60328365990088
158.30712683605026 221.94066462331958
27.105158092773806 26.56040744534216
233.55934621597183 13.237530464497382
118.20162812301724 131.75803459846662
245.73765847792666 202.62808919816678
16.965170631135535 139.94290517233682
123.56889457952519 177.63659131345773
215.00075783577242 64.70745297101418
93.3740582536664 63.22522071321876
42.17686137795154 69.56440972087566
39.184997376305624 173.81368541623678
55.77984427191224 189.90226039607023
34.518843440293736 91.23025872932416
142.98307951007254 8.819164859870304
158.53835555866436 13.715609013201819
115.35475119809513 116.21618350829102
37.772515859163775 220.3447280125193
41.895061291126936 173.5776765749769
102.3281227686784 130.92191890840823
243.6470450439743 218.4436186771418
18.546424441042987 24.842866985091057
112.99299143816225 81.91230071232542
191.72466555120343 62.748516633119536
17.786366854172677 196.65990927618464
229.97630359776977 18.437851010297045
80.11795490892925 30.07845880618326
156.84724255779471 182.60982368934972
188.08881102191813 133.42996574015268
235.01074517700872 162.30433460384714
144.01189980976298 61.45415294025888
176.3837000845764 132.23685900304864
213.52260969063198 226.4443873095671
152.38626222286035 1.7893021605085158
42.968252828647856 227.90928976374894
132.0218122947633 113.13517428925388
89.84619341192668 180.6381116610284
200.18698948848856 152.7428258013472
17.665493108924903 43.26573406465947
134.79045398078202 194.48085966030683
7.343928748809264 172.7324426451796
11.719538315079243 48.11166110408635
230.1189668601616 12.820609314032366
95.81240756816598 189.42349261224612
207.42184198245198 223.9433336288157
38.46968811604148 217.12029955406584
12.513586119460212 121.62752628698281
67.70392861863989 158.97469421465868
6.133246247683688 111.6227707803104
138.968515215613 170.644783799482
191.74690328468034 163.05233751270748
167.7629990994277 150.04655120333464
93.83172314771996 102.94599696918877
5.882418301227793 70.8304146112925
86.23238281624637 35.96664677601538
107.84583951172799 109.37341661759261
214.94357123160898 14.533628843593743
22.567538055357467 119.60227489132488
32.07854484935199 233.9360639516224
229.48734071430198 86.58784972468936
192.37422046351833 21.759571789529282
105.18839901188993 243.84490693168874
102.87994120506299 217.72987842706556
199.11355308833527 248.50191435303628
168.3631917910262 66.87749461580566
73.01050470274114 170.5346896803717
124.05152934596536 171.3692260001542
249.2282900418761 131.5849723341194
42.85922224522634 170.0500194821282
8.607876180450974 142.22971625086848
6.8743188065776835 153.00581006828403
207.12100521564776 89.26369462374065
167.73762923379024 94.0404030487114
170.47393956497214 81.39593212459256
83.03573016830393 118.65308221456681
5.2317123929361 191.88944029597346
92.97677810435529 89.85794743533911
93.61770531246985 77.26019858243716
246.77438206616785 60.6085283002212
112.19193373300504 32.17939431114728
201.8518090180048 183.95706671460576
134.4239416973578 220.55960906256198
23.03799409875046 141.22188301193682
41.52563545925239 25.93586232427639
200.12577163182374 19.10888657192175
65.55172585245892 57.78672349154326
25.509589896329317 90.63139557349825
45.82842361888104 57.75986937113259
178.9440846826216 135.57945076801883
1.7157015553562194 248.7508129457059
133.37513445236246 156.9303538967094
118.94911083845089 239.0326686997799
151.4365897112461 112.58936484177995
55.7853529576918 181.45785973888633
67.92574967353931 43.924506511354934
84.18274905670341 20.651104209908038
221.50881991154066 121.54133916412871
202.03975731078586 172.99557444627166
247.03641546345935 44.31860042503488
233.4475997040685 199.27768642944113
231.08442476155497 219.76281014295705
113.67030314595117 138.6396170729902
17.051522729176234 209.01547656283438
197.46835955351943 157.91403160723237
114.45262857651403 88.8796756933805
148.84913607432503 101.57784997024282
149.21340743752518 235.63688799122323
226.61870521373893 177.4843146628169
45.96635456582857 152.11033790754192
13.064303420875472 116.61739891003393
55.08543022305601 117.61015572712289
221.62229944896706 198.9186230553151
137.17707663463173 87.33187011952731
67.78521910265947 139.69171744799274
216.7838267635898 79.04603528273063
90.92698407373936 43.31117370517259
235.33301130100435 58.924799842017286
249.7757369806531 248.7260816269575
114.07490563553965 99.22210787772087
157.19910512812962 90.7165035194741
148.16377033194973 153.26538674146687
82.21751021967064 119.50030665595423
41.934457697381745 21.448857726924288
162.4348275771483 94.25433849830453
95.11091108965519 204.43996449569912
78.55166023023497 11.264761589191624
164.20099088760566 81.72402173830137
159.95138353411056 31.471619660183247
234.87480424850244 154.17566607010608
213.80645899066334 161.66358166257027
60.02697050699257 178.1600451776632
108.03487237016098 12.833845017105745
242.8273372583169 168.83199833955243
98.57787804487644 194.38405496665422
54.22668418685866 4.716132072262235
35.1370079508152 159.85718879718192
92.71974255317531 7.718215600380246
87.18888345940503 47.30838121669981
80.99807034378087 47.720357687761144
133.580790624448 195.9562780817306
22.66865992383324 109.63162036163817
166.5126962481515 4.144207879367534
218.17077275571344 12.39763936519947
23.338900231512554 4.657789140278673
18.296356780862748 195.50362614659338
116.36855152781264 222.42510587303804
17.704757890699614 80.04415788361702
2.4937793366486547 116.03624878555851
146.0730284918733 110.10584896629005
142.09062915490657 234.6349821217753
110.40213618641049 202.81817602533354
60.39558447314081 70.80306063992806
92.07897058422867 184.14507768048813
176.82912131144982 34.59003493222801
84.18403317507422 102.43883117190991
48.44153493769307 216.06433985221386
70.94283966994323 223.70886624607456
57.00469490300272 11.238551045632622
43.19278931590975 139.6901419396976
249.62951966714397 203.3075785460137
236.70106971691987 36.115630505413996
101.20628946969437 87.06846257277468
82.46649857692695 143.35692147876543
53.10846616565917 134.63627018719308
237.30165818821982 32.36622428203131
159.2934654973549 154.0090773385499
248.65410298037122 110.94481508814663
167.758373642015 21.801888974550238
142.63834718425608 167.5345330872214
205.2599952327018 48.66963628679241
65.95190625353065 71.0171465574152
122.3625531220256 143.3817000496323
227.73698450289066 112.97148348883083
71.99551290972722 130.30356314760272
245.83982809753945 247.66224962887657
58.03691454428805 96.1845273737957
242.72747717051746 121.03742721462096
121.78753731102121 107.57381832770311
191.10844221690962 195.8677953616085
130.29801950132077 219.1741338092403
57.66179620289927 115.69220464135584
240.94094965014844 248.0850901035851
244.61271485401352 5.090787418850357
239.82737331058667 42.556319212257634
133.83361131809755 199.94066109181557
25.199186271728042 50.765334991498015
140.2528393912687 193.12412156813892
55.95814336294552 163.76199733214108
52.0054021609411 114.98303698185907
38.35032193868845 153.7031068760102
220.42117053878283 87.1113730700249
105.08916853268471 245.79939613444688
134.476647899639 229.02159557795437
229.11760946759128 29.062220088379693
158.76435636387473 118.8132787648234
75.19201370790701 96.4775546110144
88.55490260834823 14.405344936390202
181.58064723327877 153.28947052934586
206.091750851078 129.3532121286755
120.12691734815553 101.19905572468296
14.634524687650863 225.8525430007811
242.43098619488273 120.28072916126098
134.25271381969105 221.39398158368155
68.65379749858904 92.36643461349314
216.30145706294007 203.57388486310094
18.335574260130578 82.90123954250078
141.95308013566128 121.61295678242001
130.8725166621629 207.93954526634798
206.51666780474588 22.089452204795553
49.48730553315997 189.84672452004102
24.10961009000312 221.27302857948467
194.53324011681835 223.29117877807172
198.80845414259878 93.37255934140276
62.99829621573657 248.9718906534163
165.85601715942582 176.8908402987364
60.20291797223229 62.75178219593039
159.00174863388324 194.977231463317
41.08442629185641 97.2178921316201
114.60746490662437 13.913064570984846
92.47193235472464 13.980117289909638
209.95403595731722 56.55963801537095
175.781337780307 33.977226281582205
71.55019554340613 214.91205078039698
150.17687892170255 108.10484373810111
221.5833558153989 181.2929856044795
163.9533032251371 205.84560394873475
142.40160448255148 169.81411895625075
183.55255658765753 84.26953547258285
75.92427221385553 67.60937398798842
5.981718223261767 162.0794708650982
196.1947891561481 145.81058724492854
75.73021213901265 207.04940330754107
188.87289667938052 238.93852128490275
220.16461309701512 176.1857826709248
174.91307255760893 27.753569337327395
205.58444425532582 180.39821730012332
3.4684424717488227 19.192358775864754
191.74605219496777 99.73507523937015
182.7648609835602 27.2436815882412
47.67605951688411 174.43431207795638
62.87371602711192 77.13985721607855
44.63164671802905 173.03189718684888
179.79350334507308 223.58846729671447
38.04820968661623 248.10730574030117
116.0670019893388 185.2290704082391
49.39212416622649 238.5640618282499
161.54826125977954 7.965864811771029
231.94908925231357 241.23751916414025
64.11069539974207 93.68155478384307
216.3466790428897 26.47485161619795
8.528600620151927 153.2250089440573
128.79654384058708 168.26792191344984
73.7880997635919 187.22027399729234
220.499741706312 52.01774473852849
13.767256870993199 230.59939228944344
63.66895020700849 124.49187532402267
23.774330746229005 97.67481138678582
182.02809401707336 234.82897207386642
99.0574812862339 152.12273142224143
168.1470678104137 120.35557240233638
99.0157837777757 25.94141112910589
48.92562271507131 117.54714165585334
97.56557901963251 192.00518213234596
7.60354301031077 123.91388233897035
32.86686699794572 0.7710255576517666
127.93501205676553 248.6763359695713
3.5813471016344356 59.09007094772542
67.62426293247992 41.85702119287757
143.7703771570691 196.3956094606331
223.3459829800246 111.28180443244986
185.1973613600421 190.04464055532745
162.69652761100164 226.1130223532413
219.048294246765 96.66589169262393
15.778153701035553 216.50836380299276
163.3695311322202 137.3142274791908
84.18794530781271 74.48385245976988
23.67423677153782 228.82573659140803
155.36701175458262 55.39130621912094
131.50024537237567 113.17746781132615
29.356610509357004 148.81512601607963
5.900316753693402 117.71906633070067
114.9584709674164 93.37484223495245
135.79780568227596 108.7898857261789
162.81513983359545 91.62988060521724
223.52446685908149 113.38585990976837
242.2327218990408 100.6618792376563
174.3630945407671 28.737294831876202
54.712986949452564 182.20972961958088
32.550499280616094 119.94470971204349
198.8860466907944 125.54909434653513
194.8750584395358 77.09360876397714
244.4189985500791 64.93687141439958
116.0390962179258 3.504589870083646
57.434407250623764 108.62023321546855
133.37402357719384 232.06753539510427
119.83704890262261 218.9402445050188
35.311453001148045 154.65786055612577
134.01422003938498 219.2364593663033
29.877707195297504 40.20822357230694
33.52640181923777 76.23794721213983
169.2452013109266 114.24714526440418
35.5149137152675 19.820888627691215
57.93886349531974 142.45846664633464
222.35492004623848 58.731217078940524
216.43208354141026 22.129142398132046
157.95272351929378 115.06609988169555
102.94208835346619 160.11032589650924
190.05182455383655 137.3891990409692
195.65328824281286 153.47582927986238
134.14934739754023 73.51275897230383
6.735433941690239 226.77949267129128
74.46951917033468 187.1422642881577
96.1022077305422 107.93881174860361
186.1909043516681 81.76651455329804
110.8357055768146 76.37382033192786
148.25100414417986 34.77824833919474
114.99420199054383 238.03403049194583
233.7199284935877 120.15325049497456
86.48123583285545 54.98934473315634
113.81381721891611 182.16298812644158
219.6588147162709 65.296473567801
66.30461206274931 239.9605306185654
90.70112334890362 218.85883864508006
34.54311185789266 229.9194714704697
187.28023776882225 137.6553358603712
168.53429177223015 168.3459983696659
104.2213995987902 19.791920655189504
233.69063469568323 95.27196187786751
104.89511120221617 105.21369848486644
214.5456447582427 36.56369968103551
193.51358055011656 1.72356263760709
188.12119333525462 30.2684771548013
129.10988075159756 45.55756120642126
39.902974554762324 93.62658451542028
119.71757321369125 131.94719991636387
104.13850348504674 243.32717955251908
127.3754378711767 217.30772488489617
200.3418489325528 65.53799638629809
117.52761380897958 25.11024427372513
52.24662067339245 22.287349455609785
136.00758836101042 9.104913022528388
51.989272333120034 44.445755454612105
193.11409710839507 158.73670817212854
124.71834056758487 162.80405943847072
144.7679657232393 221.46777024811766
39.63412122348087 21.381727535257607
176.66940885103344 58.316276683070626
12.370637359835706 240.46824616612935
108.49083892886938 234.70057832419104
223.22105828096605 26.841297463490065
37.36744225094824 236.27051590248752
211.18929981517542 232.7347326533273
205.93783155772894 145.63501273027185
136.02935599791022 40.69340670330179
247.31931462471246 231.5995141892074
7.52791413581283 39.66830683222158
166.749797490509 188.23720011234184
99.86099329131093 199.75057373019564
188.36567380839415 26.344917175005282
212.1772647411517 79.57711213712476
176.9585556036892 152.90433038415844
186.2638620925413 68.00582065030655
75.1717706382476 104.2072216229331
149.59792255249332 160.05557401051286
92.69616400967045 22.39059589077036
240.50644304668958 133.44537062356576
188.47411984113026 55.925288339948224
159.2636007967783 232.19327892722637
96.6650718827552 132.68600775514778
216.69203850799087 122.02693989624485
98.75980217078073 216.65929580162094
0.43431551650360833 130.24739240649535
146.66252361428278 9.743811972719035
168.310454153126 218.57246490340796
168.97335107803423 171.7357992124714
233.94976905019485 114.88680135243567
96.3158295385709 177.01175056234285
23.042580980260684 160.30241119337714
88.51511821853813 140.32058082825307
198.38092608381888 142.5939896660047
168.72974350883555 246.43836784959646
137.73322040582153 9.053619440851367
19.607287849720876 177.53024969449348
20.56874455449184 97.51023261116632
219.030493586705 199.2939559127771
185.04327456588288 48.69727386054765
149.9653071738137 63.84894471163802
99.84145638618288 192.13625156749723
232.688162265411 112.17264375442282
215.3233561192903 33.37740434527908
69.49362750608068 53.64201393014911
36.77577365525564 57.21008984197937
67.09059746891278 184.3293017201177
134.3664207872081 97.51384828967622
146.29260862922388 184.02093178746662
34.003610605213034 67.79357821313315
189.4784429319499 199.80035236805082
100.08107907220231 96.18747588012059
133.00297124706827 158.13760629019325
96.88970538047457 151.80517326326847
129.34630305903158 225.09840188536262
120.78149517712363 49.23111584058321
206.29372226427688 140.2596411393961
44.09538592429341 198.38984748582777
90.81379881514218 98.40284607467309
243.6933483707102 99.88658327303207
27.682706410898984 60.5650617062779
48.87006155921991 70.25598069944891
166.37698325199872 175.76573934909618
152.79732525276597 72.90575355344347
173.27149288402694 106.85374998286332
179.06352887332395 141.52967660028685
24.25544236921487 184.54770286016105
104.87116743546135 102.73343690981912
182.4174134364483 5.730713117667624
173.9490177238425 8.052473109457475
237.57346868744577 6.285560455165068
10.476457904907893 112.41312083558053
239.785120367863 80.75873591693356
37.48515018186063 72.86329714335024
51.09942157075528 172.19114092468533
93.74277065012296 100.04502755263032
76.21761383859798 107.78523770948517
240.1220770208624 84.8037433136849
91.11630426475625 122.98441314077866
60.59761495572055 194.88979709238163
114.52394763891036 165.71140592926773
161.79884044442784 83.53346702697395
184.8681112693963 132.75465692070273
202.58815696148395 62.22062157421179
23.387063119747587 62.62438857674552
3.1212432195656947 153.44981352158678
246.89187185297106 26.457908626970507
139.30451161672738 67.47695170336443
4.9453956423244625 8.438641097695292
99.0484668118356 52.60123942510392
158.00988950669347 38.36201735199998
0.7818738970751249 31.597622880492253
98.71057576174327 121.99430668950035
167.90637848865887 128.75636700518214
188.9769713599197 121.66543395335897
36.84708664746411 118.44126521141646
215.6097736591789 37.81981543522023
191.503282223353 80.52903941740855
186.63802065559872 49.30936509521802
175.2024282834087 201.6813567397368
96.11784119364464 135.78104412001434
204.20897197548098 87.44724972157464
36.400298073562375 179.98500235735608
72.26459718547734 145.86173446452054
28.41259262988119 233.64403793016237
49.910691830806876 214.64965300439434
71.48148844139091 75.08646759296015
121.28498946242047 95.41230096588671
83.60103764356724 63.4549785106866
81.06231625901574 176.98159738036944
198.35492625565496 182.90892720291555
64.27350996865428 168.2286594207635
223.7987831395742 38.81052806390814
61.509534317656126 172.10350136665159
52.27353115501848 92.45430258597726
176.2934942102933 199.6071185916017
173.37702194427692 109.85371671134833
205.29311216955116 2.938291389290554
86.65634870874136 248.27318398077333
174.57835871641436 86.9200500200098
120.27112395818578 141.63846547264797
148.63042063371424 223.10615614142523
129.33874203038005 172.96005038374656
186.1571439364044 159.40868422979466
38.99356653055894 203.59901716337254
15.07989212469979 176.57354146799767
217.39607034227134 145.01249414019415
29.805656981437334 3.11384979817958
185.89125690926682 20.336792369803597
15.81464880437239 20.612108020953784
191.63357323805934 156.89179340139702
166.72909647328686 93.8450863955285
186.46231665616546 171.64262283182117
147.9188366445453 72.00006899571723
226.61656521743683 237.75268456308154
189.42709528109202 236.5447148694034
128.04999249488347 159.93550678921397
50.62249038774494 13.195457111622593
27.18715365055341 245.9512582258256
101.24140535318062 190.6074393483882
249.7875253891027 200.42919488124716
130.24645803907154 128.20520408131517
227.37976147362593 63.834166174187025
60.24020522464771 141.05009348442456
138.88471098834194 131.09200867474323
130.74317263518427 193.63732617096778
123.97883364913193 222.38501524082304
125.82884427696136 196.09575380060386
126.5018146015806 242.5889002436011
146.8887487360154 113.55624413545901
166.4175102449617 10.005968135656683
207.31006838435943 171.8443946323148
67.71506755643411 174.2149359350186
182.72123314516855 136.60078421449964
76.8258499443025 39.21964406298273
213.75789174909184 196.18254211377197
186.35763063468087 241.69414442379994
71.0627123029047 105.19375103275553
141.46578653157727 9.958681443361566
10.0387744600329 195.13125279014707
232.5229268829553 245.45872265137464
190.77653574833417 106.81246868266378
180.0387613459643 47.168739178588716
207.29433803624335 0.6941889351728958
134.40347090796277 178.82739734812202
60.36575459628698 234.92116595440785
49.05870549854405 21.584055044766487
66.26248412274707 60.47002505467927
180.16927348277736 44.55236612915378
133.70700188242452 80.81665971937066
116.06808722400439 213.5855517205612
42.215725294631135 96.61710890162637
169.983230133229 34.19220094409028
94.42801249567614 41.31542507619906
26.16805606435793 229.5533137743909
235.93423026309168 237.05924240741672
249.76702733619462 95.36113541114263
128.82207611755175 138.56358718114456
146.26971246387814 36.22081375182523
127.6020530853647 158.28523725190755
14.629935793611965 155.18082643364912
177.54018248406467 175.12595647130735
11.883621517654097 61.11242276968245
105.9793628909011 248.4321121747775
90.00582239855234 17.22567295712177
98.49122189022319 167.73167164488348
50.06987966277518 193.27248321218883
237.49703304634266 213.16554222015955
90.82962893916418 223.26455158341636
17.215954792374117 105.42179933121982
239.99479148001453 61.78388770579779
114.51254532242442 173.42714380781368
123.6366689312035 173.32333371328752
173.57757962117722 12.473136094907494
208.70910867536315 54.893180117483844
210.11484683278687 185.29258346967512
6.429356702033151 12.959817331190365
156.04758205709803 162.10421147775975
99.37684692673216 237.9112407039907
218.72730884481481 43.749385562780326
118.78406372914982 40.38405870624509
218.50358498976408 29.251316477378303
83.13019781978578 58.57561841172368
115.90732141700232 54.559931202648045
243.69997471996572 176.28643368250079
95.73029509845965 146.89313099367465
64.22265184243494 244.5092796672188
155.0361472116447 205.88496187665905
117.66210928951082 158.6462830563209
221.03752641468932 77.23999062157597
17.92745615384195 235.09244163052836
123.47517350697615 108.88219096213773
53.81186539729471 123.62968603066898
66.36140389389334 121.72202044888341
149.59298349748758 207.23410445273666
40.61183058814052 119.5044289985919
231.76843309268943 68.64341182232143
94.23635109854392 89.54563838208557
71.69915399362417 62.36770068777686
54.470234635926765 106.60345000355615
238.02177825502167 213.80863074764338
160.49679004191728 126.780823346058
186.27076981437054 121.554476549567
55.41036513313019 77.54640421615336
216.74923639931933 52.04250153657233
221.5389000353637 2.459287255167808
75.51264005658503 239.88136474367528
165.4170866938272 235.60370087821553
20.89550405214313 23.137736839353884
146.86081181396406 171.20183952736778
209.57195254195858 42.76028334954432
78.70343623287803 85.17230429006142
36.72613893145493 41.759941253113524
45.80766143151527 18.409120004330788
100.62695843549669 117.2001860599407
116.00760493724205 28.490838077840557
83.87806438410989 12.57792473418723
96.29768369482689 35.366207749965184
64.86534781681789 32.06670205258696
183.5692637537396 144.44683599562762
213.10613146759866 42.86552295652887
243.19461847827216 95.2048345821764
105.61542662042552 178.70724506523928
40.458208497586604 73.93643759264704
139.08216690103674 206.72066159850422
213.5853615911563 225.30602140344865
224.58177913554863 225.16669561347166
10.455803468726183 134.5823791876229
248.04618723935764 154.27965889008033
65.64289482732771 117.52314199593187
1.501672650266489 8.420788815333008
136.50456459865583 129.73275487017838
74.29636540473756 109.60441962718274
201.13839803762494 60.62647292513082
150.26216717927335 161.97553498727186
69.93768435476031 247.78412475676913
30.59877592164384 134.03921441590114
175.8419003412758 76.69303024172109
246.32787718337326 179.13779346209722
185.73153610997377 228.35650456425947
107.41359614019069 238.594280962866
49.816345552707446 161.87443569107865
239.89687238400097 86.74770625996084
188.36791421664392 91.30027780243488
194.9295346864539 185.26286783323835
104.87278330511785 101.5804532814308
129.44957504982273 146.96868222734338
136.13230188038264 104.57101633685234
84.60453997131256 133.6272175582393
141.4148847516182 83.61675525516196
109.54215022148769 95.2494439203341
53.38014430645946 194.6915382981186
141.4484966188881 24.45089102995818
186.90277147844884 138.0279354005327
185.13725063653285 208.3726440692531
172.24699635071804 5.746257564623658
146.43700350346185 98.49733229576893
97.29680898364565 72.91322792320528
143.59828037573473 62.923176871935574
171.78189690355177 85.063211834156
211.01950974027272 209.34244368431905
4.295935464577349 14.477367653227684
84.32747184162365 204.1930199437788
144.8956890696079 10.595737820056462
154.47961614161838 156.9323797243336
174.18261782055373 37.40157275246364
236.4584903625043 22.689651936718068
239.84405750725202 172.4214759690694
165.02147443142425 239.20412324893488
225.75810494620347 156.8322347240069
143.03895530323072 210.94301272947595
166.46589835786668 211.23266635577085
175.28231761613276 243.91959442168078
183.14561946907696 113.65320900271328
62.89296311929029 160.8161952831581
55.68161116590723 36.098782562260375
156.50510783911074 125.47306614716203
129.23733509343586 62.64200555218369
37.781790235366316 65.00054255589232
22.080222713788068 167.95662598387437
171.87315547069304 7.814503496713254
6.030659157100077 231.1643009422295
16.16134255591059 78.95093422203436
157.63567480786466 118.95556505228814
140.12209740206643 151.62042430280002
80.26165740094198 9.354775894915235
17.615419643509238 71.68301133479405
214.38794123254905 245.6314559682374
5.116473050592068 18.87774411474874
191.18838109950454 155.9628465396634
191.83198185780876 14.246811227025368
181.2291524991187 159.11786090437488
152.861690094175 103.38501451524598
107.64224097690186 48.133748264437
137.3153425542109 236.28748801209895
185.9064894812513 14.538603775978737
224.81574869133513 118.66164364927786
162.12426646448228 127.5119990694639
192.90025521917397 231.2606633245501
245.37047828778333 132.05163063378515
154.9262987460768 117.60156510037275
59.10294758628429 14.573626562267211
233.3113463358492 53.10884234874383
39.90953342381767 208.10683747853292
129.23907657271488 94.33703639030058
137.80316924801244 130.6689846889793
128.36025818483026 158.20597139091814
142.85610222003334 183.91493219597254
159.23208244694496 14.1735612473195
75.66766030447123 41.60148069176611
245.1569037026605 235.02655228977238
247.1995262730966 118.84308624256609
238.98133893728144 65.37105828420553
168.90060945756898 170.1739034950523
174.48549087619165 116.50209012031715
176.7095162326924 233.90835349400547
230.67186561393876 46.869943420554144
116.1743151522711 43.07305048909474
10.630766090550441 146.8548728295008
91.12610239310307 158.11564927605883
131.44727860962007 233.02048366291223
166.6942299977354 213.65246672324943
25.077875755344593 178.8977954521582
139.82675870532765 165.56701168081773
2.4671332272245827 62.79548136876581
142.12056317390483 167.49409098810736
30.916316276094257 22.886438907556705
98.162389037555 38.346499568818224
142.33881251054765 80.4497700655153
98.20695730830825 156.87138774883476
185.93014778182257 160.77526222343752
136.38012788959875 34.98905647548592
113.61542847122327 205.2187825513332
84.20206826686827 14.094821240159316
139.60405365838008 225.24293052662205
143.1943990114736 108.03858643708489
210.38190371074643 247.71191962610993
51.845567262478745 177.39639857035763
143.80646010486726 195.84116203544957
68.95813200883869 205.93595915716756
130.60991214342772 69.38019631846146
28.17895650730509 78.24478320060038
90.60551989122095 204.47680083119425
13.961845457356404 208.93830205704788
59.11151790797334 185.7801916242373
127.71645327873424 171.96150809015725
114.91463856396994 227.43453099379232
194.37109006266832 76.6787846522995
29.642125021746818 51.29182819417755
149.09766344355464 192.83248365305076
128.98690778034359 184.49022903343536
105.65973553922714 227.84623903677615
162.48319819488736 69.32815658033539
47.465830879953344 107.52610708812787
68.5766170196562 200.0632901783384
216.0297841496077 57.93913602696735
218.23605276677085 53.817142981234525
207.05877585561294 19.428473819014524
162.1311034394607 147.95301718078684
139.19700720015743 50.77942341403341
182.07702735871894 145.01502544998706
156.66606465731653 191.20470968223444
72.45578407530034 68.93508707770066
238.35723154057038 41.550668891684765
56.047670394904245 48.049906695751154
223.86067810232325 104.18742703677994
165.98043041627395 135.57416190367147
71.11179392917286 55.233764816514515
161.84727545808045 171.11538429898272
17.29945792709045 174.36205287876186
158.72141649678807 94.31450400394128
161.1362185155952 151.09032413691656
33.30266367998744 209.55501784728904
33.179662423979295 220.20201956558128
49.04566315243361 185.10606597926937
94.5408415900213 141.5458540660902
42.926296930650366 165.32941149928072
123.20480944437607 74.83483027246882
223.70542543815316 35.90463005658101
83.35368526053055 59.71156678648212
109.65042849027672 103.94215011090024
107.30416739109496 39.743123462633726
202.5476755757386 111.68050648844738
21.440859228054997 54.199480185492895
55.977903797344965 181.82551222496872
116.31537742299003 116.49566220667943
52.18699350889863 58.11878651119037
160.88383558350856 244.0011380259747
12.61808092530528 118.4721121153
177.63179971896557 220.53016563338522
43.85163674540959 201.5621516675441
120.33577605789556 175.56763012579552
19.580452040356967 33.54575413402705
131.79514699326657 196.04138365242886
42.63976201161812 166.82565055281955
101.76085724905673 143.84180351274932
22.897060610006932 82.50825932510195
55.82801179542699 100.61563012368902
121.65215119537612 163.56661736907046
3.332101807437593 87.29632968122041
157.25274103376128 122.60424867046765
120.01837039643401 29.300723159752266
12.038991975510644 73.94615189932018
241.46994167707922 182.44526700136095
98.52961477523503 104.1888464237731
169.2863181595864 240.7754054719664
16.585395410075975 9.009538109338882
65.64483991922371 167.63371847802765
193.90621222343643 182.7482296886881
152.75123877321124 88.50973568201847
92.68735366941041 81.68747547832892
192.01482490308652 179.10423857410916
18.135952699497444 162.70791667876173
175.11776976170452 157.92792364519042
54.08731644586179 228.94826675323233
223.74116755409918 209.59195825594952
111.17427983106121 232.40366459727335
35.03677262176328 237.74709859496969
54.13424243714182 186.0277479230941
104.06136957081313 125.14963415042583
71.89280352959452 118.32691534750359
186.16383486197284 154.02896899971037
117.09541148518201 51.24773431991997
239.29090089278367 116.9488140679206
238.38651652423025 42.092884208059566
131.46824461519427 213.56475313052
42.513650116380305 6.40799302846487
138.78423194187428 153.17895433932156
231.06514783827302 246.3266090837675
224.06351558947892 245.8448005627296
183.64629459416113 55.762814015835495
26.53926986616578 167.62547752355968
212.1181314969287 198.00136563763814
4.435039087162335 84.16078508701935
117.96055964291772 104.75920288532379
192.47486158433952 99.9045648107434
180.6273000485036 215.25120108377087
103.72474461737025 119.921145394413
168.32344079105602 25.189508970452163
184.05576812658208 136.37780197466208
63.79151289102486 3.6731436143803697
207.36954304153107 81.10984379414433
164.3521083830555 219.960729307393
80.19023168700068 237.18428135288784
11.952551639441117 72.67772919216658
228.60502903266217 31.64955056762922
45.03134181737367 144.93477045538893
88.01163853723682 228.03130091029323
177.56031601588703 17.250414418153643
18.657609203980492 22.712007173217057
182.17247248964756 112.90577531081028
26.433285249233272 209.49089449057436
69.60807941539066 74.89755723189242
155.37283314539852 6.857272321663083
194.6117377398689 125.66991515654202
6.046441481644238 208.2041834240226
84.06446435129841 187.27434446183776
30.051474949484625 156.85078281359688
92.48690407515898 22.038650625117036
115.39946091547284 70.64913063670222
186.46404256295196 3.167172621969555
73.46125508551002 147.86730203712574
18.232845386106757 244.02256107534203
182.85706736312133 242.0103903965689
111.0991694921353 110.08721344484856
108.9541742673966 35.583964592187904
50.14941590559713 17.497077459706162
217.47874795388648 14.185080951890583
208.80901801809483 236.95027031906642
74.96920461664935 204.77395208963358
48.102286355626774 178.10106404286384
15.893863543121306 232.00587212197587
234.24497993631843 196.95318876150245
192.40335856552707 0.299569926378751
88.92223313974549 17.400300780538196
0.031057817193896886 88.1048465340665
203.10660350517918 181.19765497967373
225.0051201950203 71.89246406064764
23.442565027197798 242.90864273474227
183.8521693047066 218.9012310149289
138.9455462432806 151.5144792457197
82.4615845951977 92.40330176261492
113.05020958567886 63.05209242409193
30.31951564017629 33.29044124251643
2.8669426522310304 177.18668135753128
156.71885552578684 247.92681930710165
108.71027441741444 166.81020925173252
243.30988255710733 206.36413401485396
229.50184076601906 64.43985015579618
150.8980028050401 181.59903531539427
119.36057627464955 10.274919118692411
51.55574660044843 222.40126922257045
219.4795802707166 148.60509652277003
94.46530261631841 3.244770567887051
42.60433853274318 163.8524296582534
134.9250647412645 89.87783208188607
28.08026697329849 106.1904696509644
112.84364120637261 184.30685563678443
22.25469493194235 18.156404196025903
226.65666104572102 140.09942458951534
155.4857437124131 159.58933933627353
11.841185180321096 57.58163360758722
6.71825036579074 48.94831961681989
223.63483202444374 126.48053067622922
39.249827953287856 25.069137021453663
143.19047327599304 246.48262123845888
194.16637992868965 172.71126459098292
15.429719781075574 43.109269208249174
151.68897189235156 238.0495826378224
127.20279716187748 141.4493209944241
236.2580912587166 82.85945160198496
165.23228507994824 25.149230382671888
184.0609273947068 52.41846099449679
120.31894630249177 46.3298424677881
94.79389994760878 169.2913097316564
144.97729097303662 115.5683563923638
163.06421854728464 110.84595515949441
200.0078257123796 1.817615734232697
179.00557898284376 131.26242273261292
168.4994608358428 64.09260398877484
111.61969719483972 110.83737000723879
98.69875862495914 167.19080151149524
1.2498954141584584 1.0599915096692614
7.985436735678919 84.45623312607253
148.3654332867398 110.09410730395331
32.35247095954277 192.2674494473878
20.311226650657073 23.048327709952577
59.79453422983524 206.82074818078524
8.609355850235922 176.01988590975597
107.98701363683271 127.08461907761686
211.96734088224105 230.08990742697057
2.232811817870717 34.33293482343805
122.10638683055053 179.51543002633724
21.028167345539917 104.9761797045194
197.44304980623878 42.7394019120165
167.23597426747517 123.80338846345279
243.0504384319298 88.19221645723677
106.45535209811955 238.77256832246644
98.94348464933894 171.1089119433345
66.08231062487718 173.46884794124304
44.482604584036885 118.31477462751371
139.55332678685332 126.28006678818474
187.71519046029667 91.26984577071912
148.12737692596784 122.3856175224029
182.31113587831967 55.880875541334554
123.03632291877126 111.77798174697173
242.82460640487955 62.84538373291998
202.17295766379604 240.78787557458884
42.700431770191784 60.88569130299165
137.63070403726664 158.66603940535134
104.94664636056797 140.00085168683128
209.40130244502762 244.44308026935067
154.64745039712105 244.3525397573468
204.69710065728228 49.83470502373258
29.383659291136926 83.54209253109077
97.94183712475999 248.99124686424335
171.69391154795983 47.47003090467944
76.88300403930992 241.85515222014064

247.824420278272 156.78615896492838
26.48437748427787 89.3867928013283
176.77556548854315 222.3893121898839
86.2784311342179 5.125156070154041
35.86693655371867 143.20661694517509
63.595480467140916 245.32450210574686
108.23535710057322 229.83719398989723
236.3533282124516 61.83411366778929
60.23432457665545 2.042785840347366
199.8949844063835 231.57841973073545
111.39370383008063 200.60643657001222
95.59710207931305 237.93388618597814
22.607662644455434 30.06572677110769
26.61176577219787 45.059619370210555
118.34617797207464 26.93386472662396
105.16621410892401 179.59535821163976
20.927073820660365 102.76324631370348
201.57389746154877 228.93704243553915
66.37716455232406 190.26829600589093
143.47282553393973 17.63098658857054
191.60624570256869 174.02029621599286
11.277221054616094 44.15953086042476
138.92667905493192 85.44778718554124
72.82338257044893 84.38438390402764
187.00056634228747 33.04874450360698
44.39710008947289 108.34630897227888
45.889810405934625 37.5629710044047
50.674736714752086 27.623055240312915
121.56798508116314 113.18103448954366
86.6860893383675 118.919403297008
196.51115366914954 103.52881180429863
225.77299810587454 31.171926773770593
108.10408576838523 140.12416812613904
190.01934010763117 137.03374247334213
23.090538005433064 156.522610582563
168.8927509459475 216.2708487336653
132.52820046824016 177.17259613051598
26.197774688954595 16.91833469959203
232.10349742599524 177.5613702266465
201.83720950794674 50.11163042194139
117.2370807896817 205.70170334081942
10.432345926721709 145.6481090442934
180.52059249195662 40.68566866670223
214.95500306750822 214.8887823049976
84.08025417263346 239.6303579341013
87.00297861906326 107.14767517450821
166.48535028326236 246.68657843441744
201.3228474803049 194.53174134174034
217.11418648644386 193.12975379234328
145.03091027386452 169.08625772314204
127.37544502533213 10.970137350691523
79.19784880365371 1.524591097932293
32.494638252043295 97.04623936086284
115.10619470712616 72.15378446969162
128.74648246384135 241.70497673665332
48.14574822107265 78.9577268154226
240.74882149961616 218.18675733721287
67.49433981652975 203.34401756017147
50.96715807827212 242.221570523195
106.10699151731865 83.45636519435034
117.0154466116968 81.08932135700775
19.02829344368412 227.26430820602994
216.81046884922122 173.74430469898522
103.73892747275002 151.03943350712427
101.20581902402706 179.55177807747853
10.146317506830204 236.18477539950808
76.35737830269146 137.68745481472587
175.48725769058217 41.28206450066283
184.13963732854177 88.15591151407126
207.9703308612226 127.36090397422622
187.69984275922934 51.18735720753695
149.52605519843084 16.693148300239187
91.11336811666035 21.044263017374053
156.81750067572312 76.93432053535743
107.4660536548538 157.60417054615482
117.16766865283896 6.772897598561922
244.9595365031828 233.88290870082605
210.0659268982132 7.577808326782537
239.16420223008538 161.6411525718307
159.13439481634376 45.794029687912655
35.16164357152818 149.92908574977216
214.34145463914118 9.169540844730568
154.70906383927377 112.94594354523934
114.50360269633822 192.56787686497384
164.72877550124466 190.94294392793026
187.10999573130874 76.2078871956201
114.27939874217077 18.16064340086293
81.88245933732006 20.364937385504962
56.822759955624356 241.57954002199784
196.85431887164953 87.07116288761927
118.80310164491897 130.39612948125287
121.03908170440126 46.956702158122035
223.12639781025112 183.7321560830099
188.43705323226126 27.731449617458075
154.06879764976543 106.80798500771118
124.01870849904337 217.67320087597327
212.66566410057317 240.54615811831243
182.27360201732503 115.40572642200634
70.94422290118277 129.48201996641774
186.90008579004981 4.476348696806188
244.69813988173 50.646650209090424
154.07466006625162 215.81888659644568
25.163773052348404 26.92976305450756
236.85224111832122 16.631936817104148
125.50875174012604 131.8488562843936
242.7636334398731 199.07418832001014
17.894280585384337 146.8554855369559
123.79540827964355 179.97929229531033
218.73864542719565 66.22395177228505
94.16245246658659 63.635958728536416
36.358259887489695 65.49525044465231
42.85344077502534 180.05703561833138
61.17952843145849 191.8048314624473
40.53164718223484 85.90078341729682
148.8543938027514 4.832562166653065
159.02269046421142 8.350533619826322
113.62916091414222 117.65563607591493
37.431331684790514 218.94190632726514
41.93975921989113 176.7457086166402
104.05279388524033 138.59322945677505
248.8219969926228 219.13563846614355
24.659842709020303 28.434866988076706
119.87241484894109 80.55856500684696
185.5042664705884 67.87870939249346
20.01568061042372 199.6083074282096
230.37955636046803 23.315064789497853
72.57699393182143 32.17514855980866
150.94051102119863 184.5544923554803
192.43612027783885 132.0686599412993
230.44607671984582 168.4196395685701
137.67689362463312 59.308890558067816
178.71844256784598 126.3998544536454
209.89962420634015 234.00805752337718
157.1744455493052 4.156461213654373
48.15370657403658 222.78946053880065
131.79786195446286 110.057350950954
85.1135946332579 175.11523009048278
195.80614608491788 159.04642941277288
15.66557558523468 46.00181228216271
134.65492722787354 187.14235012417362
14.188975332343007 173.0008732531561
6.8523642595135215 46.60741021618098
230.8543829871974 8.246941668975937
101.51251186053491 191.70123811724872
201.94667248849026 224.93786561300212
34.25718904910768 215.39667408870062
12.48027220472453 116.0584478391766
67.8720558282181 153.46269271026662
2.3075611298271346 107.3260405674277
137.56417494193934 167.69689418218638
196.0930354345291 166.08121273393823
169.26078270657936 150.61925512602386
87.89566059324567 101.4303839103968
2.7202011715420635 63.39922961641348
85.02494805718099 41.05793277582839
103.19913890781937 113.31951128586203
217.15189379989874 12.207508194078398
19.82591334737535 117.89653944342416
28.007576768159932 229.7530062780545
227.01107794787526 89.06392820824671
192.2196852203099 23.899812074434063
97.23536949382405 241.9984884288849
95.38119054583072 216.76822858645062
198.81479455952476 245.5241390061162
169.45147926536688 59.898809079835246
70.74672220306184 172.59617039765507
119.88368284196507 170.52388716865306
245.1234279612661 126.62934560490261
50.06446222995209 166.42407303787377
7.668036014451013 138.34806057185318
12.897401196779457 149.3207393126108
209.71707161714053 87.91351067214026
165.6522467148202 91.87927631809633
175.44593770645292 85.05686417833091
81.19384404059393 122.3568592404091
6.016162107273154 186.73933192735305
88.56344011740877 84.52140471578757
88.22492560135342 82.36062184958654
244.50633774073677 61.10264947987784
106.05079756427746 28.141752747482872
208.2188581253893 183.40082575577236
138.87435191015737 216.01876362881765
24.269724720645314 147.63573370534468
39.526254492688984 33.72567282548869
203.7912307358936 15.163279205703233
64.71743264855363 55.453417622090384
24.493404295117095 89.43320974279384
50.0948557150514 62.93466274676651
184.05294673648297 132.93149107802768
0.9369618359792442 241.49063549082643
135.17300759311354 154.49280872825665
113.32463975552695 232.77413647914298
151.801799011184 110.41882849736228
50.20625093198178 184.98948542110813
69.57066295450146 45.163448619003205
79.04945441754585 14.712826505447667
227.10374607389267 116.14052532828259
204.4661866358062 170.16098894819817
249.50522104235924 49.76231929968802
238.10261281374875 202.69719694010732
230.32662034532606 223.11584985570045
119.75644278937698 137.87313334418758
20.658282936884902 208.61834731698107
198.36350108720308 163.27023614217435
116.04893130721652 95.26463945310923
147.4284928075401 102.43001442968408
146.0470745931565 242.78308960552366
231.4770388918978 178.29940196896922
48.707339830925456 157.24009623759275
7.603951591140495 117.83243063527976
52.75087024083452 112.70636136153352
226.89187427438284 200.36435124884085
140.52691536449052 93.23670118133454
75.35139965465387 141.68867260623844
210.97560749815014 74.39751804052166
87.8846213384048 44.88859442810103
234.01565979756668 56.131870654163336
249.69500613766098 242.6626249209605
107.73616529272725 103.08395220571678
159.34163033746998 86.23183431219269
152.87948900018336 153.3719091038726
77.67473893845985 119.82727907344778
43.81541791207211 23.65060501317101
167.98132909116856 97.87105087958983
92.31276806050123 211.51314662162986
76.09108965982637 18.61529165064013
171.5640587593054 83.01842081384639
155.30311764821863 36.17286969416669
241.09858051248645 154.95114634824998
220.919337268448 157.94673298880295
64.63629586511985 180.4110575615932
101.56598460343206 13.606920110829618
243.94282756587137 169.8027219795352
90.84362243086392 196.20453193417194
56.70022427766533 3.2976835525455606
38.87060608261095 161.5003315326091
85.26277979515781 11.279969694518888
90.98467646895584 51.554992287438345
85.74139589343186 43.57751470395607
125.4801275633144 194.6953847783265
19.21791099161113 106.799602359929
165.13607517666196 2.484655266856178
225.6144300624244 15.601053432207024
20.45282100621726 11.036697450288207
19.217483864517078 192.9145390030544
119.75952062865363 226.71338579826875
20.538357754805393 82.254463502894
7.418704673265747 110.47500860342824
152.17989903974808 114.8252867813824
148.6107908743923 233.32174602403435
116.11764969082982 199.0982138336973
62.255631054142114 76.43429197732871
97.2887778496852 181.8441541467685
171.32777907386418 30.706621290277457
88.5794066245423 103.686166069312
48.60448394103545 210.84275829011997
70.27325236479956 231.46800744039106
64.7764282827665 9.719026692028537
39.92169812228482 138.78776913455002
248.44832545475816 204.55750102583474
237.58549876830517 44.41126259185435
102.73673844534962 79.49465234086084
83.82964107823703 149.6652200271329
57.63224966314925 134.27418159745375
244.1047776796311 33.99029000772255
162.5260378230639 152.39385556983893
249.42829276541298 116.58396191968271
163.50682021396065 27.62167957432238
145.08924853277253 160.9080653194983
204.8912285899289 48.107605854964405
71.78524228948999 73.56617512446518
121.46931658917245 149.97863383980157
224.72755269310133 114.26469631626168
70.62826936708969 130.5951973243218
239.0034618034276 246.0743854890225
56.97718578776526 92.51998480497426
239.593202240763 122.4664848098836
118.54185181557934 101.59177679119833
188.231255520606 195.74583281181097
132.48342839593226 221.31209774857626
61.17727053838917 121.74817535582
232.63145630156205 248.9888666157275
244.40777062137337 7.987158340545836
242.65676843214152 39.13939987852072
137.12888817822093 197.49717315201946
24.13232684017452 47.67452209361595
140.91733013018793 186.1997592880077
53.91972273190318 169.4873591839732
55.26438506504011 114.19774586385842
35.793760828024766 146.0470146928
226.57814376948156 92.5263512117206
104.18608975258492 238.06261508560542
133.06822272486525 227.8537277881615
233.1243098485915 35.24302967995055
162.4357570037975 121.02049863442346
73.31897763219331 92.94993554954972
93.91124285889343 9.295308148912994
178.62220569275595 146.7893253196275
207.63487558889557 124.51269887627997
121.15818158105915 93.44819515300287
16.19455827864355 220.31179995988137
241.31617175429488 120.12061308182517
136.50769981375444 219.50038905946496
66.35345295294302 93.86138498433353
208.74833474531385 204.15242791849872
21.536278031550477 77.18248310974329
135.94032225843614 120.3732786066544
131.87944915969814 211.51833370386217
206.52803138771029 23.348919454307644
51.8594035843066 192.9885751797409
29.87459167164111 226.38282269024558
198.22458185050127 220.5518310214482
202.90239394253638 88.22523390533135
61.58408073188345 248.002682660782
167.89882342341733 171.9090929785554
60.04850036726073 61.52178887004606
160.51578656369412 190.91654221996762
37.24851226425444 96.62146901210441
120.79988961173952 15.539885547747101
89.86928481625509 10.167048905890901
202.22228365559553 54.57145638739691
174.30323225156704 26.75515227487249
72.9051630865313 218.24089368222624
156.83335439295752 107.25824041196674
218.81602413133922 180.78176531187952
165.37283610936043 198.7577179987525
150.2794197135152 168.41923548405248
187.41824800149158 78.18163728935946
75.18128033239476 66.35797798106091
1.23020899009596 167.72679477421744
199.89603439449348 143.16276589949882
70.64914552454454 212.95287859803858
189.11942860547106 231.98653158495185
213.79462271805718 172.85675133851794
172.7967201115885 34.64974083771635
205.15758331645642 186.9453088370843
6.063837980348291 14.170163510636907
194.431441342664 99.24379723515835
179.72765645344865 32.062878006106935
48.067829098112746 166.43880163821964
63.21253816392702 69.80115453727132
46.14800879766221 174.4529496678548
186.27228295666856 218.3632995016236
32.36182180284808 245.77556031607057
123.458505001353 181.416832129531
46.94410940892796 234.80497290970274
165.6521012068172 4.934914325409379
227.87167214878028 234.62266079713282
65.65720574644106 92.31481661366797
222.12989360355772 28.02483774292336
2.8166542229143277 154.75139225689463
130.93106299244133 173.3386226006178
79.57578871362811 188.84132127618983
224.98445146432852 53.25725062672787
21.434154400438583 230.5550091705153
71.07609493139181 124.72591583632995
31.7997601420697 99.91375318838527
180.1213423044332 233.25130665503397
98.94573033514101 153.39181527104682
171.60313681256542 122.28695650625882
98.74483212612445 31.651212790126447
48.977304960632544 117.58587765490755
96.65512286989258 186.8410120463462
1.728032019667619 118.55487753572014
37.73907996503234 3.0972238304069197
130.0253453362679 245.2782592500243
3.0800678633446097 51.367624300489354
72.30942613660385 44.366928318250174
140.14649576652596 198.63872236990642
224.03039923443114 109.03913667404191
184.56319490201741 192.04017318668855
166.2636385421293 228.73658298298164
226.458794218951 92.68674901864985
13.55417440899953 212.07453957125475
163.56595681864275 137.23279691845252
89.5352431739484 81.05389587249978
30.77829234106358 231.5423529613169
153.65312393801713 60.61687858640044
128.2347057059312 107.38918635874042
26.34918338248504 153.6576860736813
11.490118387729066 116.6483146065845
118.39270136271557 97.26709698662187
138.88662770005325 113.07891610571882
163.96797974946008 93.53538508821343
216.54805338960003 117.35287957093577
244.97703421308566 95.09819638266467
170.6157057210265 29.882807104702703
53.463398681363486 180.18223217273615
30.53045595693024 123.63947248920223
198.15608757902672 119.97989156881988
197.95239648681655 69.83367167947289
248.9316293551378 71.68528009645136
120.02032740101664 1.7082407011872192
59.3319551994968 105.47151337434651
125.94100998237032 235.69888540766
126.33006694983057 221.9733680408408
41.00040760906604 156.05981880042444
130.42085905035555 214.9803331219397
27.073761378237997 43.90316409305445
27.14172105269258 79.44706589716318
170.01033674944995 107.21712831493657
39.86011180160695 15.558667975346358
55.39652331276446 140.99951328151658
228.58342043505442 63.72552318719621
221.61072480652126 22.860486218195586
157.74588019216955 112.27307481968579
100.21277422907157 163.749697417394
190.9522212032809 134.6850033238608
187.30817058706663 153.70069003722864
130.65843871363208 78.84469009127059
10.20813903975118 219.22292835943415
68.54067125493852 189.46284030784778
90.03631704123983 105.5243941986811
187.66572308519446 89.57753126999864
113.5106682219533 68.60827746846738
146.17491706422607 31.24462061484262
112.13533789005712 238.05883041205183
235.89291865877834 127.49530356664913
90.16070406859123 58.72572627689865
106.68088731142261 184.54168378191065
225.90838146917824 60.316099027634074
73.64912592675432 236.98138474614717
90.87215111323404 214.51704152742172
40.68601992034859 226.58814185579817
185.01661511994766 131.09496639851656
162.20887829386658 170.81173956317832
111.77649791746408 20.52484852175798
237.73097746577392 94.23529763339683
109.1278542378244 102.17529883307208
221.9993626773311 34.49880407648326
193.64097104590223 7.9994813264942515
183.34049422828082 33.00876109791834
130.6982562019004 41.684491673168786
32.93725569435496 96.37116591502604
119.4802047403391 124.00976114766158
109.44148849411167 241.6706466144986
130.6845454808749 223.5758770666809
199.68629202130097 60.94480876147179
121.54445674080024 23.273122945848186
47.90477354283418 18.576304243978047
132.11482371038912 15.87125989829824
54.59809475729263 52.18501244130866
190.08351653846879 162.21262031923393
131.81141925037267 163.37769182299613
148.1034619515719 225.72077068894743
36.13697628763573 18.166250601999224
175.2325968850064 59.78425341270685
11.9173119692296 233.83680064944207
112.88919561285276 241.30621018541552
223.1726070488598 27.032450345597702
44.678174461344064 236.16352015993354
208.98260698251042 228.68075193309195
200.96341519366402 149.27874535791855
129.86165117741885 46.511780495582826
246.1408211380699 237.28246858243259
3.751273179953163 46.981941308837094
161.89762515699616 185.42358573463096
99.86757644531366 202.25800994322108
187.62701517155713 19.657707810798954
212.0154841089767 76.16727914944794
177.64735069510942 154.48989548971085
190.77950836676618 73.26441147679661
70.65439059092817 100.66704351221072
157.5893736486069 157.22071550310977
100.13496004681011 21.67248391230278
245.95890713758328 127.70175298898064
191.39749653679448 50.16126026767515
157.7466674514844 234.40980741702631
93.16788675221585 126.09832430744433
223.7404708287295 118.36296818335776
98.59915866106448 216.94061685647011
2.0363713844417095 128.21390678278007
152.38357132280245 12.229602472494689
167.6610621483809 226.51698905389108
168.42258557995973 169.1663182334344
234.7672721114016 115.91439969818401
99.92040486873846 173.22617561129002
21.711653451819885 155.15599334985447
86.30272613694184 134.4584498705296
199.35203062016672 135.84312529538747
161.7955179598663 242.86967623283113
138.13187656732674 8.99483387124228
19.772143655989225 183.44622421197076
14.217822067348118 101.82175232321597
219.1372484919061 203.54528218898227
185.02550376397645 45.5646661380969
150.8582832525849 64.5448582682209
92.57086222635807 195.57337412861352
236.30973195423246 109.82368158444869
218.06128172518515 35.784054292166275
68.6296141808625 47.79232928542082
31.789597860704287 53.088550716806516
63.91687047718672 187.5300451653242
127.10480543390995 94.75330931999821
153.865738541114 186.99876667010838
26.586339412600914 66.01330718118697
187.24231455783698 197.231752567757
104.72119060538552 94.06632901019688
126.06880948839586 154.16671266864603
95.90449117017455 148.19248227011948
133.88671162199068 228.57380751414172
119.57706881260535 49.898440917034684
211.41773343524633 139.684923910758
36.107787849102735 197.37105614623607
95.38408974024176 102.88021918204402
246.3560014019997 105.72527425721451
21.686138485096844 61.12582622960932
54.670563598226444 70.74029847372348
167.25189231826556 176.60324689556262
151.2669518081787 71.26186297415116
167.5332689297001 101.83838914967464
179.13693516068324 135.12555521693042
28.001100657155302 178.4038776863038
107.67245187229732 97.41311072515197
174.79812699619532 3.762823300304252
174.99404739525886 6.081008581682312
230.856968195993 6.524289444357734
10.140089188725776 104.84962195933764
241.7052278752937 86.72036509034206
36.12643635856888 71.62869592154472
53.39908537086152 172.2604252343204
86.28928768917874 102.07901349685467
81.01708609017066 113.5772881681981
233.57349433462653 79.82813591196141
91.72108561481063 117.24837177158196
56.06961637041336 200.58808868417074
121.02565879484281 162.21306578557306
159.49218148757382 78.04770378245578
186.66589086986409 125.07626217976556
203.7972899866049 56.621208911480956
16.99406871812115 62.71874348383802
2.4566789226257435 153.66966927903374
247.6158769691059 24.266246627753784
138.1015023218812 65.33493372372018
0.7190767437776635 8.462492768780528
92.00555622193951 55.87565564331473
150.14330017854428 39.39967955949217
9.090238338586214 33.2297882679897
102.86551979223557 122.54193451484699
162.54675329703974 134.65324207217876
187.42393837931613 127.95943767618323
32.76495565615187 123.71085288450965
218.74170493311956 33.08805127146977
193.4189912132387 88.13442188427426
188.07015748582106 41.44365373612252
169.11358570875947 198.8259773518643
93.53968313576055 133.06281611526583
206.02780838812254 85.8914854364321
37.51881956661285 184.24300009181798
70.92209520638548 146.74636848327776
31.95554103518608 238.76347709594893
44.052300142608274 209.47377155035238
75.3978313877201 70.78178956647125
125.15688294446606 102.51142766869253
85.75140867512692 69.00587408810999
73.07307637898897 176.78824559924738
204.71106085389417 187.2925413181754
69.34057518216099 163.78415531448806
224.9594558326755 41.08961073096848
60.9652631510911 165.0185040911297
56.76794595029769 96.26974636958691
179.6118319817199 195.2410862975636
175.95756972946327 102.44485961538413
198.06673165260074 6.202129493376008
91.74266394713158 249.46607491204452
178.02945015547706 90.26003448022288
126.37889140887462 140.41200204501615
152.86121156610713 220.90527879691444
126.901983181379 178.15082581286882
181.24822565273186 154.32639467070632
46.41310964460069 199.67638259542323
12.820256310451612 178.6816120738397
219.64481255126785 142.44646985625653
24.833288312006847 5.8326247729710845
184.86758303902383 18.783934208966098
21.07891901107045 14.306234007869595
190.0674515658168 158.67722219741228
162.464390245684 92.23767470634515
186.09503479658366 168.2184472979687
146.07659541047042 64.76063910310195
227.86441023115216 233.27160568530297
190.78616523156913 233.31254426956056
132.721052356849 159.2445694336005
53.97716172487557 8.32576107441485
34.492038347333335 246.67119338895748
105.64848597718765 189.1348575879365
247.2833218422346 206.05217335153063
125.61259792035487 124.60157525863342
225.74447693461778 56.491565204110195
60.16222732301754 134.17142010589768
145.17693074291674 128.30425035516618
134.64386948568776 194.75375251254832
124.34427554307199 217.57181159774814
121.27701601232052 190.9627886338151
120.12429311079923 237.32744172863912
147.74503715858154 111.95200804603783
170.9562119136454 5.175950894506953
208.0089714655656 174.2762691811124
72.98382371934251 172.0891346087403
181.1559625303308 134.77969594779728
75.31686825016747 35.11785370584458
212.67749380705686 188.24772336346516
187.96008294571436 245.85885116776282
72.20237259965772 97.33820073012794
135.9365128972063 4.724153714014717
17.243815116168847 194.22967155872064
239.4692225699668 245.58203585011202
199.02101723845175 104.97912647194799
178.14914174719695 47.56146539640643
211.02537975010972 7.251170712206129
141.27321670738846 174.35473404834303
62.88442834535973 229.43487106333717
46.78284444723063 27.219270413576414
61.10374994246406 56.51886219377483
176.66732073204707 50.80099803803312
137.26898022602464 77.44146865514553
118.7353897233153 219.28898108478543
47.00109856560089 92.3396418042694
165.66483264553938 27.53085316922435
100.64104156843729 43.97696664639991
21.816668867766065 231.09365909921488
238.73119600952933 230.75721647161222
249.5930896016477 91.8244133614308
135.72684541432065 141.44751751239096
147.59859317285634 38.559849740291945
120.7484745581398 156.13432295416118
14.027062955333486 151.3076763506588
181.92390422851474 178.20972374516577
9.519827430567924 54.41706969068586
103.39666591297441 246.78016589464357
85.28858384974627 13.536247597350032
103.51388604752515 165.10768969468845
56.15262040231717 196.62383250677001
232.80945575981954 215.04938188237858
92.35310922972731 231.2006669762396
13.480175149378576 111.49680466868747
244.6378703221031 59.77896726322918
115.26398452238423 170.92147074458
121.56896287982755 180.1624222823508
169.72457800830688 8.612048082940637
208.1863778282024 51.09944167516486
210.32371852460813 181.93027231866893
5.373916187216804 17.281536664871698
160.18851465216932 164.61993834212825
104.13097243780139 241.11674852994452
221.16035613993068 37.86125125494505
112.95371333036202 37.99973355814465
221.64618127954634 21.4749238239699
77.87991720335233 52.64150249333036
110.56560199805115 48.86244101638948
239.09692487014854 180.5235989610098
99.81262525624396 139.6012828615091
65.41484420369878 236.5218225812879
151.73248346592462 200.75551315141945
113.7532657101995 151.26557199063546
220.93178568118452 75.80080735608414
18.179873360020416 240.39133616791793
116.06662253111044 111.23455681390404
60.29428069474033 129.00124676243877
67.38973129002571 127.81452145917207
146.13996426189803 214.95743595392662
33.440572817393935 119.08147258701906
225.1969065026844 72.08368559660083
94.43487851339233 96.72195049296528
66.44828856043952 65.43947693346475
62.12288559610113 106.91072030935558
239.80809405884398 209.32249733181018
153.63061988640325 125.49169121276341
191.85142753098367 117.01696296269972
60.4958983087949 78.86612304693605
219.56893325803694 51.58529465262654
225.23183992346048 9.110704880519126
71.19736851267541 244.9863875987209
169.9209026513095 230.5589855862115
22.75237617174125 28.850970218035897
142.7969551407457 169.66430552791286
210.01978729338026 49.84497399989024
76.30169172924242 85.41534462984843
42.101452791848764 42.993434901701264
54.07070732239361 18.803258572209298
103.99414011933808 121.8483145623809
116.52742595238355 33.081168881185924
78.84909938897027 7.133809665753277
94.07768986540397 32.48928306873108
63.60511649433454 36.77607329045796
182.6696827567731 142.52462709013707
218.3839045273311 45.68976509031261
247.93655069826886 88.90597339424062
103.786719730985 182.2479783181494
40.31442056775633 75.77851670643138
137.57220975026055 201.6082502096704
214.3859726333636 223.13922106330767
223.767096304638 223.66427460281113
4.719034460007321 132.80146552970672
243.24948801045988 159.4748487152729
67.60250673670868 124.32949376086391
9.72500287887973 8.612299784180072
141.34735371873973 136.14524309723683
71.41973127420381 110.55437665989746
199.98961914252857 53.5259806038173
145.48780209009433 159.8092811788826
71.55304159532136 246.10210604679534
38.821173690441604 134.7832227518814
173.40803882810113 74.85216746747523
243.1710922655602 176.69462585458928
188.74824651209394 227.92045533249754
111.74290681983636 236.12136206537159
52.61068617883025 154.30933279894475
232.1561569008354 83.88343788938083
189.9502478012757 85.2976258715897
198.72691467776787 177.94724781222942
108.68663176842306 103.74809943954949
132.43202751527298 144.58184906576463
139.8788643477317 107.45280717533775
92.49184615215833 136.36325976426147
136.31204831015103 84.427336737914
112.91507725433897 96.23926699837459
54.97766341038099 198.51024300949646
145.32878848044106 26.81760724203064
179.24016030372934 138.6742808036019
191.32563396087957 210.14075679413483
169.41310610355933 11.440062959822056
148.30765270390074 92.49710937603118
93.15312814444282 78.08177355178564
142.86708690625989 66.11831421193898
165.4359186806271 86.15063382829261
211.2653683974363 208.4810314662768
3.3135171383765485 13.066766509597677
83.61117971154611 206.0133933660587
149.2237357419897 7.237019662915955
154.0725755470728 162.02536294319447
179.93342744593954 31.17155979986988
234.79140673160342 22.588424083009233
243.73650687230335 176.00995259088765
160.85316958599267 246.10750924234844
231.2006866151067 159.56122754265374
148.16094341304498 215.50233953635959
168.30813038997997 208.16962228371023
176.11048934351564 236.36703375974446
178.97654597815105 109.3080659876802
63.50308240426528 160.7871198495429
61.83848966752184 39.83693858702975
156.2386957898297 119.13811251945083
123.54895483360073 56.91127955145847
35.395390693993164 61.015058594296704
22.704560734128492 165.93442308958282
174.0960092850837 8.899674798781316
11.282607117982069 236.19117914106607
11.142436749716268 83.82570793949645
159.06631574986298 126.16631173392115
145.97398453458177 149.8475982296998
79.93072168857401 4.747350814551854
21.147370366928374 72.46505212361643
214.14562415669204 240.81726971925562
7.489596751592331 18.96430339429217
197.11019139991055 156.94875853267942
197.17404889713038 9.327377892600436
178.42267652318958 157.93076161869797
152.46091584977142 102.3172165960452
109.28464511765546 46.26845177827516
135.88875146486856 233.8185067750269
192.01240268719292 16.021647620692107
223.09838624616197 126.51969168923
163.46907961670544 130.63721596026502
194.75482767957328 235.16625804557063
245.12312904626813 134.68870606747814
162.69966832407553 115.28831259643202
56.148294016198804 22.372642765080414
239.34665992110413 52.793968624200296
41.474628479888395 205.69520305707124
136.03735252278474 94.29410870332808
144.61491610241154 134.28413955204388
130.21798281954656 152.611584997669
146.7138192713875 180.7431144330222
165.3501354177183 9.606626941483093
83.18939672209189 45.35525365977611
238.60246968615309 239.55921527363913
247.71407346043947 125.24472463669426
242.19025398008785 61.69217916283315
166.3535458957748 172.4387948875481
175.8253074813159 113.21413624794884
173.91719595348522 230.6916161363374
226.51694075616066 44.60861371038025
109.70545380755057 47.08484800285934
10.899809068497829 147.03877023952407
94.14513836432693 161.84619731606688
126.03588538799698 231.47253991366338
163.57154869364632 217.87674672812454
20.70323125762122 179.28014172379133
133.7493045204478 167.60053965347538
0.3551423024157341 64.60474109241177
141.81106393371775 165.17662462945708
36.47335503404881 23.84811772656459
100.95443431099835 34.92471652034732
145.00104675788393 84.29998597594745
99.40591981554236 158.61859728268465
189.16406005122613 160.52277894597074
131.78147970631602 40.182234632301004
113.12668224785014 200.7509579133056
88.28296200604782 6.931200154859763
144.31418684795452 227.35694754004126
137.91857636174979 113.74999430372954
210.43233801010197 244.47337670533724
54.8709974837811 177.7852266985079
146.40989741011458 192.0853380317855
73.39800967711957 205.8165698926004
130.3815738151095 61.747988722904324
32.05276158441467 82.65951341048094
88.85336810627298 206.9097865468554
18.081216799035627 214.27350693869943
63.594691819997635 185.85869399149155
126.04526289013788 177.10541307422434
121.44758226305235 224.31723015210454
200.84800901414093 77.77129116953918
31.061382607461525 55.50507386753534
151.46945184177548 192.99170099243702
122.26673462306998 180.5973947425226
111.89144619813534 233.5850374050202
161.69227659437777 61.49271035840442
45.21870947319515 104.030898346787
69.3681021951772 201.5187155521994
220.42219646623764 63.70050811878575
220.95393661468722 61.01929798079939
206.9060493016034 15.664356138389874
163.65202104985673 148.64715892982034
133.559661936017 51.45907854925905
177.19521073863336 150.65648776224717
149.62226711930253 191.26084877259757
71.64538741948054 68.00719546668132
243.2588631658892 34.8407560385752
54.1409093839407 46.63347428961268
222.88985770160076 111.35021723042912
163.81923008058337 139.16466030974337
73.7341944909006 59.27108858331287
159.9768213596982 165.16128707352846
10.257895790798887 172.5287617770124
160.06607640337234 95.72031835101535
160.9556732379642 158.7927013168639
34.44491502420499 216.66029301951588
32.18126503579946 228.44620789936718
55.76990607822202 187.46704635853757
102.87092822327118 142.43523175770133
45.54314718088179 169.78180685852175
118.57601468454182 80.87275745725084
230.30556628343805 33.060423888535
81.92470394378567 64.2971550360685
116.81568018268823 101.32077672794027
113.85236673095334 42.10653746490758
206.42382190422725 113.46120236436424
23.179950055190247 54.75406192432253
56.5068067031764 183.61240996364515
118.27948152117948 122.44144310623378
49.06803066166526 52.195751811596246
167.17589425033276 239.35911434690445
19.06134399631115 123.38666455546854
172.25357828846396 219.59299900662822
38.69368343024537 207.98531975508942
114.9582204474473 175.96853797669098
25.324941502903986 28.75126292835356
133.50234078235883 197.60993652440865
35.95466779491882 168.50622425023747
104.2748151369824 136.81773005486102
23.654259544656554 90.18500894344287
59.888347563986535 101.17723386309946
126.00523541818667 170.5667492830634
0.8197166496152208 84.80634564272394
164.02966955850528 127.40009391774393
115.00026672411104 30.295162620882554
17.82226226426051 73.26165540727281
244.96672285286485 187.35843419965346
101.44087962200346 111.67998714400262
165.63661767781534 239.12105862728347
24.177078896834374 6.760440102014015
69.33074967746319 168.65393591003757
200.7717917659002 184.8970789787725
156.32297848631853 93.96641960466279
87.98281642723893 75.50301921966343
195.14121643642437 185.80518488435945
24.8630944941613 158.56274210382705
174.47641660239634 159.06604359278862
60.0909003739197 232.00996726882894
224.704612552978 216.6545989212488
115.29501856313374 231.53062516267718
33.69811337749126 234.09127154299864
50.97717610909094 179.17521897199092
105.54580640028122 126.12084691207708
71.37374638901086 117.36081407704182
185.10996405451615 160.24313312936542
124.59212157688296 51.48327381268994
243.2173052393519 112.2182040387808
231.56253378762057 42.19737687781891
126.992962921708 213.07914662078844
46.91410244249164 0.35936771643596543
140.61196499004933 155.8908859232176
231.42677929847642 249.6566600194746
222.76424973466098 244.77100227728315
187.4920587538317 51.76053695229035
24.630631752096456 166.35812326407398
216.371674593182 193.28634464388614
10.42594985365461 80.3861867036979
118.35752656237011 108.69291519261063
195.79157060548403 92.70772750083644
175.53671559054138 221.00031023965317
96.18019434424188 116.36464273582709
170.32004770990477 22.45312055708426
176.90851726105086 134.28510874003115
62.431108990309184 9.356094882151279
206.09822536295175 76.20798498245016
162.31867781468037 227.19769613566797
76.8687001874755 243.1160110365964
15.1552436495479 67.45117063246703
221.10637945992116 33.784254502251976
43.71756413125685 137.4848521467793
91.02147834261154 227.06920884718897
177.66430205725115 22.598238499435098
13.720455838953482 23.917386364546434
178.47888007631173 111.49696966548248
21.58483599043537 208.3665020567835
64.85376243285302 68.62210871923968
158.79810308399178 2.6055718147300624
190.9515567916698 128.7697950990299
9.116352654823883 207.60778353166697
84.42427032825512 185.02203386988538
26.21958389840076 156.85409576767316
99.5544038287253 26.41592640067453
117.12903534773272 77.17501769542793
190.4976924835063 0.10802554903888151
71.03752693513543 154.74037721926175
21.71624037945058 236.4272694063738
178.47986724314543 245.64350806039508
114.5567633164126 102.61000269531806
103.87646571125889 35.78552101441751
52.36626198962704 13.840003653863592
217.9921358912438 14.792922090190425
201.49979983412456 234.2868104349754
75.62634236861224 205.97809857334184
44.341688608571296 174.97747925323995
16.434302084037316 238.54800904739608
226.9460425659258 196.10650247699428
198.07969640489037 1.343290919093132
84.69819093064889 11.159201147941083
4.024704515292216 93.91582002705162
198.3782387122686 186.71836858375767
222.58656997940037 65.46662357952576
27.77118517279667 245.89129036817994
176.621364783074 219.05758138080168
145.9389594469007 146.7477792994781
78.68971532231619 89.54746916382771
112.89623949924224 68.07838489178431
27.20641964485576 31.84205001562751
2.8149641053091257 171.3785560093243
159.88549287525217 247.3849252836284
111.59984178718891 160.8193708657745
239.17339106810545 201.94751061485786
228.79330686787054 56.20763238188179
144.04967887510207 180.582763474858
115.60467748409457 11.299420176855673
46.653218472424626 224.66832470936188
211.71329119230805 145.26598214421534
87.81176881110028 7.41770893138452
46.744614463888254 167.40186283377398
135.51062893796572 96.69440913068105
29.681323618006044 102.26757741944206
114.09738293740813 183.1031215867533
17.253185726069958 19.693850346125473
223.7597697483538 137.0878809398011
151.65444346691396 152.26772284752053
14.477964462459441 61.80031983674169
4.049556380330666 44.8463133603684
230.4556204889429 128.59292360380556
42.74365958912799 26.443768654237783
150.45990362765613 246.47831817675768
186.87722377054396 174.01510326821347
20.679896562119048 42.802235156336934
148.7759387722725 245.35400729360632
125.92121305374029 148.30792658892827
231.78012085723023 87.30959972508501
164.33384161369048 22.868148000200428
187.1930768899014 49.3530709496442
120.13342352707667 47.41795934055126
87.53400113522486 170.50149046760217
153.25405243026768 114.82063038100215
163.73633345599353 107.28574470623545
208.3326575919059 0.5069950524992928
177.32149488602695 134.10174649036924
167.28990881513525 63.395404490530574
114.18103291897158 103.08432736307357
99.9507090900251 164.12140462008435
7.4978168213475636 6.799625737048842
7.622419684666926 81.75373590382465
145.9785119678883 111.83807780712513
37.944811049712726 186.9082854850574
17.028387637389287 28.505606750048123
64.20918462411655 203.57498380874122
14.062767030960238 171.32561479567974
113.5711213633343 132.764694278762
216.8013949675192 234.76956643194896
3.0946071115706966 39.287247947316025
124.41319503506278 171.56696214389808
18.456245079039284 111.84086385050546
194.21381268539318 37.475745619420714
170.74293269464252 123.59636357734729
248.32375309057565 86.85013964672541
101.52909783332103 240.71402587818713
98.73520708415754 170.01358981889715
58.419906287851816 173.60695943920692
48.73952215332855 117.2122478482937
144.47192638120194 130.6164286697823
183.22150183554254 95.93522511743821
141.15267503179243 124.5732194656096
184.22898900756076 52.27008399633073
130.8904370710741 114.58335701301375
246.7334158601586 67.488506392719
208.3850378403509 235.86358529856133
35.67250020160148 58.22397710342286
131.64480173122038 156.89666041849077
109.22356027439712 144.75027883203563
206.68341661625283 248.51419206476066
155.9284435731257 249.86111527601236
205.64825876165045 52.88482359563746
28.326630374321983 76.46318674815001
97.07417445824265 245.55258041371545
171.16489473936323 52.31133447521125
77.13738597411496 245.62717380698342

8.6 17.2 36.0 72.1
17.2 34.4 72.1 144.1
25.8 51.6 108.1 216.2
34.4 68.8 144.1 288.2
51.6 103.2 216.2 432.4
68.8 137.6 288.2 576.5
77.4 154.9 324.3 648.5
86.0 172.1 360.3 720.6
103.2 206.5 432.4 864.7
114.7 229.4 480.4 960.8
129.0 258.1 540.4 1080.9
143.4 286.8 600.5 1201.0

2 5 8 11
5 8 11 14
7 10 13 16
10 13 16 19
14 17 20 23
18 21 24 27
19 22 25 28
20 23 26 29
25 19 31 34
27 30 33 36
30 33 36 39
32 35 38 41

