256 3.0 0.0 1000.0 516.1766161544836 3 160 240 100

188.53301659755076 187.3810057683251
91.30239195781031 176.21516142553284
223.41178718856148 105.08781018088276
249.45530646746624 90.65670812587088
102.97912415873128 1.975480524712414
138.18241889545567 10.49141603047149
61.551018661624575 192.06716055067642
21.22520146369472 58.02499283034596
28.266464449933164 7.850722983468728
236.11961635467512 240.61190593667158
32.68748906570923 8.727153013041612
213.2042340563823 87.68848150621933
153.98857477130093 61.05001912468636
103.48412260531565 6.926095728959913
43.92990330971594 33.5810473340426
87.022183129599 123.42560754623862
100.85072260277892 78.74960027748986
192.3856782427358 106.54602119730902
97.91796765008282 202.92930618923188
157.84188819082448 31.635379601083454
108.88697063046051 139.12480806105376
83.0977760432563 162.22097562157103
25.737205653668827 96.3851859066403
49.26512456917248 166.18547358153478
166.03482171047645 4.98026212398614
225.32002828043764 85.74833453900096
209.63067443147662 117.09938137184086
62.021473883425635 20.177786553722683
193.8724538921414 68.33182579784031
194.7675748172237 134.98794900195313
91.30814526564338 175.64626520037294
128.22988157597715 138.62942280864806
119.36538293137237 179.10242477396636
72.18374347837309 181.45086645773043
80.00651455566977 124.07560564316142
1.7624129839186875 200.68349981124265
170.67408206007508 177.86950716725087
175.91934690384306 105.4070214264327
162.7075424975228 4.521303943943983
167.75518578033595 5.20256073167058
142.75044365988913 244.924230990389
244.87607354181176 36.78274169974394
132.2339126944952 219.40693951630098
163.64526778667835 34.49888329619771
222.3125314398021 22.263961162391237
226.36308325424375 244.00395844660792
74.74335243634681 172.93621646407652
10.241407496892506 231.2793055634157
122.89106665043592 176.23269239944005
23.320009242398577 56.26159998556088
20.095436067741225 75.27508244425741
191.84977937701123 211.41623517450944
136.6031912005715 227.33812451355953
184.75760932644823 20.39031259006574
41.23248440295585 44.537440708631166
238.7482250454515 168.5807876238302
140.06886137502454 42.49192651551403
186.4292621307301 0.5003637758658475
155.3409207981482 111.18302043478626
97.48757763658061 185.46392604029882
247.87115563245257 109.74922844219829
42.44147979253393 22.03135021678071
156.78227525940366 170.84622274167154
164.98520855381625 235.35202336999296
148.29000435043952 61.574899008500914
212.0578249768554 112.95407623072687
132.59442444998535 120.31140575645688
35.940917150285856 110.05057472524065
229.71553359701272 213.5054692702598
182.68945153685473 103.46723655800874
171.23967820449863 167.9020657408094
150.01045540335264 231.4389592976619
168.51173550601737 88.44555079595432
168.815114030149 87.87821045040751
102.94763996974815 69.70332345551486
47.637015859257694 152.52886622844562
212.84000290123652 22.291400539534877
36.657614153304294 157.40794982676945
97.8178454953224 189.5793930854471
78.54860800628951 192.8312512816711
123.82218878860004 150.42460605178377
205.9043426113889 116.43515056401166
34.16163288456689 114.354427799394
170.9066224888848 117.29768869945295
203.45186779070906 188.74807849865948
109.65649245812543 187.3620719361918
48.900538948065424 91.62666283631907
124.62422956642216 214.07680846103258
175.49275817790644 133.68728085537398
14.77756891732976 73.3246470479419
133.36697715279968 85.04736180021317
80.83465151629055 178.50802156292238
215.09108209211936 163.15432594195812
143.7502966287625 221.79146325067316
164.83829579069894 66.42369179332788
198.57602522127226 165.45767838467165
195.5357161916541 60.79099469282134
168.55082959254895 165.3311963936098
21.954457076415107 177.0813624827406
137.6656646541304 32.44867282874797
231.01777087775605 204.03663691154162
131.0531992159943 224.40248010934124
20.511078886731315 153.73984435628455
205.79830740585777 60.514447834803946
55.75284085420337 197.7375299729626
242.22504834465005 131.76121676756438
25.089393379553847 136.0017465058573
244.21891022751504 94.82575347358319
145.13030870874886 55.930336485139065
135.8416025314457 132.8108262083684
80.23876921603429 98.63496783893267
196.24172716772327 29.32005921829914
187.09720541166087 124.34674784007393
130.8121603012898 46.01446400967882
36.7518792127359 48.41106480159416
8.418876648469825 235.6038821088202
189.59737019726828 238.03763480604573
18.569550187620354 194.9324832773241
246.9886324685423 30.878759547944725
150.67899054206487 94.18154015631671
6.924945739404609 171.02264367217782
214.06419760518116 99.60181768556156
81.37102400728244 174.94504186420974
164.38893530114416 48.43088320621058
167.56286117305032 79.84656887207619
193.9791751644227 187.1550639474182
189.47791118133517 37.16636787661598
234.85443163971766 126.8146871233179
121.49707133163461 141.2719305885213
112.91798665959132 243.49360662806004
211.72359431699417 14.85232883384377
226.56927842474843 108.34359725659142
165.75215975719945 31.12277564374086
133.13099455698946 79.02227898489613
94.32738256504439 26.842531110942257
12.352213161553326 125.01375236673407
191.76731693482577 81.71010821437183
96.483920230247 78.25483462052706
24.82044456232285 226.99110718092848
8.985094851049368 43.06405919037906
160.74591839271102 83.43598802471769
130.23658285864943 192.04528817244196
27.859893161797544 155.7307184396226
135.59063532213003 96.2603019877839
222.2988414749336 62.88135975367337
35.36108119319412 179.97296278803404
209.37496269447558 84.75623355459116
90.9914453786802 237.87106580245074
102.77143627935723 152.45662417102062
186.25168347358655 33.10140326955916
150.16765657481596 138.91919869716529
42.9398235452263 14.932152426201938
50.66366845157697 167.11665886347416
206.56855922372176 175.6395791682012
104.98790068393357 111.42527355750289
48.39778502794464 62.94570420268841
58.2258634990436 221.4545754297962
226.7761043841548 80.6923333867762
199.76974542439115 3.1842158810048704
36.383283629282865 48.22399515592038
30.145496582036273 40.2664743943037
211.39384225797244 206.14069101584337
227.84591186199978 202.78774167968905
204.76446860253594 169.0280591964276
194.11315774189407 78.67414093852115
171.35202918665544 215.53439253945908
10.945409425639985 157.27608726361677
60.502195923832545 59.28047776090861
24.378535051392813 173.67897969858507
161.75801774466427 23.98753189256231
90.67387200777668 211.08628432006967
23.749620341927763 241.3996032307477
78.5007535302274 222.38872035989584
219.33577153018862 85.31870007403062
175.6225002847247 131.494156250574
175.56803012773287 200.09571847762348
213.5330493553001 244.54351631604754
79.67951278971371 130.01121807708233
207.6123114125165 87.3383001178275
62.21305543600547 194.95402756858624
197.308179212026 193.89953701971262
16.602758717334133 67.76617410011163
237.00073424238184 54.48992451595902
111.32599897851603 6.861014461123416
102.53532416139008 236.19386205737615
78.75283736446026 79.97003229719517
55.91486665081813 59.96404013614373
81.77450545218132 234.55290549472912
88.2123184599287 91.16401435929488
6.889337087297637 163.10549919416303
42.37548367122101 3.0100954525768833
88.9704921679977 2.019038685400126
63.37859516100897 27.669799924526366
141.5570646179933 220.29688419771492
58.21995060931467 53.68417633526199
230.77775520548354 103.15611821816678
80.75421884282896 170.69060642090204
143.71459464903867 187.9935498521084
103.96987624876833 179.21872288510644
46.222574099021394 139.9566250102442
118.10450982712776 228.6860141239097
21.789435893258325 165.38961734712132
81.21919410451665 192.28506150796224
9.670355207378467 62.97320877094881
80.5751997431228 210.30130163873076
149.8541988666612 220.8393353457551
221.6227121759893 10.007130840689854
53.71126302888729 76.65329188758427
248.840127681382 236.75438170870436
152.70569541260508 1.9187966350071584
83.61446421770654 109.0317837756698
195.99792594774732 234.98717641154283
23.746664876021423 219.69847718160767
115.16806664475257 187.84794053587947
12.473770705113019 240.7029051724628
234.11568686474567 104.68500182469643
47.135946468700205 48.76908438360361
186.71760496693415 120.52739853027852
108.66178747109545 72.95587779507673
125.69787504950949 209.49188716228613
89.27981238837576 25.7791221492831
105.33945077680009 134.07979962439708
112.47186427517406 222.11310805836308
22.506455837295103 141.41945043857686
116.77462977289969 173.7551405075847
162.19478763943673 201.36943665867787
17.893017460107657 246.3535669333713
118.56199099826692 127.33568086347222
214.6710905332563 204.71061548483078
194.7787873513786 77.69295216968625
5.241076703803305 60.96818110963834
187.66123008373333 115.69504943325367
109.86571979331347 191.71633110898642
144.40313819354054 75.32819001465558
0.6927992065178246 3.9265426531297223
175.30082348070837 130.4779272174927
170.15589634138513 64.5500357913594
156.6490394223811 58.92589540509901
93.12521399327053 177.4321931174885
243.10058093094864 249.94680102401713
74.15797608051695 121.97141416813795
114.4970366848467 147.84872857392628
56.48888686036205 57.93212374364748
132.1868741699548 170.6309186471478
117.70873359674933 225.82110043645736
144.28008206058075 148.56439943755078
46.83602387254268 42.38117747116696
36.91646047967276 125.68667145170213
69.28074551111979 106.02073549436348
80.99049637204139 99.0594177816951
182.74555080547592 68.14213374276387
34.952518455292875 32.9433552473562
130.33292094741327 86.30269061569878
230.52283513106056 172.34108647185286
238.9863438809575 46.68220557853239
175.45694756486222 134.56848997708607

184.63720090153424 194.13550634691245
90.03327227998523 180.5072439913023
220.45035908956007 98.819340813531
243.6041050245176 91.4966598511556
102.12853525793395 3.890636575841433
139.6664113545416 11.659890236516922
69.54623667243453 192.15696608836342
26.286134595723016 63.15141879860248
22.91024696964791 5.433929916442814
236.7923750232844 240.04780257282493
34.397789996249955 9.836672844021537
215.34978650941378 87.04739244845166
160.83833585373026 57.18341725668885
107.72229163243225 1.3987614118955716
47.67712286622994 27.43616467596549
86.72478996518853 121.02820837607214
103.2876473655149 83.2165795673456
196.7976043421198 113.4567302775526
93.11604905042078 197.4389941487548
157.29522831346642 26.312564894061975
113.06698455826906 141.37792468374224
85.01979386444555 168.17988083476035
29.48806877355212 92.69163764279809
56.679337214715936 163.33813141288582
163.06587542369067 5.531143431789731
223.54529087420056 79.0546682397247
205.2409145497035 121.48785220717399
66.00850611280492 22.21548590034231
198.30714468740803 72.20222826371713
200.6947041065946 139.77571615151342
93.13241111044896 176.3059218283332
132.72005934907372 133.08309628665037
123.91472200315057 177.35410167373925
73.08396645875037 186.1129222633383
74.46405349387814 120.7162224397696
0.42721431496761664 200.9682486631916
173.78533807326176 177.29580490270735
181.2650239475408 99.34461265459713
158.18549627599154 8.187874303608345
166.07627779983923 13.27754543005022
142.00414736550084 244.7015720707253
243.50101334515156 31.048731674072823
138.15842640861763 216.78864431357252
162.5718505227415 31.937105355192784
221.84305055991913 30.367961323527037
225.2507153693748 237.68001942818645
72.44806909131171 169.48973324579904
9.059717817444135 238.39681219738705
118.17751191474235 173.76314149403007
18.59562003573875 54.5184445047672
16.27456841075131 73.73619511602897
188.0826472779792 205.80501977848363
143.47397564015844 226.17066672718605
188.87355159275876 22.10002528056007
46.86262796411925 48.465265058783764
242.24726614787724 170.29730832211288
144.73041623250828 46.00258853034464
183.48403847187035 0.5755100714182337
156.1528200407936 112.63876529028636
103.35468063392584 185.9255430988961
245.7614757881803 113.61226017214612
37.49100584036985 18.88276393580865
150.05864158408755 172.38777627391133
165.73620474172859 227.71830350942614
150.7800717749753 62.08517160681804
209.23630858901333 112.7676724725016
138.8204034779601 115.48325920829919
30.912958632038357 108.34530106165217
223.74618524034722 209.83214594310675
178.34619735825746 101.1705288392655
168.0611322491161 174.4658080781999
150.04071224055352 232.61618410077494
166.91265755386064 83.44342419952366
171.5784937376111 90.34319206713603
103.85132250823473 72.39742745011146
44.03991782119568 152.12927319865398
209.61958249516582 14.678363754102502
38.44790293380482 163.11028805167717
102.72577445732203 186.90935847615796
85.95133886523698 188.7177273955923
122.19434802527127 157.63786794311056
204.67511559341528 114.84482674624105
27.912761109841284 110.65939681600511
174.34816123973155 114.95870606454884
210.66228064218922 184.56887552872897
112.33226825773149 190.8319203000614
40.81229488269625 89.12789485268613
120.46389731986825 221.01111221848623
181.4774146738839 134.101899521672
22.397761759875458 76.09362035098712
127.98133296080053 89.03098254451331
88.93645452168414 179.35078865296418
222.03883943342566 165.81153643191894
149.57374624312183 217.95715032954212
159.89994432491915 68.24362891332031
194.47392072139502 159.6974431397024
195.51737974961964 66.40495160524718
166.94686393596282 168.23622790609542
26.495509506897776 173.67769738838282
129.6351920866346 33.65669755616851
231.76365481263525 206.58545439698736
126.87276549473195 226.28492678091862
22.508292291534087 152.0877543278244
203.0262536737725 53.34309714355187
54.48448250308385 205.2924976507016
246.7699793720668 133.83214725042978
17.36734734630746 135.33342991739235
236.52369168808568 91.25038574622052
148.89177849695483 54.14123678594998
143.50109687331184 134.674433244657
76.04590348989296 94.05759636547364
191.37552119203238 35.1277861332224
191.04303258940777 126.44216301126008
126.61417777949777 47.49642480671362
35.228309378643715 42.00970222402983
9.763870033292681 243.9042052552702
185.94562762054045 234.5642097277934
16.3955994833728 195.3955161541676
240.7732302519585 29.804786655646982
147.3963562545232 95.90987291556016
2.701104015341016 171.03198034152464
217.8000983210939 97.64798154993883
77.63114530500079 170.23618348784376
164.32572447974357 44.77065855629517
173.49624266081537 83.81863267173296
192.35494689566428 194.6013810837236
192.909312562514 41.19183709710775
240.8884417633168 130.38047201441776
122.90550184363197 144.0337166877997
110.05619783648343 239.0376294242289
205.33686602314026 18.5034919028772
224.651599045166 112.6960275252382
169.43048038668655 23.5305103781257
132.8740929116337 85.70960827172902
91.65776494130954 25.915997181185645
14.362483662855668 127.13159505804406
186.96021865547573 86.06471085078351
95.51096172537912 77.8999423465841
31.239818935831526 227.1876946427405
6.539493402815122 36.150056158035405
154.1609846840308 79.66760584039496
133.30799719151392 187.59706523206458
33.35895210464107 161.78812610609148
136.1733798792773 95.6601931473293
223.47527735660336 62.00683714014244
32.79116335401797 187.14532927265438
201.0690996629277 84.57810344176522
86.30575340588653 234.52277526173754
99.24750695537271 154.2456573299153
186.28033324483806 40.32787739319854
154.2638738943328 143.0534372769679
41.58342843607482 6.812180311354693
43.34850932366607 168.7506440232434
205.9299535598796 167.38317584791793
110.30385475341295 112.74416999085504
41.06687960943686 62.57131927008133
61.010890759371605 227.69038904854534
234.43091971465518 78.56112923283249
201.98271213434916 3.691768268625717
35.32558608902242 54.640448529656744
36.73156589050122 37.38598647311664
205.41114937714525 203.18714711803017
220.7799371479171 198.65786202375122
205.41879287205123 175.2681960947643
196.73863047007063 77.2619940007421
176.08534641167108 216.35225049612484
14.211510404798178 164.01438076898924
60.139627292768644 67.37539016850808
18.249731892066052 168.5705046407285
157.95441955110394 31.41521116659593
83.20643635330177 209.08382306388162
23.548213251367052 234.61282069407608
73.35998957350299 225.5121138115171
221.3188492221778 91.81492405727305
176.84788961920853 134.7045054741889
178.3973062465312 199.97765686867083
210.44256387647593 239.60606886453218
79.87436048159016 123.764526908265
200.90229967243823 83.11242943037941
64.54510359090948 201.98504175141662
205.34894591835896 193.410063167366
13.994610711316996 62.08308031082041
241.4025724619431 59.44424068693738
108.92290257429919 7.610869718181839
100.99130033364828 237.59288047752432
73.13314829248344 74.76682546611995
54.50308796317221 67.61238108237627
84.87917992105851 235.56609280380226
84.63065056060462 95.35635561840081
3.549361384744709 166.21058315678053
50.40614041900618 2.2755967545202704
90.04845825642005 5.787003309399879
57.7587229248937 23.926715065896442
144.85104438055546 217.96145398529217
53.74669255878331 51.53380838840504
228.9253875937079 101.00416366213122
77.92825367320117 171.63095320028802
141.41950976079312 181.60932070895146
100.5043213719778 171.81341240331182
49.387633244187796 135.72855055914937
123.78005381884432 232.51540428136605
26.806513612202988 170.4580309187345
79.68764272473442 195.721359298904
17.192589770108096 65.21117168139301
82.3473579205177 202.57872005557905
150.64538346813185 214.38230326998152
216.21398785717548 8.763782968839646
47.400784759891735 74.71692689858264
241.19395798559995 234.66643677286945
152.54824239861395 2.689976241673109
85.8513871765856 104.44236439758895
197.65490104279377 243.14791125364388
31.04891694069689 218.0919187644728
110.13019238242153 181.48873517780694
8.542459569480048 237.68993589146328
229.9334655786279 109.71051157232348
47.04031649293178 56.6315780272405
185.27030852513468 114.84231143761919
115.04549674790279 70.4081566629533
124.92651771627705 210.26962158917556
93.23564924157368 25.787222731901426
99.96836112905444 137.98686103180827
114.87669865916334 229.83046379553318
25.304882661567383 147.2559570369665
120.70203842377155 170.39762736645338
154.17580637821735 201.13410363264873
11.833378698815483 243.8433118103805
123.66174705745172 122.5067082243874
214.81042851649664 204.63749377618373
193.3075249428242 71.79727474558129
0.8943864500728649 59.976743570636124
192.21036417593186 116.88138863555716
114.9580521381765 185.9311197371086
151.66824619579637 72.74467438470656
5.382738875206794 0.762497002429946
181.48388058034107 124.94776286522134
165.9162575804653 64.12428372995382
155.98040965339993 65.19439472576369
89.47359177666111 177.95364940408757
241.155390497117 245.45941005362485
80.55894145172246 118.94649023652082
118.97521725861465 152.75584811310392
57.33501111992648 62.405732938445674
132.3364719398457 169.2496405425335
123.23909281456663 229.84255704104888
146.43537706252357 147.3279703796478
50.739855972825296 49.215770840046495
39.62464850667444 122.23810696194337
68.0178928248986 110.87737383808496
80.7517061390699 107.20221652262715
189.9907164037776 67.00247374387381
31.334746320128726 33.49561319411251
132.5120859219954 83.44488332283862
237.96673364434645 175.10777876340086
233.58897774391193 42.40448507088565
168.72533356025127 137.2913105882349

8.6 17.2 36.0 72.1
17.2 34.4 72.1 144.1
25.8 51.6 108.1 216.2
34.4 68.8 144.1 288.2
51.6 103.2 216.2 432.4
68.8 137.6 288.2 576.5
77.4 154.9 324.3 648.5
86.0 172.1 360.3 720.6
103.2 206.5 432.4 864.7
114.7 229.4 480.4 960.8
129.0 258.1 540.4 1080.9
143.4 286.8 600.5 1201.0

2 5 8 11
5 8 11 14
7 10 13 16
10 13 16 19
14 17 20 23
18 21 24 27
19 22 25 28
20 23 26 29
25 19 31 34
27 30 33 36
30 33 36 39
32 35 38 41

