256 3.0 0.0 1000.0 679.5001094405795 3 160 240 100

69.71420209366347 70.74587841690769
127.91460462331278 182.88415349685735
75.75338081906489 173.09681239502314
134.66078760256033 142.68263866300472
44.84973463316588 248.06901941337958
160.1994944652952 91.65834523238303
220.01573666359621 57.546739610593036
211.7149645857473 35.76082443384818
123.32530172388587 189.68346746368414
27.05538005371891 141.6623057488872
87.8626097791839 31.310431350036914
15.75679138838465 144.50951159389587
163.84203754135254 47.57806766425723
107.31470886842138 210.24047132498814
87.52237971230295 93.63431001868763
73.66212955393411 129.3782072942833
88.8328822326274 17.465113630115493
149.18572386860052 106.97619896008933
158.7845170832952 173.94442191794633
26.774303164411624 14.828491081073619
55.90517067578257 199.61355249423087
154.2889834648679 31.41484767469033
117.27487293667913 111.83817823760914
73.33912372657487 127.28408278572952
206.5250852478691 228.86266563024006
45.31602573596516 24.391429622851817
48.925276948193456 17.345374337502495
89.64563130397678 187.73826093091526
93.83720754002938 67.95145220694022
1.736103569345171 121.34089288121133
13.860116804747136 145.208420339371
105.67864287047108 171.4472607210013
182.62342294321866 186.1784866756316
221.97048383947092 212.562123063686
197.54380309417627 150.2507592897311
81.16213667075 75.01611530190924
80.95000821566583 44.22145490800697
152.7689297384485 212.53057959950007
225.06880794805002 13.585668044901356
180.68232583585524 171.85454065057544
94.41320179729848 29.111968017444784
232.9531756630663 81.46459470201492
25.486923511491426 127.54240887973639
72.46644734149005 150.8586160101768
108.64243738952126 207.16634322895874
75.8073295741348 187.8615354941273
192.2807369897641 57.91397469889878
108.34016444689873 147.636857115271
234.59216498859453 52.6070488010536
32.81478615692951 114.15364866056457
232.6587202640542 104.97454607468778
82.94943670142904 19.25660363086412
43.19343299762224 70.31710778924877
115.76505839679152 3.3229839966967822
103.25441483677089 75.42973062646368
192.37279024751626 219.4347631069474
104.02051963070552 151.98539671580377
47.22063033119039 160.83184421887103
30.884174892867488 127.5616591640867
144.49892820642833 121.13305637271272
53.16281036277151 1.7950154346134395
183.67755320807436 125.50557588569497
229.79907004524532 52.06846962234057
167.3889947958939 2.6560177818166775
187.22842645195226 14.17008637673145
0.3569728025059338 37.12366392795932
21.599205494714667 228.1655827042481
15.438555879459969 226.59096956271486
89.44676733467207 130.74895657104915
129.44759125280302 111.55750721335374
245.14161555427276 200.54843105512367
144.97168411193667 53.942843097703474
218.60410830513422 114.5195846786575
149.85264816126343 156.72252023623756
214.70431562835086 135.05141962571264
63.70460029863578 206.81397293983133
162.56672723319576 218.53280500787855
185.77746646862934 192.45014164588653
181.55877525987145 168.44288315426982
107.94645171550191 8.73983497265532
221.92057204110148 19.74473259447948
48.43419599846999 173.03837620549422
8.058137803987119 186.46526370162275
14.454621847299814 215.14319282109196
146.2774759133442 214.18235034065574
208.6845840214762 16.32450576946051
228.5132614963529 221.9102507833769
34.27562850885968 120.53523426441387
15.076461607067548 156.37702501718852
113.37688116791608 9.530421633712095
212.24657338783064 191.72218033108524
18.48544699062546 193.2865632439923
151.02931563335596 67.37306491542967
197.15152453878503 228.32450053124128
139.0949990007147 157.52126858243358
236.794943578005 21.173166797628678
41.0269664626334 158.25111596162392
39.06479949345915 65.10526022248864
194.2256930469715 15.88658964181236
211.17263334977835 35.99325987341809
173.32443043365987 123.08364715997853
155.51298270968138 211.38985387175154
133.86801811656156 236.12336060300382
242.4311102773859 205.18317200919304
221.51365616324318 61.585564442481896
149.82839086011558 31.297980564235107
242.67718188579695 165.7983748285794
235.82405002808818 227.54356291021753
144.32998375532574 47.33855215227048
246.84613764827327 80.42658593591842
69.91751216673012 114.95940743607369
133.11231442122698 25.550253673743196
63.351370254476095 62.45325680611846
232.0605939222324 181.57420236968395
4.322500767952486 167.06304797165197
213.29098083545293 224.8548234913062
174.32195945714008 177.544020395684
12.418963054184495 227.41782666578277
164.02153926578893 229.81243391671555
49.640974316546625 202.79654149159336
194.6637897480025 32.253201066678564
46.20385515657557 32.98677468296382
227.90040059146656 154.8907262460419
188.22489591742755 72.32673224414549
216.12228499988555 164.36103858981448
152.67784771403478 96.35219533539185
183.6631710886112 149.7886249689811
63.035362161965814 26.00974188901922
242.60911645449286 244.2053926111799
246.22134416319665 234.48764781715468
25.910577997815793 197.75111214231515
248.15675228408764 96.64016011743576
238.84504561880277 140.36145948517824
53.80419591620414 32.239761939123895
29.620556371946577 45.607761617469436
180.14766886022161 10.980725930872264
58.85886025071327 245.86802754915925
208.6508187188297 88.58770578367981
225.4573677795988 76.97822910207852
47.06263402373354 212.67428620537248
120.58519684308577 122.09007222684117
125.17381351715362 123.82177653471618
65.80834750078452 125.49749587374589
226.4915346733343 131.72035995317793
13.059824354092726 160.74466317421238
72.23946200833254 161.66650985530418
50.61390530536525 96.37428287249949
153.1249066153631 60.06539131572844
15.383687173595339 223.38551318686294
210.97831062415923 6.177765298855692
204.36213349000624 12.715050281701668
68.4532881547694 202.47084727474385
248.9916788349854 171.86171498772876
226.3559516451411 37.034222120129215
57.535238499046486 169.19811490312406
89.43705103597968 51.247759498011916
244.78237776662314 201.86319626667196
43.625849628002115 73.53908873136226
115.57115630615944 49.021931793917254
205.29545114107998 174.7332514717457
171.75102565772113 70.43243835477037
249.97052996604745 17.62070913394925
85.08121792886215 234.028053413636
194.58927991920459 133.51322257546798
43.50544583326979 208.2727882927966
65.69172662413165 104.02163854148854
92.30833913723401 240.38363966473605
21.597260597613104 71.20316138611798
85.50385797520293 67.00410225761321
220.2774315779854 183.6433746848371
23.627943573497955 17.48055845831023
174.63818311093584 152.00907081399527
232.1384451281299 178.16422929766438
45.57362447539515 111.95268914795348
221.40015347840128 172.60625588554853
101.3168631143778 49.31850663035442
222.59251977764202 51.67468014501173
141.64612281078143 233.72053254556982
203.727265800466 20.008915319732118
247.77233070543323 192.54486314440544
56.82213391456492 100.3628958613042
217.45887794036386 230.55714264430605
108.55036982905003 49.71871629466024
117.48422891514177 247.846782942971
87.23108851068187 32.14419867425436
91.14692177904999 22.618665226864703
195.13833829369244 143.5498580384301
83.83159193465376 107.9030891129977
10.426871011026156 139.58888755747444
223.882781890968 43.12478487643217
226.7881623782374 142.55243482133628
205.7307662208109 203.92878220617573
65.75709335904476 246.92443642252115
120.69736310697601 116.73066725536538
79.26668112275262 208.3587941422752
210.29478905812007 94.9815453988336
133.54095304049966 129.3799263000946
63.03093807239965 56.35775614684971
131.0595833623958 154.81581030190208
105.14884845429818 102.94656337096139
234.42109236411082 59.29246954333331
52.52979862454438 115.72012011777808
216.90052645595574 189.84287392402769
25.254020290253088 187.47607466835086
18.764337777320673 196.76883154399758
121.23316253210028 226.6922714033286
207.84478909522727 91.0525979503162
103.1869453182453 15.406119644164468
199.69343382020998 62.87673306315991
108.05223011815588 87.52396781134986
174.9418441512677 179.89491437625998
94.72089034368477 143.89013663219183
107.8161733835773 117.6587209376583
219.69763557720555 9.607552454268447
152.38739431802534 71.89350734737579
229.90544025641816 7.006660143616061
34.20290027842265 133.4775998821869
198.29578638954573 80.10937718716038
1.9075564132942646 247.50984701940928
8.728439110333857 87.18947820474598
206.50780911684646 119.34207138364877
35.59789606665611 165.34224014757703
7.153595209372254 72.37563371356234
54.43682194381791 215.59014231677207
164.4232985481873 9.704243785435885
189.86764061425663 43.20922948089609
200.6101589693425 142.1788999961918
214.20296972464965 152.01336016365437
223.9320695910849 235.82639103648347
11.006391953886418 79.63756406380843
115.05864834397201 243.45741000020246
181.84902662969242 16.3661168519805
54.30677066428785 126.3374267073506
130.4536373073126 121.5380181689486
187.47662860345955 53.30470021338282
50.80978755180646 56.25025931995767
193.11760140118625 167.23004704360338
112.92447876514575 241.3248479644425
163.93482531130513 224.22654524044802
226.94677902853144 163.9278044016837
75.76118895196518 47.64165974494258
225.13373144323168 109.12751712375795
151.06572303491842 223.0386529831389
69.15875164654304 245.6947298649468
174.93696994942252 158.2311611841548
180.18431414123174 236.96303323043827
189.46597313526976 121.31583748354946
199.59841254699936 61.362380023511854
205.53777319375223 67.87210274473871
168.41456877499112 85.86988535583603
24.100392078785614 133.40596761694047
176.33031597263232 241.69391090858431
235.89343744425423 195.11794275584407
88.59857036805995 202.2096076619403
44.00699947653425 140.34817356396024
9.083612245763318 128.22322734206728

72.3961423124805 65.8717941199588
132.95121558698392 178.88537591133152
79.050365309215 166.83156856982444
135.21307459887817 134.34643705316532
46.16280231826314 247.5983579649069
155.56161284852664 98.65867449257037
213.21547126391215 60.607137856861
211.87241125877438 41.35690707582157
123.06719931043891 182.45330437472512
31.131032950813875 138.4003551559428
81.44219292538233 32.81922399287418
15.513563151470844 152.68053066552687
166.48518424122304 52.84349695635776
103.37348012942421 206.29316575924517
84.49670490554648 92.13555129606799
77.7385005912562 126.54400166019256
81.67625179518076 17.17682023970643
148.92689805455623 110.21894916750114
158.05658811900642 167.92412803659943
30.814986501491198 19.911194858892006
55.45427508469117 198.33161443316487
159.89963563289157 32.14323972546448
124.84684962582438 110.95168989321108
66.76635464205263 126.75452819359082
206.0046178908058 224.8741280318451
38.39871916247783 28.476195819663875
51.871172608636996 16.500989006214716
84.2232496872641 193.13961303823487
97.23392885406624 71.79913930479911
1.0026198947206133 123.90986805283363
7.556553750771772 148.51504098770656
103.66554716546695 174.99274289692764
176.4573619094489 184.86775364427058
220.7772627108991 212.51367582774432
204.3106790694998 145.88802199466159
80.95712835526118 68.32334277587748
81.30662204282721 45.69226163324866
150.43863070169394 206.07869101227976
232.01930820781655 17.888320347130644
185.392267544341 168.60564340572301
100.02842373051868 29.38302189100714
233.94208190523733 83.04280722440672
24.386537534387937 134.19311054734604
76.06997499622886 148.78034498214797
100.5846189078486 207.46355849790456
75.28159575186497 190.29766954710308
192.02950477072395 64.78070724867435
106.05888418034628 153.24929866331993
235.35343748302603 59.491636227499086
34.92975086749867 112.21477591325643
227.9419533201883 110.41070960529444
80.6954055658225 19.395471710964756
48.22998095439346 66.43554280156069
112.53736240657297 6.742139590872831
107.15836427801729 71.64843997625853
189.57803745715816 221.11280953881203
105.64309185581448 157.93345745121556
52.190787745424075 162.61052371705577
31.758174892492136 120.2723661065325
150.1476994591079 122.09138005352246
53.662126661164656 0.23936219623185706
187.54842413474975 128.90311973584292
223.1160405052242 48.8625098073624
162.84757918898256 8.15738610708991
184.57971084751054 12.417782550395607
0.41259544858709973 44.469223141582304
22.116247151139245 225.26584204208652
15.51420647190363 231.33568237177886
89.7865228902145 137.1481341109726
128.3280381950138 104.59824775903101
238.96916519798813 199.6946350114242
148.93915011221011 50.83092859733082
217.67256101713804 108.1638023988155
147.02203602457104 162.48486234379277
211.8106061374953 142.23398117214
64.41053237839317 199.4840483385473
164.44885494210024 213.64257483913644
191.96319783771963 191.60543857401262
181.8902093988637 175.9559451192682
115.12523244709556 6.949828679171155
220.83901222841894 18.01335570509946
44.42935553069754 179.39499734393024
4.8317853149559555 187.59465117580078
11.230923539154558 215.3842331696974
138.43618127005504 212.07819551796464
208.91594108687232 23.041860903533106
231.03442452525752 223.62904244174504
31.393492634880698 127.76642943491682
8.727368648202393 152.0694719067788
112.49681376826037 2.658365351567882
204.8216361743594 189.30214229687098
17.66886467840606 191.8486637043568
153.4454961882559 68.11383264771077
195.82653237055106 225.78996347390552
143.6863604168831 164.0122188091146
238.29760991966864 24.366196220764607
40.825675314347194 158.1590300780901
40.16825288538092 69.96888776829074
199.90456543373588 14.043020225291997
212.99812630556457 43.95234118151889
166.86923791818268 118.63469985113137
158.71742089030073 217.0374776918446
139.98089562151458 234.53159025827054
243.81727216749678 199.57404105903203
223.1056351456922 69.20452817034167
153.15072762406032 37.6049612350137
235.04779593360752 164.60153049192968
228.42295705824847 227.59766282661514
145.11297163804298 54.73955661912913
244.24903442089123 88.03775395499352
72.04326156896964 118.62803269584148
129.52665414460344 33.06887859308247
67.19848804768311 61.72509543721491
239.18210406377608 184.7521182130212
6.858946746573752 161.94202964698385
212.89273102614527 226.4885175271592
181.59195920796256 173.39368775904055
18.63692422250662 233.1478579871457
158.85019733338652 234.2384411318153
53.100116926037195 196.71707757205738
201.37422257746968 36.466147868718075
41.0635899333609 34.09648979429031
225.44465081950136 155.8443669350767
191.35501579480245 68.56354523258912
215.96265860705122 169.5749440143041
147.21512657000693 92.71763025813787
180.39366165871553 145.02265919188105
58.62209050620451 24.378725127191274
244.0948645179786 241.22909137637654
240.62094904618078 236.90609547370815
24.618431027366466 199.24633505109628
249.53054191068676 96.43824063364603
238.59787390503914 137.25066925700494
55.289654131117224 29.999757143565812
26.99822948175587 47.35518386951315
182.38682237196824 17.846978850952404
59.30833047500078 245.85894218001388
205.17993159411424 83.53471248776096
224.31598372714006 76.560712398367
49.96221662196801 212.25704945935783
121.30540263137982 130.0555177250961
132.32864824484415 122.23924876369871
68.11726700147716 121.33910158947289
224.04833504363322 138.90800908462444
12.541238661474608 164.6969797722582
77.12019532884266 157.79284349621847
47.95668632649702 93.28712941961858
148.04143950071847 61.83417738659355
13.095581400233398 230.17436105067367
207.305529826752 1.3627167448302668
200.5967184160437 13.948747712830196
69.913108148105 205.96936357003727
241.75595366936597 171.32663519999633
222.01949489702173 43.97963819829115
64.55911830702566 168.28181677927697
86.26890498988779 49.551179984575974
246.4676731175539 195.0376666961997
48.43795429585426 69.5511715143576
114.59688542010043 45.0325118535943
205.80747522797301 171.0259728995636
179.70919857337512 72.03376590314062
248.22217648349343 19.675333805420664
77.82480781671899 230.06044474211325
189.95797460042525 131.42854657113014
44.05739105797565 201.29965228748654
65.73597376505855 106.9357544101304
86.2856927472748 245.50060114823205
26.654896024155633 75.45719384805905
80.05166095725966 68.68103075217266
219.87918183862965 191.73579598414628
17.30964024075571 13.55712248896257
169.26038246663924 152.43967593200122
231.12430574594578 177.00973118939092
41.87509582081478 118.82354185540314
223.0786001612392 168.4853273217964
99.19642306065762 53.44805087702736
224.01679982801565 54.50175798855877
139.1184034550424 236.60740618364787
201.9647939545616 19.345714420092865
240.8162448549464 189.52067398281474
62.023088376956416 100.86046740638685
221.99523169577733 224.55239940647758
112.22373354083481 44.687740141531094
124.18779676074968 244.81886266865183
79.17607899683048 30.23835278488707
87.3679783854163 22.209913326724312
194.29601390576954 144.7992358522324
77.75988220611623 104.43538711087564
2.273396165094171 140.4824606580985
224.48533480595484 37.08171364986057
225.79485478488093 147.33642523626634
207.88005655621194 196.10008960912916
66.68006233773163 239.8963326635675
118.56856832559187 120.88308926249702
79.1017899204661 204.16606565378615
211.5335902365732 89.5664834770164
135.7174288895608 123.47904870336704
59.952751754331125 60.48019271742866
127.49284981617207 148.99103194430876
106.14288041903141 106.1416691190526
232.42285006088568 55.193669225243156
51.036020241037875 109.18283159636053
214.3149147775986 192.98073575218567
32.5720072685067 189.63538920924836
19.269281288089356 200.41287253864925
123.83319494392778 234.4936327692492
208.56372935535637 92.83459997959153
98.97207554991014 14.007024307130965
195.54495908950784 68.30426294594096
105.9713212181056 93.7064144721283
169.44439373020455 176.70773376100598
95.15133325466107 144.50190530412797
105.26690212304246 114.0173170568583
225.62480736384128 13.804757125903011
155.00413947200482 74.15389880923476
231.47836914267046 11.553875752764785
40.04772880636781 132.635882644334
190.86698543802086 80.37482443448485
1.2777999825515363 248.1789722955915
8.26746001911885 79.56204631752664
213.36707070691713 124.28038849352546
34.364299617048985 157.8034938741546
8.978860676686795 74.66112153994894
59.71161264267688 209.6550209952294
170.5157212074502 4.9390726474486115
193.2751106462211 36.658806256043924
204.48720186665182 142.9598244396815
214.32990549847045 147.0199650736277
225.18185997494336 239.75197683884025
14.959959135570827 73.7594333360892
116.6512384899179 244.27038893687677
189.88065012540997 18.479783885631733
56.2080291081313 132.57474550704475
136.32007199156334 117.1862253620361
189.07656665971032 59.0208016455242
46.2357596943678 53.71240714839504
193.65322786464478 160.96983076746318
120.63920593381961 243.16811140247088
162.1569424820802 227.9951392455606
223.9069978780223 165.06520298893105
82.27900124218904 48.925181403180254
229.8816217626824 106.93742173256318
152.72764876666815 229.4170557044161
64.39998208881318 243.75000175024027
171.25415167112612 152.89853425954632
173.18042172482464 240.6977364781978
185.040516743599 117.49772519113128
204.4128609294714 58.457471332023644
197.5218768996223 69.1500872293761
174.82585009941988 81.4718271197511
29.037586909646556 138.26607734308868
170.60725120185379 237.78112752125242
231.8051081239005 194.3913157126484
90.36755575424694 199.19631102215848
42.0004262802893 140.71751054263035
3.2434910022492156 134.37622921741843

8.6 17.2 36.0 72.1
17.2 34.4 72.1 144.1
25.8 51.6 108.1 216.2
34.4 68.8 144.1 288.2
51.6 103.2 216.2 432.4
68.8 137.6 288.2 576.5
77.4 154.9 324.3 648.5
86.0 172.1 360.3 720.6
103.2 206.5 432.4 864.7
114.7 229.4 480.4 960.8
129.0 258.1 540.4 1080.9
143.4 286.8 600.5 1201.0

2 5 8 11
5 8 11 14
7 10 13 16
10 13 16 19
14 17 20 23
18 21 24 27
19 22 25 28
20 23 26 29
25 19 31 34
27 30 33 36
30 33 36 39
32 35 38 41

