256 3.0 0.0 1000.0 3 3 160 240 100

141.40343683939648 107.85325998893849
44.910106645619976 125.6710563329157
88.73462633141735 40.67196292039921
46.28648036628061 14.164268139240571
57.986442472309776 130.1727105546596
162.58087000490298 91.65568749505296
78.88390959521546 124.27662079121318
165.2953232920471 155.54541984255883
23.62025021345365 173.6551506138916
208.1721105822445 12.992034825922094
131.09255012622793 37.33300484555663
99.16897917042921 34.66881263218657
124.34270503638677 246.23589860559892
151.4249807433383 23.373148250143807
183.13835388143175 36.56144805274694
11.49966092849164 99.74704002994511
150.2924129052746 117.90875387799055
105.88377561964407 37.83097940951752
120.35750348086843 5.142739651368494
92.0165734796427 147.12704307758764
195.6420312470053 5.118835478546413
35.95655373442594 57.52528875877541
225.1105749867542 12.574152900114404
30.82080557400077 0.4252353589274671
135.7155731013041 61.98711031939844
218.4199333747729 178.0816875097983
80.22725640202816 247.1242797249348
231.61594121152007 135.8098001328687
188.27471525895658 133.4638407080571
49.50018670344156 83.14434189851441
47.99175411149742 114.82905660707296
231.73721330937877 46.799342439403205
10.974376152682485 19.904773477406852
98.86495151772215 22.5856212168061
82.43354218763918 133.18040861186464
208.14195067193327 139.09692517927098
21.713644385837753 37.8887942723394
238.2738875977714 169.5177660793109
33.87880079938776 121.18699435980876
227.52506672661903 76.85171884894612
59.53855928000176 142.822429495057
198.49593449542573 15.733604186077804
149.77706045046165 219.57077072564593
177.7722064367709 143.02938242104776
133.16210313641412 96.98374902771515
17.711056354865416 241.0080555148055
99.4355929133354 97.16898893770795
60.242340016878146 177.2083176209312
61.677392123100276 218.99649671993265
90.14653971864048 176.3118351108054
3.440814712693807 155.15558095418854
219.4175280386306 19.021714392506883
248.84908122322193 80.12451288623792
156.76182058120088 135.32284757046602
20.963971989134826 155.58120708387162
15.743459736439647 94.03546332769791
186.74098264252316 229.08331235556017
192.29672710424654 55.10117509660081
57.66633130995083 229.65301891894853
117.16988679141716 238.26363130113168
218.92220479188845 107.47249233322881
247.92052282804147 142.71360564122978
81.37232459199032 51.809632548416694
46.821643509012326 36.8809391500812
64.91782237056212 232.02477553239262
56.40567038311478 125.4449372616622
127.99128214053665 243.8272446885963
188.579251852723 204.13427846495594
191.91316553981605 56.10573065678001
131.44400584339118 197.30921284116312
91.61767142295612 12.772381446066683
76.02455103987987 183.22181152299314
146.53590076508948 229.34699300625908
241.621437771793 76.05339207089088
25.053422415614673 228.54598303761944
238.76582837990944 34.40553366054602
220.45340089592466 77.51546527543377
139.75382591513525 171.3674516299934
91.03338118264156 88.38039414628435
59.22263556540614 92.09080686461776
211.3584830290332 146.87997522537745
138.2637115428131 159.5781166501828
220.85174405867383 126.19930552213019
237.02522439725308 27.140823587849557
237.4341019586446 69.57508593602991
108.38718420663182 93.37721357691711
54.989042687997866 142.5224107618514
249.37061353375702 162.13394475173635
73.48637166962652 54.34918579241108
123.5828718992171 220.23104502134902
102.57743909997346 238.17207643080238
229.932967403955 7.368166804456372
2.1717099196303105 162.4129381214192
146.4380339180801 231.1582692418749
16.010074444418848 240.59994603726997
69.08634260602672 176.40836152652182
233.78601606343938 164.2655745452274
51.256777186219736 163.68639685324413
137.95932131115842 134.65606598304063
97.23423964355298 225.69019501150046
215.44052264561398 60.27550294995687
183.74424642478138 195.19237939536663
135.25994991621528 7.173483338972053
87.88003558346082 120.54141026429502
45.22669326069498 11.478549868366382
211.97236192389502 65.63408452529842
124.30867979945768 112.2907001063628
175.51495303656242 108.78600865309662
47.83666352834381 85.69909756126052
177.5285617129678 50.70909837506263
236.1987040122755 7.983539570857124
218.501149010897 246.77026484440185
109.68477906010041 32.53572446675682
101.90585110339464 118.66204334092828
42.29700155552618 139.8667561383784
24.41772453161839 138.42972353707302
18.251101232468038 41.86085034007866
233.45233937302996 86.87936492382936
183.79866713291807 235.23441487807733
176.14094131771657 8.361781208939822
205.84363123233405 63.22564575074646
206.7799969757411 152.4887471085924
161.80741658944632 2.215553811497961
202.7633232907081 22.49195362008552
207.3006571027651 218.551995154843
202.59345618520825 51.436484019828285
34.41659708232131 117.67698244019812
114.52118619990476 171.33861105571287
61.56976806992978 74.37353405062835
199.941691290119 241.7400579659835
33.2540908671104 172.01555229333934
0.66163498210009 248.84156412326658
56.539238408465586 96.61525710901702
173.3255043863899 60.95415955255065
16.763881396877316 77.51956547442346
155.14426716531082 15.245952723205225
181.97334337385092 239.10122310489376
46.05882014700683 187.72517689682257
183.9430651903727 110.27901266908152
144.07265309985027 92.32594099254723
21.038019356714788 151.87021945085877
32.27656021205025 42.314707023359546
235.03231593464176 82.88858751414647
144.55490622330973 198.06492213000487
76.57821135348428 244.03090546653846
110.45936509749724 172.12364429158762
133.80670954427947 65.32304793368587
210.3673236495043 107.21693824509734
111.89550718805292 173.52918229069493
131.85547053530058 193.64531717713098
52.37252068901277 200.4661393236708
88.70643829426267 98.37729950573882
245.02452136363678 243.20286397256388
173.34933032068255 218.0014280415675
160.97134357602346 102.46819223264319
121.25586343330485 23.60157603568322
192.84434340120282 219.35738158427569
128.1063278455634 202.7492629514782
94.83215799527989 114.95741347796121
141.79824052416896 18.26134544231625
73.3694470315262 17.758547104293616
165.22945816590348 188.09190140674494
85.10655231136698 175.68316658653544
81.35218975265246 149.21509225945871
133.3189927488364 15.676147551670017
243.9946289665892 99.0885619197792
218.4126092827507 30.00466755381062
123.61757120838446 187.88506286495308
116.10082137617408 93.71850296279163
228.012977778438 122.72145857373323
58.13618547242355 162.20949201164518
128.20331202895554 147.63073413472094
227.02177922622434 9.928018206488588
65.38662899647743 53.99869844543026
113.41628148479113 225.00623284163626
167.94535979989527 143.1518192244679
36.889011957019825 107.43306649049542
92.22320970641948 27.29799805377098
175.5736540686768 132.28918854513583
10.894547128155796 30.41593870189585
184.0027872866614 133.47276808534016
19.98886330509217 132.46936854118368
11.094519442976875 84.4766340998223
119.5286212186163 19.40279318806487
132.01394254017455 111.91637200997116
198.79706268927862 40.750803443573794
248.55863400612543 185.96532857783833
181.15917625316825 164.10884529652316
199.79059298555399 218.41426284945757
101.86439001106748 104.40739751535003
98.75832970846352 75.53452917602527
40.58143140745005 121.11606356018018
21.446428890414538 224.785408322278
48.469791605057935 55.44713854220248
73.63524756465756 3.276058103966556
32.3511560821948 196.14905447026194
84.3077583084188 187.4231426358497
156.3355735313217 2.6587599012929672
83.71528612904855 11.049734033115904
24.71281519630231 60.6893496604948
187.0404830154596 39.66558882638049
135.51410414461463 109.84953631993442
106.66028949687312 83.68600256097398
161.84368328802069 44.875358357302694
160.4202842196758 60.057373802103356
234.29258923062454 125.36942022463701
60.20125449840649 127.26741409899029
12.702405044198727 64.01918454604566
220.9623532656683 116.14675823329613
109.08931598617968 6.829343028616069
233.89259060844898 149.15232808696518
103.52849139932047 170.48739465355177
12.144746719369076 232.12708149674404
176.3316779618165 203.4324826526831
223.98821045192983 80.2426465735166
75.89690656056963 42.334784084422594
73.92874910826654 161.37708606658364
144.20950018826022 42.46499033588952
234.79909181739703 27.576757669766362
37.950940771266986 126.65915683576081
77.13751573367189 192.149649671056
76.96905100133559 41.84690897886145
14.143308092603558 1.5234163449918403
133.25986135521623 181.94229414432468
61.390570190623386 10.432721642201297
42.50947655576126 97.50628647043446
201.20994747186677 150.85641259535947
68.44498229066915 193.5250122949691
183.11693677646332 100.17572989431936
218.85189028723792 33.91342067582395
249.34009701017152 11.65671005556293
224.01968240344667 244.45100371453225
192.08245101430362 9.388889478173152
120.30439945275276 72.85387233680318
176.54520014230866 138.13512440848558
116.70802001511085 239.3639457492421
18.224839993959712 140.0460111769991
29.04277253334006 118.43058011544616
61.80964940421643 92.62692687611171
160.45720778136862 114.38192914539813
7.138429137553082 98.02305497529592
95.85496552908693 189.56592297293352
88.44955979472941 173.51345237052712
18.575170821466617 90.01353403063473
49.34938704969321 246.26678499790825
8.596014374561701 66.62148247565413
84.43139416791098 192.22276610583864
167.1438256835352 236.88181522370914
166.84074132149493 144.43462658617375
89.87239902006256 78.27790907409147
175.1393675101669 129.67220574210927
165.65870396749065 189.28182572914324
236.56053597647377 139.1901151294303
213.4592545700598 151.17137640054952
116.33137094213153 177.15360756710268
57.356169554835276 133.18712352066134

142.7719896157103 101.07838666352933
52.16246296959206 122.11780851776626
87.76060902973018 37.98326477414463
42.55706666277881 8.16362122213285
61.71442797752508 136.5592032269664
158.00349363520843 92.06923953272819
84.93388058962736 125.54238677604734
166.07871620557762 157.28787576499292
26.872148093327468 169.6296370936083
211.79438102942987 13.034442633986815
135.27050815962087 38.86988432169772
100.63356927333881 34.57577006847795
130.95173501287874 246.62947464578775
151.1791433018575 16.5137029617779
175.94246077078265 36.43405296449298
3.6953756321051188 100.07922435073574
141.84099121076446 117.55411977923622
108.32543625412133 32.92024254284551
125.95364862330591 6.918112332759269
90.27576649421057 139.35914402613196
199.69517019466176 12.221821146217144
30.477524244056752 63.89720479993413
220.10798938288548 13.024137581303746
30.235201364841203 7.148785573124316
138.12421466659222 59.20283380549524
211.9951689061651 175.64098328713797
78.52897023451203 248.5749165256141
231.153956699824 136.7382141021488
181.53994470584107 130.16929664858745
55.164212421564415 85.06031814663118
49.052752539992944 116.74385289065667
236.0837383960445 53.226491781146635
16.23724266492538 24.750133902741307
96.50372079100292 22.824807677110925
79.96077557965411 135.61807547521647
203.43814587154276 141.04112485547168
18.38847860589876 42.21219752157748
239.80671987865352 164.12048928163625
38.565633522097436 115.55795114354963
219.60695461556767 76.44218255680815
56.997368737476044 137.25004106074056
195.57434280271693 12.415868410725755
145.75495766227903 214.25672255320617
172.72773834997142 136.36421586938695
135.19037958297886 100.63921773158106
18.499683044657182 246.5465331090139
99.34059934695078 91.47129312066896
65.93394513454989 178.66156240096248
55.25489035917103 221.35173452841855
95.35620689787072 172.4924165341515
7.928259205840255 152.7255442686245
222.47896341976372 16.87629565545362
248.53656685836134 82.36602817822983
163.0772689968757 137.8790069557648
14.561121445807041 158.10133664939235
23.901241370644115 92.2987004384842
184.57957459354947 236.22239499555866
185.21684471519313 51.433867490779164
52.39652370162467 232.93332009819744
121.46314772056263 242.94578546207399
216.43265557881435 107.08309333032645
242.14300944872352 144.74499405007595
82.3231658865486 56.95730753034386
39.26158429973473 40.061043277232784
68.61134057718346 226.79193043073755
63.46148435034652 126.15129042961684
129.21607338264477 239.16304091762265
187.2253155562834 200.42502470466755
197.88347824655665 60.0640836391774
123.70813781239795 199.71197627395517
90.27509287701363 16.686964047173706
70.24487677667932 182.25466726929847
138.76267229003153 231.42599264298573
247.9774469896589 76.7211780669457
28.01314008986655 233.36157314923466
236.1675372852504 29.180677602130693
216.53748566878292 76.53215920107675
136.8609585216079 177.324053305559
92.89809490372394 91.857158806126
59.87214735525293 86.58350755030646
208.37094471280176 149.4948934532995
133.03442346421542 164.32761550568966
217.47232318365866 120.57077222655441
235.32978980565244 33.31020435182347
234.3590458229941 67.36610584954927
109.2946945911343 98.14063845583502
53.30363665023463 139.7513227387757
243.17019834700986 164.18423705343974
67.22605736838347 58.33364519774625
124.80541911565416 225.51666719069965
99.22623558610933 244.93542893351366
236.87615489573903 3.4338959927635027
4.966736397736982 166.8571985095866
143.6504585864278 232.08808401516634
16.70947331676495 235.92906204930725
66.77016413211857 170.09055556420654
236.31035805017666 162.99181560275895
51.3460763347206 160.79502435152565
136.74976522404967 139.14508436704546
104.1479354084737 228.13310527044567
220.44497836078259 59.11622804538483
188.57390012902937 193.4967442537102
128.4697770659901 8.872721205996276
86.38752741271539 112.68968445561964
45.57543392679919 11.021327548818682
212.75133578325105 65.84267310009737
124.09190163998005 115.32181447152531
177.48900323831484 105.74743890271368
47.40156830970313 81.00239915389871
184.47037643602766 54.8744392077361
242.91315106387773 9.506624452926632
214.334633894078 248.07096716504253
108.2163882722813 36.07035260791
95.49906800220401 119.55719569574782
48.04816376553098 145.51723994579606
30.82253180634184 139.8771653025689
25.41754010182301 38.74687051370845
234.39099312446157 91.08191246095535
184.92993025708952 241.3590407110141
180.94075124119055 2.904937858116491
200.92154320199276 56.975913084521466
200.11044294512863 148.64157691687413
166.60883136342798 7.085037992921178
208.69283378332793 19.178102048899888
202.7170113769589 219.4809338705587
199.27442804553863 49.458998134730315
30.320549452886702 116.03091385199785
106.736357984375 171.05058725783178
55.92168157815303 76.39620064765789
199.6842402464604 234.24541163257246
35.43981977018021 168.23994784220628
6.146979442316014 246.87859003767838
59.65182524346965 102.18790681018827
169.463315207094 54.126233439729496
14.276847553597399 82.35135053759238
156.42702735616982 13.964287178033747
190.1562946820516 238.9245225229118
41.43478072608794 182.7057866165489
183.55647250307254 117.26145177581806
139.47477482179892 85.48696876915004
27.35613874621451 151.4095807329125
30.73354353810459 34.98248821632469
233.36129444547043 91.1526150765716
141.79869399882486 201.236940540942
71.95051694095208 244.99293153496654
115.21632388342218 173.79519602033866
127.9280514333569 70.07336624563926
202.7897916970418 104.11916469195378
113.92886761942664 168.76841267134384
134.37646032724726 197.0355023471485
48.8869052515091 195.28988282096992
87.61386691182152 99.18322576937771
242.99394112319516 244.62444691444807
171.51441375706986 212.85839831211845
167.48957517546762 107.51557839269765
127.16775654877397 22.492205418565725
196.6747796434944 212.37945759150003
135.26660509242768 201.1926314689278
98.91079947801335 114.90334773987738
148.3194177015779 17.399609025998547
70.21829796246826 16.687195857915114
171.119977464531 184.58848532099935
87.04107150202931 172.69264859415537
77.61500905396338 147.65205575751958
127.05586547858658 21.185211670531416
236.61226090467926 98.98414591775118
222.69945396547192 35.31393229278243
130.7951287493095 191.13616475180652
119.24118255139818 93.01687651831946
228.4531122803273 128.83032505438538
54.86240428535985 169.2193625696637
126.73742980995675 141.6478231154151
219.40432760724102 8.50758803448709
58.39441320489428 50.639970934487025
120.4014195389643 222.3291925804146
170.9596556117414 148.15335172961255
37.77396572052352 109.44868993745422
91.9028437897314 34.00075503326916
175.16551831774353 128.4434942695411
18.991539208553064 32.79982867786038
177.30221372517374 128.30489653954854
17.12605226217745 137.97288914105104
4.062613786195324 87.3238539383155
117.6397334913267 12.576458392773299
124.42621169162332 110.75194431670022
205.27946981365545 35.34204748317934
247.3433448174989 187.8780686432957
173.9596865544066 164.4959346224682
195.09383768211543 214.1622900166649
109.00871726273509 108.24577577783081
100.03782202259134 82.3365971041903
45.73535927805583 115.34466146390571
26.861283852653155 223.64897986098023
53.376688390939705 52.18764252513092
78.45140556920488 9.730654189084254
33.568006849654026 191.1267921142155
87.39148437446693 190.16782816455654
152.48852347742817 5.162881901173172
81.45289947283202 11.709188543933324
26.69382701800113 64.74059806463137
183.34430370561125 39.668663019637506
137.4041949644623 108.99945729465784
109.21535799037733 76.84970743237507
163.170508992654 43.551398744064414
163.80042548349252 66.7319074793784
238.38973178519993 127.30279680445175
58.92857426382584 118.96418835693787
18.815806053158134 65.78702709448963
224.24761424988432 112.55003765628308
110.50705170299094 9.252448595849172
236.02831134582044 141.49950287780035
98.21338881296526 167.56285623578822
13.198667785977863 223.83500551599235
182.23674725589825 201.84327267873616
227.51925789373445 76.98931415104279
76.18400221223621 42.0746721429981
80.81233568359464 162.74509127977922
140.69190994128857 39.287921675382975
237.71955226120548 34.76283781398115
38.135605697185184 127.11008139931748
84.23527783957105 192.13598009532865
79.72097986913451 39.51501248334369
17.841010930094463 3.7875201646173084
137.6750608794944 177.20363190340547
56.94544838512594 9.916157306551238
36.10460526874213 94.81173369063752
195.4534317924767 151.57601626801863
70.39711575202514 200.95929492829768
177.14315950486164 99.31935120180275
223.56371810453058 29.62029851403117
249.9736802455265 12.922602206885125
228.03728693091276 243.18807515519245
189.0342654807596 10.086681355296918
125.58398298846396 71.73448885627285
180.51408146741122 134.4294717049988
112.90966931320217 237.93824634475112
14.634529086896775 132.962412924476
25.160051134476696 120.46893363326025
61.17929568434294 99.13098931232427
162.33624182932414 111.38210960356399
8.653286594476478 102.86777860929084
89.14515803680084 184.71598545143905
81.5901043973944 172.77361440015335
13.683574996180475 88.32376374251058
44.05342561662295 248.4930470458594
5.3253560122937245 68.63271859632805
90.43702245133794 189.75164714445432
164.06579070514584 242.93044251587685
163.15904726515663 141.46025427196903
96.2456297861 74.19653324881126
174.57533696214105 127.6121540965157
170.03022486211054 193.33150362382733
242.44733634678153 141.36247243454332
215.05148358310626 150.0273877009708
110.3080632930204 179.61941178237683
62.501139016226006 132.05942874875365

8.6 17.2 36.0 72.1
17.2 34.4 72.1 144.1
25.8 51.6 108.1 216.2
34.4 68.8 144.1 288.2
51.6 103.2 216.2 432.4
68.8 137.6 288.2 576.5
77.4 154.9 324.3 648.5
86.0 172.1 360.3 720.6
103.2 206.5 432.4 864.7
114.7 229.4 480.4 960.8
129.0 258.1 540.4 1080.9
143.4 286.8 600.5 1201.0

2 5 8 11
5 8 11 14
7 10 13 16
10 13 16 19
14 17 20 23
18 21 24 27
19 22 25 28
20 23 26 29
25 19 31 34
27 30 33 36
30 33 36 39
32 35 38 41

