256 3.0 0.0 1000.0 3 3 160 240 100

206.85575196648742 188.92529819954234
168.66673606506248 30.133204499859538
248.75080054809848 241.0056619595998
153.8443841494922 227.00343834649274
31.532516624790063 1.8311263843783787
58.19893626037953 8.036862207799922
156.9739590984841 5.819667510554294
53.4917861812326 110.09282424697669
78.83850916344589 105.27694077444144
194.94583994250115 132.65779637855425
192.9241573637047 90.87637100343976
152.42185992403122 220.5327822115189
0.8535168101607704 137.11240242548962
154.4471918495568 225.40185072879046
1.5414422306018194 28.661214108721495
95.04108278578471 37.01050808261938
144.58779999090143 247.4207428678501
50.39856683507604 203.43064423230504
154.55511001986847 204.30910095321357
165.69861751427334 63.15076571889699
24.97056844293527 94.819972445347
3.9221691479124354 152.36907804311087
127.58705204362353 74.209042824162
75.56646276112747 72.55407077662917
103.0048371027522 196.86179032607234
2.1596494250328835 161.43060258751254
20.17087984849461 163.9203419132292
3.887910634977426 103.65919648625093
200.459595568714 68.42050173271564
145.10459771405428 221.2635940417481
189.49915835365744 171.0336658947672
36.663969262184374 169.7226125942749
2.122406106974756 178.04277225671137
78.60699801329437 159.77561997742322
101.52093996040435 230.81594404013057
51.20098859471217 144.20250442388615
124.74627159473528 246.28066140190896
206.1260442529332 151.7428372792874
64.6799649582287 44.2477723581462
243.2342236448701 223.18175564777874
11.525447259407546 88.19497701626699
199.64300197096534 136.51458588948466
237.0170101082986 193.58832984782558
88.74248733269843 233.19770482898394
81.32335957364917 193.37209424203212
142.10105147862438 23.26861413636519
189.10263025304764 236.87996606058962
187.17547706408536 128.2438965550895
206.56766775136646 111.93415565063455
48.73811129965983 93.5601108724651
13.740401058628171 124.7415638025015
48.90900534905446 210.67419404257458
61.151812176494374 113.55624254846016
153.48928821738977 234.2446832795618
62.129308163378084 6.198668154586473
29.280973168082202 197.7636160849377
41.31326555408152 56.06188023988576
216.75522214757223 11.92305009306871
185.59515251088982 144.541276645959
196.559924523917 180.0573177950991
224.07954471299186 115.45614349925951
39.165345630582884 101.1959357013018
13.110865534643523 20.46465757602145
50.41253521911337 235.611323645751
229.95792959626613 195.47744844355796
150.520305081559 169.41439155294364
109.12542285268903 18.87226985910792
204.5086500349016 103.40852891547625
8.42158659732739 81.65701236696005
59.21637036820548 11.080030143087171
205.18008696022451 89.2638227201301
131.8833299988151 194.1421747827861
136.44008765108265 78.35457296921383
121.45689489999934 16.245786984123406
112.30961909716497 62.32989222781829
187.3294041186887 60.872813024601655
217.5477318350594 102.54091951064903
92.8883259515915 62.08790391211591
234.3797391495239 135.91616983195811
189.3252655347362 139.636305288697
206.16106971541373 94.4107203221076
148.68248729768013 43.75385709330715
114.58946921195864 50.398452213426204
216.25003151242998 98.072894292452
97.81082259810567 132.29389039692612
39.78694693311882 4.265997499634522
126.5383643441716 231.8743730219923
136.1785748010522 108.09103379146478
16.090676261643537 203.58149104948077
57.87250759706894 233.42970222335364
4.898133629714696 102.05556864072996
204.07258440905073 27.78802708437017
12.98484760356769 58.68805714345085
23.841891175114426 135.6236528698817
82.08264972390894 72.23753547896477
221.23765975942263 143.66830207117127
221.67515559703298 7.268246563044839
99.89846701018575 80.54637382133458
77.97349784378488 118.82684883099384
39.01375776602581 114.06400898423486
243.80002409429244 33.27445910843979
24.949832864827687 28.55403123558861
193.56985462300395 157.3426961531003
195.44067165920316 19.6053803387424
98.64753462973394 160.17209446105008
216.19233383493423 33.57800959164012
186.64801304170362 121.19514500288837
193.50944879612626 190.71804804753972
215.15244319380054 55.19118946810209
117.498642014919 230.10660927791778
103.18427559893095 33.12191430259262
14.312328890628056 224.18471127199533
233.4592117428979 222.53800082111823
249.617961704924 51.35500386056052
99.72095581623813 81.23642780447926
154.27079090808036 114.674833966418
129.14549464858348 10.129074551287282
64.4241573546889 99.86520297672143
247.56166354163722 218.9760025960432
211.38184719286733 194.3210885009808
14.809960343936252 69.06696774599716
171.292154756737 58.79282779769498
248.03318340770758 40.10389235727893
28.444163999863743 20.060072097785987
204.2583740788777 222.28247777729908
202.40947017022256 186.29882148582425
55.16013229743882 174.8709390804625
22.190582006276465 136.6903787352627
234.49758470627205 71.97800839474608
180.8292928199489 84.0832479810071
182.42245669932976 27.92484091852862
27.81019706390747 183.51633176420867
197.6752284577843 33.921433010440595
169.9967564941449 11.699904695045781
168.0592782002593 54.86794718705568
130.66376788157757 153.97761720670974
116.13312482748653 244.36192826556965
95.24113537164897 178.29995953354373
49.11727442315511 39.69749159769106
105.11250361177157 249.88994674366268
20.816662123260084 202.43026707178655
23.760552133567536 48.56274022020155
148.6392338325914 219.81684221612383
32.61176236061261 123.97401536310737
165.1624098850547 64.89866764034316
132.37695326370908 248.49622719803
11.502526485683312 148.58441599585996
7.697249826184943 144.94211179258653
166.94624078866687 200.82792920621552
98.29891711126254 174.8252285320783
246.37131917654415 148.7787811715416
49.40090348341483 32.02669173275291
10.030785429624267 154.17258740290174
108.16414502191269 114.96676914279708
186.607452858595 230.50675289692452
223.2212010890372 107.16255033535928
166.07464703310515 57.49591300926454
174.9593918520191 81.21080187330737
162.09269831549423 128.11757934473772
222.1284595563948 235.75700203067422
15.926511062715921 152.03476655681666
115.75122441331354 106.21032975129549
76.74946663314076 8.085223353208937
234.48480328648972 246.25588865665355
197.38634115247223 136.1822441863355
154.02392656733355 240.73690640101535
142.8980434090177 79.91269149164803
121.464703972572 19.86556851141785
92.75163299818023 234.53346535389704
156.7443634149965 74.44003273553751
69.21131094258625 114.2971331134407
121.22535208740257 99.59339864139302
74.50641827665144 185.31044270248253
118.20918047624635 218.7755235849081
143.11948016200333 93.32119201459288
78.84442924198623 50.48984165538559
233.48257329804056 2.776224517214959
185.77743853934916 129.0766067996188
51.252103334844975 133.1335660884623
147.01771996881516 211.40496744437058
41.862264147394384 188.0776248531383
78.1006149795232 122.8220752060824
45.23998865754689 84.00074280492925
9.862498741687514 192.21430391391686
45.94886823443306 115.634390933115
104.13685686930266 72.44464003721201
30.89708299929608 121.13573371647504
121.90786403318052 30.298632535455617
227.26448790581543 220.90117932863268
176.64815956180715 16.55448117647304
88.90415727538348 223.70492502330677
43.86434137184117 143.79937157421236
12.736298053267593 240.41453893316196
227.1197808055593 248.8119282313123
37.4744155200287 229.69072037644293
113.13366634231365 135.87984988818326
30.650926250946842 150.75050724874706
20.6001983971775 112.17287823299668
149.26474132247716 41.29541073103285
35.53361880013695 188.9079169293214
92.3370813384222 143.63822265090062
130.4355680301497 160.39419739679357
146.07605691481066 20.899475963691017
182.08430055415764 152.1780816898653
159.168951521501 244.75719564592768
132.5088328271236 194.85817464669688
190.05303357357366 164.01034262873574
132.57837672136552 14.019732747085929
227.47897187408725 136.1833867091032
147.83938047298886 126.79906637494459
196.78046758268067 232.14919956453312
2.7330410787414774 168.2131649058629
194.50027860111513 24.413686528404448
221.99493668558614 175.53153018105854
205.64187621686077 199.05830180585338
171.25488581833417 174.10943521780285
244.11781186704914 247.95585612239555
71.4297279498171 113.13437131419168
79.87163209935885 89.63893638813903
28.316299273586367 2.6643118014627043
243.57317973104762 164.93088732469408
98.19864751936744 213.38342479867285
36.96214292463501 94.29120083681944
37.53149070500494 82.36625768140648
236.09107784216334 71.8469870784866
78.07961163430879 125.14999000765239
188.74032077975178 104.28621387822493
101.3602882388277 76.12922726132778
180.42321727254077 116.99390125115954
236.4190129892823 148.8568305315401
62.21146801712535 193.77403695021528
206.04016847115682 12.191264223532865
176.7203374841143 156.53697950080513
24.448270438826857 189.8130728181862
118.10523468466843 221.81758966393718
202.20167402401188 230.43476045071733
104.36062124462805 55.067402242669736
237.49730757862403 109.125082987733
226.16799448935149 91.00016577978842
126.03574475237092 78.91789124517543
21.60138029138792 209.96239617972566
47.717327395557646 28.11788677635499
172.2166071188815 53.86666203165944
185.68176652672915 116.14685913870615
197.98284681700707 156.01247889461092
119.445612006223 16.36604118301177
197.8172648114633 153.14392928198907
166.5984503680369 143.33980948352652
101.0444807645293 26.535537988446322
76.69734077808829 163.11469373942722
45.50642202147062 171.30758094398445
149.29739946545223 239.15711036618038
12.56435884936491 150.61428603056027
102.71890881900431 11.226474794722774
72.60397004640338 121.78372863617732
190.00530562722125 35.63039446448088

211.70900185346858 184.75691651566078
171.2463320992897 29.78079352124327
244.09788060694356 246.44718473755572
160.64712794434814 229.2942848625491
27.493715424165536 8.661981214346637
53.172635128547086 1.8044171200263526
162.40277200516954 10.66341098387813
50.563200807641344 115.63785501195528
81.39825485389557 108.85016217546337
194.02905354630272 134.45979790719346
193.90764600365765 93.560097408471
150.2452453265657 214.2081730416597
5.093786208177492 136.6804200881088
158.25709719550545 220.42898562765595
5.232379187770281 32.407762857531914
94.31707874469353 36.88160003757973
144.9246481884241 243.98071831191527
42.99784482668018 203.7952613850843
158.75790322663784 210.33015609529633
163.42574533155204 66.2781763636359
26.603996678742526 88.76010354345753
6.777059869056329 158.37939859201592
134.7814279622161 77.41099666426118
79.48497439499802 67.2215968893727
106.7641303821274 196.8635688677291
3.6948507800844412 165.95231925440794
15.260708464506667 166.62923266819223
4.827044380249973 102.53913875112269
202.2159638326472 72.17434896541432
145.5196522274804 221.6675273959613
195.81885384245854 168.4607243239978
38.49674008523729 176.48367582545995
2.6496118031087423 176.73107199960722
71.94194029812124 160.01853862748672
109.10118016333162 232.32721856428174
54.16701038421143 141.2546821180316
122.8947062153605 248.34509975855178
208.7646353076907 144.499692001266
61.36541280157659 39.87998974806456
243.68212488419672 229.01812164377347
16.70383009870349 84.1721691915264
204.9968899079745 141.7110695618793
240.10497636839878 186.53367712630688
85.42251396607217 240.8046005824154
81.03676739253984 186.47503472881382
148.1643738406428 28.703085541680217
190.099907150852 237.82221498635
182.80703712758515 129.3948001729318
209.11174721667493 117.30495783219183
47.01692489670653 90.81976294161626
14.676361402503613 131.2143502472173
53.07160766699748 206.3239501658807
57.27332132569282 110.84966007944236
156.46750673103412 233.42031461266112
64.57673711361431 0.6636659335485795
26.593416560481447 194.1460543577691
40.548735862259626 50.5022419281628
215.033054094354 4.7746976901021085
180.7539158194131 145.5343949489226
190.31379542390908 184.1381016169573
221.6017388854428 120.47730151879074
31.15885044745015 98.93370181280254
14.394670391437659 26.797452899646967
56.91052788997686 234.69671930469053
233.86912492250738 196.4447608105274
158.02622614967603 170.39957330734765
111.98302984609084 13.870052296078212
197.74043514793428 107.3396599466076
8.516350697225866 84.50263841064964
53.41078391742327 9.414522440419958
210.55871990614423 94.52974357647915
133.12770913032446 192.58758638232794
137.7708367054541 81.28955652477751
128.36851045599752 20.682037515529522
110.49893837804622 61.24841876022374
185.20229228303614 65.63272825708295
218.0659430657924 107.40530957792524
100.64667485916445 65.10030730200236
234.54407639624895 139.96628724235026
185.74101458617994 142.206057624546
199.9777611267987 95.43768681610756
148.34604989260342 49.9205688685492
112.67727384826298 50.9102163549493
221.02217480935394 94.34411733776183
101.5753703878332 131.1737197819682
37.545799237876764 12.317950710902387
122.08495839967432 234.9845533965743
134.37465323050122 114.75398185938418
23.61296799811674 202.61437849595794
53.68764316430491 236.6897908885647
3.9142662797062022 102.55542788066563
205.7563648411613 21.343104907878775
14.971831907169914 54.19985362988156
16.44965532171519 138.10984267753835
80.041544239718 67.52478748141333
217.68241721990398 147.22905329517852
223.61178188058815 7.6984263298717215
102.60772834102735 78.16036156912284
71.3914987235913 118.94542128829767
37.98602926090841 108.02291501925765
247.05139852315727 36.242744833726995
29.396429046752797 31.78796510924789
194.21263712155687 163.42833345481307
198.19681264601448 13.187501776769889
102.42510054589413 166.50818746259284
209.5520805322258 30.163697021950043
188.82610635426008 128.60607279194525
188.8584547225653 194.48868217678566
221.90105913099254 51.179136556110535
118.2596255153675 225.9446969699768
105.96864393231911 32.7821907704455
21.833855395150454 225.10064857693894
233.41787576682802 227.47328387931185
248.98500531285958 56.949405370299246
92.48682191996235 84.55066548077231
152.74660217025146 109.36928624878381
129.2350933131024 8.363496828081185
70.22932527752899 101.11899703674817
244.87564288541532 226.70698966933406
207.85682804986723 189.535175156258
9.847227871081277 75.2907048982944
174.6625694148808 60.68058477595017
244.09640646280843 34.10219214186519
36.07701578135297 21.857342030899453
204.55690713474348 224.66476020727177
195.52088959884156 181.45650913718322
55.997606716598064 169.4405492179826
22.20713988745193 133.23146115799707
241.4511987838243 75.82676590013298
184.4343880494493 78.97028684896576
178.05068711774302 29.457330743732413
32.72878497275003 183.13685081542434
200.4770802879256 29.52218755725028
169.70361222688663 20.027507715688426
166.79197328772972 54.11560267248664
128.73876331340165 149.3030898784055
113.51848870073339 249.51184392347392
93.99307547096014 184.97478313433356
57.12807307605725 37.2303922551534
104.40156331374861 244.05939601555514
15.324882121998506 207.12628088202243
16.682179875768867 46.786761835669154
145.10347264251988 219.9741241877626
31.406458003882502 121.12675673919965
160.77225561497477 70.19488534807408
128.14905909473896 249.0404415637885
7.72962504302202 154.50895074606393
8.576952094231538 137.93317391957908
159.9096361177697 196.94711640781225
105.07928105633296 178.23212934440045
249.15295400715144 153.58726227799926
56.2995044928134 31.800105192470202
5.609446021208497 152.4877183135118
105.21368379291943 110.45581588581213
179.39110017385113 227.95680437180047
222.43038349537537 106.44643705453666
158.49806124302236 61.16460426310186
177.7143332053548 89.11567974669352
162.86115564275005 122.43888200680492
226.93955078992994 230.3661594560711
22.0049156100961 146.28286886136866
108.51704977696247 101.93935034257822
75.36315695094848 11.71983567248977
239.2749933788655 249.72700416466142
200.67154800355837 134.10733229464407
154.33874782526533 248.19592625702546
143.72130129991106 84.4439390051894
113.77324945879074 18.34939882388517
96.90439639954418 228.0466643332791
160.3075151330693 72.35252244200674
66.92555569450168 108.24843264128755
116.34395940599865 99.48444143077579
81.8443633894633 187.5465315913205
118.475295798454 216.2638889469549
148.06807075409642 95.92759889686225
84.68158653372207 56.49403059348346
225.73988060117168 0.3625563114538488
188.4657422650852 132.74511284272128
50.43690094047634 141.53948353531
142.51369111237358 207.62990740722103
49.32674403589326 192.09955497884005
81.71849984639785 128.85725962449504
42.24981365569602 82.91747298073787
6.234132082283683 194.0378088062544
49.711458395702564 123.17505456289318
98.60391348078282 70.86326247314037
34.896482373486776 121.44093751907222
119.48527561317276 37.04709811023438
225.97032848365194 221.79167570908479
169.30731123126913 14.428911555145863
87.94248369521921 223.6377715776101
38.33827111162286 147.54495072786318
6.999764371694361 236.20037097170317
228.2580917553444 245.20981558363349
40.63863814575239 225.3053591647822
119.64603386499888 137.85167320955927
29.767088100601942 156.19811407149658
28.968832442899135 111.223853973415
146.47294760344894 35.00199159517051
36.79114583128646 187.92147134464645
95.82215635009483 140.70303925548228
133.1959488762064 157.15856098344565
140.24894802853942 20.053598731900102
175.32856230199346 155.86930874813126
161.21707707669702 239.260597927728
129.74040590873392 200.96747493112284
193.70373497216073 160.72225626203897
137.28802836577788 15.432247878877064
234.1342629376879 131.22215776995046
149.52674068360542 122.05484513915336
195.50652637599413 234.16980785069399
8.188554253977964 165.22750391447067
189.8994164755064 27.157962231005584
217.80119499489209 178.64676281167715
205.4877977416476 193.08059470764604
168.52454293084944 171.43496560265856
242.05177991166067 246.67850702070632
70.75735060263804 121.21855552713387
81.22969751801695 85.25352383844218
28.420970750133694 7.538150675199612
236.38378962447646 164.16120317060282
101.1096870953851 212.26734245027714
39.65788032638695 94.07592360256595
45.6847642607752 83.71409931217858
234.22078341124134 79.07321846018355
81.60474747285105 125.64578729018444
186.83130488428316 96.58856654166118
108.54829337827212 77.75551570958328
181.7920460000499 119.09445950944323
234.81407559223808 145.1059942591331
59.213620675488684 197.57876648795417
204.52984757544058 13.059879944436192
171.26173213805592 161.56971786107633
30.342779359906867 191.75432429145482
123.83075826170636 222.2792602415324
196.869795722959 228.0272331210225
106.97193341328531 47.28696299692323
238.1122978047024 106.35490312865481
221.34553125671064 91.67875032842049
124.00399366110598 77.67916652654556
24.614257302580768 215.97954789889968
51.65030254161168 33.53567258720499
174.47721239380542 46.23552990688815
182.63399302433265 119.16355271755313
204.92955390789666 155.48062819542602
111.97504087356779 14.531502054336205
193.9686519827661 156.9468114824477
165.1078807480059 137.42572456465663
107.92043133612006 29.82672290967375
73.04160809474669 168.27233431716965
49.824889892184146 164.0424993316655
151.85124603645272 247.1211708584233
9.86884316777345 157.89982229556765
108.4111878632843 8.774742560256982
76.4396158156589 123.97845380069653
192.54396567555327 41.012294758218964

8.6 17.2 36.0 72.1
17.2 34.4 72.1 144.1
25.8 51.6 108.1 216.2
34.4 68.8 144.1 288.2
51.6 103.2 216.2 432.4
68.8 137.6 288.2 576.5
77.4 154.9 324.3 648.5
86.0 172.1 360.3 720.6
103.2 206.5 432.4 864.7
114.7 229.4 480.4 960.8
129.0 258.1 540.4 1080.9
143.4 286.8 600.5 1201.0

2 5 8 11
5 8 11 14
7 10 13 16
10 13 16 19
14 17 20 23
18 21 24 27
19 22 25 28
20 23 26 29
25 19 31 34
27 30 33 36
30 33 36 39
32 35 38 41

