256 3.0 0.0 1000.0 556.9497051942944 3 160 240 100

88.0375683065019 233.59676235849665
151.74836948737243 12.370024555382525
143.30178165918528 146.52606478840983
239.4413029120125 176.3731707486674
224.32977796391924 69.46936025813696
154.13090379590662 44.44078465885801
150.90162483919084 162.6672766465269
148.4088573351342 122.19441726400635
151.7496893250308 72.63908398519605
102.75563524239281 136.12634148168289
26.176851159639913 167.3230129531543
230.95674645320545 184.82734240405222
128.68556880117035 184.2170792109982
86.698140694497 48.47727496158974
169.79190327225237 6.358312383121845
123.53224838611199 178.67003972847144
151.74869610998144 209.5533055603036
233.2365235567068 77.77721071365842
38.35389612611698 40.75768825567971
234.4480809378325 138.46747184200837
236.66370225145846 110.25674152340348
10.84554320502426 192.4957928206614
229.7075361237219 128.88882316062617
182.97581161411745 108.55919795758756
76.44110271298027 54.295535392831354
4.882459539336942 222.96595100048748
142.07461780734258 177.71582722709664
150.7300434639691 112.99685540412729
247.90833976620482 73.4673875041272
24.460310857496253 7.689211653199996
200.54513520642186 122.55339190896433
116.75865260008226 168.12186064032824
178.55994525673924 226.42421825912032
165.3303113047317 135.0289948010283
29.50425861180217 65.91032606141125
24.42126257687635 237.06643457302158
29.326496882223108 104.97326003850785
127.40450383944746 106.79659270419562
99.04763796633942 109.64217616018406
39.09453695843604 60.53742759163949
163.12536193108883 248.43906131990497
118.5857040135773 2.352486197293918
89.55458082820417 8.529746086967855
68.94071356123388 132.41104249730094
171.40261957511512 244.12216475335774
45.04921971498613 113.80556104156703
73.30232322347932 183.2119932549785
92.44120770474662 46.01911826677899
208.50501382492223 101.1087958100455
142.77180790174867 50.04699221482675
225.90126830259715 234.65168473545418
0.5755900067781483 78.53933564260021
24.300547851083877 79.5116558831889
69.69103323627269 133.31540884174154
80.73878860634512 43.88262050798467
38.06190877480964 203.04681631326264
230.16722259849385 59.25773573791574
186.99924613591963 146.16163105907566
16.665017755666366 185.21935592052722
15.770890458927294 130.8304692455709
119.38232656145445 160.5482333683359
50.61303592689026 103.02964300974676
36.559214276697396 138.1963284294858
110.58076496736166 216.4853359542449
180.5920728314277 127.9507120427088
177.65232701131643 23.763467975767394
58.30665983786437 109.30538879545188
130.5707772836008 231.51677598302805
179.33159980174426 69.93387143605848
107.61638540651236 104.11511470118
243.28989399018718 122.5015438108564
11.675561115628923 107.29917444338666
63.39491983094025 181.1208810309313
50.47372955426957 87.32472492173618
179.40947560116368 1.3308040884248973
89.04026873894568 43.704360265741286
200.10326226950198 189.43889093812953
21.41833810275029 237.60850677721044
171.8565442303387 215.04292807288553
212.67384154072394 144.47735775652944
32.73861353095564 123.90457983010619
191.26819734752686 144.94439892764564
216.72815628271712 15.691983334369358
34.67132144777715 88.19640540851717
211.966728326823 204.78205825216492
50.1212411982381 177.86214491326746
240.6592428049096 120.19110062210314
110.50288520130353 53.078554863974446
67.02985940132145 227.55032863580038
98.7855505832469 213.52009908107007
50.90913705772762 109.16973184063892
162.09789497528757 146.9406033576318
35.20354673905424 95.4252384312855
145.45307606545686 185.9035834128384
38.22664258263553 187.65954040263873
133.56961471396568 208.41388260295986
196.53010129687505 92.35573358724287
172.32619321319993 244.7748000185501
137.9855157887531 92.88891190716494
69.5164803230777 194.8943972864304
156.55262234177388 151.9917142453232
52.51305376170839 143.43722473380808
221.77905926981364 2.4238559424505643
161.1713737878513 57.89654042715161
42.212370682452985 169.2397293461237
227.21670743180334 3.2789598446198442
214.81633307981292 196.90178972408776
97.41761378694741 200.39258404446284
105.38395003873566 9.716820164174605
27.208901823556204 57.099862779816405
241.8835260039904 155.15884305657082
131.66809773281307 25.898012665972914
115.08693431857512 184.50319050903164
153.0556952631497 199.85198833756317
3.1247959864073027 189.07569035013833
193.55260021793327 122.38563774772501
184.32707953504536 210.6484645197941
134.804716335637 21.796063242445708
192.53986915062043 224.77312484047383
196.03839488600377 96.94520199916171
81.85775128968913 244.955603344461
132.8469370498486 46.600928699415675
174.1330262387413 17.677567255817372
104.37734048166509 234.3309083403521
65.35842278886828 132.26615098767402
200.3574493641901 144.63943235490467
32.69655658614423 102.28416012915628
11.331682959863004 118.67517978870329
185.03851422567232 181.01217677484283
112.3534261985125 205.03447121326474
2.378757329668413 10.635207571148358
58.39734899801668 161.24350344305236
197.80857093523173 242.13772282556735
36.649689065346045 34.03581198243275
176.63920284147963 102.43239908054899
132.33950572879536 137.30223109493457
157.76955820356287 115.41192590777055
210.6495241206669 96.68280634572352
136.84691243415 202.7081555239658
26.47647958382296 241.18115465343774
97.65452032932443 75.37026156846208
235.01178592365554 98.61239594620224
38.13019648242383 10.748588084325162
67.52190714820152 42.447597963578
100.6014784198787 95.33075657963286
233.37638929688083 55.49552152572076
104.62099901755361 245.32193450496862
71.68358173864792 147.55916592953866
54.15335219649328 213.0065333281731
52.30759042508434 215.5707570285699
123.58045407590309 23.968694643515505
235.96589807072127 234.97592630438317
99.63882282071917 96.24346701952439
176.78193604565482 226.18832268826765
175.71486315591832 33.91494747860494
192.69674693384226 12.215728950239813
139.06564919704238 16.475874933878476
199.23636095653242 175.44239910085005
175.63559364895423 220.44873635648298
100.01203787113062 5.134116765695862
242.91043279364516 231.3139188121802
39.24369011597603 128.56215401359646
229.26107687938062 64.52975219946359
156.89432952787715 149.44606707763973
12.62960698308041 173.90214596395538
71.90078263101746 203.87696522823248
48.777554102081425 189.36808235536148
103.41939096945968 209.73728898297182
208.59783841657023 216.90881392301193
79.3844796969476 30.11573815731852
92.46915058466648 54.97561226431041
212.3707074037523 97.13530302944184
143.96013757158713 51.22480939376162
88.56148075337744 152.63571759511885
242.38625087052336 18.304552674684142
153.11054004226727 60.61320951779964
59.29398932700822 95.65011211136625
83.70047150338003 247.73903575347967
247.91260121424222 16.371489084766267
80.01767779419863 28.933409165712714
16.53135451865506 168.0620156551133
156.56243369856043 39.53033965373171
50.35405681102606 172.6449519781704
76.72372077861583 47.402686903918244
193.50894301658124 125.92778299264887
195.6359106480681 46.10875518641594
26.765681486244112 43.17852418566132
30.74905860096952 241.25400570551574
213.92837016574475 154.20482004900882
121.80555577085502 94.06784481769704
86.55568819847747 119.86291563630958
137.92429016391168 24.016701768316857
181.92035634231257 140.8851980770151
146.33734536423196 169.40084342677093
197.80743798722003 30.10584714304837
59.604599162906254 118.1840600540034
187.1215905833822 226.90428770706947
29.585650926996916 218.19359020100805
213.3904653945697 154.132234874176
163.08285419034107 180.72274305360213
121.23639642007194 86.07014613053413
143.81069924200102 223.5534763915054
147.4457806140867 185.919340396218
26.826512433271247 36.53882994688951
8.4962776052325 136.78651356375636
50.74221688245736 29.066061044569214
248.65086665488823 222.65044424170412
164.46586594526738 44.44313806430483
190.21721963894512 137.37291402532625
59.786309844675614 235.0765901338975
95.89898947325592 97.69499200440615
106.53687697794095 184.7659827038434
170.80478682856142 151.35716284739374
172.493814429149 176.79605512084308
132.60272668262888 20.72516038454364
159.73206472272744 49.21796213502758
153.46872909483787 183.62846477536007
170.9963157547502 99.90528898357104
143.40543944415893 223.44429724550415
249.15505292380809 32.591589440001705
198.00399357720897 244.81680409915649
8.661946141993893 115.23387484826564
151.91718815253924 102.05814668956675
183.85945736244346 238.33724129224035
48.204521619048116 67.28595595508536
151.72633075753464 99.14952804549581
69.81975473070563 99.92628840363358
24.44303130648112 127.03504137348837
109.82734250552406 86.82645776377693
12.08069967593503 3.0855459264826357
215.48308002322756 231.3824457186064
212.76956178649263 67.97515633597276
214.64994920891786 65.17307133178865
81.44296703078932 43.780345696064145
223.32753856623663 11.679144342849973
91.45195765348608 57.84860993234472
197.443919199484 50.98745418161163
153.81171351104257 51.40528317986581
60.444974297403085 140.0137254161846
185.80779761351673 140.5423842813102
100.78980954112052 0.6825446825081127
11.705213495806527 13.380674670936093
109.22096194480676 69.87156168300984
76.10722436716172 8.128057850004367
107.43478126939443 240.14393866370105
27.46113870074035 209.46424212183436
58.64161991195288 228.76408604246544
238.6897314614758 38.4809603829589
226.3322250171986 94.11428813198131
209.11508111460677 208.56099866176817
226.52883781724879 140.6511548509235
171.91612116545787 223.98223651194323
172.23315799056405 227.9404340258273
1.0745094842709024 118.83328174397032
89.28367661622893 120.71344657670566
68.89573678928834 65.06673152059886

83.16604276564208 236.05953773195105
153.0456371898735 8.251442901543754
144.76215841724033 140.79803527526275
233.59925642143415 177.7463431383681
228.10029655622193 66.06317044181453
161.71519363203618 42.889669365704705
145.0744092244007 160.3862402908374
145.3744954224469 114.64876323566625
148.42155745983408 71.79586748331585
97.0719321834072 135.98966586421716
22.26650710960773 166.7138900292201
225.17810985520052 181.9183569126985
131.19557276910015 181.35861731405407
88.28603868574305 40.77778712722943
163.75296726101809 8.49491284323714
127.38456558022784 185.52222925140907
150.40663148732204 213.96148197852892
239.52147118432 78.35363242454008
31.6116524848489 39.4818452016226
226.69296711408822 138.54802153608063
238.7979262013136 107.5781505451717
5.585693064473235 192.96773628765072
231.5507378383194 136.00623793623743
180.68681281387913 102.81037846653979
79.11527537330298 48.13711620178948
0.9818315380858977 226.7940326203385
137.7250292400269 181.44532588785557
151.77064642137418 107.3581082641544
243.08691495874334 75.7939132739136
28.55834412579719 14.20753763232474
198.2276790129187 114.93346823785785
119.57915103768038 172.83444198517265
170.18223664780825 225.7657704814019
166.5782294283121 126.90871981476695
35.012063514394455 62.97752338529053
29.821714152527353 234.06904450011393
24.52357364572688 102.31457447230503
122.5732267382641 105.13695574857171
98.65636813177797 111.36341106309894
39.559202217881065 68.40194581644249
166.0835075945919 241.21115735899554
127.02937085124478 2.618486060187136
89.79411631430007 16.991526019079966
69.86454817493218 134.68419848332067
177.53517498910114 244.72543397171046
44.77715517923181 113.59365471777252
72.61015385400943 182.9317441436795
95.04149323644661 46.28548293091544
203.04580457722895 100.8614523931751
145.80907522271136 56.945464097992975
229.8910180155062 239.17442175152135
1.7204130225685066 73.28672549498127
20.151259473455198 72.62816572999192
73.19813307143616 126.71891833856425
86.87230202268437 46.46435821780878
40.566437825043046 209.4512710031588
226.1805259786765 64.35198049216531
195.20563423027724 145.41850951384444
12.203279076986151 190.244247993004
22.437221324051652 135.85678997297197
125.33912746714613 163.6070062782086
48.97392941724843 102.899502232344
34.466539932828724 133.86630599600412
109.39774907430107 215.57570748615169
184.00607213842784 121.57779830321697
179.8319314000339 23.64028504845528
59.56382258269494 114.41074973678597
133.99383904729146 237.20011267340482
186.40939205593253 70.19668510969643
109.2128751965086 102.77007214237014
243.14744751319014 128.6060703898777
14.455427727043919 103.27864658190784
67.075726578614 187.20805188080357
47.14301447432412 82.56489836645062
174.67516720134992 1.0496061547531632
82.2115681557845 43.17743721092746
196.64797164433236 195.2721644116688
18.451205185501752 231.57635049628723
171.9337576028054 206.58272073811096
204.81334867196557 145.42349900925709
35.521446667318905 120.42967257916156
188.8580603149698 144.40150694117864
216.32048416281216 23.611587224509208
29.959390404434654 82.9918061981641
214.2756000683407 199.54578642740188
52.9274899787257 176.385462176733
243.810987822373 127.55522184584136
107.89520471300335 53.865731740561365
62.34552090875067 225.5012273231388
100.75211755742004 207.0704089331279
49.01949205516304 112.89189994539095
164.9380242388818 151.0382323059076
27.972835399499157 96.93934001165341
148.77621588000227 193.13628140979586
33.604464102251654 193.7200338874745
138.80546262769258 202.36307240325954
196.97039697435335 100.13013805975218
173.7564353250492 248.5957116179161
136.4222571073584 94.45096804743913
66.49983214430726 191.9158115870408
161.62819378163837 145.31563787401416
56.360026335152384 145.4237492682207
225.5753216610922 6.555359151024315
160.0285600436993 63.56553843680379
45.30140430997365 168.82035335851387
229.49500775232337 7.220430943853384
207.57721286320225 200.89324044269665
92.47260778385686 205.23325505920425
104.6296535973591 8.531689162115496
22.202590801834344 54.409743748564196
245.83562197277826 157.6210609377733
128.52658295736944 29.064695373757914
118.04359921063595 191.22616076747596
147.1363090343685 199.28446604573398
7.438934411632653 186.3755327483873
189.37783224886454 127.37126131378484
181.26124385947605 207.57715214455266
141.2584196110381 25.191781115123657
194.9519241429205 227.0309891497518
189.973190340672 100.72700686075855
76.63567698173985 244.19510787452336
132.22483833986024 54.613018926493176
170.25229610566686 17.963279492429262
107.0067474510912 238.30002076359764
60.53091020004131 133.577951616885
197.49830024303432 136.7317495624968
31.67414934793275 110.17890993393442
13.963727157589812 121.62820201070573
186.4346821789789 183.81262567680113
115.41771863049438 198.42835262680612
10.149593743223967 9.527045321072041
59.186697424924105 156.3003710422133
197.4204042305292 245.02385076893438
34.786372127515754 30.18639795524647
175.58511642430142 95.07407393324333
134.46007998153743 133.4895348769526
157.6581376162776 119.2559050847725
210.73806027833652 104.35269712082335
141.48873134871596 205.05670051602166
30.707010353086094 243.79222435010428
94.83198844766127 76.55628113795065
239.00365291027703 95.58486543991462
43.65591654352596 12.037254745761562
61.77378347630774 39.027300776833975
97.93958818910158 99.05747391926722
233.07293100903829 54.00756558209602
103.11962408947018 237.1882547595818
73.27583100048338 141.67957794531696
49.517415217386976 212.09902645755963
48.988848585781895 208.98863442240787
118.16364193388159 27.920019711202755
240.67172030402457 230.3599515517128
102.81616370480151 92.26363188447107
173.07464984831967 219.42282471875546
179.572461688535 29.79594717305309
191.0640417045144 8.092346344937635
143.46693620727902 17.076202416342888
197.17032853949036 171.04824132663265
181.3568187965888 219.8926761584849
95.90954188717058 10.410964296493935
236.5623746252203 226.05136919580534
43.00571558106181 132.4442389368894
233.9577931174823 63.295594234150016
161.92117292999725 154.88629905672954
13.981499010014248 174.2984002133695
77.18129736456977 206.40856157134
53.32230155855899 193.18316269780175
99.29691991384368 210.56437377454733
210.76226983975783 223.826437412783
75.96473700053075 28.45976308357767
96.57644359307608 58.89174210333045
213.81777120513755 101.40496244522848
141.3242687413145 51.72498247890783
82.61891262145332 153.44505888568926
246.5346574089088 11.498099086617309
149.41447690541443 60.26593504366562
64.38803187160924 96.74553474448277
86.38099140381262 249.0531364028671
244.55270613567177 10.682281313121184
84.85604864292637 28.226148215447083
15.796274458300118 173.158816802425
151.6560365063029 39.972179530112754
58.30379615923137 172.66526295992406
74.68843153408683 48.57661803166965
193.1024639563757 117.80410658813248
202.18421287564786 48.240089012205445
19.51129954702868 38.84702027954726
36.69457694375264 242.52994977022723
220.93348998258816 157.99673226017285
121.9858820985887 92.67105397910161
90.97808508528527 122.01076049116058
132.7856302464841 30.21547810422362
176.69485774329772 143.68450350272295
145.11339038230537 163.3595382512578
193.05690912703557 26.736758206189037
59.98589987587655 125.39026154152738
184.25419404607746 229.6837841075974
24.27539362534567 223.13852063839045
213.42187335162836 152.44841435795365
155.45980917325286 183.62921588698447
121.13619791424205 88.56977887649626
151.1743362401983 224.04954427560364
142.38024593794333 179.11711140471013
33.731427003742596 40.30216149566201
13.824578858894238 138.42144701808618
48.169982240509974 22.79239180761644
243.73730041207912 224.23362139062493
172.56106758255663 43.49116918847232
194.92259616867426 142.81662600161494
67.78330224272472 237.8288508302256
101.64665762801164 95.05447389325569
108.24780184384794 182.1807586425663
174.5787556685193 150.3899958663149
168.04106917319805 178.71226078319918
138.1185628725618 27.11163900142477
153.7906049827679 43.897385458552954
149.33246497486613 190.91956684206824
174.89302741795177 101.04206160928591
148.95769591887972 217.51929813772045
247.98253065520854 33.34545721668522
194.88236433013722 248.13487621960985
1.3568073389084168 113.02858910852159
145.74716275488447 105.57635329649267
180.58818110623852 237.57773447738475
55.260575048038525 69.65069708176605
156.16062144000216 96.62644234148368
68.71279200495653 93.4096329617097
29.411274876299963 126.27235471885284
108.77284490764058 89.03227547362208
14.016558621757769 0.9884683045737752
218.8267321788081 229.48728315612527
215.62970524263366 61.54390830063175
215.28902512293962 66.04644129880407
81.22572222546118 36.450325862049496
224.72523586176345 12.498005543197438
93.50747662984828 64.37716794302253
200.93773662154027 58.54178920394837
153.97542185541676 49.47043735354398
52.36517396453127 139.0259424583529
189.11160319719457 137.30387687894057
108.43664249127998 0.8581782387757364
14.620929856736575 18.472170544858223
108.56579220755752 65.541428611075
71.65341500893122 7.381472671710548
109.6234872275931 243.6665150239965
33.75007078827577 214.42485607485915
59.4992541362189 226.70942843805034
237.64190480473977 38.34068833655968
230.31653399038063 98.76127015449157
217.00985951360462 206.43642926696367
227.3397548114408 148.0374659827512
179.54182141400076 221.74781098166056
167.46000853880102 220.97720388825417
3.5124067985245477 113.96097027313907
87.53524717883504 117.28766353247543
72.10821481610918 71.17819141605428

8.6 17.2 36.0 72.1
17.2 34.4 72.1 144.1
25.8 51.6 108.1 216.2
34.4 68.8 144.1 288.2
51.6 103.2 216.2 432.4
68.8 137.6 288.2 576.5
77.4 154.9 324.3 648.5
86.0 172.1 360.3 720.6
103.2 206.5 432.4 864.7
114.7 229.4 480.4 960.8
129.0 258.1 540.4 1080.9
143.4 286.8 600.5 1201.0

2 5 8 11
5 8 11 14
7 10 13 16
10 13 16 19
14 17 20 23
18 21 24 27
19 22 25 28
20 23 26 29
25 19 31 34
27 30 33 36
30 33 36 39
32 35 38 41

