256 3.0 0.0 1000.0 3 3 160 240 100

129.06129483093608 74.5648469677527
5.468775287793603 68.09786015569877
88.13473222282752 179.96809039797543
90.47159860086398 40.61324911904718
215.3026662975852 75.39394768990188
109.1307715984963 106.184635974834
113.01234906788774 211.7986162572391
130.00425997831547 246.4092023877023
142.54583099889626 117.18779669228572
219.71273519702058 131.75882927978574
97.14290524516333 116.06897074957622
126.409699938628 75.17291732258688
120.2371761067532 90.68448395935805
242.20105199865984 180.94805019221468
155.59370492322947 56.802923217233484
202.96503216534327 192.9293416020156
149.8357717527207 3.2760981536995026
163.3699657066414 80.55733456306017
166.46647031311502 229.83339098567248
231.6854671943704 63.34219650746109
129.1614434282592 42.84341392409241
177.4460473889618 131.69394574880127
164.87758863496575 25.22581114564662
92.40315823876355 43.962878370947365
235.02480555298388 150.11138962946958
33.88136250509932 145.8680260516793
77.1453071569867 192.88880887542823
66.92525168234489 57.29486037629533
164.41734353511936 200.53857442816758
213.21253968058247 107.63404000345747
13.028427419617156 137.1956957968486
97.36559497068446 32.92263055909428
175.49716158914347 19.500639393418425
78.79746913498612 121.46105799497131
78.45196333678656 168.97235891765007
191.61728365169128 33.44463101409437
19.437676425529656 156.551266438326
217.98939028799842 188.5507332957571
161.0043738070636 241.05172399905612
185.57199706355178 178.39135645002597
134.5895994549018 6.463228802452176
228.1464715480911 82.45619361596005
158.80067836056128 196.0199525957279
120.57674336430932 34.09900313128755
130.72699638466239 93.7111105659179
82.10235445685602 84.20358695199076
158.55056125919455 169.35915785400545
134.0142856562376 203.5375897449114
96.8684957604956 121.71851601676461
195.10104321842954 210.04526956102427
98.47649227064554 66.66069596612218
36.324256427643505 120.66092371790401
247.6702159992385 28.748172915234182
74.18665279746914 18.334841698072008
1.0450024987696538 145.03976338422564
126.1495253914196 30.21262775216732
56.00495278131321 226.6923898815501
38.73028094579234 138.0688156013045
210.7091112390413 221.56197997890328
215.08994267321594 81.62924640820147
227.6057814350352 43.10175117512158
81.72877345478035 224.1109812133411
129.7295716762068 213.5852750834643
124.60043996098885 153.45183791004501
43.70052287392986 148.31527934813298
60.93503384062135 92.75108902527951
188.75747182529938 226.18033147443245
164.752309784723 63.82021000398447
149.48381797543763 149.6155551880682
176.28458389237633 50.126665220594475
42.12527001268057 180.6447204042479
75.95700089741037 219.6780707368598
242.93369761944336 106.05819025424765
127.75616106609208 32.3379267949431
201.89292205516753 129.77975030221384
74.73682387374059 153.3444155169394
185.90764499126752 80.60765149441484
100.28064331513653 55.53292376633326
233.87011806857566 209.75072144226905
240.5022607271504 71.50162627016587
111.0442132915121 121.26575746451485
148.5159510149479 134.12801196500135
65.90468661554804 166.7639074640172
136.06322948596562 71.80580175086435
116.09518205625443 239.7141782409617
40.388707324350044 150.7785101662101
148.29528334513327 76.88408428463819
169.33655877550106 79.31215465117563
198.3105717532063 144.47949279768795
202.83313610630944 44.88866136940331
240.7466030251346 158.06191866667692
222.74072464428252 186.1894619707204
84.3853447814833 190.0423706701525
144.06316413741857 183.10546225133726
158.25945860585276 6.226921346110109
120.8361238285788 113.44710835682193
10.977797392949407 225.3356320533065
88.72197220124752 113.65427966054389
33.45360504749934 102.29439862482337
145.22759431675738 154.38297183314987
112.63337025531284 166.45500953754018
125.7541883426761 125.945099890232
86.48547601464027 239.005402119964
238.09507605923307 217.30135373335662
50.67792660297013 12.159082753811084
102.6301861351123 173.39152759889004
212.35844650714432 3.9494935927328334
249.27718989845187 84.43294450990061
248.83464981890216 138.71065151709462
86.45018632643942 213.69525112158215
5.699736373960512 142.76894944922205
173.0921491082116 97.19335135797982
190.2872292204921 214.62656343786523
134.235819263456 25.03020099476619
17.42623951528871 28.247790769667464
130.22714441741985 44.18190872971392
27.648741421767376 41.51250503600254
249.67934586732434 221.8460875604827
17.256610537515705 74.09082739364895
182.43195206113535 82.23286120741896
111.60232738753625 5.0193289063927
52.00079994077003 70.22728660852337
115.76135313418254 25.83856651859498
146.20979983436519 157.463050016867
238.9944652327224 223.09423322976883
50.79411364215383 242.0087857666062
128.21449195120124 26.05425248213633
232.14341838063606 129.3636689059105
93.67225671577225 147.05553152400697
220.0038530177806 213.183272629602
231.7694301087025 157.39249207662445
14.3593493255961 64.55301479328793
53.73603667192287 5.3397626413535235
209.41710197591337 228.21759396866898
72.61307463591696 195.69756652467228
204.8603886618247 161.50560380534768
72.17150668853445 198.81209297855463
247.8287857056464 30.157683303294963
239.47370533093547 147.01587141563553
161.65872691695705 181.22574535249313
134.55485957504936 99.07980482537965
160.58472368417267 212.35479191166235
81.98968462866773 233.56881862371063
184.3646105653052 140.14791771287474
59.726961686024346 168.7748859717662
22.729308867357496 207.96214451107724
111.83364141214663 184.28114931201918
206.5684083926753 103.98022863105678
214.05548575823047 44.18462419688271
196.3229456616507 115.20422392437213
157.94861676288193 162.90207844719242
5.733454652103342 3.846859974052763
96.26978951069412 37.85443881864736
48.877204101054836 54.598798465864654
15.102362470779951 104.84814725690909
11.131647494516006 83.26959011737489
216.73275828200318 88.13710256360952
31.19148737891936 147.52345332644592
209.66129809751382 34.097809256352754
202.9322321467072 174.6131011542118
207.5153513883186 1.3931416192202173
156.88386852428178 160.31370274258146
114.23815837421311 134.04048095152467
88.1525867341047 81.41453447487982
183.77512889845886 79.80466007691194
21.919073652731104 212.05026193761654
77.27961339157086 92.56479163777281
123.17243353515114 236.10819706775982
0.42346157987996347 45.50933838847468
232.73497729702206 40.25627287125591
47.19261752826595 185.26485099659172
245.2329146736917 243.9553361085141
132.74594109182678 237.20613835069298
167.02268822764188 116.80342621053649
121.12148920521551 193.1755785534954
138.11098272320174 70.80782932316184
125.4386532787344 130.74284708582033
170.31341913296325 181.76155719100126
68.02561004049026 76.34380830097781
43.22943242888419 125.43974738795372
63.3054285280214 248.90045072310429
202.73707915842192 193.9495240415769
84.36873644772861 149.26834459751507
205.48626857931816 141.6821678668122
137.00056087405125 59.81079169838893
192.9175498347419 51.5125659211986
174.04087064238465 179.74795149260237
138.14955430996503 97.22924710888772
200.56517249753725 52.35298282249909
173.19288134505018 192.6610867352678
108.41082795925072 140.62198131608417
38.06157370650393 243.0804745708949
1.5841959540263961 99.72261594569193
170.05485510289003 153.90438101712422
234.53064440244086 178.06474846605542
34.21355218248645 91.07512006209268
94.76367866158861 72.06802967122672
149.16663885021592 88.86688007230123
7.09749718194283 189.82949867046634
153.14491199144015 120.48581883736412
149.7148195752654 22.4562170593845
218.50474903860118 151.06908030505826
83.05254009040256 73.81064880244853
188.37812959819829 55.80299603325997
26.979382216622188 24.415748575780494
156.21822980174662 112.67664260145665
42.882485133626716 196.50312534364596
17.858001260747603 141.36202237818435
29.372588931696807 150.87873317740113
86.8038902156908 248.99788730847524
150.4186077984068 217.53945913769772
62.87583826647997 141.80735207320026
232.61240073525158 95.78081843483663
63.48653109717822 241.67562895356238
122.51418540491291 224.41491144102164
138.66295426974858 20.935880675521435
84.00923175367303 1.3047908140241815
189.78345659173044 75.12854937741676
201.89775396450287 219.24875092584182
242.5784480345274 190.51416359393818
220.64213350312394 124.3719710050322
231.74317650221275 6.182355874589929
207.81310809218408 84.23385307792891
132.65754602369105 138.79461771910104
32.64750813027667 214.74882187080075
248.8885593592266 26.00141397851827
219.83863634281687 149.3556638370346
92.21648044629785 144.25229101931825
203.42578081674998 184.82417541509312
123.31099656216654 127.96587161257017
90.62319934335666 25.147597794208444
211.43005258035305 66.81048849357197
198.2691770278604 6.459249444500465
27.48667112573519 45.55586867327466
100.5208009008757 51.33095774469357
149.01996150793957 11.428668156159755
122.4581081341992 117.89345440633076
246.44307660092306 117.91569470278878
27.754414859257587 146.2908383813146
14.345210021123405 202.6662157687033
164.85871590337908 58.82947124686369
105.94378602624444 40.815951707013745
2.0223103195454453 246.5758044936853
192.09052164510894 159.34364554708065
125.60839122766338 45.11185107455618
13.801741880785368 184.83119001153312
119.4332598484347 69.42420509019534
246.71350102510206 191.25395355140455
220.57549928380826 111.3552931054871
44.72765586771133 131.9192280477261
173.23851284263452 204.7642370411813
163.97098911992737 184.71230218180668
174.42106338697369 230.2448884863046
204.60285496344486 213.62302042368754
8.768755290688185 72.90622935574767
196.0410674691548 107.61351939008473

123.77467306524245 78.01595089255619
8.228139246071242 60.54655534029024
87.11395856272644 173.53997201519508
83.7209111917454 36.99388363518649
219.22384400408444 69.06129240454423
102.16679278676314 108.60894552410686
119.64208626795487 213.33878546399453
136.62030464145477 248.7981433551719
140.52319506481132 123.94067785956592
225.14921828147465 128.02212186046992
92.01834901076047 111.88472765893597
131.2677351415666 75.22691335458562
119.46145625909696 99.00036891179667
236.5772547541491 175.55787143458093
158.982964309794 64.11834564707436
201.83937165488743 193.87648016703915
148.6827915082245 7.814148046058928
167.56674134818988 82.01394526191457
167.67240004462315 227.02800716237948
233.4920599528739 66.17077469327484
122.46610421863218 45.87164015985149
184.32231238069286 133.81272415528892
166.88918812480216 32.55013287815547
94.85755456972004 51.26887679966846
227.18618646129107 151.83060988536616
36.002645771450595 148.53509612732992
75.74644229804572 199.48985142658316
67.48120228225419 54.148821438337016
164.22248586024557 192.85957760466448
218.74528106779496 103.89301996744743
8.551496950416071 140.06492166715492
102.86080258915304 34.06764944760146
180.6376675097588 18.935726191337377
75.55461522183205 120.43669215358676
81.67155592806927 170.5174843881495
193.12644840948653 35.948644006360524
22.762987868196248 155.87678001464573
216.16315180478836 187.17091045589208
153.90243667365985 245.08605025814063
184.40985735437894 170.93502609828678
129.7193488428523 12.30268543624602
234.34448335171888 86.72004514420739
152.53336005408252 197.47806529668813
123.73257018049105 30.808403594305783
131.47383515750306 99.68014018062438
79.01268418859914 89.02619997586011
154.0722431827236 164.38219911056996
130.11377321686203 199.68073349492184
99.15558293328947 123.05315074474952
197.4312640969712 216.50917741963082
97.23757768231548 65.3608473049202
31.6088342908529 115.4066023540136
241.87065894884856 34.1474967232015
79.15331409631126 14.307060758915856
1.3568054026447673 148.09349176624778
130.66277712505828 23.402743328234415
55.25003187822383 223.0690958481174
39.884465818464776 131.36964891389204
210.61882461018592 219.21049498370164
207.8166993470643 80.46175455649376
220.3350568010201 43.1716163391164
86.89917874640898 219.29339567752993
128.92889820483578 221.7841201448157
118.0602509338749 148.65664769450686
43.92425925772348 143.87028426610877
62.622897981966105 87.81359911507313
195.01429035985214 223.12721551356793
169.8813215340944 61.63337194686411
142.35868321556168 152.76172027456647
170.94182752774006 47.86502584135488
36.19817666539901 181.31062658646238
69.36962812211517 220.99614116348883
237.4760040249137 105.409066707733
123.693881040811 38.59731529718135
204.57278688720558 123.84117329257363
72.70298655563414 147.45463536223883
184.73447585554035 78.16719743488349
103.81184224623408 57.99943144798056
235.5123833337334 216.5446203895473
239.410081332687 67.45803240102516
109.6676133484713 121.26479509039198
152.0828292095654 134.97832716555794
63.033590540295364 168.40095290400188
134.54915156588115 68.02881364383273
117.77035053419941 238.21441080109318
35.8242550502402 154.9829259397344
150.50403743157537 79.09437119886931
165.4067674202723 86.46902891879735
202.94540578379687 143.45743610886086
209.45023216029793 44.617125051050586
237.30264760486733 160.15515137204156
221.01922238561204 184.13100126984298
77.63192637358698 185.77050505285672
150.6795429464385 181.1127425179744
152.51631451552768 10.332530953043095
117.86465642887056 108.32793371723575
8.877226318989656 223.92197361443428
86.58239159572895 105.72376883118379
31.222250005101593 109.39236915192107
151.00828933280727 154.8312894764345
114.17088390826046 168.2147813573909
127.36853959024586 120.0928439035652
87.74871273192767 246.21824865743181
238.80054420622926 212.53376028406925
54.61923755923676 14.387413538292899
104.8486683165373 181.51996026407915
207.55600614068143 6.8884291002568325
246.6279359130641 92.3454853132418
243.61597659850057 144.39505494965746
84.29767542841266 210.65490299859795
6.508126191266673 134.38956723582945
175.7248838852912 92.14181233139729
182.82244530970672 217.21437006973628
140.06086855539115 30.68657766878055
11.923055250439518 23.830349296140614
124.48255949180115 49.026708079044326
20.105042420358153 42.94699030260854
249.12909835177857 229.06255309832093
14.168536229616112 77.36609211228918
181.22680194410236 87.102965412384
119.04429632806645 8.96467252644767
48.69351984704912 69.97451265049322
117.83376266041668 26.697236250842497
142.51417185733195 163.46343127063165
232.53899562902535 221.3993552613203
52.92940690498787 237.79128585627097
134.3783541543814 29.4201826030098
236.26563407726354 135.73642064383694
100.86396430487221 150.28091666290985
217.66351879434714 221.15234509645143
228.7477263675444 161.762825811286
15.146850558317187 62.09814139344449
62.0911826269287 6.691103288873595
212.97780909934968 228.13539790705883
74.18983520617012 198.64274104678407
212.38085479766306 160.1432432895353
76.2577993561955 201.32743049883203
243.09838745028247 32.87430848949599
235.21745529932593 152.96631443652282
161.6254591332921 189.55901055290806
138.94447743804088 97.95106622553931
156.71274315953798 206.46427883156932
78.82894457527712 229.02091896866125
183.01041506824538 146.49183938374355
55.25035953112709 165.53643433040867
29.26631553655848 203.16919430546307
110.61368029716608 182.96921349896985
206.3504472853032 103.30102074594164
215.4162150726156 36.66870649151813
200.00378300353034 121.89601262912892
161.6939285690726 166.9485949367609
4.409667888636365 9.465615543421624
99.88331381617077 37.183482565504605
51.535091791641676 56.757740535818805
10.054584426080677 98.6174112888477
11.506677819875438 77.54510373689146
222.2518877134883 89.26086298358976
30.783572220157485 148.28724537778749
203.48268063746877 38.65623187054679
203.83717870875833 168.85455839905563
202.0332679621743 4.191026606877451
152.2902101275158 162.8804421871198
114.45717345026752 139.09977277919825
81.96485310640844 79.78406263568033
176.6705846541973 80.48718042959976
17.71914791925114 211.93201911318712
84.49369036026417 94.08946829401211
123.05422288414253 243.61088212339826
3.619434509470665 52.153769635085276
236.25876192757016 35.57351770972239
41.094065654345066 180.44102336543912
248.47904204379174 243.1660933812811
131.0705337465515 231.92644402354753
172.90140137316547 116.32376397020671
123.27518762239065 196.9807264522901
137.50346506930177 73.34559137133157
129.02852869344719 130.6435262284989
175.4921952838604 184.70859701599417
71.86934218626357 74.2120261901033
49.63493946693654 129.83910597191888
60.48845829190086 247.3649449914807
209.0877967600047 198.63853203228263
82.70186898932572 149.34934798607173
206.51918386450654 147.09202936023098
138.2030865849528 56.83679886530501
186.22897172257828 56.44207669333573
181.70111704017893 180.56514720892594
140.75930340264802 103.13749044586406
206.46219850297604 46.41719758831045
175.47206438604758 188.96022349737305
103.53764167045004 141.62723239082604
34.368745238964856 246.26995415374498
7.633159305450693 101.87084183417299
162.5096263568527 157.5810424199007
240.0945277460387 177.98071470159434
32.94131566327096 85.35490107001606
94.566370911075 71.0249540646327
147.91896694276144 91.51935746005566
0.9767612628720501 193.65660252870438
154.7026479635227 114.95368556679347
152.46614980875603 25.42366503690749
219.98324347313311 157.8152472847108
89.28212671000848 74.79089493306765
181.89677304179926 55.04178064224252
29.054127084993137 28.969832068245466
162.68484101515506 107.71034677923697
47.80059645970333 194.24443291519688
12.543921618000276 138.1269890995215
24.361414702417207 146.31460654522203
86.8089168145989 242.78868334030088
154.70197831083723 211.82336496870354
64.62935055322305 146.98966318929592
229.6701378327798 91.32002815955525
69.16890061606173 244.40330833981852
114.61852441442733 224.33179486850426
140.74069511763943 17.977597126662108
81.5785744310128 6.73793540675674
186.11652073676296 72.60982792631776
197.2895844079736 214.89454830765715
240.59092346663468 191.53268841558952
226.6671218515511 130.06651098542906
234.54207241519543 9.397080894002151
206.38483108219484 87.21280866785439
127.24589337435174 133.8765618389794
38.676626990174654 209.18581154877072
249.71009976212517 25.251529482253122
221.40897755276637 148.865834166564
97.84248852385718 138.9549913270068
205.7117956150532 184.4419607427703
121.49273576262678 125.3682222325686
93.16871364693714 20.83382380236845
206.20074941381216 63.92533792240024
200.18691518040114 12.159790889179401
32.54063036320615 40.24195084048582
103.38307994613885 53.92701032826408
147.24898312829293 4.591950461726252
117.24985983353234 112.33851449599555
244.38444085407377 117.48062103680907
22.056772375916967 146.55011374383113
10.110105170528739 208.8805916561668
160.2189619262692 52.79980994400313
103.56997373334711 45.19860164665995
0.6342189614531313 244.73083283022686
187.77443329619382 160.536440200424
126.6127815607897 42.206104099635155
18.29061596167314 180.48260136435277
113.37571552233864 68.34875673022131
249.0552029461459 187.97870430934424
222.5348862161133 108.17133880027762
37.83425083319184 135.81162060082565
165.07193901170814 206.8721458968712
166.83307860352062 190.09325406614124
173.38252096526531 234.73205641391036
200.1267691388247 213.55673684368992
5.822719953410743 78.20747864554092
192.7087501564442 106.43465605143341

8.6 17.2 36.0 72.1
17.2 34.4 72.1 144.1
25.8 51.6 108.1 216.2
34.4 68.8 144.1 288.2
51.6 103.2 216.2 432.4
68.8 137.6 288.2 576.5
77.4 154.9 324.3 648.5
86.0 172.1 360.3 720.6
103.2 206.5 432.4 864.7
114.7 229.4 480.4 960.8
129.0 258.1 540.4 1080.9
143.4 286.8 600.5 1201.0

2 5 8 11
5 8 11 14
7 10 13 16
10 13 16 19
14 17 20 23
18 21 24 27
19 22 25 28
20 23 26 29
25 19 31 34
27 30 33 36
30 33 36 39
32 35 38 41

