256 3.0 0.0 1000.0 245.57491514783305 3 160 240 100

82.94537771317722 22.778679601482498
240.00293976146463 68.2317675614926
226.7571773233019 149.83894880856977
35.28944304423026 111.543626939022
84.70503332712143 84.04072037878218
228.15684874293927 166.27718155046782
106.48563561374841 89.9353006970055
93.4859025395663 58.54097135341979
155.37551481922006 212.82625567694114
74.37694453070553 83.40534238503291
153.8432409371382 126.6659541140231
185.2138116713453 44.440798622987806
139.77611800221035 195.73613289287724
21.675001188739717 201.75414116024336
19.45218029452925 246.391158686028
137.33680799720662 47.42763543234804
124.17034003014169 131.68559305452303
9.34227758577194 8.480443370427665
248.9356637426598 139.57087863563282
134.73102641546558 151.58245964584628
205.85320647660131 185.7306137687808
18.859429344825816 173.72523684539914
161.16722351097724 21.408848862109505
156.91886087307716 135.94384100289875
152.9268672635476 142.57048582996777
114.72824779009753 185.31854885521946
160.88662671868795 124.04397044049486
80.35345022636106 239.15035622648142
220.00265191154813 183.82449018750634
116.87145092670748 222.73320427369845
2.1339495655275096 227.36688422772335
233.0198705780218 163.38130985955007
11.382019356967726 21.583721604166577
75.58004918691074 49.822647934527566
82.44843571818747 18.842554057643373
164.351513871355 213.60860883075952
79.5657469612584 27.102805406497648
55.06652886542041 177.11388048280998
110.98264321508086 80.04101247073866
140.84667904174952 59.7566209294279
63.710524098591875 248.59125014057724
238.000997473632 15.136805783127816
195.41804231568793 138.8355100656368
205.37536042215407 210.74259057751073
234.95919772628062 241.48254922963343
1.4061016517496194 24.581110738610747
158.0916823870119 137.85816067825706
69.42434165720479 134.19013992104794
243.43445679607777 196.89965798482672
55.528568940292345 67.07122062295105
233.82097825670473 199.93610364391157
115.44145461801891 164.38048651678935
217.93701856437391 69.68972363713885
219.2890221512512 231.37362489775327
189.9411838570347 99.6115843551357
236.21994410474642 209.5941632306397
13.525883145749123 42.28374839451302
87.93927267294863 182.84133372544235
63.9966897661072 127.55890830838764
193.62052371287862 123.54267194367233
131.7346523702819 230.09664098223192
148.05292224618975 237.17423317579807
55.27824511946619 202.32668951407817
213.9601933762687 183.81330259211344
51.96315513998631 145.23025993571372
234.15673056896165 225.37402086401713
169.5902773787834 160.52926315539833
22.300976561397068 6.663348793077562
219.59478523274575 11.962334543030973
87.33637750373235 157.29747709951027
52.477570520460645 121.29891156582093
131.4346503044511 34.45229245514073
187.2129479205996 64.50406781507728
200.82649103282526 157.5059684330413
134.45568727918536 167.64388496569168
168.39685271691283 192.32524492946973
126.09229128059948 142.1784155156819
241.44597270310484 36.66448853387061
212.38978128020364 232.43837817030345
184.57216270241017 10.085887822066903
84.57650912228016 156.13268547884138
87.92664636586167 85.71693712189143
173.99137395778988 80.10771885329315
2.4682729032412256 167.9150160532158
71.23196379434421 121.79395593841996
249.3532229907947 112.99184688814393
213.74764611598812 30.906591408989993
240.15855552429875 9.170861153841303
211.766837159006 161.81243069967402
106.25833467321067 10.00188488711798
178.59726070255076 90.98455546828124
106.0443898308428 71.29664937041264
233.10510239553065 22.762740396150004
35.00782432865715 67.9725704678806
72.48410344842557 171.47096127045958
239.56938427939866 74.64118115993446
76.94311353941777 31.784057352521156
222.93671527142618 157.22364561028164
192.75255615994317 189.8637917958539
125.61294780077856 61.36259807921288
222.82215600726084 139.4935989638583
11.454182145248682 223.758751991149
239.14119353312972 159.50353231687856
196.17061301788246 197.7097232049583
247.88044560280144 192.20888230614446
93.73138891939001 121.83597235872034
102.09368872701286 116.94526129398025
222.11634786727942 217.512565581513
5.277554447410349 22.004188828230603
72.9011307068534 57.87838442326565
78.74820541285784 200.87999891981912
127.17909532434277 81.9079288868551
189.68928363878697 151.7236321287013
42.91593793724927 230.19560941898663
24.9015949667874 8.48005750676234
132.60885924132586 178.75145641414403
117.05218316079441 49.21695625805944
125.6526036493675 220.57959701817174
234.99095789209525 120.18523921752953
231.11968854479053 79.99013481702299
30.195455895371037 177.83103178368475
92.8985044436472 240.47963067217736
152.82560405080548 208.93178063263315
3.5996365612275816 129.95239007112872
244.19118238679133 65.26323151729197
230.5166264358514 125.75292274744137
59.098923436006395 45.07060824732365
129.5954733983426 111.20614855351386
118.63179908725004 246.95062191515422
208.45466117822895 226.4200050538231
104.39447225932328 110.83424716844107
191.7928701584254 244.1475963003489
207.46226844906272 113.50330065314496
175.48275896214415 200.1897530018598
198.88099604815656 118.09445480762923
80.39534797662301 19.295935484469894
198.6137252414763 119.52530120401691
157.20078723688917 103.18509314315752
130.5808316555641 35.10305969405969
107.97457290265575 201.38835836449073
125.80895791287894 196.5298476749793
15.156567199073073 25.982884444197662
124.23453702846481 130.78596616432603
72.6952782138286 157.61763917509415
40.75026581079477 162.2390029620473
103.70372965817442 241.9122277760242
42.59472184726273 205.77392720225572
234.7668848730837 195.0462386346212
168.5009256869863 62.40117001327478
145.4091482778421 249.08745861167287
73.92072611857637 238.05566784512635
40.90169295117532 26.825829794398683
78.4186074972997 135.45555543830883
65.05098716459327 97.12910903865347
103.46720617639026 103.11609200790853
62.822532199813516 66.26374109072606
85.85012869270756 99.9815415985984
57.19226607562056 62.446860233902946
194.11487334193285 41.289808034708194
20.013803489307286 102.23656609965353
30.0401921460966 232.8008272961696
170.7537593712542 149.83129810949956
157.99461219671795 242.8132824035051
53.515791679863256 112.28650483388206
86.26099232665865 168.54593169068002
193.84306373017648 51.183995804365004
170.88003764300197 129.8466118848084
53.13816399016999 171.08369807014842
160.13077490883379 105.30907386342642
11.163322047199554 234.9359869160678
161.4359162305986 23.521376442276754
20.86955594752318 178.33409174354327
147.6407175988143 141.33093180160085
77.90748758337948 59.991668965443864
208.6067621936198 175.29730850372064
214.4900560470181 24.651716343428916
16.22867897309252 145.6516118869681
49.5446329179898 18.17753979463027
58.48407154466015 152.94017178212312
151.7369055773613 166.7774323979908
120.74125141631684 43.304928581704175
87.71899394056473 199.06641011525198
225.9222325532518 53.28117742958807
7.244919686438117 99.6791503910966
234.01945734644138 222.27433950292757
2.500444914769501 170.3112631257057
71.67092069776409 205.68049327305283
182.6386416352418 26.90366526482765
31.692304128484977 170.6435479824657
113.29181490283783 13.900426936085925
185.84269901840037 228.6898102235667
92.88234702210343 229.27252408136206
184.86709487546713 49.219463376958785
66.20719005013336 37.42801334136273
58.12246030527238 196.50829503788268
191.68615752119976 224.04526349421803
118.01419625909035 42.27502845676212
109.2742931347172 186.2121545264515
69.96234546974448 169.54869462474602
84.52312740667467 207.99820579374082
153.0661741901332 48.703161390590246
58.856822051732784 85.17250337978857
89.04418150466859 206.71899198132493
225.578210824809 42.733844490879555
209.12178679622536 85.37901823015945
65.67330194963859 145.23936669968066
36.706041334752555 225.05914858489885
235.19582818662687 56.87994284131051
153.707122390875 122.22528363739782
13.463808741800031 80.74764680871316
197.7254599507256 137.26438429777957
229.11731386672324 4.672662723126636
162.66943044878636 24.2189023341679
3.915124857230584 56.2902422750298
107.79464517797244 71.90083094195614
157.47753339169003 40.169566440399095
43.61291785587326 42.30507476939957
190.41781972129277 123.31050910086083
209.74265899192926 5.382671820711671
111.82565390959532 242.98204859166165
225.46776101916743 47.22808493259384
90.68632899921514 128.7641455023514
32.43962654760138 54.97262278925702
82.71105832964804 206.78120552741538
175.98322229891673 73.64153949311947
82.92356036227122 92.7134345698282
42.9838763660042 175.21950859055346
88.45516960370955 241.6872144796921
109.64412213669539 91.19335262475192
196.97836076884192 180.43921047647427
0.45063450189353205 213.02151763093048
70.24922361105648 109.0018793025613
137.73719325041057 246.14845356213783
192.98844038384618 11.269113008184783
215.75423409020794 0.07666911354972661
93.52675647698291 123.89986281970214
17.252775055865754 103.86877503966227
19.599270838360326 125.23441123999649
3.358683175818583 12.525094743903619
198.287373057236 43.7083182386157
194.7723072201846 56.682604316367765
16.953758128222084 129.6592494823798
85.09841902853104 72.62310166620634
247.57678038845376 76.43597603422292
159.61903564286254 43.294385290244875
114.08238485417158 242.13854937310433
12.39894837600311 31.53474134938272
218.76204753917818 24.63977907607348
210.90565540682667 13.309295119534658
76.43714430649598 200.431129299212
2.967243356704646 42.820576782429455
133.77760494571345 159.6825060091572
173.81185241151476 220.7922053713574
68.7058268610368 177.51329262784185
82.29379701932623 150.3494400907097
68.57710776694532 98.85168792292626

77.46353524344937 25.948848530877367
234.07681173773088 64.14385833724113
222.7894420874008 144.15397171139114
28.506476724266232 106.86342632620664
82.61686310036215 79.30634298088616
226.88584908922587 160.9383693752157
105.7946993326372 90.92093147100866
95.4473295650757 63.38355280982927
162.46312685625176 211.61823912099024
79.21818913344272 88.47453422102544
147.7454756940742 128.60278444507665
180.28716923912486 38.53671938015735
140.18764717023382 200.99868221522377
25.860371534853847 207.9050175524112
23.508538102038123 249.9158290020449
139.03256614946054 54.83954796124541
125.63959254768884 129.40959437777497
17.227599897229993 9.870889699622326
247.7494610324342 136.68249273309044
135.99101693643306 143.5650893304665
208.63939946028393 185.76023804311487
20.914672395359545 176.0036008538244
155.3262110464711 19.021967804379507
160.7038693543089 140.67777879698622
156.63146410300328 149.49924007117554
120.87585292512628 180.4435877241595
156.72650371239226 123.14412861041632
80.27797546447934 233.49135085272823
216.67719491809189 180.90483303748573
114.73289177267374 227.48265186205262
5.7142059133878655 221.18408617068988
236.76065978986458 165.03432311335416
19.143613626279087 18.56321931914062
69.5016813767106 55.06153363335517
78.16765007089202 25.14799814257898
169.1338056439739 207.29005715069462
84.914080720067 29.036358900665917
54.8116780179215 184.32760603807162
117.20346914483298 82.48467268459869
140.72545552899004 65.81203449773528
63.32564208868935 241.62365227194914
239.61060613897328 17.892144977797646
198.4481874309211 131.91943319795323
211.53500484362144 208.4348572877358
226.64425677367393 240.66234323460733
9.03346865550414 26.943698683781463
166.00484597740504 139.07363145212224
65.49321311214662 138.47610536324936
238.96349011030605 203.90800277159187
54.37096064512967 62.41654605008223
240.8235064680989 203.64549468195924
116.99619519143592 156.32992651666382
211.28862150726164 70.9281261937515
216.29178847038537 231.90635966296782
195.17325353398496 93.39534347637043
240.15735141375745 210.23822497396898
19.741784251712357 46.68802757790433
88.86577315451986 183.40167636388173
60.29256600635588 128.73126595075385
195.90721965757928 126.2823928026755
131.41611794869593 233.9738213798015
148.85352808034827 238.29638715038226
54.85298426257773 207.97214867191673
211.89661396648225 180.0730394750459
49.55354714412075 150.44566715397957
231.20774079659589 218.59240408650666
169.5903232638242 154.17047663640088
22.11477763559874 14.005204021797363
221.32172003550906 5.7846684006275515
91.28338240169526 164.78655235297583
53.09255977749372 119.39812766936925
135.06341684003195 37.517674070181336
194.31000374854216 61.84808431854913
200.52588961265843 150.87911913391207
138.52583657458473 166.85687297338487
169.22053155779338 196.86259198572358
119.46932453303918 137.75361497263893
235.03836568478874 40.21331606331138
215.1029341764544 235.27662604670573
182.04755566136754 11.529114947283926
83.30239989928073 149.75265291919342
87.1796776827508 86.47188945137896
175.10214346759818 73.25943859737156
4.699957460409355 175.1651061629011
68.62919196079636 116.19137744238999
243.63413270655408 116.08156963105407
214.54455445265933 39.135990464059276
241.5949779102649 6.995517481921121
216.46921226177523 167.24491065167652
105.4709465059476 12.235204306632136
172.49164860091486 93.88526752473692
104.41695572470653 76.8178925325578
235.81504095949262 25.835662738975945
40.80553305750878 72.2835255001677
76.09195669111085 167.58140423935097
240.7605373210235 68.25278150152117
77.06809017381252 28.451134076863866
225.4762247321433 156.96232380120333
188.0603180714109 194.74355600034923
132.3139191681186 56.67584001737408
227.06798454932945 136.31914314095638
11.246840377986844 223.45866451028292
239.15556028105246 166.07798749885967
193.40574108399665 204.5944390168361
243.13225751921672 185.4895227843812
91.65236367903093 118.62449259582355
109.04571878947964 120.30117818712938
225.92333132118077 215.70174467933458
1.6984397640130156 26.4030528172636
69.59025387827516 61.167091426734736
82.22840480117982 194.43216034178974
132.52045250503403 85.41759229630502
185.07934508073984 147.404799379776
35.68281818474994 232.92672773157696
21.13797175361734 1.8756425121084497
134.15720468546667 173.0982695623321
109.56139072913545 49.932004463823205
117.2234480282717 220.3947262334094
229.13468555840936 120.60010325095571
231.36149416156016 81.9754038703352
37.035406563642596 181.5418340027306
94.6210003500422 242.92794195461494
150.45963479831948 207.06795674628313
9.1670443740767 123.73461030423591
240.51904886990545 62.92645865990651
225.48534984779224 121.2113246427083
58.865942346923354 37.25126346171997
126.97177025807302 119.05371614732086
111.57825730704165 247.4324112155778
213.6539660404486 232.8499471817677
100.30868914975044 104.60818704940291
193.2239629504295 240.93288359058394
211.73864111255142 111.77951014768017
182.15510415427474 201.74096940311915
197.8958855407355 111.31639110074104
77.50878793769397 18.38117309838391
198.36495797699018 120.91510988607904
158.09337488365847 101.96230219055002
131.97494296271483 32.252608531825985
102.0690410778302 201.30237434436918
132.15962285277473 190.99615177822568
14.397551675882136 24.14751604841231
122.48489828099271 128.12780350222005
79.370139823109 157.15000981511147
35.515583526259 159.77113526259433
97.83327831650382 239.70332759730746
46.372607667999304 205.24376621845875
240.0969027329807 193.6473047045417
172.7502169195693 64.03085865894614
146.00311995995722 248.7440352232231
74.45910791693758 246.22195241393825
40.16640692725443 26.179983151643825
75.35383413197064 129.62500890858846
72.90176340713545 100.33079683050367
96.6303011440725 105.83853819785708
65.38320089938756 61.06436700383255
86.83637795106134 101.0318926119522
62.81242541920135 60.82642720899498
191.8738541935328 46.487515180046486
14.913625838924 101.43160474224635
25.275256025350302 229.50267687402908
173.71685920550655 155.03827742804074
160.27599680337175 244.4549541705328
59.32346598843966 110.9368487866666
85.57604851473222 165.69627866797217
195.05669358336675 51.781768615473595
170.26212893619976 124.05644751648576
59.38446136907474 174.99197646429374
156.90053856303902 110.29934029453788
17.140220904259984 240.81612200051498
155.1745406558149 27.832973943691357
15.454335448515405 181.44230459946436
144.49531728923 138.90315681801934
71.51859198406197 56.151786936263406
212.4668119649272 180.8491474099668
215.3901876527094 19.109656079662056
20.364266740411 152.17070343090006
56.07000214323943 19.54024560827475
64.46149165650675 155.9304021039587
150.25809055717252 173.39165974255502
118.87056811645813 37.89315116424879
87.26495376345292 192.92798113824315
227.8189821259058 45.864741791482174
9.198873681842384 105.95356425634442
229.577097124808 219.68404569380385
7.3785143580911985 168.39195861687844
66.08652194510908 201.67601599352702
176.21824887568744 24.641314454898783
34.67695991978334 170.58231236250273
117.54594546828359 7.914179900086054
187.26622857390777 236.51415820688723
90.94965225625931 227.9426389296493
177.98300477120623 48.021860372679804
65.27196586278505 31.564419434706476
53.553398691281565 196.64483666960516
185.02326878262986 221.1114745299788
123.19402668995846 45.037429261598035
110.02058382266347 192.07830667206622
62.5835068342242 166.02972815825487
92.74201690028875 206.04565645033207
154.5687744448196 46.00121732948853
62.78799798956344 80.74261537697602
89.66488575369263 205.94300757079668
232.66983112324044 46.17105047286149
213.43540402884474 91.64539326833886
57.81256893222439 147.37217019257628
32.621138325260816 228.1756253329226
229.08838369263202 53.87386972493974
148.4262477003172 122.01423237725587
13.80836516323805 83.67840432094472
200.18863903099003 144.59233200582582
235.96808053632043 1.4029400411673665
166.64708898421247 31.273468274934295
3.3930301174302793 55.47334139317064
101.14023137537329 73.11214127993817
162.6426941506903 46.888018027722886
35.940498506585286 45.798939621998855
188.28136059306553 119.74332483741726
214.36715083335173 8.588574155604045
112.71598718112227 236.30658600277138
219.0341200526432 48.1493273941303
95.11898848864809 134.83177771012916
37.14791574439727 49.354858101128166
85.00738299375763 211.11023237180737
177.79281552981334 81.21020293586162
75.79704835878518 93.99369321440048
44.33783677914682 169.9035031582398
88.72769404319727 234.32485804473785
105.18954712880651 94.62255143804477
195.8518318895864 180.4670316009046
7.818697564731552 208.84038769383926
69.40725597081813 103.82429157272647
136.12206139031815 247.4415934259765
190.45746951687246 9.023666043207228
221.84445096667594 3.8215118399933523
91.71338909410764 120.48576110802809
18.18377035086241 103.602218961596
22.310548284188325 124.25208931508338
1.3572347997368173 5.593327295015604
202.07846693822407 50.8914837832001
189.87079557426398 54.97851106923019
24.52077178718104 127.68137211330391
88.32017520756364 69.78932940949373
247.799256439344 81.63257845573126
154.52617507999426 45.43752580278554
119.20100784851911 243.930751880543
11.141417390077624 29.263014464740998
222.8619809254368 25.06919344778949
207.2447652877089 5.875590266506886
83.39803835906531 197.02343124868378
6.84383099645175 39.378760397589446
126.75918032088832 164.07056355600588
172.30989965730308 215.89006407224463
69.49208446686505 178.758726945975
76.36584006960545 155.3658214652784
60.40839328197445 99.33725300123159

8.6 17.2 36.0 72.1
17.2 34.4 72.1 144.1
25.8 51.6 108.1 216.2
34.4 68.8 144.1 288.2
51.6 103.2 216.2 432.4
68.8 137.6 288.2 576.5
77.4 154.9 324.3 648.5
86.0 172.1 360.3 720.6
103.2 206.5 432.4 864.7
114.7 229.4 480.4 960.8
129.0 258.1 540.4 1080.9
143.4 286.8 600.5 1201.0

2 5 8 11
5 8 11 14
7 10 13 16
10 13 16 19
14 17 20 23
18 21 24 27
19 22 25 28
20 23 26 29
25 19 31 34
27 30 33 36
30 33 36 39
32 35 38 41

