256 3.0 0.0 1000.0 555.4550117372647 3 160 240 100

197.98205464402517 114.81359822803857
67.16460045767886 135.1262423151593
247.60449194326054 15.8366584652401
232.38233288533297 244.60655811421327
103.57211486413034 210.1778102122534
123.17471160520344 57.557526132347355
183.35312383056078 24.624617671345078
141.5228703385718 186.61200829330653
62.57617663113776 163.01775572932496
137.23172291193234 96.48261704053007
224.50632753260854 89.17199985678573
35.10743537711461 45.108601048275965
227.69968357583534 154.07046631159403
33.772912061186986 85.75722981793128
19.26519502335655 53.86770690261361
221.92258489252046 43.734122132170064
82.98359963127456 6.438876474341438
249.4339318582708 69.89996119270087
177.48989109815824 230.0470477558452
124.58517127459665 176.98335266660527
197.60834442897806 233.27010830959634
6.893000406653749 162.59478455440203
220.90167856373276 106.97726207584304
3.2012869964800905 171.0157693528811
219.32814338779778 173.94965213339663
151.22145048566475 127.17276941399908
152.32383147363885 169.11258632308315
189.78265320497778 51.92028429865414
120.74374537539393 8.124728326597664
104.08139701895341 197.28709569434437
138.54366401905548 9.000368161451389
100.54591439614546 36.35207952950126
151.17087579356422 104.69792684382523
73.89907642633617 234.03328025146294
183.56444334151197 40.849830864573306
125.8450692977463 53.567384448595654
132.1676219710432 102.87095912278588
42.418215739643216 112.63132637672332
58.18917785300806 43.00730571816499
189.7155300191323 183.28131219783967
128.5366815589135 93.27029624708946
177.5765158076094 164.92857491628553
7.471730793500109 172.72435168602226
182.06460403388897 58.73560734595565
229.35113201751707 192.88904470122944
205.81845705101352 101.16311596687355
42.90568526042141 172.43929253391588
205.52049444238537 3.875699800499982
195.1247534232342 204.2378730241341
48.09149047803932 79.41472978974193
108.88422906347206 89.78013281575589
103.08806880647103 128.96498773864508
26.995293918366333 45.306111208284875
139.16273208970608 5.656076847683295
82.67835017471384 28.918559487999012
96.09870076744015 97.83392379541509
196.59996227562684 203.64234435408048
223.17493893953775 91.53739982004406
13.339892781900565 172.62999156735893
180.154647594413 67.53073699539583
189.10537290286737 73.95959115183805
188.70212904691337 144.6740228172367
35.151941899912195 247.11499779961977
137.73765739846846 182.75856944680496
67.56740569307276 178.4275582413988
213.8551944800772 87.87421644104224
88.40898220645916 189.90119185456814
103.75025138485658 40.86464284058172
38.43012144909966 19.46621923265085
65.11293787648717 204.91193155028665
100.39548051815333 29.21059350359395
116.0641225525701 218.8898120710058
98.08126305449392 21.60919297179903
176.84486199624817 143.3389433031689
15.354098654335846 181.16911382048954
172.97517015043238 128.86675008766304
130.54940849574362 226.2763850412673
53.001371253907834 95.77051144068955
89.69443870155519 69.40747736399203
78.88611587056995 213.85222343782908
105.74919958049131 21.589303084168286
239.41711109872196 138.7244910465687
79.40372529733439 155.82339738521748
84.77129835348599 106.49342512802595
236.33376799788704 25.293692924453214
149.98889314510828 78.7884693192035
75.97521484483089 150.73056299687795
185.57856377272321 30.730362308288573
25.117752028263634 242.54668853314138
56.67938099197381 157.9163026796692
59.73999878459685 190.97622164363972
242.50200537865967 76.7663631451344
41.899383685870845 247.9651220765912
17.153339950289364 191.36492983361913
205.05218067153024 183.29711578871633
27.216562268677386 200.05535360319934
98.18429455433605 245.49473889759986
211.0212372407068 33.63722640987635
25.037142061128392 170.69780692031995
231.84382600968618 72.08753982362526
239.1950036091794 61.12983179890066
79.09640752714483 215.85629253333386
37.6150695884222 13.88441207271121
101.9022315294453 197.9461248051861
216.92430385947785 164.23474087435375
240.756227189923 119.57712748501709
193.24408622465393 77.69112271555773
235.97369590443736 111.60769971299767
106.77596298864522 103.53137356553741
105.44504187639598 177.21812920266842
127.88086527663378 9.377517554437665
85.50626996432074 225.2029344404039
80.01867807396371 165.4306516090311
88.89391861974885 110.73896324634595
129.22733897454134 50.19221754693506
22.471849930343566 6.928523186729457
4.868870883037641 8.112091451300095
198.11831341082888 175.7730434620907
5.577383422314064 137.08886398921746
150.3881915946004 182.5822206369901
56.44687358575573 216.62103097692034
189.70866457600175 7.318297786536726
102.88786088518184 10.328760551728655
19.400980615571356 249.3887978851184
82.71512870852524 25.48640191740448
173.7583471553039 142.15324639006982
92.97009426516529 233.03447490499698
140.0405387206839 162.0714196892172
189.7659169549842 169.31845939123207
123.7332153549271 71.10067333846753
202.49034696418548 64.88382826893044
241.08640318771464 64.22090216822873
192.1837299121196 110.21751361781207
96.51941967719202 121.93256101220676
191.77363748105293 132.08970040848536
156.55744640731047 177.93472383492505
247.6886296574101 52.351654785163596
156.5854029793831 31.922252504041932
68.82888178495972 113.7836941406925
219.42706541356503 156.5844700638995
46.08757224192975 183.63635023675388
106.74701422582375 30.961772533350334
101.8829754443229 203.0888092631145
109.93491698959903 105.30322991997821
33.27758371067343 173.67401745851183
84.97588228453479 16.84039280258312
39.371394254253374 171.86521285486722
38.419548222155406 103.49868189795453
174.96860293604107 47.2401324492438
185.11249502419733 150.75624566381248
63.80369250539811 111.97643832035916
81.46687840115021 147.74917232030973
239.28754417745455 240.22055084721438
100.07527339560787 2.330022301710061
222.24935382581816 88.6628527027401
106.14463217676354 224.07189082307505
169.64319559528911 157.84635522603867
99.05088831966194 113.15441892390038
237.15119066109895 244.5517781117478
96.46534121861006 124.66569303844857
170.64382836499203 195.78415989164714
107.11331537809612 167.52688592924284
126.06948971296772 64.75453513028462
189.17398059322414 54.17601562055457
78.83070717732585 81.58158729641474
153.6638296707535 50.61375507876775
7.8347371703955115 100.98406415290737
50.68191881153486 139.84303527445192
72.7437116888631 0.26052473185556035
247.8866326897112 46.860487889565675
133.76578112150372 29.261711122740813
79.34244822794209 54.453870227421625
158.22107998351885 224.50894243992974
16.382993078191188 41.66505676399429
164.50325526645332 121.75786656452861
246.2594590624599 244.79413859660292
85.98653450778076 165.24838718923297
186.49277421793218 14.20171457368774
181.45895093206488 11.719238878028337
65.97972221423234 206.62932069009662
16.944999916951392 175.73834312231529
16.760538446518368 212.35849890872498
224.49869825749124 78.96149944316724
217.78192122432245 17.92580935046828
52.720680375436565 214.5821949915827
170.69063922438227 23.699387982366897
30.92205892653607 228.0183649038291
242.7946156536065 23.735482781091584
22.36645226779868 192.86362085885872
207.54199265612885 37.1043183838001
213.9099559988491 63.8297052161323
140.42994103526553 92.94969779493626
84.23704221111223 219.39667270257985
153.7404596514968 235.33398497971078
48.44648327917944 167.54014259100543
238.8808432160572 101.92752062451632
228.20742220723986 108.44427830649705
74.93145480115729 163.4037760843533
147.48887548893435 180.98831264469698
120.37871597652722 192.96650078769161
147.55271131306026 44.29596037392516
139.3875222975639 1.1689549519956766
151.69893965201442 110.47412564069822
84.4658956657239 191.0762792287844
92.9076610972459 142.06030138331428
51.42560076423011 164.74493387684146
123.22260290134393 132.04531869826832
21.97236442755629 245.67891236139627
231.6741487394966 122.86754949013482
139.96664407335678 2.6703243597372417
212.62928502813637 23.1333689200241
129.75961487630946 95.0635126413222
246.99801681474858 232.117842112653
46.06505827689597 131.89547193290537
91.34320036526402 169.30899099891153
65.72686424413993 186.10138874228633
115.59768901431546 236.68150834881442
183.2353604671748 142.12221653423723
64.47260770200367 66.02355571301283
119.85520773819333 171.62563446325984
118.91712487271158 241.70208963474965
15.745520522050693 31.541956432420193
106.10100863890634 119.46291627349615
25.652756435008612 100.55688464519861
222.3817659524072 125.49298631347399
146.3883329166317 162.5888071952866
133.05527355416538 37.55803623737536
212.5298031075226 152.80150557441453
210.5812752929223 73.05692497998892
158.12321038887617 205.30809394257636
244.07813554116342 60.785730612493374
147.27960143788255 132.24300568805856
209.7561648319392 106.52421602618831
247.31779288858442 69.09236242877948
229.8988304774795 121.95085339089998
231.1720652321683 39.27761557987422
201.58876809437245 226.33764875661296
131.4796470356903 1.1817236940771525
31.829236271393558 248.39881282405392
35.4676186127309 202.9678368563211
122.21487472932569 28.310908809169728
95.9256391798709 81.05933963863635
162.93526816410474 170.01107743501422
190.4132655384952 181.98196912188624
230.39199759608226 86.03326926215638
153.18510283469357 140.8466743074585
205.47745661797137 38.12162191005519
203.26944685219166 154.92881539027212
198.79790958653632 165.39121740089956
230.91894786053558 42.56076502266584
174.83942489820754 166.83178425456938
129.10276026054285 116.62396037949146
172.16384531647515 93.3544537649502
236.0614972124309 14.39758005527539
52.81829880145519 80.41401576106827
66.60760942511287 25.374078060905052

205.8081744709363 117.20982757898435
70.8661010026547 135.7711234400618
244.6505401897165 15.488470879572503
232.1492671602263 241.27358303563358
103.26719568649578 201.9632196335229
116.15884697514714 60.538154138384456
179.99235338731174 25.11957179023025
143.28338633450664 187.70640601445214
68.96752805105477 165.2106225740706
130.13564195901873 101.07899283822172
220.0681381081713 84.66976640223842
27.402051849955285 42.21855090314467
224.93648004083093 148.70319410043138
33.26341600524096 84.14506687962017
11.845019899908854 50.711214297533616
219.62769534495663 38.441837487999784
77.19821406162272 10.976906809796017
246.40804511649742 69.8400440689082
174.38400075351836 232.38355059521314
122.91717846070546 185.2405403136218
191.23139532512818 228.52602469300953
8.574964896510357 167.66380090901015
218.91697184246982 101.02575918755582
9.19613147520934 166.64313992851618
213.64653001505079 176.15428140025494
156.46229248624496 127.65946630053796
156.1605560737742 163.51280724986813
188.49395409210607 59.4444715139241
124.9813044513399 10.06169243824931
104.85263013708796 204.7574676078984
136.39095418159746 10.461931129905789
93.17178380278754 37.024552964887356
157.82224944289368 107.1463595292556
68.5607581136517 231.61844125982796
184.89681528646167 32.59793404565331
118.27189071071447 52.75332948448319
134.48150183001496 98.06019780429196
40.32957151189806 118.94939968884546
53.45065395411938 49.367607204199274
196.98285759266088 184.21710044441002
134.49047727525078 88.40656109487557
173.57903605820889 163.63604183953345
7.110273224971403 180.30372898532954
182.3409256992869 56.1879072326611
227.24598755488861 188.92928506365192
210.6338650382375 102.59933607246302
46.592603133360164 179.28743034379946
203.999311296033 3.567764289358011
199.50710703486047 199.57793037758918
55.08142604018959 75.99340077898484
102.65561178229471 93.80973549061167
98.8461403636419 126.48136762769636
28.69181760440556 50.66078329741291
138.78501573099862 4.49997285690526
82.2915245235362 25.764240596383353
97.66242164072011 92.6952158069811
197.8051366959731 199.33654374348154
219.657176545588 94.07555493275035
19.026974271494858 175.6011597994864
177.27375819903142 61.805803388178596
195.16791727470658 69.63627782289589
193.86059454720163 145.64730314258102
40.305721668105114 242.60034162670087
137.63465869070043 178.38538322602824
64.67601584808203 180.5918479511681
217.92342482909854 91.07134882846854
83.88237658348322 190.90423029804674
97.70175508071158 41.02122894784685
34.24359152309411 14.051204401571733
58.83196566197885 201.58113512171911
96.66768881528107 26.07560264377276
112.75870006985478 222.44758132642468
100.37256342663622 20.40334321865378
179.72687817525508 139.99859105246608
17.481679858892512 173.15859912126163
170.35228539918663 134.97191441915362
138.42668839141464 225.65668194472033
56.42324849447125 94.95088084362824
86.30497517080154 67.63375374492352
84.06303394618355 208.8229464698342
107.85839891054499 20.428738449871975
241.35804632633426 146.60116108652892
84.19549938153187 151.8363603204659
83.6544090805264 101.50382442925567
231.18696943361994 31.738911326449042
150.26640675792385 81.63251177274195
69.40003629131184 147.37540268793816
191.56792841706482 33.62675613991847
23.596819932664353 234.54295757813324
61.398626929674435 158.35493621176346
64.2279635499595 190.88721834802587
243.2086041272057 77.5853893352074
40.82828009786696 243.67957439644132
22.515179888685623 193.40464043733465
204.8794662882141 191.02510118297974
28.051323552017866 203.52716284135926
103.70372191792784 239.22572397090423
216.09576316294365 31.70451180569364
17.989142759291337 172.04040060807722
236.2028360038962 76.67147146953351
242.07336594289004 57.51303289631882
77.2841148357658 222.65530817424883
43.086010467764694 16.27555546521245
105.55990119658748 205.41948097029098
215.57713708591714 162.66818482471868
237.90914162197063 117.56300554667912
198.8216497165636 79.15150926149315
239.40476122582027 105.24679824048091
109.66983831207577 106.13891848492332
99.13427887399462 181.07589453355476
135.21537867716486 8.46334134592444
92.75724430176722 227.99538632303782
86.35911776254726 170.21646102722715
88.43155380002557 113.16723873005779
125.81971053827057 49.23066804224574
27.295661347700644 7.539657577706222
2.2422024010933796 5.539410603340039
201.7158742001887 175.43741381149795
1.696853653402719 129.83640592448975
146.93914775815625 184.89784057172412
54.096952333873766 217.28779658193798
190.25621075652575 11.65462484215693
109.63568903448687 9.183318053708478
25.690255262996896 244.4853556838785
80.44580908549837 28.442307819050438
167.48081424374593 140.05788919916466
92.815062008756 226.47332243919564
137.56471785111933 161.60552052198383
191.28687051297112 163.11973939282203
122.00135577872098 75.57053120978003
200.7000865570828 70.90244391958264
233.56234129029176 62.31351579526997
187.18470420797118 111.38999647442577
94.01707535377588 125.58475451151061
192.5395324484356 131.67647885396497
161.89137315622597 180.8113836910852
241.76012449683017 46.496229871233666
154.0489947999863 25.294731056167947
74.3171789451072 110.80428301212817
223.57371300931044 149.25127007709756
44.2458108320862 190.12496167263456
108.57699354081716 33.991561918260835
99.49999893427366 210.2370539319556
116.48410561126748 107.17373079752396
30.210189160437274 166.76765692131173
83.71251930072077 13.724036569704335
41.269823283988316 176.78344224062482
42.83226067873894 98.3499066721279
170.3454322828874 40.65936720042257
182.66553265303284 143.0323407305874
68.11207377937895 110.38802339203687
87.0950200054746 151.64701626366653
234.3026561827161 235.34320648866694
93.90095801792623 6.3711488976972985
223.75128640013884 82.02034073221142
104.76338587065514 222.73690793045944
175.4718407167303 163.4335345410336
100.59247266446583 116.72155863604743
243.7998604457114 243.5961871009083
93.36263369972787 130.3177591646896
174.1222562501835 189.85406035586536
110.35484513486735 160.61004616667663
126.51742599514007 63.36378375188845
187.04099645937893 57.06573305946069
84.531858514898 81.88358354891334
155.22595138555096 56.37187303997243
5.437333793654853 105.15480380899089
43.57206874001243 143.74553814451335
66.91511450935018 1.2584855032116982
242.97185523180752 44.54069429800242
128.64641264628148 33.19716562196784
74.12044207544064 57.48809950533412
157.91117336868263 222.53004216655262
14.460359612450679 46.085538647795296
166.80862028945052 119.40365643918676
249.1937701081573 240.36957228992932
78.25218255254171 161.84543000104344
189.02284533934176 18.040033650828207
188.75153643004987 8.541543263556994
68.39584589388062 203.08747208922034
15.133701446284038 174.76443309581623
23.260402949313587 208.38970160865696
227.96042746420085 71.90460466701256
215.83954017138174 17.255351647530308
51.722041619199935 208.9279720132466
170.45168997916042 31.02865530323287
37.381627773054454 224.01044074304323
242.98467921768236 26.65558782973157
21.33709748919832 198.24652334530634
209.56966222826696 43.1064637560995
209.46746084566308 69.40244138072194
143.42067212747975 90.36066903916812
83.29883888836318 212.35419085464042
158.1151322566823 231.90052374447208
53.58030383402132 163.43335205091466
246.48838838731018 102.94232748221066
229.51562028797179 112.46433835673056
82.58554278207892 160.09755560323475
144.38574804395986 185.88703362594325
124.55749973290986 186.12026999741954
149.1539878823418 48.21796279805299
147.21211154480358 3.7303365996861073
150.56232105534778 117.12976303879083
84.87643015378077 186.32089373914218
92.13111106419893 148.36724695390615
51.44541326895294 164.2927366837282
121.87651548989581 125.29524855059648
20.05371495867059 239.30153631537067
225.39719149097527 121.87595827296818
144.15095900392856 7.618307464615337
206.58122839289427 19.645692799725445
128.3375766516878 97.05193689849598
243.10222994838782 229.33615238007698
46.22466597396113 137.66663248661808
98.90482030682635 167.87384782168036
61.835025223908744 182.7849034391353
112.80024418519827 242.91625618866487
184.25608658317515 140.93423110898047
66.76889272866005 58.74596664170978
125.08849874950897 172.32556720571338
125.35224934100792 242.3395371791925
18.422890088813315 26.843212346019747
104.7109110272631 121.33206184011443
31.41678871484943 100.43074689176105
224.02858066466405 126.36818069428962
150.90132982106914 165.403640393956
138.52749127865266 39.059528696163994
214.70829884529329 152.0274137537778
207.49437073951913 70.48885733925239
161.64367750746453 204.92139406052868
249.24748845086796 58.18588989502668
153.75239847892104 137.2300027407405
215.67745334034868 105.00208348795348
247.6951598857022 64.32991120465392
234.619475450347 122.16026202439772
225.3976397802391 33.97250246769134
207.4882655901714 226.04753520152866
127.20140124999493 8.220131481550318
29.453674610580876 244.7150059618431
39.2276764050182 207.60778727805152
115.67090100000354 32.03301289392438
89.09798385989696 77.45155276092031
161.82552034781463 164.07852390583463
187.64581646772467 179.98163448007696
224.1893503508263 86.79974381492214
154.7768358395998 133.09060757605772
211.81122449320603 40.35690970011299
201.13900249888476 154.61367119458777
193.110254773755 165.49331512254287
236.4323304201917 46.97285929444847
181.86950916482442 164.56990758130664
121.46003716370116 118.27568027876175
176.49354098143408 97.40799060122049
238.12928483022898 18.433758567102913
53.974428063873894 83.36657053437376
63.234177163582814 18.546228510162216

8.6 17.2 36.0 72.1
17.2 34.4 72.1 144.1
25.8 51.6 108.1 216.2
34.4 68.8 144.1 288.2
51.6 103.2 216.2 432.4
68.8 137.6 288.2 576.5
77.4 154.9 324.3 648.5
86.0 172.1 360.3 720.6
103.2 206.5 432.4 864.7
114.7 229.4 480.4 960.8
129.0 258.1 540.4 1080.9
143.4 286.8 600.5 1201.0

2 5 8 11
5 8 11 14
7 10 13 16
10 13 16 19
14 17 20 23
18 21 24 27
19 22 25 28
20 23 26 29
25 19 31 34
27 30 33 36
30 33 36 39
32 35 38 41

