256 3.0 0.0 1000.0 701.887434521274 3 160 240 100

185.41250247614028 223.49283992004334
63.71700703276284 157.32605050226545
177.5194976654612 63.025646592474224
128.59979079701176 61.91420358922056
100.90295773608285 61.6352459093974
217.0144538035167 184.09553474364472
134.27448751473145 35.54232868058943
223.31399308404957 154.40165310095773
120.13406543558929 155.0730172708951
176.93040133241615 175.7251860489718
74.69357773947955 215.2984211508379
143.81872284846713 200.73545475065492
240.26440563728883 59.13871373677429
50.81110039544273 86.95884268809523
145.93734482548365 13.319096055973729
88.4834042268403 109.89431784800446
169.09648277409937 143.20977964190297
120.76379598131965 51.590894848967814
238.3019004174666 238.95786256483774
214.99734037854782 75.26431177153283
162.29461727891857 131.07394245571123
222.40958040070765 24.716147371089097
203.81102303242636 85.93647490996852
105.13757019223985 77.60970422659553
130.78180936765065 49.11063805908905
194.1921593859097 190.9849351548201
56.833093835534 186.9289267368252
15.004076924995058 27.138808316558293
15.818940447643676 152.5352293778531
248.6697828665445 49.29262195572348
126.36395740081923 240.01778167615902
223.2657969498227 115.43434934023072
149.45385878662503 206.05208700264114
237.1251903962673 108.01314181477228
118.80182225986097 81.4047894447668
14.208086078242088 143.67642148533525
156.24703667826552 57.51237037690737
111.69710942089658 170.81574465989877
83.56641735830189 182.99198186918676
241.36171755206053 247.58204885322888
160.3819963899339 170.5064237176546
79.43956387609613 131.40871696824178
142.2226045110228 0.19214929994312846
3.6057367728088985 115.64404983575146
163.65890571074553 224.72224543611546
227.85427793503501 54.55449053915806
196.8743671506443 195.20326942630527
57.28991682143602 104.85024505026833
232.85597215040295 140.63094037355867
112.82157077572982 23.746996004451848
171.34313284144562 192.64114460369493
109.70705177237357 131.45602902221495
242.39337583712725 117.70931672620644
211.0004923366543 222.7051875456061
79.10830562557325 206.99429194256544
131.0120321623579 150.26156760247912
181.08775386097983 31.835678459156885
143.85000663279743 188.74178244877774
42.59757936613961 209.68382793825444
12.83732171730742 27.949122222813344
239.55269076046181 228.39832376725613
103.10715345499754 52.73861157547452
248.74530722200856 57.9557551132604
117.31148787828238 229.72701376402892
110.39785986226732 14.838857972763575
91.17870249591923 77.47393813462442
127.6764176358201 60.17187693492856
44.80176565843147 237.29356403004522
109.80512790870995 126.08343867318914
101.69080873768654 121.74154937948212
81.12135432389702 208.91185396182715
224.69711911565432 161.09947314926603
122.95598415542014 114.22606160784285
1.325832766004481 157.06716658663424
152.90095629595578 183.55551885824815
8.09580832225687 202.43113133833683
65.86467220894143 200.53400253777846
118.92067714675883 186.3601159428063
50.78520528666603 244.61123322102753
212.65479798013274 148.50219761296745
8.120368112139786 131.5631790989172
189.27170564357206 137.55541879199117
199.70115171369974 192.27925733189187
179.35852596994732 207.9025187899121
227.38674587946164 10.05444879774539
142.76485976302232 0.1097838571992582
236.57541898238642 72.41914018029924
73.13361700676634 112.73779491849947
223.56012492565452 206.88358319385426
23.167135142402763 51.13032988514515
99.56407178646002 80.37706762763868
160.56413411931456 193.3271778556335
227.43146122338442 205.87898361897405
182.728100419845 248.90537784145963
49.542009767204185 24.64741202306439
157.58470077004276 113.85953590520288
59.741805594172554 123.122199390338
129.0353904114752 18.65354700713537
32.31738381097263 85.93702822740221
78.98605800463577 141.99749414406006
161.44553180322904 156.87771120870985
190.70381653178345 34.491907783318645
149.80252552135468 43.81972392454178
10.149814937441437 109.29518609677702
213.90853641748834 222.21472919944037
32.85550284675842 119.41636120358484
60.19921063346559 103.4934696666729
153.47035665381856 53.591569915931835
238.06619959474816 242.66396801014034
157.55577873697732 53.4190987649672
119.37442287730218 121.29702508551696
209.68660029063355 26.917049819671636
85.91685683758332 230.04593782869927
92.36602555538175 65.43571608549124
166.41679962908577 40.35773931735254
239.69703147641889 214.90443564824838
137.87278473698836 68.51119820288534
27.67127542322992 147.19023476911389
170.86611003098213 241.9541257884136
216.66031897983876 136.36929977160815
222.92856303492212 51.699335126112246
222.16773867269058 221.6716776832059
45.969676754885086 126.50442544729223
248.34386908329682 26.10777964358399
156.0831862964003 12.029258086142164
14.277391945652361 84.67949446418541
189.89753341086168 1.777170086590979
116.4701436188193 249.6353154560281
110.40530958569286 137.30808058679335
237.94000718095407 205.83011089904417
60.643013990524715 248.60742944859211
87.51019111996352 10.396787228394489
126.05322948663449 148.43945781233145
40.48165484710137 32.69886753746768
95.56980404964554 132.40048976659935
194.1417709437885 232.941459632494
119.12452131817896 139.79390478438094
39.73787053212338 62.44744962144447
136.78001317488224 214.84979620267723
211.98287430994299 127.64002015808964
24.81835923952455 59.247009354434915
55.826277425751854 15.40994049593497
28.527442281784026 207.48728301483973
185.59516494374873 40.40195152667475
230.48207250132523 213.14675422912345
233.24921650255177 76.69857419526771
26.522414797290033 70.02883567279008
132.077112625545 144.56633204835498
75.89213668690547 95.37607734284187
107.34431418570972 214.7669114434214
139.56132606264362 224.3389298825374
163.00377325858688 48.801111095288256
174.31590831661987 10.537475997090429
105.97333432401207 9.92300196501142
172.39328091938677 210.02541853578853
177.02654387046826 208.97111759172373
50.082582813154005 116.66590685739514
183.44050152227317 187.70862728215877
186.2833503776284 15.100058537231787
222.33178705100926 110.34162766926559
120.8537332176745 61.91238803751137
198.75252205408856 170.75649974144423
161.77174520289697 91.1126290796771
164.07851032507526 85.0476685135669
198.29018264142974 31.169584536794055
206.6318799915147 207.55782356457414
66.50936160961923 121.57535556806847
118.05272585148579 80.64820827452671
20.29125980181967 159.75443819716742
14.335137947102144 164.0555005963666
88.44916446767975 60.49968548417786
95.77122985975059 116.82222558266372
21.0047178208313 242.1781724727615
50.03124760972399 29.20408718002371
211.9865312172351 168.3950382306572
6.085800163174227 225.81338724517443
6.317076072212963 106.45377426145247
141.48365371100405 36.42484855670119
194.0137289822007 231.67031413379516
165.10060679437498 229.66971150626242
75.05473498387333 107.78149355203698
2.8882836527975297 239.79837835429817
25.43696586147831 55.03692763278983
124.83297752659526 240.09223609497062
174.23645291344272 246.84245700384213
223.7196985396786 129.9233830620457
83.76480944759705 97.88318940225416
162.38302176450992 167.49088354838878
73.265599562678 178.77370212865858
100.96803247597944 37.37619605923881
210.9192151447914 165.3137317258645
221.8429252978464 146.82553037233603
130.53961906939844 153.8509524456509
10.769777813601833 150.91204817769736
181.9866083135728 50.78603116390681
149.68339256939603 145.33174739303067
1.649142997692754 220.89859481191797
229.4034825060853 176.06761023182585
69.11361157428402 213.8419378615275
165.03726350199386 122.07981245408293
153.1564137491384 59.47617304744895
213.8948130453453 210.69342109535063
63.10053071914548 66.94577926612396
247.21497567670735 94.76025160342319
67.17566652055221 107.12814486832123
60.24894809235573 151.43907440407645
240.80599802070176 101.20997491512703
153.15520915752018 162.3435265707983
89.65299577120747 57.22903833970072
98.29843859540982 111.56470489212761
146.9361929575926 112.67550740707355
234.8013684090482 92.8663790908024
196.1024686791094 121.25929224320012
9.298022569739107 14.019854401967708
200.75230588567743 189.42863922483966
163.1770661596708 107.80741901136109
240.71041336179715 138.45029774441767
185.54461566463453 31.68882257703931
34.87940910194004 32.74066872630493
127.0933029540381 67.48575417835909
216.6300101098867 77.52417159147551
152.69885807401843 25.635245708039626
60.77513790065706 102.48294628691953
43.9832155031667 101.80324659416246
141.9992486826996 128.3378401976116
42.00779014073747 209.1418215644563
212.16112559617687 62.282942264035775
57.38982813551721 78.2138328210027
215.7654729263216 106.92180603894286
194.22426679744876 44.64574469124724
4.401432506000197 44.534717499570746
48.92171868761622 145.34239403389068
131.5317594589371 212.65386406165163
148.72907189120176 196.2109422821736
225.67530222921974 230.81077619542208
237.34376817493902 220.56670884690595
115.84790513953286 181.38719426216628
124.8306035501651 224.72536914878367
17.318590159227988 165.6002483157094
231.0022400132017 154.43530347081187
206.27111195232675 136.66641855812273
150.24788509796667 89.86222370730427
109.40437524339342 148.18072201553582
197.50341009704735 174.1350033674755
194.07639678163406 118.37451117491707
16.755063543656632 226.8718996711858
156.18463982669186 210.33853648593362
109.76691057406218 121.74567219947296
58.37588869312144 176.52673321989025
85.25119291507097 220.47947585928375
218.59121846788952 144.31713856817058
213.88700171200458 216.47419743860888
102.17602023397765 118.24842489494323
47.442389299282546 105.45744381767175
35.39908914348011 118.64092068627039
125.94131207220815 122.24119824027498

193.58091058815162 225.33563461530017
71.10772034050584 160.31736456047335
183.55791462299183 68.33802224379653
120.80179620148742 61.19376226953491
95.64807311391216 58.91707778909677
223.6408480429229 182.1285856382967
140.14459447261237 32.175861617385394
218.14233159900976 157.22456381291576
117.9811122850725 155.15976362314336
178.607793021561 171.13949710283939
73.74308009909342 218.7797692353867
139.11925153756545 198.89400849182738
244.582688155809 57.23315433339807
55.02258203034188 92.89145010730748
140.8777372225228 7.574767135665683
87.12818845029908 118.16608562501656
169.35647199254774 140.58657369815833
126.46926031185102 51.412091075028
239.96605479485677 232.73531028478743
215.69468151976673 77.79685504192899
161.20788353386394 125.7320283556029
216.6643715502199 27.15657948019365
204.31907225245817 92.26698039662925
100.51367367209127 77.54634617411207
130.75424552880187 50.76536203329191
192.2594280744644 193.38857719209383
48.95952127019584 187.4837202439673
11.365626976541005 25.11078663023747
12.816427278481369 145.59587842356564
242.24902678403342 50.35052592582054
122.56440393951415 247.01263319767938
222.13154887097647 123.5483716051807
154.70705216503214 200.13868050240706
234.66888405701022 108.82801504697856
123.07981735854281 81.90150446730767
22.302754261890627 141.7085683039662
163.36192642826603 61.03237487875343
119.31032879781769 171.6455399343006
86.90369345836329 180.0245317088379
240.5598037875206 246.62964359403222
157.85115308116318 174.81874078783287
82.93569354007272 125.71476824759453
139.68943269122715 6.904075904988705
11.313978924668898 112.92448614056188
157.26014733178118 222.45210037903473
225.67203565912968 50.87775652603674
188.4529597320176 196.22880889198842
58.96519881787535 99.08150437045232
233.3811498777361 138.4733684984103
118.30976113455058 17.780513901661717
165.05381949852224 189.67954282983555
104.29510803037978 134.1609486558912
237.46153203433792 112.69712960302927
206.89767108766782 225.664955249956
79.80801723096234 211.5322729715146
136.37338638467946 153.4687521434983
186.99713626007818 30.92397734329505
145.45425149633306 181.23499846874586
49.858747600025815 213.27421826127394
7.686548013900452 30.005615337305393
242.995544708237 224.61716038167611
104.04898570780446 54.131154970058105
242.06710806863234 56.505251994252575
117.84631031411134 224.92727321598952
116.55552500078659 16.45327617843914
87.4068341143511 70.36417703311997
132.12600094372598 57.169491863011125
43.22837585320827 245.09880011392735
104.78273956535958 121.01465213161727
108.10417167071462 119.10266634289809
75.85278944867737 213.24798475078975
232.1902748719441 159.47032005425328
123.71255464820379 119.54915716687445
1.734233284591824 163.91906343603475
156.68012948902282 185.40067437409226
12.009021565997868 194.9521793803291
68.37088264335408 201.88483344315222
111.87816893899605 186.72333683566288
54.00348081525214 242.29018091534022
213.62130905859843 142.96943000177203
7.94500260614242 131.12779162047312
191.24644504571103 141.4688258687412
204.37817405678396 187.36403808762878
181.6936013035594 210.2321362288585
225.56940854241407 12.623271039796213
136.4771848121791 2.670222427437141
234.045316923846 69.55304062644
75.6647073715917 109.67579837493349
229.01130570399738 210.05376035188405
18.490598851273937 55.224966218245655
100.9444521593556 77.55493554123142
157.54506670752318 189.30215057266105
235.70195247472566 205.0178763065285
187.4452943026945 244.4781199966117
50.066195061085836 32.32810018383955
161.30472730603393 109.86431451877954
53.094524657637585 122.06904042003893
123.84902381567497 13.491417677362143
28.496607415411656 89.1266659463476
82.2792371334572 138.54752130018196
162.90648954094428 162.2621322904451
193.17411319497498 39.99539096134549
147.98385212569707 35.838476731642395
3.9094340859185115 107.35516449688215
208.0508081694995 220.27216823956553
34.422410876887575 124.70448045679744
67.74315757267283 105.56938813621628
150.3461818227017 60.15195331565684
240.5929667250428 244.74845634039065
155.1503502308991 56.85609350657242
118.96031054416132 126.74173099293759
201.92727214822824 27.412810280668747
88.10566987364953 224.52314619894273
86.93060156804525 65.34423553511482
165.4442164998928 32.5643852413299
244.62846325145208 208.2757588686156
134.48630560906403 74.19337174227061
24.6904873679914 149.06749672518032
167.34400775165702 249.14153117010423
213.8558987522443 131.9070515714916
230.1102861437037 52.82515664481915
218.69264003282194 224.77102031620603
48.676006222044045 128.52563636540717
245.50952808725785 22.749453051048253
155.0532097327615 15.781736105953348
17.732658973200227 83.43558199345372
190.40611207002522 7.459644089991641
112.12556540276802 249.69555742673532
114.79108714082543 140.77470779313492
235.06106906820648 198.8940808134085
58.74451924059873 245.29227315940508
86.369987368275 12.173080974728052
122.43734776855719 146.70313492888818
35.55780185433821 38.45761134944908
90.93694206614391 139.28550351304233
196.58987338540285 226.26867640614105
125.01647429043186 139.5183986749171
41.207001240078505 55.88566518300933
140.35134076950285 210.37081026815622
206.21364730477762 124.81189998624629
22.406555332441652 65.29389678592068
63.51737567216148 17.05643017449865
24.149388532011873 208.80343229800434
177.38374636727585 38.815769209357974
228.49987683921336 208.3874160482397
228.29142135478028 82.68794334982223
27.028602326032434 71.39656930384642
134.57437855591968 151.9094169686983
69.5260332669298 98.36704264498994
109.89290047752561 220.65135390754224
131.35193199303598 224.7725134973102
156.52730196996174 45.27877218427911
172.9346236094058 17.856204201085053
108.17357534335126 8.945829473951505
172.1897695158037 209.95010465041557
177.1274345695016 208.14491321602983
47.11364182674199 109.09131706109184
182.90313037640001 187.89128745697354
187.35270296888945 13.008995323137123
215.74107233563 113.9319787904178
113.72246082461707 62.84935960103438
204.04918124275295 176.3750290541214
165.5246222280046 87.39850035514193
160.96928559025875 80.44128684411808
196.74363395670753 36.08517589434948
211.86898470973807 213.6106382967327
66.10983883448121 113.67993552975672
123.64448804659308 77.10035576676499
15.667275492025373 166.5623528992787
6.817368379289979 163.5912519258204
86.48087696591652 52.47694037231079
102.9965045405834 120.9944857732708
15.020442357439462 241.2441415227064
51.8619443301179 21.395889635800774
209.42341652144128 168.2291369245347
11.932015234341204 224.10822919819765
0.6394883827136599 110.51967406592142
134.83523120987877 39.056102725515295
194.196936860279 227.48857223251596
162.00163977733533 232.24999478036005
70.08151917515481 109.98726377064918
0.07935471824052631 241.2669846221356
31.295594546255717 52.34523447571929
120.67998435874891 247.25785911608122
173.02763663100956 248.20450132972152
216.76440186644416 126.80092056086073
79.98015913285694 99.32226434874228
163.22008126494242 173.70031774521826
67.84216174882438 181.99721203277232
104.16982684641502 34.790938886998354
210.86311059586782 172.32077538604725
225.64157677578868 149.32923933768907
136.08275506255575 147.71308030851824
15.596981877716493 148.51785605035982
175.64869345696897 45.42535969572195
149.08317091142123 143.3351919162694
1.7429669753781796 214.8825753168781
227.0547731275814 169.45186594910376
66.5095046493327 211.394716971395
163.33046998874477 119.37371947197164
157.01906953054788 66.10969739595734
216.83934852422354 207.0578856594276
70.19757666391125 68.47508044520525
244.3073310927983 90.41925060748171
67.40836593563698 99.75861649394061
55.15409492764381 148.30271885852258
244.3014295331539 106.26013758388162
156.28700132685205 156.66164183903973
96.89477483856399 54.30177797372038
94.76427208510074 112.16101649222753
151.94761564582302 114.59423758651047
233.80124522341723 91.1947986583248
200.6517926220032 114.78692923950737
6.321408205238161 11.149134244067383
207.12401578031043 191.9887365743611
166.7771397208335 102.58064774624826
246.20833613294386 133.8180475758133
185.07870170394895 29.574708525326066
28.77869163231031 33.90573822656051
135.32463167354825 68.00955934705944
219.57057066201074 73.58386119867
147.56129005332735 21.629742952885834
62.58526438887682 98.89892142532058
45.03796923155864 105.66281055313456
141.3339565058915 123.20490562832539
38.43540821168015 207.7922806902586
218.70134485830977 57.35967540229384
50.19115770544186 78.22071716522217
215.33169997375902 103.63170061499864
199.84675519956008 45.13651251337472
4.8127109638539665 43.25562751298776
56.15634210137879 148.61825033523502
134.14625488741183 212.3961449164195
144.5186063046887 203.05757910488944
231.8224312559482 236.03325777429285
244.1824799627927 225.50699987840014
123.24538757960975 183.83929995948253
119.90211060565798 227.2665768767004
21.77510182837575 170.07971232985832
227.26005200707996 149.22828051832886
207.34431921490233 141.90247215251864
148.3449624191864 85.99210289245143
106.46443600637531 143.7943468897062
204.410745195227 170.58984896079062
195.9753413017706 112.8657749941575
20.867979178869234 232.42364454103318
152.20175256902712 204.16597479180862
113.13073530270549 128.71453699651315
55.18508596203112 171.51640330260238
84.56625262717876 228.5510172348148
219.53371143943332 147.8428003443509
209.1276809776257 217.59944536516463
94.61692086147461 118.03325552850616
50.91328720758776 103.98753185757481
42.004884215054744 117.30960267202623
123.92491661663647 116.42476171828253

8.6 17.2 36.0 72.1
17.2 34.4 72.1 144.1
25.8 51.6 108.1 216.2
34.4 68.8 144.1 288.2
51.6 103.2 216.2 432.4
68.8 137.6 288.2 576.5
77.4 154.9 324.3 648.5
86.0 172.1 360.3 720.6
103.2 206.5 432.4 864.7
114.7 229.4 480.4 960.8
129.0 258.1 540.4 1080.9
143.4 286.8 600.5 1201.0

2 5 8 11
5 8 11 14
7 10 13 16
10 13 16 19
14 17 20 23
18 21 24 27
19 22 25 28
20 23 26 29
25 19 31 34
27 30 33 36
30 33 36 39
32 35 38 41

