256 3.0 0.0 1000.0 3 3 160 240 100

2.8956755382365253 31.251069656528742
206.13041928803372 76.46752047655004
106.7864231678754 195.59377311405729
52.101802496100106 167.85672487245202
25.784006845553183 14.756763539378214
7.641033076083992 0.3960205485460666
126.5937163485061 198.613331331446
163.11426898467877 110.30841076242336
86.92789802607581 182.51671080583762
42.438722903240745 213.25645576304308
84.22916945762354 240.79269996480465
170.99370866145938 237.8194221634903
230.99367782094419 104.90510065708153
146.81789164398938 207.3645482203072
168.12734264180986 35.384678760768864
228.12739584960528 234.19939720657624
97.85215542508591 71.12580297586
237.35117569822575 191.61963727421895
150.42385441818635 7.230683870722704
28.553685048145706 29.509800011267075
77.82571665572307 28.5700429941812
212.22553625732948 165.50140909000385
242.7588957555939 0.9848699991247545
206.54482850260322 122.03921589051537
65.46717583990777 16.19455795515662
167.69738288021708 140.54069590309913
175.42784803280125 80.68927244854827
123.15532606362595 104.9480683783685
152.6357716381723 136.56977104669164
218.63287737231272 17.32397296701252
3.302703057643214 64.8995093877523
78.97883397938816 4.1353800526283955
233.7463147055463 176.7629770153736
83.52878362056937 89.82687198919976
5.396699927078197 186.2779583491011
66.5803803265399 84.79967975961097
175.84732292916425 163.58382183731248
235.7039960302453 122.43101549737962
189.36962613207606 58.789039029166325
148.192210095 213.85521603510682
240.91815861723438 224.23364439859535
138.17231625577236 38.150999991953846
125.59595115803576 116.55184373013746
196.960477962375 118.71166520552839
233.81443943043234 73.31642932297225
131.78694043057928 192.39277576593784
229.7687611208457 104.14048801960047
184.47928267746195 81.47588441477258
147.54368686876094 67.4867184876474
120.24175316226237 77.88265012824355
10.158921840448809 247.0712104291542
113.79525044658887 152.10278097973682
116.09929971780517 222.1307748201093
151.87226948505005 36.65327355245859
104.37345059618339 106.58878204868871
77.26047325466403 215.20993355688202
74.99315522010183 179.23258761807182
165.0883549244135 221.97562375856492
135.45877651450152 173.40183542452218
236.15932871400432 166.84106593045843
100.95491115781583 147.57117003779823
18.598172367969763 7.2232090597324214
241.98797785579586 206.97802759308843
208.3512025499389 92.00845773462532
109.6488775864142 236.07637789902478
167.15745971442158 235.68909880027473
159.8498839967019 98.25885646510355
149.21857146052466 89.6248091287276
37.899789055110574 184.23229514194793
132.60873310084457 120.87789382541808
177.35756942894747 126.966340429325
19.60866549420201 75.36586963962496
220.11970456824295 10.207245275747317
48.37460434101901 180.72097605988557
62.06526684366501 121.70057584989647
192.62761883678417 164.74318522942062
14.899406233030932 77.85296974485733
94.76017616553861 58.222751273352216
106.23171034955803 14.666638659977583
81.38392847812659 190.97126755827514
205.84679344289668 215.18480284629885
235.61077378025286 213.19833530679105
190.63850663942392 100.73768371284953
153.0932859200509 117.75460503794169
157.18862066520654 107.976083683262
230.67225840738104 93.76608056891101
245.16691213819604 82.28330034641907
41.114319656881506 64.30421217278395
232.59158691199733 13.799174915141654
0.6844183453547925 94.5065243889047
50.566455299215804 35.62071631769911
79.66666855507972 54.04600185206881
40.33699816208025 198.118102203136
91.31146428132958 87.83278302978248
64.912266538037 60.80600568965566
58.88294834894025 71.70274194125417
231.5367895090698 211.4876440656543
192.25610505545401 247.22980215663424
171.90182332702594 230.31476275390685
136.30484339526018 201.91173344175726
55.25533468935529 70.83395957955186
58.250207426931986 47.824377907063756
31.98491093909453 200.32055675093062
152.51021001161368 192.59822419350897
95.92613646579234 15.772838537329193
99.84500186120404 233.1881430201053
2.0365514431112395 99.59991524131368
141.12184104445473 243.27270558016724
133.61949596939021 57.35129562906738
93.96498956314606 25.918299053577982
130.42037707063412 107.74110307464888
162.4000675532653 249.5392041659422
155.72848227904657 8.554383450417923
133.25383589366274 117.88249922634533
12.230787571869156 165.59723086495902
245.77498425785333 6.831071194807609
189.1300185871425 169.33522054523317
87.03396561332453 88.82623157499842
53.48512450113524 226.5982085855627
170.33917588485727 25.32879656578732
50.91871001937515 150.0531822350969
107.36069837161136 223.9319783588064
92.65531990942166 121.50245758871888
25.17176898196663 81.28381617233124
30.26663591273296 226.52425388689832
2.876765801501646 170.34355404394609
31.774261000586364 8.341765590214322
63.18584153966067 152.59384472827938
117.169281540779 178.5428564595457
127.51464127641621 70.51290862178519
224.64031727428716 167.32060693374183
125.5455303833875 9.130455889967248
243.0034447867246 71.20502081020868
51.59620840704454 246.4117916076022
34.10368839481151 95.07596526420079
232.77830123477239 199.82202966690497
136.4956076035254 6.018865181302624
57.163570114584395 201.2527887517644
60.06692920490117 145.96165739926263
107.99542093543046 141.48803406887035
45.471298059135165 230.04731275711745
193.54524157362877 56.034015333715715
101.83889388847115 33.20870722766914
139.9671537014477 30.148362607937017
143.34203433238574 27.61965412944131
33.700035701615725 132.47321435417777
1.8191487511134141 205.87735613296553
84.1180117366431 142.62407438898043
180.3796712555352 126.31553975649429
117.20843885652904 94.64733120257796
70.2159883847483 82.69940938802937
117.97698865905015 136.76630088610816
88.47811151553245 98.44861698767349
48.25262473325506 156.1675544491592
105.68643371981578 183.56532557247897
50.88212389747015 202.51963015307533
142.24319031543027 178.55159259972785
212.49483666589558 186.6258475322292
134.70328856581722 234.15617376446838
191.2369986904562 94.40739287355082
122.39247056518963 221.9389035907505
246.0515111214549 196.79670306562116
89.43611500917325 54.297621876876754
1.3225661401762012 139.25465686607842
124.08781933965676 163.5810325014258
240.62769618742374 205.4154820867093
46.41242401790285 153.89390240809607
11.193821717700919 161.33003933984205
47.483067187047865 36.03977935604305
78.38991885641128 108.94461400835601
77.82960635884677 1.5905798286923178
105.19084164067726 15.833616453755528
198.9681539886035 247.9049156141748
57.30041382451248 26.859548029393416
70.4888459038601 28.107700417671023
173.1105471389543 109.41403969194447
101.70120857558163 106.0871594758683
98.60938609264943 240.17233827434328
52.61499827750707 126.38151703932893
247.6878399043575 181.44739224851816
115.03297638174942 233.9286840114937
75.49690890488708 193.3057731326845
189.61341213820458 42.85080883985515
237.698084319639 194.66627844089803
205.98646336387992 186.25873554021095
162.9503231866734 217.3011044996725
99.93186805496052 87.15072602867
60.51652315890937 109.59388047385072
100.84390478256023 68.25954675525186
128.86023398338978 51.606975774264875
30.662448572403495 155.8262866756742
223.74312341441788 59.245938865362504
97.55346420258246 160.8666634656399
41.82700074046297 157.4355653501372
82.92710078112079 227.76098910009782
25.671988749380425 226.82236369785025
172.5560512726292 157.2657596727928
94.29285580463004 25.96996839909907
181.70091390448007 1.6616928814747745
131.01969454451265 104.293613271813
175.5288317750977 127.21624268293724
243.4020497067316 228.8379505456409
147.3005708004031 121.47306366917019
103.9836923100159 146.91350478421182
156.91463471093502 223.89130252326262
91.51161381492886 77.76627850255777
143.18675308049174 10.836413255296467
169.93544625565812 186.03697874807503
180.4917000226684 4.232422119734985
249.28783662692481 27.23322713437218
98.2116063894331 15.811625971851734
12.427053854025012 37.24616667025385
133.85947110393218 229.61487112685944
213.5186770276499 186.57477631622635
22.376436430878222 192.3372203151932
93.19441097596327 13.038075637081176
247.81786679929078 181.34605694818418
222.26327608567357 168.9565942057441
244.2627206980179 161.01381594043173
59.177026236200945 72.50176442158798
172.79783119077933 140.60190381399502
93.67905426862674 83.8868469010794
213.11177949306654 136.7119737095611
173.22335613490918 25.18519472874739
165.4679985696228 200.66288387998958
139.7264935572883 31.016398425448454
114.89037564917767 214.54709481565303
25.711074002532307 59.94183363756639
6.309147200247612 153.02292474333856
145.20550001793438 193.8150637390074
169.25870500487446 188.58684383799553
207.47667832610455 35.18989318245705
4.759490568327057 49.54615386201367
92.48494900049423 87.62902546310028
8.095297058006684 104.60381897899707
214.31214108885158 55.588415636172286
156.33031887755917 131.52588588922507
153.5747098151953 163.9226742169365
225.46303981291706 47.05256639725175
214.98727713831045 183.6980702763389
176.58109199651318 36.6288826937112
210.28259928449296 82.27790170849985
35.983785942202665 151.08658810705123
226.57709810242568 242.17792890694366
195.50913508270733 95.83479764122893
130.3918442188057 234.40247954383815
158.74895997646834 50.077218016153196
193.53111926121161 61.8425442440709
82.8303802640283 210.26455405159615
92.7733612540774 20.49758106805727
224.50110796059823 88.19969324902901
242.4637649914165 201.65619503028873
208.35265039677276 21.10637704003332
130.14795209691204 54.84429210651023
83.75718920362316 112.39372853662117
194.80537609433392 74.47269044737095

0.4327264970553357 30.26703073082543
211.016752332453 70.96638197907568
108.76647226349004 198.32606055914297
55.51696518732033 174.45770649887027
19.50717826589152 18.428162583872087
3.9031899918548776 4.196058017289311
132.3251203827473 203.6797182727571
161.15471996160582 106.1641307314092
80.27244537438172 187.65955215400317
40.59093052850699 220.23366041898666
82.97485864959134 238.04219314026935
171.08097805504735 232.95546985792652
235.6003426280796 105.49699631746302
151.81459752839316 203.77578611017407
166.88596728637637 42.419566818656136
223.97985581506848 237.06353853852278
103.36424949013734 72.9654913019894
243.6880654788198 191.24253862781808
148.1704604162006 6.216755278171893
28.85751931282546 34.72509142034105
79.11259523127381 27.562835256966565
211.55783067381006 170.51940878147116
238.98870773649574 0.07127685546878815
208.18761442302477 114.38523272147533
68.51689158540935 15.259482969820965
161.4308561793447 141.39895925409903
176.59418441779403 87.60136649239986
121.8422619866921 110.90440279675958
148.56746561775145 134.16946220211562
212.43674267102287 15.7138538223576
6.783003744800759 58.83605656221741
77.79920210883093 1.5060959789048034
237.15371439933023 171.7263649163851
84.61054782622787 84.1696788813398
0.2696245897427507 188.04533060559416
64.10436727544308 86.8669187881968
171.0160815578845 167.46782266597123
237.1315132543541 116.26221389132152
190.41277337159747 61.003347740264196
143.62723280881642 215.08613429407086
240.22939362374788 222.75823204088198
132.979112106345 34.219043797178884
125.25394192545835 112.2821170161368
200.18430447085228 115.31728143450543
228.6672344162753 76.98476278372854
128.04609531304868 186.91740907783569
237.58083715295956 105.94499136505576
182.0977976959747 81.94058018197745
147.30719619371564 63.927433592346816
123.94551310741065 71.49345302109683
8.644761268187084 244.0951086921127
106.73876351387942 153.38992172982273
122.31733538739046 224.32427428700512
157.72140732489936 31.624910812395076
109.77626612310392 104.86353708473698
78.10174475123132 214.15102737866033
75.48538905059665 173.77423671134014
164.13740305019346 221.2407097962521
138.01826606737146 172.4802516851233
236.5897810309244 167.95653245497013
107.27129546362038 151.25165422122544
20.062446973347996 9.172218847139701
248.29482634727017 208.14397613486224
207.6517898614568 86.090520198641
113.73820455533517 234.57307497230087
170.55485275836025 229.08167811730232
155.74131056528861 92.09853274134744
146.99051152396774 90.94713391094733
42.33749739969789 181.95795593722136
129.71304612781447 118.85586164757225
180.69199526650365 131.9794789919201
24.660824060492082 79.1813615885246
224.76937671648622 16.087348087921477
46.4940294208244 184.7748557165202
61.637979308909905 116.04212069411857
194.86382289499926 168.3246946053591
15.962086608377584 73.27660655862114
99.5910750262978 60.33348094722335
102.4830032918305 9.943143228974966
74.42051770272265 193.12544526797765
212.61670972262445 217.8903241311779
231.54700037358757 207.85593302797994
185.25676750329774 101.24935707953908
158.03691280677097 122.90300654983088
160.86154923690248 111.99993784565693
235.29808765110636 91.19852848204071
242.79217668481556 75.64053816165375
41.65540218637645 57.52963968686375
236.29694680113428 8.085243971126532
3.6669552700968886 97.55733450246798
45.5983312119764 36.1723563499029
78.01273414262997 57.698693992483705
39.401359285869326 195.1577936346842
93.90996863824738 87.82163681268645
68.27852148604826 65.58938289426044
59.33108077907501 76.98585620910015
239.65521424071673 213.32165481183992
184.57045869432997 246.9794515209102
175.9749135863001 222.90852589253268
138.3266730035464 208.5726537296682
58.7510243653363 63.75095891527332
57.22922502506408 53.42964869436975
26.709545607328245 198.5892652462707
149.93771912505807 191.73276056954188
90.05291370733845 15.256331275483065
101.4338056868424 240.40452712678928
4.105545328262739 96.19226074086052
138.4576203806789 246.19328442314108
131.99766741209174 51.66842904104499
93.96077487153589 21.434349367336207
135.95249103256847 104.69843304639106
165.88268763696203 244.52488367434577
159.58775127870663 11.01165146851757
131.22048001429883 124.4778124676405
18.045471238760353 167.42493810929105
248.93693203854298 12.793824647311187
193.54377304149236 174.95163708549384
86.92971609073317 81.08519785715471
53.49754085028777 221.20106210768813
174.0185230456911 27.158746693772272
49.42211507004923 146.35680751725263
112.60404483767061 218.45752273824758
92.43876763093762 121.27763691306228
22.707116138747846 77.24751277124328
24.889668297462393 232.26232029924137
0.030995729883909195 164.98887917060318
29.383509588393753 8.612026792480771
63.05391520153117 145.83810597895422
120.77682734250614 174.08861487619671
120.14473921219054 70.70115392258194
226.04534482434335 174.46736245599152
122.65507154057012 3.962847590739255
240.01103895382298 77.49950820545796
53.51011011833931 239.0628833277754
39.85309404897105 89.83777985352023
227.0850795708637 195.1559070711067
135.66195332743573 5.251656267625249
63.27973998623726 201.7958021106579
66.13387836295517 140.46129642724378
110.63737872715227 137.3684567064441
43.430022249258236 224.42379163388782
192.697333896918 62.504323737442164
107.90621283196292 34.09553641130736
141.84140062554897 30.255167122015397
142.45339885934945 28.083757864608565
28.26851311955747 130.81236460821168
4.464582106280618 202.13962802931096
91.78622575675612 144.7011050725094
185.82331131420952 125.33377645064311
110.00868062787714 96.2859567687673
71.74287439286105 90.91799940613308
121.0778404707141 142.3875227355415
89.76114737842197 96.96039945755766
51.264629530842434 158.16618411383962
111.79450387243273 181.72731822977696
43.374997183019765 200.48446466908922
150.26201940776878 178.93710426231698
212.5142410209601 185.82034403185423
128.1382147559981 233.11941212923466
195.89290839013213 90.29932924183917
126.04782852120088 217.3239232390633
242.9948132544255 202.58232818893717
91.26051697242302 60.96462312207546
3.624351738640036 137.77960602337959
128.81923369334837 157.98526176032948
238.97684773635712 205.4089437490233
51.88072309524064 156.38989654684548
14.49517951780438 168.6757949465026
54.14882145627703 33.03115923835551
76.54025056827254 102.35367071562199
73.5196947301518 8.885949834657348
106.20355523885941 22.95982359199161
202.73004025719146 248.5501538316291
51.325240559283365 23.418162251044343
68.63690162010764 28.730183546431753
165.86729056492968 113.28691104084892
95.67225426191241 111.45757456766431
102.53280518707025 236.89244023207942
48.982178879949295 120.82874658537662
243.83214285058892 183.3861286518174
116.63269360537684 233.6923300676802
70.54512843294336 196.59740267551783
183.90038830904223 45.66431765625928
242.88807256058934 189.97500010067785
203.65174256788993 186.0166364481585
170.9588375524164 216.124648470233
95.03134164993524 90.4104975183015
56.911053678095264 116.20373474140911
99.71920502952597 72.57269974263659
125.086723311192 50.661932141821964
24.735572795462872 160.69191764253267
228.92866623763516 62.438058961975464
104.62933754918791 162.28250402446182
43.82972367243898 164.41835872447876
79.18633417942988 230.30303407857647
30.061436124408036 222.15245269938495
167.46720769354334 156.52818036102093
86.09544450358884 26.074390033968943
178.50628815609804 1.15210429316695
134.36160193615817 108.5696991195423
180.05734280917397 123.42151399645445
241.65176139301903 231.790236409222
142.72113492962274 116.3247790167204
105.7951105683914 145.64016323021838
160.15889933121863 220.26223579819333
92.61558338053032 82.2848657862642
139.2866671299086 16.634774293185608
168.0098493547086 178.94701988027998
184.8506895571361 2.5331335120817866
247.05374525569104 33.39999371461572
99.66716475231365 22.573791640481954
20.095028796614482 34.6102482164356
126.76989666734706 233.75436966569399
215.96175798708464 187.99475165092284
18.457609340824437 197.66036013029975
98.5536827084178 7.1679169688732
244.90110142509067 178.3664088382502
223.21209631852997 174.5594252930776
239.76164588747992 157.6275860467472
61.28698330295562 71.33035912448717
168.44291540774304 140.87336374417245
92.26397816791359 75.56750667909537
214.40808723615868 139.0907945834658
169.3850139862897 32.2827342344818
159.9874101883525 195.61478326846043
144.50228982088967 33.50498925848216
117.93494520781029 220.40123761352245
18.025409134330374 58.68020208329691
10.794835729469238 152.9378935186971
153.0952830145013 191.42030081195102
163.4357198187723 182.97233705632468
201.61161726465903 32.91364668856375
8.506795032618086 45.322405618774596
85.95584695773533 92.37110409847111
7.373568691132898 111.15932678483492
216.62319723688748 49.59072372604659
153.01217034805293 136.47027155957198
151.55241770106943 163.97871022516432
226.09293319319713 51.528404724059925
207.16725815158034 185.6640958299139
169.6230566354946 39.05902013632487
212.90052644967582 85.47650927247369
29.811547272174998 154.17814668213066
223.7910263679958 235.81408022928423
197.01609353514257 99.64188799584237
126.6755042240934 229.04394481629785
155.30218721839944 53.189369289982025
190.40438300393657 59.29608087254864
84.47997669358986 214.91549455456305
93.7944001698493 24.66625310798462
218.05560009315158 93.49969487752618
238.37545901397309 208.79445263617978
215.3353220378492 21.12432401898631
138.1470781326619 57.58950033348256
87.01898416650597 119.53035622694227
191.58451940529366 69.84297636386663

8.6 17.2 36.0 72.1
17.2 34.4 72.1 144.1
25.8 51.6 108.1 216.2
34.4 68.8 144.1 288.2
51.6 103.2 216.2 432.4
68.8 137.6 288.2 576.5
77.4 154.9 324.3 648.5
86.0 172.1 360.3 720.6
103.2 206.5 432.4 864.7
114.7 229.4 480.4 960.8
129.0 258.1 540.4 1080.9
143.4 286.8 600.5 1201.0

2 5 8 11
5 8 11 14
7 10 13 16
10 13 16 19
14 17 20 23
18 21 24 27
19 22 25 28
20 23 26 29
25 19 31 34
27 30 33 36
30 33 36 39
32 35 38 41

