256 3.0 0.0 1000.0 640.135134880451 3 160 240 100

157.4566340110831 136.30522927865937
215.56404883543323 30.55525426682562
245.0832930367445 224.38763921372447
201.2522184385984 96.54459962200573
81.11902242668539 150.3987807761103
247.21331225307603 92.71679298306788
81.56073786723664 18.45876666860538
145.2344769906387 127.6871182127417
49.74391149116117 241.89110496627706
78.73780044221782 46.421007217194195
134.41997738113992 37.75410410396815
175.65672378723986 235.49440261087537
133.52500802123257 160.6988677365464
65.30723672660227 206.1123067252494
172.29183104690333 150.31780413367744
237.88305685195365 122.82015298860821
70.39268346212208 52.32496449460311
61.78485857824581 167.76023752504065
39.43075120013601 117.9397626289519
107.13369012741109 135.36352650789155
168.56839094601216 232.92281700354792
65.40464390800949 33.585213079316915
133.03823078910256 88.49981507717506
159.51070159394683 154.71065481418034
134.00956780462752 101.30300106942452
7.9120771337673474 38.62171388407468
199.79785316955963 0.1864416429930016
155.15990017370666 224.70698347511367
182.33242958810956 16.561191463362988
13.409127443338997 128.74210437151422
63.68830479444948 74.21934082443401
54.44278907373426 106.02399499227644
55.82206290811131 198.80299837213263
28.176110785498143 113.75429983302935
59.063832824128276 112.56522716232043
54.29734483955689 102.99635783233683
167.5482629882938 192.64806672406297
210.67477865655565 209.83321018550387
182.41844497628676 5.613877865224159
122.87451884170592 16.517757871328477
23.275857947423233 10.733332117650345
131.1849318641433 33.8818449965532
19.846478613364333 144.06954861796547
24.547704854603893 149.3214484301598
17.37226301223782 244.04714800363504
219.1801610201481 181.20388234319842
12.876424146290116 216.53638035165974
108.71009867126574 240.99890996044542
95.62366569269454 231.4748482848031
25.725822619862367 33.9488496262027
33.544560889232855 131.7355694218498
35.52768043415433 90.46749923911973
151.57001781084227 124.94329400514295
3.5091573841554147 66.65058754286257
195.794001812213 41.966715047303374
131.15270996895558 229.01207669558212
127.67069204752782 124.49722570550145
108.4008590896905 53.407209509926254
57.74087121421834 67.4752453466311
211.93821918255895 166.5613506751716
165.43321783089544 123.95857611263642
71.6447693328581 115.20515827291148
4.749873798082948 200.9481250309203
212.62068374180225 236.78947425725
41.45204028345692 114.61442532290911
227.61610137558148 129.9093432160216
191.33910552161342 63.20011702488798
114.77477051554507 19.54378960901662
52.717824615848755 92.66172353497504
136.43230423417535 85.46329558104424
193.84385745229562 55.35974515227138
245.10406617485037 232.42527313168085
1.1139804674875908 104.90301850134479
166.73748597675242 69.80887622715589
61.80026601646535 44.48368507629785
112.70150905053403 93.94490795329804
122.94320079057691 53.09570000917824
174.37617304297956 215.2975684993393
11.072173569361077 30.734141518972578
229.1205817762341 111.17087907290984
43.61205131517326 189.31781147110615
174.79331507821368 142.58726671370573
240.1980754067304 19.90777231531346
143.11500132990673 50.40338675949724
195.62122084471505 55.836006132483824
201.32844391818693 226.63779418303045
34.38170760049983 207.58651257107675
205.9495999667653 101.70195602070356
185.19614442114778 180.78479108822665
192.05639221200875 39.57368439971323
1.4284017905654423 201.63632565717896
116.55218289069411 230.56921990501309
94.41420968724474 173.94455183686753
88.50772398497958 185.48248328244694
15.517199460489683 207.10942083932505
169.94535460392544 57.715047690216736
53.82410660860046 240.8757539900858
35.00901684890345 212.3726045026363
106.96901733797313 3.6638658552999304
210.97827519903896 201.54649947901527
236.63528672952503 249.58368314572309
156.08533846353401 166.20644789139158
110.74818367167316 237.0673726675907
55.85180826143446 243.6136879482695
116.73220547499218 172.00999633734966
169.01517877024048 104.06001112709643
146.39477997939818 187.51337183210154
144.6580965187213 99.18017901043494
243.38328881583917 176.39177362558615
19.6473102594977 240.91916852480233
184.54849208536547 194.77623936851623
141.534697509763 93.2430900772444
196.05030217689088 101.62795568077121
134.59663255953217 127.69679770166753
14.321172317574293 249.75373146443064
152.0364993747159 56.16704486721749
234.78293257121175 228.07009345831892
70.20357031785657 184.44888576661938
13.52645020818502 106.32937465244882
116.5500363092091 224.26739243234448
223.5321946614167 178.67254718247935
173.9399502668994 29.105723343053807
143.88023829389886 228.4870199844642
184.62593592959536 82.15699683852576
99.64119002861263 173.32407417318964
69.19193940059351 6.111104002166689
60.733306186422894 23.32371446205761
58.72599680952939 23.599605811194774
190.43439500111498 237.71836039213974
42.9185538697944 112.29383335989174
178.4737073833522 203.95713657334505
158.9280535684458 14.152379511108704
165.9227991041923 210.8651419384662
237.65707944586322 238.46280457906587
90.13996178729228 220.3665124209784
231.1255075416131 69.94805580814878
244.02763662932864 94.07815881012496
61.304225895106676 180.2286089272765
153.3021064449374 13.959332163610338
162.57221031944513 88.64595267390551
223.41487909602722 110.48678713286691
178.93849484291277 209.85753702702718
110.37437103675293 231.0053432577238
142.39418196460161 43.6234253774303
218.30787039853314 230.150305830073
16.78386532714035 132.69596509284366
227.53275307542208 192.14261557366234
104.32553137162246 139.30378233196672
155.5951783701823 174.94984707769507
165.0122533016635 130.22828434247495
37.49161857552519 234.71225285271436
174.90454173358916 29.40908234770967
169.76376407621242 53.7889049472435
167.78081229897253 153.28406645244718
234.14761101612598 106.59957264169964
174.28875327412388 46.28389803973812
202.89159442928278 102.15581553653547
43.71460455406365 244.21490398396296
115.7481678949418 199.65323828846473
41.708278622007214 2.4053415722137816
213.05967544557802 226.3919764292354
90.14448210005082 3.614590622990743
54.497603750722156 180.3212005090436
11.94368635348858 123.34728251131553
238.8846137343056 151.08476600010695
132.5724858382413 135.27079726360202
65.73327661928526 102.09573185963342
235.36765481475936 196.17974359268274
22.479036673733464 210.42678703128448
116.79251102503258 117.60187931797516
153.7853060310819 26.60228713971574
4.987810695325557 210.82002283137248
247.7812084926022 95.15075565483805
31.98260101596673 92.32685201261789
22.916190198799036 12.920178199647719
171.89042621186496 155.57332963363493
151.7531306081419 216.18512956195022
148.56213541395064 42.54343584182052
80.65424674630023 102.74295968447494
109.71940428442225 46.79531928558595
197.5991521630411 13.151207560022444
147.28596235520968 27.436875078629296
83.74467993588667 137.2613926078769
183.55624968590857 248.9595445090343
225.74787789161672 161.7039079577632
4.228310666363338 173.35134052046027
22.547432272654156 121.91082598341987
137.73200762557087 77.65420131464177
37.30318154667852 222.25240140715317
46.921185197405066 216.23599483069404
190.5495413296478 62.94695924643393
160.61054246276512 153.8997564178116
222.10127646209773 211.99223858484226
144.34505857024328 88.9050210407282
24.63032149621566 203.5055521911933
71.90580169838664 57.09845872215622
227.10199439472 73.70422266868937
195.1439393507351 249.43700630835187
95.86186900806462 204.84657171382213
234.94100406470469 22.725271179317524
136.0068908749863 103.24349846875589
245.5688951450057 107.47780567095836
55.69080964546996 68.61079290400168
216.43462358690462 237.47670830562757
3.731551994956339 160.13658068288035
221.1180177878286 190.28185251087996
124.13520078138492 87.7846285881384
122.04355585962675 83.86732286451276
51.130039415119064 65.39699939143331
103.88288634366339 114.25228875023208
51.07549869053504 63.189593892372386
78.62266443246493 120.24702492765627
134.34906983107476 179.14128562812533
145.40969393393814 53.44231240809869
216.05466681184723 91.99999638226838
43.53109687467102 87.60771162452421
107.41898882406323 140.086768157951
73.85572686972804 207.1867626259335
104.42605123798063 32.01863732974458
27.40962666288124 97.45573554141701
39.36223100499847 143.46426356250103
246.497644176884 161.97152948810268
99.56803917699649 98.03600148145894
128.16134766356467 143.17892411524514
220.3957742172204 227.81183083820162
88.90224821782816 155.33896634031183
231.1288278660097 67.59535697334681
8.508721609624931 51.67869851039678
130.70273786226633 78.9526240496089
212.99352530089183 71.12670461662454
224.29268002006452 124.88698307572996
204.37489382178603 49.21364233612183
87.9936631055008 73.47026813923324
132.7608290475294 103.65524168685673
73.32704769658433 122.28178457751726
161.7942679672397 187.96622138795894
25.119348113755656 60.38686274525598
88.13191982660571 108.28557443382805
248.10928164202406 149.29647147816377
83.85136565516363 78.63418386713312
246.7795394892838 153.2494243017143
49.89965195448762 20.56445054679762
152.37287509335488 16.077924428751167
181.8853744879089 25.37687782158926
121.73665557038865 10.711954741453672
59.76042458211583 246.02377465943033
31.02482200011614 51.42988955517724
107.88410610454679 57.49160563998182
41.144098435276696 219.14335364134178
241.44230365197512 75.35521001735546
111.45744422543035 57.793251455855064
222.68284284801018 71.17959436132232
55.62527320893257 95.99844718213737
89.93861689619473 135.3055258736938
69.111662664712 221.4668523271737
46.42594095976516 232.53412681853823

156.89206257661303 138.51464015702706
215.34163078247946 36.838170368464624
244.39277724660963 231.26426913062792
207.19531726689266 96.38264514187847
74.26225570716215 147.74609790841822
243.49840115494925 94.13853794275892
78.39272133759285 16.468132149864285
140.44307503633019 122.50797560119084
45.411509807799035 244.89081196028903
83.74195146464814 40.69611138682003
130.6834888312119 38.09261274602002
168.8441981928792 230.57019115967017
133.42383726759505 154.73808767421224
65.30328273091376 205.4529843866231
173.9407463533714 156.69309959791192
239.85289353550354 120.03388915208868
70.52052140561044 56.77347963496654
53.94587559949704 167.8728365764156
36.00228104787587 123.25785802499425
108.3767753732198 135.75766301808324
175.32156698457774 231.4063224965448
68.7377617525132 41.215904489228016
127.67628369033065 87.43230094555507
158.60150873467134 149.7390515740574
132.9758620721057 94.3990112907408
11.100957775572267 40.952460588904
194.75231369389516 6.297615912866289
150.05820696131275 220.17297067075975
176.4423293557491 21.634345399719923
10.601389365019475 130.9813560004565
61.97454438110309 74.50037981101265
60.16072955838902 108.81995962661345
49.00106290096603 201.8692081099627
21.12711535886963 116.91871570263831
53.13508785142906 111.83411437675605
46.3018997456523 102.84004568295907
174.8092774563262 192.31479475059874
208.5914946658966 204.41079395279849
186.31475501125408 7.017086777302229
123.13465465129913 13.827295064235635
29.01990747521782 16.1627280127595
136.98206646231523 31.569886251045038
12.427313665752921 147.16300136412355
27.383429742684704 147.32093821151898
13.646095664257118 248.81107253360923
215.89408462904527 175.48083622517345
12.93209452856814 215.66911762991555
114.64137969537904 235.63370848419888
102.3109936126674 232.45543308899732
24.759968094195393 33.5814053109765
38.808450999863794 135.01174402775175
34.46743907644873 90.71332672692428
143.736674635316 124.11046726996882
6.532654334822668 65.11183100133783
194.78630593055937 38.68618652227346
136.60520548123583 226.18537898486036
127.97140744926003 126.41845617941544
106.89521229635093 56.58608452415578
61.62672882688624 61.64211936817757
213.4565710034367 168.92180431130507
168.34961766020112 122.85727352394265
78.35363152407702 110.4259635862966
10.698532234379416 197.47444998281074
206.7330148977833 232.74690068146325
43.654588652177445 121.21216449862668
231.52551259710486 130.08995168538658
195.9121019450983 65.51155668530367
108.40672491096926 17.722130679905273
50.803119986204045 87.09162416676095
137.49769506223294 93.46914121728497
199.98625084602625 56.92432200272993
242.31408345027256 225.56232053526713
8.249988664171399 109.01711423440253
164.3146192046207 71.16122130699107
55.65167203204785 49.917748847149056
117.29637284720351 97.60196584515602
127.26480560457892 48.448601733174144
173.15593507212944 214.87103909321223
8.946256967085592 24.561487311806157
221.87402638764357 110.3804051326742
40.234399472760444 190.06788258739948
173.3610479493784 150.870223407722
244.96154729601332 23.348624252200384
136.70224684692005 53.394778164974205
193.7630718585375 54.64294942519587
207.46713382961346 222.0502309155688
39.493089388760254 212.52187633754858
202.28499145089117 97.4563596177562
191.51685805363132 181.9906662953916
197.12554320105374 36.16971089379495
1.98331912568675 208.24820737627138
121.32288848415801 223.985131157445
93.28026643299403 173.14142397037787
91.54167847084058 181.7268254228341
17.69845545003634 200.3601882789263
174.68865878051426 54.731923537223366
51.47609502043307 246.43773522757314
32.38337833525845 214.82059521599717
107.89994795370065 12.072851947541736
210.78708156181352 209.41929385190014
242.89254922857842 247.67808385431252
156.35689903110122 168.88327224785772
107.54278356861771 244.48954569226646
53.90332311344537 238.76031167909485
110.03992684683308 173.794026313075
164.8822491698076 104.89014818923096
141.18059592968203 181.9703062849057
140.57097327929426 93.40177877756226
236.77929789931252 175.86779009505838
12.90691008179931 243.62996040684797
178.5680570515848 189.81642009821743
139.4150785658555 87.27993854804075
191.50417690595307 99.1867232852994
135.39329959923057 122.57681507688162
6.423396602463882 248.41131251353974
145.86495894807788 58.57636606447655
234.79670979153457 231.56334267680427
69.69534381474813 180.51870326129858
20.170374168018395 107.86138729717831
117.73611686096832 226.31092904859594
221.95060452294834 184.323162669599
171.76682876546832 20.914999291922864
142.16004092843963 231.49169365041246
182.7361736923072 87.95210828088138
99.57728801169446 170.65022158826628
71.60259875742375 0.03169506322037163
61.4810496805045 18.43065069977748
57.21448052495703 16.147228978029005
192.71505694905503 242.5949474059715
51.302469704681855 112.64078465974367
184.3510122930226 203.3475481388334
153.40555754212127 7.9457911023910475
170.950461741065 207.7319517829081
241.00739091185622 233.17245891176648
89.95354459506002 227.73195877768268
231.5299802015979 68.67236744299085
241.2739112943047 89.45141185130575
57.61904130813264 178.52211392409703
145.21741732405098 16.155838181835303
169.70822704772786 91.23157586069125
221.45864962993775 104.66710718444003
182.1036516480086 212.14882280273468
109.48901599187724 229.1561494075093
135.02846676142235 40.38698506484545
225.44031848986734 231.12317370909236
19.37060006501637 135.0050688574522
219.54627457643807 192.75207540225568
108.93425147615302 134.47849651413134
149.71636147379428 172.33037848982258
162.01610976151377 137.66556787858704
38.994996948753084 233.8574621211008
180.77179273458282 35.03899492825868
165.6027353989009 47.862593442553504
168.76895397643716 152.21647479761256
239.03578997476316 111.7816468797112
174.2181455364507 46.47615002618244
200.75239264283522 101.6660178308829
47.02294362744636 246.060867131617
118.64596152696814 199.7613673331885
37.574808853521716 8.75261247728959
210.73557666139425 231.11139391245902
98.5733336281844 4.194482245340914
55.7933166018805 183.3606936058323
10.83671681849266 121.20819691561249
232.06579179374899 154.0992362780458
124.81330894280349 136.54629421442672
68.56348273340288 102.5469539415431
242.8557819595551 198.75450213017774
23.991650718773183 212.53028905422119
111.58074781598957 123.54331805777535
150.73176275740624 25.150969552999946
8.234885898972616 214.14106192544995
243.73293578950634 89.60046005495698
30.0835566403356 96.52292490217631
22.40405542522264 7.154729525522402
166.46528372604212 154.06517429013505
145.2380655274051 212.4919743884037
145.28551037049746 48.1584716122879
81.9868486845546 110.02394418890214
116.04900810326946 45.2542051808221
202.97510842841612 16.792894863924406
150.9412650340509 19.890674602320495
88.31834539808465 142.74306773855784
189.77924681709626 249.85781931530724
230.83077943470357 161.47483310358268
10.487557193952224 177.2770025336183
22.94130728125035 118.79606271805184
145.0747911296722 76.83513066816597
38.69488661685 221.61180201997053
44.6887531120852 212.35090391599056
192.16732769478963 60.262301402067315
163.95571279765508 152.68694500383413
220.07588243141873 212.256782060119
143.38497752004542 86.33005071462004
26.50807157060364 201.1152055944513
69.5815534679781 51.61811748631856
220.79127537754687 74.4746998159215
196.95743139824825 246.13936573093258
91.07776275710916 202.75711131695607
238.7756328528565 27.361676848078165
141.8604081334394 99.00602555983212
243.1280489596273 106.39320100462649
58.58691379419248 73.63189716023314
218.73538069777126 232.62183315384945
5.510581354858352 155.67680876947105
218.29705229798378 192.23372569044332
122.69860384531195 89.48040351690709
121.39712782936738 83.38237156790895
50.849726087570104 57.1727900248474
111.23609581385615 114.79306261126598
55.21251487233239 60.94681327878562
76.42636756608992 118.21823097951012
136.84154822244398 180.35381182204932
143.08606246454295 53.90199218663946
222.6066171269878 96.5401660903778
51.44992457964489 85.3523988492446
103.28108136064573 143.67900349326123
76.85838662383229 210.74135363855777
107.73465993032885 24.634409189401353
33.72057947919851 102.76604264132632
43.274099111124094 139.16609223586988
245.7165061677965 162.34841783203763
91.65326115473091 98.49245625873118
131.65457302384394 148.06888630078447
217.58479281998873 220.80765498829058
92.75800712663909 162.27029210832922
236.86451940352563 68.72018300398925
5.181812804720409 54.83744184688258
132.3740871364511 80.77820433575239
212.52773883899764 69.17876525075108
219.23486576715354 125.94385860750046
201.6765979694514 52.449756342701825
85.30973808092551 79.864239894405
137.0138752050527 107.27672190303436
69.83578844877084 121.73335142489611
163.70379545327265 188.89314322156235
25.90621373078239 55.70148537814879
80.2808215893323 110.64178604918074
241.21588018040725 145.61290705706352
89.52636445929313 78.74236354484643
239.31126438956665 154.06372843695652
48.60762530027732 27.26788385314527
154.13546260657444 19.191005962988754
186.60961215783652 32.28188439944174
128.25585981281046 8.843686698911835
53.875446164816125 241.929275971085
33.96193274966872 56.06819246893085
107.36373856721124 60.763100454990365
37.14250587599713 212.82091493610682
242.54636190490447 71.8773985193844
115.67643923920065 56.176999929402086
224.3011325637886 65.73922308039162
59.37502885163415 91.13649050888162
90.98079956172192 128.34678098115575
75.7797521866364 217.10761391225134
46.16501474227899 232.01286057387154

8.6 17.2 36.0 72.1
17.2 34.4 72.1 144.1
25.8 51.6 108.1 216.2
34.4 68.8 144.1 288.2
51.6 103.2 216.2 432.4
68.8 137.6 288.2 576.5
77.4 154.9 324.3 648.5
86.0 172.1 360.3 720.6
103.2 206.5 432.4 864.7
114.7 229.4 480.4 960.8
129.0 258.1 540.4 1080.9
143.4 286.8 600.5 1201.0

2 5 8 11
5 8 11 14
7 10 13 16
10 13 16 19
14 17 20 23
18 21 24 27
19 22 25 28
20 23 26 29
25 19 31 34
27 30 33 36
30 33 36 39
32 35 38 41

