256 3.0 0.0 1000.0 3 3 160 240 100

96.08937947200948 124.76298496142027
240.4245706537329 188.6869668448165
190.08409783187037 79.8053790744149
72.62207064677418 103.89121757116146
222.36820255798682 201.66237398792373
159.99780859504364 180.60275846644544
183.30672327583963 152.2191656795776
112.36533419676803 162.79753990105283
64.7897373257228 20.405610888132337
246.5535174234121 222.79954584829807
139.0268006628363 165.25310152293156
104.81201898949674 69.14277139510399
194.6276487890776 25.608326523658743
225.2696326674606 33.11510584228869
123.17739006027844 28.228541590306104
3.5319629917839324 23.40599926885764
195.25970353634457 120.19833830202231
129.82908130891505 212.65871239137692
70.69403960420767 194.90265612627906
233.9294780444423 14.219034687559251
84.41869013937529 186.96187835605144
64.92103211887193 212.06658851860152
245.28739829793827 23.760602365702375
172.32586554044178 155.96751934308685
14.121241639708487 204.21531224261054
152.60493563725512 53.27055798319066
116.85283948260566 115.74309605786317
1.212973206519835 168.09854027168748
147.27541813513105 38.64992063628417
162.08884577460339 69.94748685027264
141.19529465962628 95.8097022513208
19.10202713582143 188.49087091394944
180.26791112787987 160.21991659050724
133.7086590332479 146.78116289835756
79.30706829362418 171.90120623630693
29.53124040051375 121.71187304783898
196.0190976348489 174.0565095529285
86.13906307769062 33.42648057142639
170.89348492046568 46.07204413675173
68.12528899826326 147.2939391242247
161.74273907914682 72.42966787724706
114.92395015670773 91.30578808678332
58.3960032163934 59.67375905280633
235.6281737737554 245.53719531932606
157.788807568262 138.80601036923437
85.09787441670133 184.18614451837453
42.031766883575045 86.55494167768249
233.0918303320694 227.66305400317526
222.0886778481944 93.99098955742666
199.1564550184225 231.40825887819926
244.28804505080706 191.05190029281547
188.0154034472088 30.117709424705403
29.43164387989425 48.57511677273813
133.89100159886303 88.94885403968874
109.39057460872176 163.77760402157404
147.40528297252965 19.057221450882956
164.48864590117256 98.77163667279656
241.2604224841974 238.75813695841424
72.96067826506805 227.84283965836877
191.28951294904766 49.1320268215982
161.43919437937174 98.55000541510847
159.0662019066084 238.4467576207472
226.06770745870062 232.9523553356512
82.21018786101637 125.45115242597547
147.80762062382988 109.78747084926823
8.867897866322776 223.51451939894932
59.77728280378747 196.97612484967615
116.26520755373002 23.001479857681
151.45200615514642 212.6615165914176
133.506126238381 122.74346731588129
90.82421918851341 68.88914703020282
200.80904489575357 112.09081127753414
82.95517452900236 164.55942592880294
180.68311250165863 16.504435018720372
160.73321273733205 14.17691782344821
62.528068241351654 205.11391171380725
95.72866581629094 193.1581314194376
225.2340468741881 31.654246240592375
18.539562351205074 121.3359452986103
79.73704778149731 9.11777494449928
186.55437168633003 95.61579524094435
111.16938828001344 61.63681879214825
57.49483226552044 208.33450859891144
246.1863322955746 61.012427157177775
148.8390670506253 123.24193483385876
232.2781345027258 212.8446390634931
132.16033168501374 171.36627587622152
38.54242629499394 193.81474568912066
238.36039099376111 42.22539293776162
12.258703308793612 239.71812944399142
145.48449297928374 7.263175397896976
183.78441776512796 147.79956606425054
249.4754836297882 134.4144856819219
198.74558734180536 158.91454312213835
112.00168811766795 195.6019597656259
51.544365993043016 231.70871748119558
100.23685746960204 79.54597142895553
224.01135250920058 128.4159584357303
37.435697178152374 85.7248520810266
118.17753726666874 120.68559127923056
152.4606191079347 31.734674286314352
141.40111570178829 32.820980349434734
125.82364512244409 23.186029176240268
233.83913162789761 1.440990200828357
83.98500855462221 78.72694981612582
28.36098889511596 152.92012711566787
131.96277415226652 54.53619947442426
121.76451580098224 13.267537651424272
70.89779456622233 11.977085405698084
69.22887641384217 40.529864512405034
185.71523273142955 75.09043097105975
157.20597299353594 152.0822933145493
52.59563443475066 194.93419887917366
208.7330442412699 104.45223699288
225.8105806922344 64.15361079753914
100.14390387570329 100.54182628854106
134.51323833870703 244.6015588155918
52.79306373280357 130.1533836310263
240.24467871085855 59.90395744032881
140.06796991498396 122.15016345625939
218.74766359652926 69.20104523621237
225.41040576542625 228.32684062312734
0.15867464983027046 195.68178104997412
51.25239530455713 113.86504991824337
238.5153961199813 151.46999706534618
241.1210132937701 145.25455826073357
48.806257150519535 41.95233875159551
239.07570025918054 35.29977244637203
70.6532372905406 7.040366804457271
78.5594492452181 152.58193211275503
3.0928144432929017 236.49047480456932
31.318147577066245 42.31485518467357
202.00882945609786 39.039940029452296
133.03042070857106 193.3685882406858
3.1860021358768584 142.2924405717125
3.372995943453583 152.22443896296076
89.95858074565547 179.999345876539
249.76120416140586 144.68270821264355
93.3801971260686 9.310093357145776
129.6507945897437 213.4895324234014
18.26687215073114 149.62155821133348
215.08421564948617 160.39330392515038
58.123858369307584 43.11674262189036
187.03714342949436 101.0033548601705
63.84422078399449 48.29677790225104
237.66663429162998 234.15056732703007
111.54140056366508 102.99011900866886
81.7971152714444 38.21826749258375
244.105824623419 181.93407843543537
80.78766328639955 145.4936829645768
61.88218995834516 206.91407547607247
236.8684607545042 248.6516538230283
175.45783925453927 129.38604861570965
23.278081876950687 217.50204735465076
157.5102107867764 126.6191068296681
152.00707882462265 5.858563347515916
109.22214546551423 11.62500404114436
249.36194855057695 60.3772612111988
81.75467210535068 169.85895856097608
153.82989170312302 97.88217185108147
150.12162752652767 132.1219454494404
210.42193017008194 239.53135166643798
77.89530832123151 39.07457176849075
164.56082666259564 61.58069152170231
174.9356456397712 223.33463571052962
28.068794237895574 75.85064835564056
137.02345367347914 1.787759752546747
51.52214823991519 30.622729027736384
163.92505526769247 12.518882006653326
226.22519295399684 174.09907329141532
92.48698941722752 27.04251533565616
192.18319427551828 216.2461283954434
116.71169354827893 24.08785792341128
136.94712325789956 243.62666048205887
14.675293842340814 223.05106392124384
38.44503239172747 51.375245550501134
64.30413634936261 231.25279282553126
4.310927620840954 243.16760857821544
213.95205844648694 182.28912060940735
249.04999146027964 221.83012001228332
175.70330133747143 92.74384110528774
99.84645324118033 5.456268973880713
93.70525415710016 52.226651105795135
25.501787807584332 197.7383927067836
110.096533148416 98.69556695957746
45.83251426986135 116.82693087320203
132.30527068136163 157.9145871536363
43.1110370665431 97.4767159105317
76.19281773923214 143.95788416588334
63.85924722875516 242.24183257012365
133.82946346917134 156.31124188291113
169.34118347756603 97.89404291982932
69.19539483848297 162.9650621594612
226.49676336443514 18.671500996069206
45.32939932649141 33.240314057456615
247.45565573173658 236.3452609009027
128.32276324145127 24.925865178109184
29.422173271988733 124.62822922790592
3.806465420363697 182.25995915502102
0.35785740243146624 79.54037673674577
232.88549111020725 204.14228861957457
179.54229000156644 222.01781226626443
45.59492580091701 102.97697685870611
189.90917250693562 209.30906583753776
143.09697771330056 116.29547584711625
21.74699470375993 18.96837151734082
169.6404024193154 58.046595539482496
165.4055122815336 117.36353466596125
71.94200155917521 224.84480544267777
23.636995574110447 5.979225378183683
17.790718012541618 93.39643662963788
245.70120763635117 171.62906324017152
143.38639602887542 78.04706339179904
113.5433793867561 188.14281971548385
223.3393358597941 235.10808734890057
120.44862766139427 246.95747212823403
78.87586307755889 245.215900639327
144.11295346164954 172.61939492518545
18.783515978198327 88.15268889639108
58.27301623083 3.199164897532664
23.012606676783232 225.89202313946106
140.7112334012845 38.60151058710634
49.008198633438724 145.2662468003324
129.3416697250259 232.2943252686322
184.88554551423002 132.07106423994196
69.2134253619423 233.2573018706059
58.790218034614874 193.61947349476137
25.252214979476577 18.677402690017942
73.30740830518512 202.9017947077094
140.30100441150927 241.0893348233344
164.19733218512812 19.036941508165622
196.20791391176556 30.892460117127595
44.57808022022258 192.334304500581
165.45281709746092 230.14625325356735
36.55256510878119 124.93124645495834
73.65345264135065 88.75395682749765
192.4672610408949 171.0375571904678
170.77904642455798 243.2375125331803
82.82470275820245 242.57699353213636
167.91921899279203 81.97838059056872
97.33402368407043 39.13037383127685
165.05212859608486 111.05413022815044
146.83782780826428 196.35578894841123
161.14311319497315 231.87586334229024
129.93733416208167 212.26308961665245
27.53646170167176 2.976289626323542
28.174652860373488 4.426087553991626
73.4134684433235 239.85158844470368
38.951258767161875 15.607121597823987
34.55612868358687 161.30153945756717
10.734184348487885 134.63538425422436
6.51732524401058 12.365763773892896
177.9705907276451 30.010163961717545
145.2226622768055 149.7616237346803
175.04424849605397 134.05174758317713
136.94123515333806 182.58980778295904

88.26827527933104 125.35292309367804
241.55550569880657 181.85773732002534
187.33450341322907 77.45386379050385
79.44179783666588 104.99548125256827
222.78928611279622 195.13217011920355
153.38298779667574 176.48120612617728
183.80272277628853 147.6305634614804
117.03765464239326 156.14112989617877
61.65107138468426 26.357526745287572
246.77974483288966 225.02397761005693
137.30214454403395 157.41665406760262
103.53201839040288 64.23690036032525
194.02676932569958 29.528470919775646
221.31605913136661 39.09520042110992
127.62392514205095 32.93415947844902
7.041152390676042 29.42481741000394
202.3122461612172 123.18971120526548
130.47730297210813 211.05159100436327
67.5847879932987 188.26245516993308
226.95635097735064 9.860699068626744
85.09356603866134 183.15847821475415
67.37572300207675 208.72057053513402
237.18265248866243 24.834615979243637
178.57622381832405 158.21841761374696
13.583767340143883 212.11551058833876
146.5460336999878 52.48265165167915
121.0958993358465 113.03966542791349
2.984228482382445 168.74529654724523
148.01053275354812 42.419591185023805
162.77674893758885 67.05341313853194
142.6212143821188 100.54074847875141
14.854414492820101 192.70387001154435
180.69672175589153 157.853029940832
129.52032405928446 142.39084540181423
86.70442584279903 173.62331414290264
32.050191144579856 123.35274031640716
190.174032322307 170.351556288309
80.0066415190419 34.13963516395929
170.95457624201634 43.44732821126959
64.10687535195672 140.8390741410277
156.98274050703068 66.1886117406208
106.82242023413701 93.46998788143618
62.93219917126172 54.30146939501043
228.99352843073697 249.31015416994987
159.42424361146678 141.84459072437164
85.65524462689567 185.30575409213372
36.81569587867325 90.62366856856404
232.16281680064887 230.63172460154394
227.772676242551 92.29456608258654
196.30545812142668 236.83754329466888
249.71296725082308 194.91916372302404
187.62307046647618 32.568134119298655
34.717277915363724 43.753494351654574
134.88582459174506 94.1665099303032
105.46600491622979 168.78132222259578
150.90974431419065 12.158792799742995
167.6997639751486 105.37982508765653
240.75720333498987 245.52875778585388
77.87890074952358 228.19327873165645
196.5052321534057 46.311950091589836
160.235446850249 103.77463132198902
157.61864481194036 242.08689307099516
221.14437049966992 236.48899399258661
80.67458150037643 121.37618472427314
150.2512890246313 112.4870054107183
4.488700513015309 228.34434345617845
63.419995099947585 194.82064646456425
112.7622450956727 25.836784282962878
153.17827568927302 206.55262664737222
132.18705191832262 114.44751610812959
85.55036182331605 69.88636954531601
200.39199111558221 105.42740545868106
78.22565545468791 169.07649396254584
182.87269616047126 19.60292723319673
166.98563549529604 13.221516637577896
67.74040439233644 205.51101658962824
99.47913637631683 196.90269621024265
228.14632485723757 30.335080987392683
20.592101265266116 120.35285537264181
75.29569123944674 14.076929392190324
186.45352268316685 90.54827818463423
106.90946551891314 65.81338910439317
60.928572589423055 205.26652427263568
245.45068077440396 64.90464517142789
145.8964949961352 125.93738267014304
229.6617212432594 205.9394158378502
135.1785433647828 164.92714108222114
38.84780222749326 195.9933252768881
232.92820529738987 45.81758384823381
16.769561788143427 243.51771367837068
148.60481468663616 12.92420930307006
181.01185611012886 144.0329543256495
244.7408823948517 136.55670825042253
193.73480308862264 156.74907499861877
119.53171087019618 196.59144908538732
48.23126370861108 235.8450227459977
104.44082364228396 86.74864813809027
226.41792539348623 122.2747444572174
42.04441979009757 79.18279067723394
110.06250843040968 120.67074862694474
147.21847618097075 32.78846815454983
137.1859327451598 31.630734490730063
118.22786272765379 25.174013958039975
231.41238887249253 8.1082412339106
90.7399387484596 76.43982832350612
24.396089455481967 158.85363170067427
127.13566787896355 48.58131316827005
127.05948608970694 16.770190474966
66.85428262183274 6.7421101025111065
72.0321003047179 32.63401311618022
191.12631317085598 75.53119099364086
157.25607625476246 150.3032297679002
50.964461867466696 194.76285673119247
210.4730854612605 110.46763783786976
227.85064862148278 65.66879179582102
101.84780914923198 101.07636061015803
134.68889484330097 238.69077788800422
55.546965935441975 127.1908098577647
238.2600552931873 64.03310427246205
144.90752578671433 126.27344762665952
220.11218698622403 63.849994033832736
219.43433904603575 223.15192779968672
1.0755399828800416 197.10016132030393
46.199101373027354 107.46438726071855
232.60242447351484 145.60206863431534
234.47110476630493 142.91995676495452
52.83372557231464 39.31829166770062
242.03786411112753 28.59795578589089
77.26669043323075 3.4132662575317996
73.94188468613305 157.3611657630854
5.903101594384258 232.83927006922787
27.39959377921844 34.92556684338652
204.74978515389685 44.01298758552413
129.97388520804958 188.82625608109356
6.225610088811035 137.83098992700155
3.914404665512433 147.42545552487172
89.99552767357066 182.99479685645238
244.01330568696415 140.5161012328972
100.99580015845214 11.678078120925223
121.73731049719555 212.92616110054465
15.009069902058469 153.058002761952
214.26144455656936 152.89516304187927
60.346428954184375 43.33804459163751
179.21137733706686 99.66272506194512
58.48819545564163 50.795544226792416
240.4202797384875 231.83985060392223
113.8326851769087 106.48862694359836
89.21326885127756 35.32725838062098
239.9861406072213 176.25985266058845
87.09697065073426 141.77502897727368
57.978148962145006 206.49019609437275
228.47151649298314 249.03465503679402
177.8624143286704 136.8353659862354
17.387732720732853 217.82734277018534
152.7730393530115 131.30728451136048
147.233101494074 8.298503043063675
111.66842386087677 18.805542518987444
248.73851321514604 58.022430443816084
88.24277562010718 173.5253594041494
153.7676835143227 99.0369469475107
144.672235798035 126.56193399572743
203.87416509596665 234.8275285741433
75.22437928023085 36.10788149633165
166.8114673308248 67.06532493359803
177.38415620772025 224.27461547456656
28.142340929142474 83.86289874144023
138.8526554034025 9.321642041216327
57.48707051287572 24.96313320831764
168.52335560178025 18.926962295169353
229.2185822946833 175.69292972543462
93.47288568176684 23.399475301847243
191.2589749932669 208.58636065841165
114.89671585257122 28.78310728486122
143.18829991547847 246.91807425876064
17.949403583205488 227.11930664572878
40.09169426777698 57.03398507950255
67.31735060640156 236.84311536450832
8.945775194649036 244.14044371197255
215.28821968146408 178.0078353500175
243.3010205717583 227.5919226444726
173.33292205682076 86.16978160751168
97.59580650253923 8.747958320318133
90.6849266765127 45.68828152487042
24.924356467878578 192.5829927662036
106.6459506930908 100.71174039724443
47.83724631142302 121.0079024062356
125.68029258426854 158.08073267892368
38.13079167516248 93.82612577369342
72.54498128789022 137.0341316552473
61.13007495842479 237.10818323214076
129.62060857646696 157.87801134441327
168.56484588470892 93.04811986898162
62.56271382592246 167.10077207403646
219.0337939905009 16.214221499843056
38.99684619654725 27.804326832141456
241.7913378342542 237.92482229141638
125.65820454412524 26.587550849477143
37.5234380417864 123.05232580347422
5.585920539013078 175.29561718805533
0.11055566715775789 72.30232610382251
236.01802123864724 201.8857115963089
176.73648986150505 226.58925183096494
47.27215423580641 98.56166746104539
184.93774281913272 213.6930724966337
145.24453299817836 116.86934198106852
27.5731775970936 16.771884901213284
164.26138165963445 51.863600986884414
160.49783745710192 116.75956993490277
65.79658753768342 228.6265975953907
29.274274984109645 9.930698435450275
10.910926350033378 89.89481429704533
247.79433749484681 165.29900049593954
141.6586981557465 81.0149732745566
117.41028244758267 193.71449784528085
229.536630468105 235.21034551994816
115.1628852305658 240.68247957750944
79.7953213714647 246.82476575643727
138.3096089000943 177.32497918974198
21.421967844519525 80.66417532510928
59.06960487255935 10.04222920510392
24.623548705408503 222.24049827641878
138.76902485001554 31.153743280009692
45.7723997841539 139.6748451728296
132.95411040717713 239.86923650239697
178.16572701823978 131.49843903853474
77.35955828177025 231.27574285869497
65.8007893227762 197.49261712506978
30.863442532889252 19.04410821198452
74.94746871265536 207.7882204748859
147.28054156025485 236.32840273852258
166.99091706806888 21.08777458052388
189.61458592524775 28.704860867538095
40.95168851756586 191.24267888010246
171.2922379236685 225.1929909563918
36.74164177888331 131.94806219885592
72.24580329949279 82.287890673406
190.8999598350836 173.35563811895284
175.21307723614936 245.5638094871145
77.14407698371178 236.55450869343602
167.31784005304672 80.17948138137344
98.0229132444508 35.196102319466654
168.9196448925918 106.03155476697965
149.17498710470684 199.49899687993803
164.63993688206273 230.44793291884926
121.9810615980761 213.90313100587503
24.553943653187694 9.260846900632114
22.361497061477415 5.551675906612097
67.56644942096929 236.7398171572204
46.56665005465041 14.937149626573637
41.515631385938974 161.50128921813635
14.408208976346426 142.18153939796585
2.598295835606057 9.741191001064935
177.7500767881741 34.61905809096083
142.35321957455182 144.96277582380486
181.59430161374706 139.26730398822224
133.17002096526605 176.34858481704794

8.6 17.2 36.0 72.1
17.2 34.4 72.1 144.1
25.8 51.6 108.1 216.2
34.4 68.8 144.1 288.2
51.6 103.2 216.2 432.4
68.8 137.6 288.2 576.5
77.4 154.9 324.3 648.5
86.0 172.1 360.3 720.6
103.2 206.5 432.4 864.7
114.7 229.4 480.4 960.8
129.0 258.1 540.4 1080.9
143.4 286.8 600.5 1201.0

2 5 8 11
5 8 11 14
7 10 13 16
10 13 16 19
14 17 20 23
18 21 24 27
19 22 25 28
20 23 26 29
25 19 31 34
27 30 33 36
30 33 36 39
32 35 38 41

