256 3.0 0.0 1000.0 549.15222761081 3 160 240 100

174.42470948614363 237.5887245877474
101.7559556060198 92.45082643900484
147.22593178358488 67.32411075518843
183.16519167085738 219.6748985549947
199.18420137825726 217.4072453490277
241.46261866394315 105.96370181352205
139.8743992183315 221.60889209897195
23.037483370696027 81.01745921547021
38.980873126541056 2.865681328325959
50.17426375568137 123.62487818294193
64.71253126057825 169.19991045720758
62.68076750805229 20.342215235158417
113.73104767413419 142.83936744313542
6.677527127262745 175.29062314398232
41.158381878423164 111.65595464533068
133.27002827691163 82.43890120724973
52.67468407306744 135.97844529164456
47.72467906177766 15.752952962222345
72.47529082933488 242.10613069247967
111.42397014769489 2.6028443497210505
96.1862783075926 205.07691468166095
163.63829902089273 188.28225525764842
103.04246603736519 150.93398385843017
58.48599874657892 208.50944215007002
222.60780149268646 160.30497983405886
242.74484789045357 175.68146305392844
104.91296938524974 182.94783403936935
187.0917415392771 129.6897853136848
78.51247675503606 1.5836016489967908
43.06183692604951 119.65712855028221
34.940248403445786 232.93571641203593
99.01778270785825 87.91171319686667
97.42195681940625 28.400199056187404
164.24257056033667 97.12105980112334
11.62316751567946 38.15485128366527
65.74310643630548 27.23248463187647
15.318458316325529 196.71668825648118
68.15937172915926 49.00277363076114
97.27549962096535 219.95401892090675
241.32262015414483 7.6232197809952
20.13572529631555 20.665004422003307
90.45277014842212 39.94188098384765
151.22434881858797 247.11016975321996
44.061823839301574 124.09869784229625
153.30039320627856 58.79817601908818
2.6172003005787703 29.63627911618505
49.13242704747464 228.98447851984625
195.0486153440129 173.85038909059202
93.74474927160733 8.499974331138056
224.3843046158622 227.84306076257963
159.72509420743458 25.811729787082736
181.84810799443665 188.51164281462576
237.60399841355888 140.14269384952098
162.72089733549586 234.5357852070862
78.07158117635419 205.03204704173982
117.26683701268264 224.26712243959906
157.63538540204058 71.41795088888006
232.374191837085 0.9035343167032306
34.3079825731222 115.63683919038425
175.52859447535508 146.77337826124656
217.8183616659126 188.82677512304997
48.06639407301791 122.75589477189169
24.479595709988228 46.53360255807337
105.62802720554079 85.37270316632627
139.9962808045385 24.309371068546664
209.20022901284875 60.55448514224685
169.40664374324797 191.59633957800358
69.20563879261499 99.88672341116961
136.41234528531717 55.20327191372082
46.50358272600319 166.41843502272545
103.55874117827842 209.82655491576025
201.22303172767678 207.20143826140963
74.74168645168902 228.65228482713133
238.77883914249182 192.54612580939408
113.63818954095618 70.04526041832501
136.3019498685231 97.93120951012787
163.5644397438757 198.64844485212703
238.0591601394681 134.04591517320955
112.72833288582746 183.43867604991405
127.01173838969163 2.1253095083920703
121.65201763823522 116.94210023437968
231.61617976163032 135.53735048220273
95.61750327203184 118.66378893718776
56.50765223074139 69.03674309284929
18.035477765153352 150.979558518043
163.6899700128976 81.31066084019255
217.22252404973509 199.7562040641498
193.6329014287998 90.21827624991435
29.418380220226638 148.51143050647934
128.40088111520643 165.17662781475613
202.09710663522995 132.74055553116878
212.6084392550556 161.10636808265045
185.84928502542243 67.39424418948961
146.6927181040019 247.70652719828308
233.5770818602832 33.665692223427854
80.58239858403849 98.45176166087435
231.11624052310842 159.40597047185054
46.883251240511655 16.343068957677815
219.87730116912533 21.06916120448074
39.701727229046554 11.77002840005742
121.66132150540976 98.03965360259872
166.0767925051513 157.99432493949024
10.136228641327794 84.27793563762
210.8002624637134 44.16975575556195
158.47385534651352 65.71619988697667
82.7796354727572 57.787654191038925
88.74861939208783 23.965980592527526
14.729133164488262 224.79496512226302
84.76802772050979 70.83760516098691
20.01339071198613 90.62681784314921
181.6592210330668 143.73769801895662
87.09397293405424 168.16672750668639
148.46955648552083 113.9862844228359
65.09939635983028 205.39211768852593
107.04267093178375 108.73749416026601
78.16762706339634 9.099233511314864
237.05907223209329 194.68515070851896
38.372680014216456 182.87670690693565
145.17805970814743 211.02207327741223
68.47416090415071 61.24622070261162
35.637139482224356 119.49725146567883
20.78996311619921 200.95524167572594
172.31805912893773 108.17710132008459
50.596464902026405 104.85298358120556
217.66848315881788 122.45748051510682
240.7748554881772 8.132932001995691
39.74893052125539 5.408408899048867
231.74204158455436 232.5588409614025
80.7772269670991 205.44040258857137
64.61398748463151 186.1914965373276
183.48646963365252 240.97165216350535
156.17040581705348 4.472511953974079
175.05411278875206 168.55555030694387
210.9751363273171 20.170456951195376
159.31734981071645 9.523892731244516
131.35146498621708 33.02004945364009
145.204964241609 17.41063692470679
195.72106904035846 97.27235621544925
102.86268952629004 162.5232260129169
91.64304529846903 184.0514895221293
225.33958798986257 160.39552369277555
26.578946035754473 184.69124996109093
54.38434691706928 123.78860644720987
31.34575291412034 232.24600175827726
173.48897613144797 21.93576951632345
31.913388098573442 93.58734042943584
87.48049393078635 114.58521586955897
135.08705862464814 112.42799716555871
103.29387508078472 175.4044837681307
164.18029568175402 234.72293625388068
184.37750945911114 11.651770437546144
248.6687472057018 196.57776992518404
174.49793327589447 83.2208105732083
131.06729164839246 25.014342028999355
142.78143364539702 184.31531461729222
30.196198399309786 36.7932091586394
194.4142380123998 228.74524520754287
13.102347711341084 85.6499942289238
9.48043726923209 182.72688822850012
172.5432474167646 191.51720006136497
130.75688667506273 209.70444996201152
175.59863077614452 226.81280717833909
236.57597083215722 83.69065486590065
106.76428637865773 59.869691860316514
231.5439275595764 107.18412876703051
64.80367155239902 54.72855986950309
124.41097099742557 127.13679028038219
25.447576800321087 173.9332708329385
11.402462293576443 57.578477056063974
100.37410642879827 80.62816781729659
34.19501466028094 166.87590242081225
18.564358653246405 218.4631758145847
42.4121722850514 96.02783234346838
201.12729665413815 185.02663680152432
215.44083413807917 148.05479226330604
99.2461230100897 228.17863563448833
123.8117100332395 226.6470779233664
248.63715992175815 11.989274664119726
108.47686951497693 166.1001796547916
7.491907760440148 215.93066519190768
83.3764500966509 98.82060330438755
82.43080668358112 44.2340946887608
161.21999921179813 15.986400588142935
19.874112581361263 221.28680601524158
104.31951396965461 151.97165671404306
98.10717811257972 58.36235399876785
28.337315035644878 239.47579846462145
62.17618920938775 125.94148246656228
217.36819112155652 204.70784201950866
11.896227718734082 119.5616574301247
205.37797643578614 186.22787911295907
49.313444922330085 217.95567543946362
37.730909051562236 128.4361847929191
226.95862896486668 22.86281557502601
196.23246713204824 68.89524048123887
5.52475074860595 220.9686786929926
227.894064186751 178.23214394819686
56.038246909007995 148.7711580500489
84.0154319410627 171.84355558440149
57.61893491999995 162.91660602112316
202.07848527053613 207.06548907762348
97.80058679190459 33.04959123210588
83.5623712548036 100.54882258084638
15.79435719685876 246.49536705687524
101.23053751007754 95.40926270138644
138.39472118986725 217.4512288994783
118.89734545712918 51.35518057423374
128.1159483039562 215.9728820223962
117.0980740908354 43.54943668161634
111.82503126968282 34.933733221400445
93.9114876913656 51.074042888432395
84.89163986135365 5.381621668129416
52.20731421565039 207.84517356644574
4.920343419452383 48.388562500184776
98.36958914510038 141.9002491544056
204.0640470591261 228.72827565176436
95.33924514644434 227.01332887250723
114.46621231401465 241.22531289834043
122.29760965094141 175.52143877680444
221.2893815016961 103.50575788781485
165.836773649592 249.64220378802844
216.6447442064855 43.87340013290003
78.58056670141205 239.11185003232967
215.76071879854547 202.06408136097096
192.04236883346647 36.21751121218833
120.99440761835528 135.8660024303172
118.70477201852516 98.34750461587011
139.12169147899766 33.71403381742888
239.07971985165764 186.36919341496824
237.92425463777698 36.21905792196728
148.59370725197095 178.04347176280478
228.89659978154592 26.423844611188795
158.86254964889554 64.63146879351802
30.281212242438098 202.2361141022155
112.89824792772966 238.93694112103887
12.096290863030795 212.88405963134753
73.91457039615926 99.46463315928297
202.02826044528035 34.418752229928934
118.16392616274854 169.0411717784126
230.85018764665827 10.216773761850318
234.53861399253913 201.5134581695391
111.03121171531357 149.50514160644494
203.08096459663827 131.37809195876756
210.02973895042902 1.0763207897683535
26.04254039917919 75.07123844174323
189.16196834209265 158.7972122536687
160.83052522772618 244.7859667562019
215.74697561417307 157.10885298656586
166.8997267220264 32.3248295549364
179.48488011042025 190.3155217570518
227.4890644377971 59.30362718637527
156.73367533412565 48.92120206006087
186.56317305958515 38.701187279968075
148.55487149414526 58.85744767959086
179.19935185741258 105.97192222545706
152.81133619542206 189.59631227673398

177.08696854802307 235.26235828439883
103.00560215775353 98.89145601985102
144.42565301873356 61.01036145207267
186.1022447074433 218.19434322995528
192.08729070637318 214.92112963271526
247.81337979574567 107.20442953221487
138.61932144112708 214.6795804278167
19.131076490117167 77.55027326222711
43.89805530016258 7.601297969377113
56.89775223079749 121.1598213940667
59.55396282265815 173.0805873480419
67.56351833431818 13.692952190190288
109.5282906269309 149.24112855766177
3.786618469673292 176.15661322332127
47.043267212077325 114.51687210420134
139.11204777118726 77.92914241175397
54.88207516650506 137.96317336009676
47.525665546855585 8.408727255571375
80.25341008560984 242.68978448599478
112.0028937949754 5.259272084185918
90.08717792677909 199.3370949482668
170.40393757624466 190.3140587774901
98.67204038691222 153.49813570356014
61.35570485136385 204.61896217196647
219.29774485263405 168.06728886250093
239.48745388428495 169.7241148495073
103.76653436682334 185.16525803585884
189.54433548712188 130.39418476211836
80.00169061754059 1.9343825316540941
47.65876888315746 112.62746334089877
32.006315661859155 240.53711271264373
96.08559748505577 84.62882858200527
105.51413572310494 30.37248896656322
169.68485056242875 95.46307396752401
11.575830395636588 37.17201590772851
67.02705786606974 24.11057663443955
19.986863298665057 197.60284627453
65.03999138712446 44.907823838370554
91.44734086600234 225.93170277467
241.88339123955214 9.04937457864019
17.69854182315625 14.666261994958546
90.1588513532652 42.0916702796556
145.20849659851308 243.9258126056809
47.67211391959472 128.67859040070115
146.04948244792186 60.375727263257154
8.090274929941465 34.8105151043808
42.08327276810858 230.05607381858965
195.14761115642528 176.6936533830586
95.11791745243403 15.746812794489806
225.03083311916401 227.32730582443128
162.23619355918458 32.065669916202495
189.2262961113992 185.8663559435296
240.20962228733407 133.9785588261141
159.1660739792234 231.88525223226537
72.75645220865151 210.86480977779158
115.54063604931267 228.13405523183323
158.45559791660324 65.22350829153409
232.12339066957566 8.203100391345169
26.86208940679921 113.74992130008721
183.6522440033721 147.7279434123516
218.67602167960294 189.43136629476524
44.93883384960762 123.8757982883443
20.137702798695894 53.80341697238597
107.15197332758378 85.86922819341389
138.0856648166707 30.127153437881056
214.35851393418073 54.39815620897826
174.66242966145015 193.446388739915
73.84485981341729 104.70847897238161
129.38144048993252 50.46826754653488
47.45181366129153 164.24317948705493
102.33249470822123 208.07164208741122
198.29873526103168 210.71887010315646
77.53993894544716 227.50521374454073
246.03087800343042 192.08954862781277
119.88238962604036 68.24063561627786
132.14333077893815 90.59530051985153
161.39851870249615 192.77331323520397
233.83684526333698 134.5077177822487
109.1300440628947 188.8800028654852
128.23922427391508 5.997790328775704
117.43469067483747 113.34335835093364
237.14667829722745 134.61474253996812
92.37771917508175 112.00090910348645
50.15914076562389 69.95913785035226
19.23424292070297 143.86338076109672
165.25546526359787 75.27455613217212
215.12247111151936 206.88451095239964
190.83973495652512 87.71554967855427
23.05703137580892 144.6239266155955
129.09026821344335 172.7698560430251
205.8778103035098 129.47448884351834
217.87177636247176 167.39394236557428
187.14790826769715 70.64003098428262
147.56342750736263 244.10839108281863
233.5549478057502 28.151345487669623
86.19079707642149 96.09936932327464
223.53049294329927 159.5173406545457
45.7091787994004 8.884553546372715
218.0807118049426 25.459007027872655
33.87256406124098 14.703530402875836
129.00125519484754 99.54106648390062
165.12107176034334 161.7482743058611
10.223324239338332 89.05416159034726
211.65378755185182 46.02684764006579
161.73086124607505 64.74713572066315
86.65827893346592 59.52518168107851
91.73446608036859 28.34602627749405
18.7744220977529 218.92920493060612
80.22927370737689 64.27139331870028
25.003825828989967 97.44135370751522
181.91762517108697 143.52548581676896
90.1481872766337 162.74376302132566
141.38777800291706 116.627687618577
57.637803796684956 205.37179218902142
115.08100045696514 110.94551246603775
75.36040181143078 3.423001752541399
232.7697617561971 197.72800732258807
33.81833588340441 180.6522886781951
140.21586021893577 217.18990668610988
74.58503330593086 62.06035632306864
34.7147936970178 121.66781995837228
21.458808239458005 202.03946733855514
166.3716690723081 106.89803338861704
48.29056798369669 106.24675405398756
213.5778445449157 128.96726393441438
235.95236154441574 14.454763329224685
32.62766254698132 7.238117862088334
236.57805784487962 233.50106385588464
73.40164564210411 207.3074029819941
68.38789606168297 182.71312206476244
182.5920672519494 243.75310910856038
150.82707198829345 3.2843000892733567
176.9866672824409 176.33620535777425
213.4125171737924 27.515146087101233
157.72283648273967 17.7005859853048
125.53138850674625 27.43192072249409
148.5824566354859 23.58852287646776
196.41833107816322 89.11113088296777
97.29086254155109 162.32780728142265
92.81516968767403 191.97093406412222
228.70455628119595 158.35592910416108
25.876477617043758 182.80395231499892
61.54853717316441 124.84603172802889
33.04217139789928 238.12573669591265
167.22356955838328 17.01658891407104
33.94827329846831 95.62636228038146
93.30052748181112 109.00323932107675
133.86978671813736 117.63166539183965
106.3045069903435 170.79948268960538
162.54942685971326 242.1056098055923
176.14290094510164 9.884336425307255
247.02210387293766 203.3957481541491
173.16711329764792 83.8935111511095
125.07426810522045 25.760705095414977
147.10063729609476 187.84607416011153
30.003767141949744 29.51473959622372
187.93691017987345 232.1186954476924
11.128178732398936 80.84942517043103
15.032043182825138 187.76315911563472
165.47252676427163 194.08527866578086
137.03680794345814 212.40367448523497
168.9180680681183 230.20688311293796
238.19824910816385 87.99044055794656
104.96199267699971 52.74413606610856
230.40490627127744 115.43418303363384
70.9772383908531 50.84767928436301
129.76648296289747 120.87982164446298
21.86504988830337 176.56248120679925
13.473349532401091 60.16096307766086
95.03400270959536 82.69606333072016
36.07240717534801 170.21766024655074
15.568283687603406 224.79121010899453
45.996907195057474 95.86056397643452
198.26284302849902 189.00429165854916
217.40388054044007 153.535058498317
90.91838947333655 226.65167930922092
131.3777605054542 228.45131753235208
242.78217909516007 12.324173404629517
113.29451107261151 163.12518341645594
4.025919903607483 218.26826945189845
89.33054359189094 100.34616718530079
88.45252006983306 49.55487477589901
161.7428973773235 14.197920019765442
12.485080540365123 223.09936660228317
109.74916539242749 152.63586063746212
100.49730206356114 64.52704863374531
29.340005383078545 234.4166008296355
61.75332761029328 131.2452428438377
209.83414155642922 205.11595407638399
13.344593125161646 117.78596467124183
205.51242824050013 178.8640341489073
50.687029073618355 224.62088861220846
39.8821197387175 136.37607156616968
231.6761797993163 29.67193264193313
200.1933291668738 62.13602999274306
7.116559724537702 225.72431440334026
224.58301700527431 171.74965447797925
61.948689872306424 143.91215271963378
85.80102532744898 170.4858092669144
58.6392196648515 154.9202090080481
197.11784275520625 200.43707272950874
96.50709939901836 39.30963057910491
78.06080405690038 101.07316246904033
13.367455897597136 243.54804247360016
93.66790839606934 98.00885254445163
144.46039909270058 216.40070316490153
114.77671056529789 51.55993811966542
136.2044438337307 216.45327532951805
118.59888942501823 37.51052926360094
112.54634624954532 35.837154029455725
99.69488168764128 55.291021062342544
84.20892576148917 10.351571600882709
44.13499541050944 205.97007464464315
3.467382463203217 52.103220488252774
97.71678471643466 135.8787548064957
206.39800413038463 235.50819820866354
95.09335786660972 224.82095794535206
118.0187515802486 247.90520477187323
123.65403044302809 171.45447324534388
221.63146021123646 98.1817609415745
162.45843904527928 246.5227831922094
223.6738258678306 39.18347574574549
85.48234027882098 241.48227714000564
210.23267336259607 195.89745754194976
199.43231174563283 34.70933404815229
125.97730606670498 137.79962388774152
126.01864916675243 96.85230760769159
142.60375444682515 28.004140242975232
246.75882718784263 184.6273287957598
235.83291266720386 39.43314356917785
141.99112365413512 181.3751356815086
231.36591447479057 20.737229074616227
155.34163707099552 58.8179933374833
37.9615890718919 205.37655871186345
112.45389004425135 233.0004181305009
14.32581188783183 210.69009266000202
70.1402162855193 102.86218881758535
199.34047744535582 28.825327085101105
110.69227117728134 168.58061416805828
231.9914280604094 18.026277928010398
235.30784409761577 200.76162977052408
115.3669128265307 145.34835326165316
209.9142903372051 134.85938899651077
217.33467826179952 0.3945330525859103
27.43532693630457 79.88491284281326
188.53431958948616 151.553999262634
162.88967934561444 249.90460087735235
214.54491397155073 160.88816696544401
164.09336507074673 38.67039549549223
182.42873389942457 183.75982921689013
227.44793373719162 55.02987312854724
157.0818339330021 47.610949159367145
184.189909117746 34.3250884025437
154.32910628357948 63.80004674367046
185.25778449679007 106.30220366013413
147.14649728249864 191.1145182522915

8.6 17.2 36.0 72.1
17.2 34.4 72.1 144.1
25.8 51.6 108.1 216.2
34.4 68.8 144.1 288.2
51.6 103.2 216.2 432.4
68.8 137.6 288.2 576.5
77.4 154.9 324.3 648.5
86.0 172.1 360.3 720.6
103.2 206.5 432.4 864.7
114.7 229.4 480.4 960.8
129.0 258.1 540.4 1080.9
143.4 286.8 600.5 1201.0

2 5 8 11
5 8 11 14
7 10 13 16
10 13 16 19
14 17 20 23
18 21 24 27
19 22 25 28
20 23 26 29
25 19 31 34
27 30 33 36
30 33 36 39
32 35 38 41

