8 3.0 0.0 1000.0 3 160 240 100

165.5286435632114 56.654786487513654
24.317524981186526 137.1204279102286
192.67166873966235 105.41475974362402
64.80093427595232 171.941599058411
212.2585674664655 51.41362092224938
109.75487996165947 246.73292594778817
224.60214097556985 107.40697146101427
102.0626195393852 226.10591980777232

158.7726886710135 59.196139465737346
24.478162377111477 138.626849764156
193.82849175444164 113.81920358301767
67.4405958596599 178.0871118607204
204.52957754732117 53.57876046870263
116.9229660961471 244.97795657785065
225.87713530341915 110.45785254970427
95.96019661324046 229.1749894299233

72.1
288.2
25.8
144.1
129.0
68.8
600.5
114.7

8.6 17.2 36.0 72.1
17.2 34.4 72.1 144.1
25.8 51.6 108.1 216.2
34.4 68.8 144.1 288.2
51.6 103.2 216.2 432.4
68.8 137.6 288.2 576.5
77.4 154.9 324.3 648.5
86.0 172.1 360.3 720.6
103.2 206.5 432.4 864.7
114.7 229.4 480.4 960.8
129.0 258.1 540.4 1080.9
143.4 286.8 600.5 1201.0

2 5 8 11
5 8 11 14
7 10 13 16
10 13 16 19
14 17 20 23
18 21 24 27
19 22 25 28
20 23 26 29
25 19 31 34
27 30 33 36
30 33 36 39
32 35 38 41

