8 3.0 0.0 1000.0 3 160 240 100

208.64183416724228 160.9238386285061
43.22930123976684 44.63121794391428
15.239014024024723 80.67117848446264
181.8146643586847 2.5735956240041933
245.0858531071396 12.782331399214254
96.31416257544848 18.708509610621647
110.66089198331969 163.3187970913471
237.05631140138146 28.044605849854022

209.29419273988142 164.14557885912103
45.323853757329864 47.795825726539675
15.468816362926491 79.10191553730384
184.85050733284643 0.30536411849527156
248.33572018826376 6.527974934162851
99.60423699672292 11.387457862715362
113.91749771397153 169.71039445076667
233.1369442499808 27.479273187578173

286.8
143.4
72.1
103.2
72.1
51.6
576.5
34.4

8.6 17.2 36.0 72.1
17.2 34.4 72.1 144.1
25.8 51.6 108.1 216.2
34.4 68.8 144.1 288.2
51.6 103.2 216.2 432.4
68.8 137.6 288.2 576.5
77.4 154.9 324.3 648.5
86.0 172.1 360.3 720.6
103.2 206.5 432.4 864.7
114.7 229.4 480.4 960.8
129.0 258.1 540.4 1080.9
143.4 286.8 600.5 1201.0

2 5 8 11
5 8 11 14
7 10 13 16
10 13 16 19
14 17 20 23
18 21 24 27
19 22 25 28
20 23 26 29
25 19 31 34
27 30 33 36
30 33 36 39
32 35 38 41

