8 3.0 0.0 1000.0 3 160 240 100

150.32524954348298 22.26695998381295
201.2251897536788 200.6352145574841
21.375588055691676 82.60315392919354
9.634689308233302 114.56039344317887
236.76962884608287 181.94751858952088
172.28423117157402 214.00600863108582
29.408058760743426 102.6768635367555
40.189874982443804 149.30705087301016

149.47967210520923 14.756924900780955
203.93022441592163 203.26089906769982
29.05578728170846 82.63203483782041
8.708333662976742 112.75772121596513
239.46476893914132 187.22235033064285
169.9363895440888 217.0551891886793
26.257003759794838 105.70124158753042
44.72397413537244 148.71203808832993

480.4
25.8
17.2
324.3
1080.9
144.1
17.2
17.2

8.6 17.2 36.0 72.1
17.2 34.4 72.1 144.1
25.8 51.6 108.1 216.2
34.4 68.8 144.1 288.2
51.6 103.2 216.2 432.4
68.8 137.6 288.2 576.5
77.4 154.9 324.3 648.5
86.0 172.1 360.3 720.6
103.2 206.5 432.4 864.7
114.7 229.4 480.4 960.8
129.0 258.1 540.4 1080.9
143.4 286.8 600.5 1201.0

2 5 8 11
5 8 11 14
7 10 13 16
10 13 16 19
14 17 20 23
18 21 24 27
19 22 25 28
20 23 26 29
25 19 31 34
27 30 33 36
30 33 36 39
32 35 38 41

