8 3.0 0.0 1000.0 3 160 240 100

30.166748015234056 128.30110612597753
100.1530269229596 239.20825218091372
38.380186087109855 43.468895328249516
108.3639980785415 148.54823656072438
108.16578448849654 128.5284939270583
120.41590072546252 233.59524750833094
96.87806157319412 199.1265606327859
184.9378219711432 146.63454049336897

28.022043671790897 125.8852038506251
103.936865602868 234.40438994497612
35.70216429949516 48.83362185565568
113.10958486580266 150.2756305194568
110.97193055826418 127.63583705533532
124.12761072918101 232.31593616727372
102.02710472174239 194.35903679443464
186.7694956505281 139.6425096380723

114.7
1201
17.2
324.3
1080.9
34.4
1201
68.8

8.6 17.2 36.0 72.1
17.2 34.4 72.1 144.1
25.8 51.6 108.1 216.2
34.4 68.8 144.1 288.2
51.6 103.2 216.2 432.4
68.8 137.6 288.2 576.5
77.4 154.9 324.3 648.5
86.0 172.1 360.3 720.6
103.2 206.5 432.4 864.7
114.7 229.4 480.4 960.8
129.0 258.1 540.4 1080.9
143.4 286.8 600.5 1201.0

2 5 8 11
5 8 11 14
7 10 13 16
10 13 16 19
14 17 20 23
18 21 24 27
19 22 25 28
20 23 26 29
25 19 31 34
27 30 33 36
30 33 36 39
32 35 38 41

