8 3.0 0.0 1000.0 3 160 240 100

198.3995309386455 36.99412230449342
13.46350955183162 228.13265433554994
59.32339856096469 122.1743023056231
14.83478278933234 19.163161005083364
87.27972315837523 137.22473629623744
87.55922418378667 226.07552905475833
249.38945959707303 238.4667316944369
159.5635762126162 76.71510680818727

197.74353491569556 30.445741058655663
16.986243685471692 223.81907086251923
67.76655954350905 122.63090061674362
12.328655823443919 24.28436528463804
94.53607243619349 134.16232013272955
95.14473779285157 222.29091050962361
249.79596944758288 244.88633795623474
160.15254385157843 73.1013490149015

72.1
129.0
432.4
172.1
154.9
51.6
114.7
8.6

8.6 17.2 36.0 72.1
17.2 34.4 72.1 144.1
25.8 51.6 108.1 216.2
34.4 68.8 144.1 288.2
51.6 103.2 216.2 432.4
68.8 137.6 288.2 576.5
77.4 154.9 324.3 648.5
86.0 172.1 360.3 720.6
103.2 206.5 432.4 864.7
114.7 229.4 480.4 960.8
129.0 258.1 540.4 1080.9
143.4 286.8 600.5 1201.0

2 5 8 11
5 8 11 14
7 10 13 16
10 13 16 19
14 17 20 23
18 21 24 27
19 22 25 28
20 23 26 29
25 19 31 34
27 30 33 36
30 33 36 39
32 35 38 41

