8 3.0 0.0 1000.0 3 160 240 100

110.20823621759601 186.99812028740192
7.622369531178536 102.19701131737754
224.82009895554947 159.63100641590944
246.78436150471353 226.32069597897308
170.70744399781566 62.65739480303331
192.01502048831287 50.1726169711611
162.3205633460327 162.65584593784928
11.357856028212293 75.23447875759565

115.14447445333984 193.44178090791064
10.585222131748228 101.87127189907346
219.97495397212668 160.5495871976366
249.75401444787397 229.86752977770362
170.53473663863502 58.3979685723896
191.38907193849232 55.46959977319435
169.86683503808285 159.8615212336204
4.192452790682894 75.78757654524753

51.6
432.4
432.4
8.6
25.8
129.0
720.6
68.8

8.6 17.2 36.0 72.1
17.2 34.4 72.1 144.1
25.8 51.6 108.1 216.2
34.4 68.8 144.1 288.2
51.6 103.2 216.2 432.4
68.8 137.6 288.2 576.5
77.4 154.9 324.3 648.5
86.0 172.1 360.3 720.6
103.2 206.5 432.4 864.7
114.7 229.4 480.4 960.8
129.0 258.1 540.4 1080.9
143.4 286.8 600.5 1201.0

2 5 8 11
5 8 11 14
7 10 13 16
10 13 16 19
14 17 20 23
18 21 24 27
19 22 25 28
20 23 26 29
25 19 31 34
27 30 33 36
30 33 36 39
32 35 38 41

