8 3.0 0.0 1000.0 3 160 240 100

39.25653154217529 183.08247557979715
111.21932870027199 70.61870192119667
171.77787761366287 156.1860180719436
58.292771775245114 139.28256377132746
120.88804828119432 101.09238291151235
234.34801893060484 31.632605171173527
25.87655279386711 130.81910624678676
194.2656074144696 55.2646683023032

37.75607344062518 189.44529329841706
109.67481083291456 71.45871873755888
172.2505013030006 161.80317670002378
63.19647455231237 141.4318896913489
125.70968360468198 101.9697953139354
229.14388393034517 33.07728724308973
19.38067635547852 127.50198701019072
197.55573805940423 56.65521391339495

143.4
576.5
286.8
108.1
143.4
172.1
137.6
144.1

8.6 17.2 36.0 72.1
17.2 34.4 72.1 144.1
25.8 51.6 108.1 216.2
34.4 68.8 144.1 288.2
51.6 103.2 216.2 432.4
68.8 137.6 288.2 576.5
77.4 154.9 324.3 648.5
86.0 172.1 360.3 720.6
103.2 206.5 432.4 864.7
114.7 229.4 480.4 960.8
129.0 258.1 540.4 1080.9
143.4 286.8 600.5 1201.0

2 5 8 11
5 8 11 14
7 10 13 16
10 13 16 19
14 17 20 23
18 21 24 27
19 22 25 28
20 23 26 29
25 19 31 34
27 30 33 36
30 33 36 39
32 35 38 41

