8 3.0 0.0 1000.0 3 160 240 100

135.62083722091424 93.49390575124141
209.73231673100625 133.23907062306134
75.09064734737461 149.12633057809745
123.34640936081604 241.0430357805788
173.18639712844714 19.782619218960296
138.4109216370607 122.166814836664
71.29216086935594 214.6346927934973
101.60500511514192 13.299850561703435

135.92271576175955 87.1734720093472
204.90031244648878 130.71790184070122
71.68419717452831 154.07424775847062
125.65173130463256 233.7862187905381
172.78749834077672 11.452383337734767
138.37038129806453 122.50228055650767
76.51541696420975 209.18810305415982
93.93759725984444 14.441050388147886

864.7
576.5
36.0
172.1
540.4
576.5
216.2
144.1

8.6 17.2 36.0 72.1
17.2 34.4 72.1 144.1
25.8 51.6 108.1 216.2
34.4 68.8 144.1 288.2
51.6 103.2 216.2 432.4
68.8 137.6 288.2 576.5
77.4 154.9 324.3 648.5
86.0 172.1 360.3 720.6
103.2 206.5 432.4 864.7
114.7 229.4 480.4 960.8
129.0 258.1 540.4 1080.9
143.4 286.8 600.5 1201.0

2 5 8 11
5 8 11 14
7 10 13 16
10 13 16 19
14 17 20 23
18 21 24 27
19 22 25 28
20 23 26 29
25 19 31 34
27 30 33 36
30 33 36 39
32 35 38 41

