8 3.0 0.0 1000.0 3 160 240 100

24.409911595293458 69.62641300358374
34.393479082516635 135.619269736002
103.16898882204586 31.723415038333368
87.35185583962627 21.069613067723648
78.24190058635669 61.1294238538774
173.39298433939342 48.097278772901184
212.40890867361986 57.836106429214304
95.47929889742132 209.64080281086007

19.790335631310498 68.57740347871302
28.80366564123796 132.64006203128545
107.51586071781189 34.33472427408096
89.36789546889395 14.48324141502913
86.67243488192078 61.559177462951254
167.6676204485502 53.09529817206851
217.51621109159797 56.70534768958438
89.09401383262217 215.01706873331432

576.5
51.6
68.8
103.2
286.8
108.1
103.2
143.4

8.6 17.2 36.0 72.1
17.2 34.4 72.1 144.1
25.8 51.6 108.1 216.2
34.4 68.8 144.1 288.2
51.6 103.2 216.2 432.4
68.8 137.6 288.2 576.5
77.4 154.9 324.3 648.5
86.0 172.1 360.3 720.6
103.2 206.5 432.4 864.7
114.7 229.4 480.4 960.8
129.0 258.1 540.4 1080.9
143.4 286.8 600.5 1201.0

2 5 8 11
5 8 11 14
7 10 13 16
10 13 16 19
14 17 20 23
18 21 24 27
19 22 25 28
20 23 26 29
25 19 31 34
27 30 33 36
30 33 36 39
32 35 38 41

