8 3.0 0.0 1000.0 3 160 240 100

15.218304087566636 65.90382366476705
110.06901226639282 140.16662650585718
235.87871617346605 196.3853548395674
169.31609516937255 33.20567563945612
177.1999372777719 28.49178419935758
105.50205561374418 125.70228035198114
80.32723197215041 213.91472412136937
221.23553536561502 242.56739133148417

9.230698607096189 60.64877020355533
111.14536934007963 143.7298754534128
235.95232283093767 199.74322679353736
176.06476459078382 28.56900482079941
179.42092941345095 36.41768269684814
103.21663110376022 133.18671925652683
86.68328969785446 218.28996745643022
222.83865163332212 249.54423059394955

114.7
137.6
432.4
288.2
51.6
114.7
8.6
86.0

8.6 17.2 36.0 72.1
17.2 34.4 72.1 144.1
25.8 51.6 108.1 216.2
34.4 68.8 144.1 288.2
51.6 103.2 216.2 432.4
68.8 137.6 288.2 576.5
77.4 154.9 324.3 648.5
86.0 172.1 360.3 720.6
103.2 206.5 432.4 864.7
114.7 229.4 480.4 960.8
129.0 258.1 540.4 1080.9
143.4 286.8 600.5 1201.0

2 5 8 11
5 8 11 14
7 10 13 16
10 13 16 19
14 17 20 23
18 21 24 27
19 22 25 28
20 23 26 29
25 19 31 34
27 30 33 36
30 33 36 39
32 35 38 41

