8 3.0 0.0 1000.0 3 160 240 100

33.95536498034543 54.26157588731698
138.58096023027366 111.45020350517967
40.161417582419254 66.0386318213122
31.07238235574583 182.72577516242413
69.77656177708874 31.30942870889819
238.6804629593896 227.41363523833192
157.9264622485488 242.92873556866854
46.25586787235111 44.64582079642005

34.429901259942106 46.678700390076074
145.21592106780724 106.51603684906155
39.652964455095585 66.59355887627177
31.99999929575506 190.71981390484692
72.84009519174012 33.21740741751855
234.74554665916608 228.97242334074582
156.7242349587191 249.93024170769127
50.20672753496841 43.43015675073023

154.9
540.4
206.5
480.4
8.6
72.1
258.1
72.1

8.6 17.2 36.0 72.1
17.2 34.4 72.1 144.1
25.8 51.6 108.1 216.2
34.4 68.8 144.1 288.2
51.6 103.2 216.2 432.4
68.8 137.6 288.2 576.5
77.4 154.9 324.3 648.5
86.0 172.1 360.3 720.6
103.2 206.5 432.4 864.7
114.7 229.4 480.4 960.8
129.0 258.1 540.4 1080.9
143.4 286.8 600.5 1201.0

2 5 8 11
5 8 11 14
7 10 13 16
10 13 16 19
14 17 20 23
18 21 24 27
19 22 25 28
20 23 26 29
25 19 31 34
27 30 33 36
30 33 36 39
32 35 38 41

