8 3.0 0.0 1000.0 3 160 240 100

244.23329824646862 102.42728467843793
233.8005042731281 74.46968844236254
248.35180300348736 192.19768144424245
97.16268264441602 92.90367558636972
219.96637301915226 187.05561422435642
77.73577744600077 104.3855492067463
60.22051333263859 242.8409526867242
70.55199673062948 80.51916994404509

249.24315096289752 105.47819220900762
232.79338792196023 71.58315312315078
244.8440176743033 184.64046913435234
104.65056784668744 94.70965639964723
228.09827658643982 189.46213771229725
80.21372915252512 109.92200401429817
66.20488091319373 247.72041982518215
68.22080536945185 76.76603401304027

206.5
68.8
68.8
108.1
648.5
144.1
648.5
108.1

8.6 17.2 36.0 72.1
17.2 34.4 72.1 144.1
25.8 51.6 108.1 216.2
34.4 68.8 144.1 288.2
51.6 103.2 216.2 432.4
68.8 137.6 288.2 576.5
77.4 154.9 324.3 648.5
86.0 172.1 360.3 720.6
103.2 206.5 432.4 864.7
114.7 229.4 480.4 960.8
129.0 258.1 540.4 1080.9
143.4 286.8 600.5 1201.0

2 5 8 11
5 8 11 14
7 10 13 16
10 13 16 19
14 17 20 23
18 21 24 27
19 22 25 28
20 23 26 29
25 19 31 34
27 30 33 36
30 33 36 39
32 35 38 41

