8 3.0 0.0 1000.0 3 160 240 100

96.09371129622093 48.697143634468034
10.554434839218946 205.18280662554687
6.587758559231938 189.19004435180642
205.9452002608848 25.01837746193636
102.72835980803436 3.5890966895587297
229.08601746765794 50.72182827457558
229.1077095016192 131.43379963125136
84.46716915322386 201.7142559257028

92.74184491936927 43.72741835715346
14.43053604350608 210.55714588487714
5.293260692478957 184.46003157077908
204.33991396366923 23.545908764923933
98.86938566180625 6.672369665034816
230.03051903322563 58.22793746566213
233.9372487852815 133.6679047370542
76.4672945793573 203.67153896987293

114.7
51.6
864.7
172.1
103.2
72.1
206.5
600.5

8.6 17.2 36.0 72.1
17.2 34.4 72.1 144.1
25.8 51.6 108.1 216.2
34.4 68.8 144.1 288.2
51.6 103.2 216.2 432.4
68.8 137.6 288.2 576.5
77.4 154.9 324.3 648.5
86.0 172.1 360.3 720.6
103.2 206.5 432.4 864.7
114.7 229.4 480.4 960.8
129.0 258.1 540.4 1080.9
143.4 286.8 600.5 1201.0

2 5 8 11
5 8 11 14
7 10 13 16
10 13 16 19
14 17 20 23
18 21 24 27
19 22 25 28
20 23 26 29
25 19 31 34
27 30 33 36
30 33 36 39
32 35 38 41

