8 3.0 0.0 1000.0 3 160 240 100

200.17888109133358 172.1314931398494
10.033570431847828 248.0947706233051
169.6600799764712 67.09854845582596
200.74394848439266 51.71041739818416
116.55044324801057 63.33702175593081
15.858567883923952 118.42808317066944
17.3779805231912 225.65101106795092
78.45761590782865 118.89473964894148

205.89076265337056 168.03732618924258
16.055297011104418 246.9712495244205
165.02703612851482 70.89983305310315
197.09632380181938 56.456682780030214
118.67674527278652 55.35583932775734
14.497401728907205 120.72940581174701
16.4846987110166 230.42526594552356
78.42980903233781 121.59378503597829

216.2
51.6
36.0
25.8
108.1
17.2
260.3
648.5

8.6 17.2 36.0 72.1
17.2 34.4 72.1 144.1
25.8 51.6 108.1 216.2
34.4 68.8 144.1 288.2
51.6 103.2 216.2 432.4
68.8 137.6 288.2 576.5
77.4 154.9 324.3 648.5
86.0 172.1 360.3 720.6
103.2 206.5 432.4 864.7
114.7 229.4 480.4 960.8
129.0 258.1 540.4 1080.9
143.4 286.8 600.5 1201.0

2 5 8 11
5 8 11 14
7 10 13 16
10 13 16 19
14 17 20 23
18 21 24 27
19 22 25 28
20 23 26 29
25 19 31 34
27 30 33 36
30 33 36 39
32 35 38 41

