8 3.0 0.0 1000.0 3 160 240 100

147.38256751143484 109.74131323862387
92.48388057922138 35.85565232817936
176.70842502545847 55.605659232966815
45.99807104261633 227.7966466906471
235.91737826269696 200.2403967672641
145.58355279667452 147.676135504858
112.14680820610018 21.690880173122984
192.46384307639565 220.84711636791832

147.49419245640084 108.15661532642221
95.0144434937797 31.126120764272734
170.29519640443036 54.225494989963735
50.44081027217204 229.18829928312272
233.13512481905568 204.5973793331098
147.4717612489014 151.44467133068187
110.80473022921592 25.8564644841065
190.33438626362215 218.7125266956018

8.6
432.4
216.2
144.1
480.4
286.8
960.8
540.4

8.6 17.2 36.0 72.1
17.2 34.4 72.1 144.1
25.8 51.6 108.1 216.2
34.4 68.8 144.1 288.2
51.6 103.2 216.2 432.4
68.8 137.6 288.2 576.5
77.4 154.9 324.3 648.5
86.0 172.1 360.3 720.6
103.2 206.5 432.4 864.7
114.7 229.4 480.4 960.8
129.0 258.1 540.4 1080.9
143.4 286.8 600.5 1201.0

2 5 8 11
5 8 11 14
7 10 13 16
10 13 16 19
14 17 20 23
18 21 24 27
19 22 25 28
20 23 26 29
25 19 31 34
27 30 33 36
30 33 36 39
32 35 38 41

