8 3.0 0.0 1000.0 3 160 240 100

58.44379819750442 203.91348020772037
207.4006517405065 199.6375902504299
203.97308447010238 51.88337410708391
221.8740370727168 32.5617729408228
216.18599203539648 184.22109040909825
155.35391081039256 2.489499308030274
42.917268203991554 191.5378786132389
89.58996760818292 11.635925826833454

60.00514777664148 211.38282084390445
206.7487910792557 196.0684235872255
202.99163645025493 54.02810242974143
213.81529303793863 31.056554091674073
221.38483414741583 189.79052533308814
155.5303989169203 0.7948356076094842
38.62232516849842 197.20309828290016
91.52686007676603 16.246461189672072

137.6
720.6
72.1
576.5
103.2
17.2
103.2
206.5

8.6 17.2 36.0 72.1
17.2 34.4 72.1 144.1
25.8 51.6 108.1 216.2
34.4 68.8 144.1 288.2
51.6 103.2 216.2 432.4
68.8 137.6 288.2 576.5
77.4 154.9 324.3 648.5
86.0 172.1 360.3 720.6
103.2 206.5 432.4 864.7
114.7 229.4 480.4 960.8
129.0 258.1 540.4 1080.9
143.4 286.8 600.5 1201.0

2 5 8 11
5 8 11 14
7 10 13 16
10 13 16 19
14 17 20 23
18 21 24 27
19 22 25 28
20 23 26 29
25 19 31 34
27 30 33 36
30 33 36 39
32 35 38 41

