512 3.0 0.0 1000.0 3 160 240 100

2.0610973900205556 71.91688680080352
137.7725689386638 175.27062877225023
5.335678824665707 33.659053239226466
207.77653360474284 17.303689549609867
88.79745134826314 84.39025916252041
5.170757038911066 121.2992708578712
1.6035606688959425 149.176607025122
232.76897675382077 97.13836503234111
236.98836755539426 56.60998186939506
134.39560435037953 18.924221984044088
126.67921828939494 241.38081584333784
45.655366686529945 177.19025040363607
216.52065241837965 45.51196180496336
18.65736056924608 230.10108866872028
226.04038067755795 122.87694689860865
55.94698195540052 218.06955322286248
78.54080383325368 92.7145522227838
47.70216963996546 195.245774421
76.45865869788123 28.799287125097884
150.9347630003888 68.68409460073296
69.47154479116183 181.01107666498996
178.82972554154884 178.49444578511137
42.790199289037375 79.27550077016008
62.10407248370356 211.6363513235259
111.23351174165013 150.67330113689619
119.28015738653342 238.8465988492317
235.7358308948527 175.61822032423518
13.897493027066277 221.37934426929118
241.09193649937487 84.69261793726085
41.7767590889892 155.8202015162979
70.81899593500218 157.41807712523655
205.89233599167042 201.79366859044663
191.91407936317685 6.399568371876968
73.2571980491811 234.93649396272104
190.31676189088944 241.71745922702965
68.13613424940068 129.18811044525194
209.2171956262174 87.02696467302756
102.06622660336717 18.847693259780474
106.87062139215023 35.44013596832349
246.74162251646783 244.0895963460433
1.6315114652999119 9.007982540416876
61.57763723625875 184.76993138849912
0.7209241147684287 71.1045144567363
244.50813208130123 86.25746713364963
164.5575903131031 179.689971309805
89.29400067487583 185.0005679376161
60.34657465712714 199.24214899398572
189.0699815961766 96.75755457612902
228.25232183239558 8.349027614352412
32.54438540294746 235.13705061759697
104.57754374031461 147.46915907757622
61.55502065676424 242.85386622882965
30.405311493902882 233.1668727393343
226.92841035273912 55.93931098212601
206.38954207167362 116.40498950792421
38.487977433541126 129.8093772106875
100.90697751818279 76.55823758801891
17.227035213014858 178.54843153307945
20.792618866037284 138.00248766811612
98.09960491596537 179.89747755131756
242.7085924967457 105.16732035462081
59.451678733674655 189.93305507810229
64.87213397884636 113.83926164701319
23.865835642271822 82.98631995798108
166.37748260381585 106.38186044726596
166.10131067467807 213.78673621345303
29.522527340400146 1.2509124314493414
176.87935537285367 97.10062268194031
1.5931342391795333 143.77248203671547
208.9641741753733 96.87602557542193
83.44671109810947 35.32984567874159
82.36197403890583 41.85108952666372
244.84995321991835 133.29967112211853
175.54241393426466 131.68446830192408
220.363763023676 220.03919498410082
197.22162979349636 103.90041231312419
177.78268176656135 52.32818705594106
23.053955697469096 151.37148087639758
155.43577588699085 172.4006747734252
109.09829775430788 150.22530121837636
230.52576398018147 53.78092386607816
242.06357245091436 159.49079474619737
62.401876966534545 209.5404485101258
33.80028456121836 32.540760214207154
134.5980510791574 36.403034772721085
107.12729375327865 229.1346693624742
8.878583296920345 16.515240428524926
29.04597792053823 168.10239081925442
246.91412147699623 74.98002020863568
65.40703645762055 240.19643726574395
198.25992101854288 22.56681256985771
76.69351031362737 93.26977415147431
198.28501676392472 186.43579843493265
224.2791783334746 163.40299063522076
76.07334433782157 147.0438159061916
46.348368039273446 245.95171858017918
18.895650812551622 141.939379207748
44.72216037923865 62.658723918709775
70.08081330822338 82.99806497182368
245.35789465714862 96.75694231568686
136.71114575805538 120.08092648435328
159.99215794881164 24.025609939802433
103.80310520475408 34.0379603968991
66.53353426172292 245.22557765582442
172.91175176829356 94.29661909289733
156.22561888561265 122.55675322034901
50.82465408150619 94.07556158916658
26.21417948803209 13.297225459760115
133.45748522948657 166.349862418106
216.91967100842677 122.97830117036135
198.06500433429377 54.875675438742945
178.90669102920566 23.771483906468383
124.92783176949854 213.37621075609746
188.7582691812432 41.27629563258645
178.74133088399398 30.42938360718528
29.27965816052025 178.3801621189708
134.15752353569505 65.8081542330759
169.23937425779286 142.0930825974145
231.6705054305963 92.7555373957763
218.45473686475066 51.786365676389835
20.827203903919983 175.69601883402532
224.3980822659858 51.73141710613602
129.87970082038217 224.7654641365348
51.84127409483572 134.75242888807279
1.524435719613887 111.91875281217212
206.54859170796337 74.84803706656734
20.872603413241208 56.79498431428967
52.87673398296969 198.13661987310041
97.59079166315976 148.99172670960877
126.82293635869341 180.5746032877269
220.90917931333115 223.4672310299069
140.5919329993966 46.75342998004492
233.45002952871664 156.72147425875303
180.14125854721655 10.888744867986189
245.5212148794132 231.569842299666
71.51069134433644 245.59296255154646
98.66543199585281 233.03346322123434
38.018993095497414 247.82140405235725
15.795832072880877 61.57473748700431
175.37506291770345 165.97095184131723
135.12896542972044 33.586802414147854
212.76166337141453 116.40476532864893
219.4219490610781 106.80018654664278
233.78951258986189 27.31355777245273
115.14425398624442 127.91977286400702
163.22093826584384 61.29281249981455
117.1121328687682 151.04931024243353
128.13728386071782 121.28910370149309
52.949133019675216 33.411185751162726
116.98854926616056 44.38581299289526
6.539962372874325 127.15167476375211
38.991956162042094 172.76781313278823
195.20956669741278 101.69081428172075
128.21157033335376 32.78380194318001
189.08560344457115 58.558061550939286
180.52979975665676 97.43450829943956
99.37488744041812 195.60489403387373
148.21879717333906 188.22189741223485
20.855631423437853 74.99611610091894
213.61357860571277 8.796532024314436
13.683622382274912 160.10547978351917
214.77710648881177 246.51154509109998
249.20645829954705 200.56786033101
200.75932620508465 171.3219069633062
226.61207359821904 40.25095350008162
17.820908692740446 199.8733635716419
14.498359302315578 22.28778594041175
83.77698323372834 18.674648066313942
244.49670893674835 36.865480023928946
45.62876663005241 171.38598537532894
96.26607483086097 42.06216984942804
36.86468360404202 169.92612614123738
19.829410055118764 42.00554372641188
113.58371332550018 146.1772752868544
163.89210427400948 158.1832380304639
232.47953044322347 138.5873931837976
80.53987746624868 75.987363201837
7.972980020455378 197.46938962180266
190.4728626389287 225.98293983114456
188.50858004884338 39.82071997860334
151.776264805735 225.94864985554582
13.756119943531681 166.23059468068362
116.78008848562516 234.7286241729578
142.5367664612789 97.00409501472535
29.828184016112175 79.69377755889067
116.15419762700016 131.9671407216705
96.39974161174716 34.72566248401354
36.143800060400466 217.37067015174347
139.46770792455342 152.0168618038576
74.52070427729346 98.66888160944251
2.4102844876391916 74.47436073654315
200.70633930899416 46.03215955311232
220.16870140375545 34.587321626580234
38.659208402818805 234.86497846733496
185.1282675994257 149.48148200680484
30.522702037600713 105.3407266366351
11.080671890399351 31.883385232284787
81.07934155648083 130.23640331653436
220.18916220469663 191.40352200459543
66.77326328407007 108.19958839406502
27.713744301548658 2.51631963687321
54.609823252297964 117.34163922363553
49.566145724199814 6.833853745516927
44.60676175581488 195.40915665979676
88.33599782520454 98.69120137131124
214.4786519423271 52.19514737561756
205.53959333946858 195.04330565081648
214.31906411551486 177.7321890408828
190.20639703607034 190.4643762963265
201.8294455597147 177.2581139403111
19.7778623956521 27.796358788953924
244.28683871911963 180.11137523492806
20.34990596284908 200.90762599871888
192.31213127965987 34.07766618783501
242.05381146585867 84.26241563792728
67.78289703912999 61.808456917050556
198.55051051456363 75.57606637076402
80.08908878701158 183.79347231352818
127.57436422452412 23.882753486496238
164.77746068604165 29.605326877403137
23.956975663467635 73.4714141046598
154.60171787192772 247.84062839156593
27.283000154071647 83.08727520407896
229.01592933160316 191.90182810800744
65.26268905747601 25.674327976691057
183.05033461326096 17.453852407512183
121.75613628398268 245.51556979843681
192.58755000665747 136.85026307182392
3.6950053003431407 19.730973075183705
103.52470430427147 50.92804939608078
68.31729251707158 154.76639414103664
248.86539931992422 118.89754231500652
65.46798752134444 163.14139384622038
212.08133634570223 14.799462842765148
2.560075821413238 29.363771256873505
221.0648650483229 197.208836974631
213.50634611618605 172.3853399065425
203.34613839255886 159.4071535210915
222.24142757577405 142.75196164614732
154.20486734983623 139.37372846960525
1.350373731321186 198.6036480361328
80.09885173954437 229.37782141766345
180.01165404754627 75.17812232631283
36.6404941654454 26.05692415617572
198.70077422532313 111.43490909865952
76.02453791131236 1.299699539817123
167.1849344186289 45.06825538693124
20.649972980803955 181.1451611387106
146.78205587219838 71.71588764594699
98.48953358246796 148.56276164164626
120.45303324913448 149.11581393518802
158.9720554749668 4.136514112498185
16.236912299560952 1.8271460497254755
68.34704892197482 177.63884565086587
133.68055452290156 57.58096100332041
236.20818270025774 118.75755225336177
38.29941933944786 21.148416599557656
56.78025320564825 218.9066707124732
59.20172713419661 184.8261014032942
106.65536086054934 90.69578861893274
139.87601855689996 29.891324546627185
210.7097336919882 134.93257085151882
60.68948271807342 249.33958065208537
201.32433875907032 174.86716530946532
7.988362553342732 196.43128507786147
208.18870244699562 82.20342100842115
125.39223361580318 211.18151893384993
143.05401504686373 172.50147652310469
60.71021839417276 158.59103499105234
65.92793461273513 75.64954777830884
20.17230523065816 200.98023421993497
239.55206442831974 22.577090198073495
151.54288606430373 118.41587028013781
36.04012653083466 12.212776447547258
0.9931445613149403 38.35879017066399
235.55375562586627 59.23018090645121
123.23577906675648 104.5152406245404
231.44923313003275 112.7788924176496
75.75105434869744 41.22056000301294
14.475011045232106 23.677625513298523
44.28889793465626 79.9428983550641
245.70847146761452 63.87798196755973
132.15132471933794 189.9657714121429
125.47438674178312 79.72425089286212
175.0118471873581 80.66419615397005
100.79758539003365 88.50112678887336
199.64175416119247 7.0659744457377
82.24769499663037 126.94934259118776
126.59070455762217 192.56737912066373
28.965989138001913 108.49392600841703
225.96564909966915 4.003394614412514
129.7371137670657 62.17311961526337
184.97936425103128 95.5495421274201
67.38925074609062 171.88925682944077
82.23537908246895 149.07916815727
136.10669606860324 244.68402573128756
212.2361002073842 52.84899164704102
40.590272064679525 116.19581354518813
178.76255369426914 237.05928266506442
86.98481770724464 34.00057854925931
164.4548965572065 235.84389036467033
101.74267132292233 214.40041002762564
169.84974923853852 36.99251099869535
212.44238227451504 86.8085615433149
189.46839375700563 174.65344632411242
42.180994809853715 179.48983975841716
118.65349225923325 213.14856282974964
56.93272955535894 137.95434654039127
94.83045022526119 204.95700481319648
182.7116495352369 114.89391542506308
89.21638941620732 227.62812929624332
216.73436939790264 132.51237725235308
34.79247759336423 167.26725644250456
58.69620351974555 40.14269667311265
88.44418482418479 180.53373864263165
48.15204747325497 49.887416881930854
101.6136056224822 249.52431658166347
245.0942967555889 190.14058105747762
87.57397341861892 176.15068388997736
157.79112814889942 111.97775319780618
106.41267258347855 121.46033329689715
208.58795552172967 124.79580959236758
172.37241168886493 143.66895635175598
159.94263261819847 230.19612069081532
177.27759085404372 217.18519869814355
62.04283092330004 39.949450173946936
119.22448137470876 164.05807854059418
137.7285539141943 32.66712653115908
171.73720606958824 152.4286346623678
110.89492788143262 6.394011026181229
169.63313433580245 8.463460671942203
193.14246879201576 188.48460284861554
92.18743068227978 119.20438898753102
227.98186457112894 54.79438172193199
216.39614028942188 201.43655249518307
83.20482960311546 46.517841499122305
111.84821364034364 219.52638884256868
128.33289134617488 197.79216699112524
18.691468334817497 108.7772233233397
179.05384482160525 125.7676824542746
14.473637215651758 21.469330844082478
224.1740728786332 237.65682806759074
118.37262657709624 72.21264219470689
172.814798080281 91.65094333961665
143.25798023194582 102.09538935587051
108.073294486871 173.44989167742185
154.45218438369827 106.7276810924137
160.59973519317145 201.4535983502481
132.79395435424527 68.93442724055588
104.00063625187614 239.90275334707866
174.8911433598672 249.3856710333352
100.88162316964191 146.44517514961345
69.58035218019958 241.39236379300695
79.51938801995311 93.46579687516376
215.27915184040165 139.87038103408722
234.70052031319372 164.83371727484385
101.29060996818096 137.3442907724863
53.31725845610433 62.291463438943765
207.91168084675812 6.300371967171148
47.45873760227426 117.22719108279486
0.38961781022320285 223.40420496497777
16.842495881256497 115.38206814690457
169.79216080517853 212.07238108759546
18.248474430588494 85.70511054378038
39.37591298676579 37.31075485367333
230.22983392415637 189.36741683326733
204.34468666451542 40.56983673425277
220.66525005299795 70.28422071052925
52.95369290388435 29.437603876901363
228.6065768066179 236.52832969702024
106.91452110077238 58.01090582358876
42.16532396201422 0.31299500237680355
96.72572249290143 95.99637690513401
155.67249366569345 149.7487175458482
141.0348045127147 38.55494477757898
171.77412753490324 86.38359760011721
177.5826095812602 87.03985741577955
19.500703259651004 139.68984693079946
56.443553706751025 12.267302172074695
20.495950573614863 45.76110083353213
158.9840810940054 195.1191290410159
20.53722301919117 155.68233105230436
42.64956984384205 141.36991765898054
227.8650267334396 46.408431997608304
132.56501975728986 78.72175701028902
57.80638962573947 220.95489039448552
73.55564088999544 13.029188938380093
154.92582184380743 230.84033646110737
114.31066170134605 199.67515677711515
136.87612036112728 177.51120766840876
152.83673138220635 106.08261032988925
178.69539918067684 62.9089172376015
44.27126375370871 143.49780861614587
70.01345487201182 147.65055453303697
224.38359635213843 53.18852416549108
73.4423645608924 89.32128405347758
3.4048514709315025 20.485668089245983
73.629323754867 211.23991916252697
226.78995589389308 126.93025534352567
53.7831137151093 212.2874730615414
194.17086881938877 147.76514639002073
0.22957939487874834 5.733448796929109
169.02167805314224 0.7627486848873488
197.894192385841 91.85157812498763
105.87290307477626 70.0217766183342
100.38475689529386 175.40584015962247
83.19907384397466 32.00251389782874
242.91214986966807 212.31668104243957
89.06825962870776 177.53579963455604
60.528461187006 131.48127714690614
90.46823129192286 224.07818568544326
34.81678081850351 248.44799074190587
133.6519065309827 75.66661974485197
174.3154316714823 223.7248419644384
105.88159556356291 183.6799044668434
56.33883692685904 30.9051964234022
9.835189747126439 126.98323807599557
226.0498945113096 91.45222908393305
63.23835329648991 213.65153516400716
127.56336769165 187.66485983832925
184.69053274226 58.94387880763421
152.104857216716 199.1859470909734
197.6340186228929 157.52895558437646
169.780248144402 156.081372638277
137.11078395471992 113.71464234952566
61.67737491029726 132.14056684021534
44.86603140417872 138.07903420822063
223.58811411286732 62.375064140920976
125.0741725569634 136.74945719221486
5.648945808395977 104.11106776994966
66.00268610407376 248.95865280364464
50.96525801881388 56.43962516286488
143.1254958140465 148.12131547285253
138.3243242145471 47.80643090898684
51.32768163245649 93.36917981239901
179.75811902906105 14.569989658267973
199.62641938931012 20.197835375364626
187.00207062379974 41.583369633199055
82.7919422689255 50.16211433046661
234.9826107149425 218.79278489031825
147.2896821373996 144.26674007042485
26.732146729896044 199.99772018924384
96.25713880314976 166.3029738180892
78.99296706349989 191.7904325598948
224.17959875809024 242.01329467960653
40.885468412736685 74.00234484511256
216.14758175886382 139.219986970811
17.841636503445475 108.63380697734515
176.08238231155798 20.054119057830416
186.66670725979344 48.7674515314726
132.26974689556508 215.10881126002124
95.06821182553071 40.76466840658985
188.16971504365335 184.80262189774032
57.71930872689876 17.647393276120333
45.65806231594755 200.97600955901933
48.359019089867424 114.42101161824908
218.21732888361973 64.83949971644728
69.37914515771764 148.37086198065754
165.08152506065747 48.10108723601278
122.40630291321511 53.26162302959864
189.71073048486204 181.74309798815275
134.49572316206726 24.71458681300831
120.41054670502669 80.63094782468616
196.0023342861874 34.77182766377043
62.06456536096344 224.7641067217523
148.0156681391895 247.0882196661202
91.7019757172771 157.30116708864824
234.39671248977263 9.888647551557938
143.62640294303932 31.922279192508924
131.17824057326433 61.58037429974886
56.52238964666154 216.25747025231712
60.612160719238 71.97916691645162
138.36970415773283 148.68707399270167
228.6602048047518 246.32754570649766
186.97254715209343 66.97442841541194
92.75884704324879 67.2269822667527
165.46406444970026 169.61261519891445
163.44430869619936 14.332730291570005
225.7777913501432 81.48817315456944
169.16918986347193 89.6556419893438
91.0390337994475 193.96939085529286
159.62404509106688 97.03255588146529
84.34050481165684 105.44916560769974
217.9424840521527 197.09634536224746
56.06795522256833 188.4266264287323
49.82758995404499 24.599659519920824
24.522878492471424 185.11152331359725
41.19028176633141 67.34926370099062
172.45225424492264 228.17022955489549
82.13615817159706 3.130814569474838
225.84615304849208 114.54083162575854
42.929778248255055 168.59152719382377
128.09006264909752 53.76997849289963
103.62146719922765 104.58026089768893
229.92164713884134 97.27997108527181
172.33723476984673 221.42620228792077
172.62529217349805 77.76176835976645
210.8118706472793 185.07194084446212
227.3908495114906 151.1280860364351
31.324909997523797 182.15571425697908
170.29283398094407 161.46716840582403
184.43070628153035 163.3114606181036
191.01168447572388 51.27935354713095
48.56211307982955 11.020705623702915
221.83175549983568 36.51678196400357
83.68664634055736 162.06266089260228
223.96426595548212 130.69416843704138
233.28007472502057 141.321792509977
53.30107103871859 67.29373947225933
156.32173742159995 224.5566418699397
185.24145137687532 237.9745224824059
25.266459956601484 203.6793578690755

9.228078992008864 74.58147778332928
133.70283161389764 175.12622727380588
9.665569894585586 29.07747865042401
203.92533499265306 13.272880818118725
85.95712505815392 83.7387337587156
8.048319312686402 121.29725509067693
5.594298612382809 151.6111860154752
233.52228309079052 96.20999157348517
234.79030899487125 64.26430636874531
129.56551656822967 19.625934474596622
120.04210128893716 241.21530504881287
40.07050340346694 182.43466646478714
217.88452143551729 43.43655632278645
17.92446943394557 225.993295866979
222.1380341715868 122.5416243588886
52.49814851222462 224.8832023885976
74.13974447158644 91.63856484961444
43.28319975923531 194.0289182043838
80.96274229451522 24.774886324781615
155.90800419609798 62.26993474082981
70.97833210422627 187.31356020801692
177.44772362233982 174.53876896218108
38.314974816210906 79.2890511886066
56.31945099209809 209.00979758058529
110.27535270041191 154.8397284193511
114.47946771418682 239.07861322448656
234.46223196788918 181.468974790787
11.757071232764677 221.3527220405342
242.35545057319882 76.33093658730571
43.785924838459444 149.75836200282782
73.70358587738676 158.4789861641753
202.8831022988101 208.38540116580685
184.6377039201094 10.551839423710934
69.4710722460366 233.69074940265676
184.50966201611553 240.12489370706308
69.14043889442073 126.43542046276448
209.08163064290343 94.67175314887247
99.18806018672197 15.65370287738524
107.0273585848498 29.39379204236256
242.55196573498128 244.72979514259475
7.743448825588972 10.49919091690929
61.586994216400846 179.71615873824635
6.445503962126647 66.76474527861754
243.6612046004877 82.12677959841066
159.72432754324416 182.31066316307425
85.34984426913012 181.76420222764645
66.82745330689968 193.84792025167593
195.16011402561136 97.16652333032758
226.1781995363804 16.067703105401314
25.08449286490258 232.38711106199236
111.17335387945137 148.3973639899406
65.32423912992272 238.7037762904265
34.46948981006911 232.6148915892001
229.509695988133 57.035251929435674
209.32806189137278 115.04731304518992
30.605787290970355 132.72873931098286
97.95796724595557 74.68351892909278
23.959918378186785 179.5921200088437
18.40254399541247 132.89639141522926
90.95000787762788 184.41809595198865
242.44707985607087 102.56944845488017
53.895781469876724 191.8450902407661
60.30277930718172 111.65877818012132
25.667485057675187 82.36518056985243
168.9689457530654 107.12674565636927
169.38528897644045 209.009507299519
29.238135725252608 7.850599457634888
175.10335103235732 102.33241104241137
5.681607736841149 141.70724568642797
209.9790580766475 95.49891367241698
83.59549975261993 30.3993363058552
78.13617357128558 36.806454785354795
247.9016995564039 126.74359036411695
167.87396077902596 133.6331344227008
216.138881345912 226.04581729366407
196.6433108657131 101.89075803019834
172.9395223064914 50.349294428099626
21.777800834035908 152.15612577590548
157.23920156700632 173.66346641837563
103.52102618305986 144.96348728721247
237.31745272262413 54.18635537057942
235.2928639908232 156.88382865434295
58.63265015673089 205.9877815100335
31.510328026213397 26.01165053411919
130.94686288569872 29.38382748722845
112.72952364748909 225.78978569053058
13.562986916648006 13.791317537972553
37.001210696788995 169.20914564146042
246.363040075722 71.59144893488559
60.48537276667232 241.15770017651533
195.88074222632366 21.724008069497007
78.21114695830983 97.93478072456708
196.01711840826397 179.7282442125919
219.72799108685896 166.65864498428604
69.01362012207393 150.5793840436503
49.121163850610245 245.97234110906751
14.693778734497926 146.13841414834465
49.12970005898884 69.86468783592275
73.18446084938662 76.71240143519049
240.1842896797976 99.86065436055894
135.55415169448898 112.55130450674558
166.88122476766787 20.760447714425894
102.27025095761874 40.930294295000834
70.55382944154265 246.52238952500284
177.50059979955438 98.14868695938578
159.16725235598423 126.03195675010048
54.59172586461506 96.01275930063169
30.23253420285191 19.74854942602372
127.34443188228481 165.57629485218345
215.13280229243915 117.9284777332979
195.1015760752145 60.53723077953982
183.19757704797615 20.184042022494296
126.92805335507856 207.32590467760645
192.4010262506768 48.26083364278239
173.90959508176425 26.880150015426235
29.475607999824348 172.1009473547886
129.66495068579172 72.29063770728564
170.234585638873 147.70035679563455
224.81174934503497 93.65170564943435
216.68593775381234 51.491601415712765
20.723556656342097 180.81390872730546
218.49725876525358 51.39543104403818
130.9990047474025 233.1374832271465
51.113176480336115 129.53288292965706
8.121502056301827 110.65996549930807
207.24907187558037 69.51389188940854
19.615262852780063 54.93531713785427
60.298023166264954 194.14401833375632
96.86017769631253 155.675001152895
121.37373231588846 174.39177183413395
224.81115282159513 228.3550211534329
145.52036282162607 49.27020437610122
238.91257403189925 161.60151812264976
183.9418711147073 14.980903333285555
248.10057877670906 224.57561824721918
79.0703221431594 242.8567517002117
103.7609590793545 231.7493485084282
32.62086861607763 249.9594322016523
16.151602840423273 67.06337922188624
167.64171727240813 163.0360768314176
131.4997698975648 38.84444546794716
212.9023019420347 123.81145381202808
226.39783582699357 107.95539952909347
235.84210796527393 19.590645154656055
110.7306013328381 124.78741968616059
165.25605480912898 59.6188642317263
123.6372162469516 146.3388345265616
127.67828014514379 119.80593175761167
56.39422483732445 30.181778796440657
112.4646179295217 39.84250071511816
14.007108348566415 123.99998909264836
34.285363725853365 171.70865087503543
192.88905197063022 99.07499646260665
121.88153827316195 28.864296622610002
186.33813242828776 61.09711859922001
187.06533172538283 98.7059038164555
92.4284047273792 196.81041801825566
149.9024573249243 185.37385858690254
21.230556009120384 83.28128121716271
218.50305370917195 9.073273220451817
10.803935885004973 158.57125794760492
210.5124634272018 247.38698637331683
246.75961174119973 193.82298751193483
193.39651149375555 172.05438283491523
224.52868263605237 34.89286195749799
16.0487166290387 202.09814836216938
8.73349578313859 25.578470785990902
90.17735159596555 16.774593185253707
237.0555427505137 34.24882164097179
51.519765219039506 172.15280008126115
95.9847981902858 43.629773949972886
32.85062713225431 173.56724811519453
20.803494500332782 44.08203642112202
113.1662865257651 139.97023356715874
167.2563686624853 160.03152707790622
225.24214998550568 142.1996110513719
72.9287987632827 76.87338357567106
3.544372104482524 199.5272837770414
193.76268792183924 222.54702459046194
181.14718016129464 43.37072017608731
149.64027425411317 232.66974089328983
18.32586389153687 172.18088841556207
120.61219828125009 234.6662203460143
142.34910574761727 90.82168889741074
36.5059963265347 83.72171194391036
122.30633217330892 133.26491586178875
90.18496598298226 34.61266937132251
37.37765826970577 222.77008293365927
140.76875695641513 152.9943794347641
80.02150242529882 103.68852066227424
1.1872184174742395 77.18777524833584
204.15786938430605 50.45244396396245
219.05000253910137 27.66667392661304
46.23022340775593 238.40982877728328
192.8208083818496 152.1008653564904
30.538050365153445 112.63371908153988
11.521988893034212 35.89146970473484
83.71076013052244 135.23058159952
219.78968155756283 188.59948032101164
72.55390686400631 106.28405874332807
21.239975614700228 0.31095249404888836
53.01592822195253 111.79878675962665
42.872938334369834 2.6647352656843926
45.59166720610175 197.56666216809643
80.81644114426447 97.51664497637141
219.08851256473292 53.50559327198201
200.2809146662826 192.97724243552832
213.36525581727494 182.63700062126182
193.64547513035305 191.64203363417502
197.92664671688422 183.9360257490677
23.604973216020923 24.692230126383276
243.8742476151155 183.95272987870354
21.026133583890967 195.27115077204294
190.8978808736547 39.56879840097102
235.93296595880852 84.11555723216077
71.9825686832053 66.69513766979243
196.33500164978813 76.82981298959821
82.42381710364657 179.78817891293966
125.79873711177883 26.535499967846764
166.9583563558929 21.82582001899902
29.103468105677237 74.6232546822574
154.57366388062522 240.02701010746583
26.29787370940492 74.77993412530034
231.36644189053897 190.9868891039615
62.87480686348848 28.373520060458347
182.49583724717127 14.02429295543528
115.81595067401226 241.3269684366077
190.53535212560496 132.99702045391354
1.5833057631469416 25.240063306789157
96.45223824105435 51.937616273674436
75.72341092485618 153.3367441034408
241.224914594427 122.43332078579688
67.2236812778603 161.71471173737112
207.53237052836585 19.92611528881627
4.720005331489058 33.998129600131016
214.58081600363403 198.80806268157156
220.19806199056177 168.67815020532655
207.59743593610412 163.49494209727106
227.10630180168587 139.65186081799297
162.32274435063871 138.58688972127706
1.210534556469356 194.18587362052966
76.87280139950501 228.03592609294898
181.57538733789855 79.03289545107283
35.47007393738022 18.933657607490634
197.31224229738478 103.50192674433958
84.29690953715999 0.7533207438864264
166.12085327116097 45.24790529051981
24.733002861734604 176.13542041800778
142.0074101806107 66.13260585333639
99.17274301739728 147.24562846764528
128.7235496605633 147.36273787125376
160.8220175583197 7.560516090337588
13.329556664092301 3.337028140284776
70.58585033928375 180.89056131642454
127.85718429451646 53.2219024180923
230.41002790976472 115.45994459919159
39.90463022491805 19.721813395361693
49.09238322912221 218.9707527812902
54.451893875949594 177.94696614765004
104.41517104205764 98.37472841008277
140.95891661539318 33.62689386281909
215.41317972655872 140.88559356181045
55.55535203180326 243.1561939246925
200.55337656532132 179.13275423573165
10.611283348549383 202.11200786706425
212.20918258061698 86.31562445199393
126.06149886365941 210.1215320623697
147.1850318431671 179.59993533340375
62.04815990178175 156.73710308116588
69.5731761108803 78.47538174555008
21.786521791456654 206.6123791336064
238.2957192287515 22.469807052193037
157.51974050050373 114.35330992292903
40.87432346086431 17.013460702086537
4.262009591000703 46.07338244974732
238.6539398222341 65.24181149451208
129.32894190310077 109.96903495572217
239.46798811283625 110.31415439508288
69.04157364973068 45.71239123764712
9.557050289234647 24.64524915195687
45.83876261053374 77.43178839707996
246.8003528198304 67.85174171031572
133.2890910656378 181.62595886063602
125.12501642811652 76.36108089111232
168.72562457408986 81.83435014597673
99.45881050132219 92.8742166325707
201.1074579300529 13.029561498532544
81.96570375456638 127.22770604766856
122.1254551267309 191.23316627281946
34.74476691281841 104.96086263540053
233.0841521055652 1.4223098463094774
126.08585939845024 62.87824883804197
189.36622972104055 101.342200764165
71.76331665006278 173.97633331659674
80.7506027609012 148.66541115601999
140.81748233364337 240.82616563502867
210.41133967078102 55.84107177087794
40.68879186569252 109.02064923962828
182.05515474851865 235.75880145555467
85.40464974257667 26.02798936913825
160.75272808238722 242.30033850519595
97.66060018643108 219.04177182673448
172.03214606625716 33.849637934358384
207.5585211281114 88.71098980732984
187.50448417800592 175.86440393969661
38.2618348647476 182.24094958831466
119.21963448482315 218.11309834156393
59.71869137712763 134.72665639978584
90.83299011064472 197.60598255420484
186.7542632976132 111.44233505271977
92.22611028459721 229.1636369310408
211.91034393192936 134.09760290512435
39.734578936882286 173.39467784937943
51.341168264566 39.74656989035746
85.82978204260513 172.74144110276913
49.4971688243 52.67308033364645
99.26403070828513 243.95127580907624
244.57003353785382 186.0965529828156
87.0037215836989 181.96863692080208
157.1703451256797 106.07139369631105
104.87801778066297 124.50982100449745
204.15673939772893 117.91446489258492
169.04405725784252 137.0135277031512
162.01868434351968 231.04699590534455
175.62447098684703 214.65929604302642
60.12938881928326 46.732454268743176
116.23223684141512 158.3931159933357
134.83591829099834 30.95882596232635
167.07734521072283 153.90978786435684
115.10341508146283 5.527372184259194
164.4375271736563 8.398705245889065
190.58210923763687 184.49272541432748
91.37408546486023 121.82415302375874
221.50311929491912 56.21919760923105
215.55038726017017 197.81678115437677
91.3019872059018 47.58478617473494
110.90647397357597 225.73632108786344
133.04177104485998 198.21502063220635
24.621242702902475 110.67707959671336
176.64553384868304 132.08529162032445
20.456000242222633 26.267812256021788
222.94252390890486 229.555238940693
111.66861509581081 67.97723896207067
166.55470150965232 97.2278949200395
143.40976357526336 93.62492794716718
110.14229777061962 174.02381604571625
151.33321527712206 103.01469959318673
155.45017446794935 203.67494325103803
131.222247411625 60.77218027276504
103.12769471423019 235.67287363239654
171.8387299417917 246.94703327702123
95.27199144459811 151.9476761705854
70.73547076555859 237.37440391034323
78.21101179444481 95.44143756674802
208.10187503446645 140.81153790060236
234.63974670297736 162.35851207405435
105.87433926916523 136.22837732209638
47.63222232708872 56.58278061888852
214.4702523005584 10.334300459667128
53.18922230287895 111.70148323178272
1.6863874838439208 221.2306486636679
22.080237516315492 116.89089735408508
174.11380265453724 210.45102260005766
16.774962422066498 83.74811300467555
31.466911633146132 36.13523932697052
235.72432802605283 186.1460181939831
200.66506154200366 35.376199682232766
222.58414507152287 63.213852414502256
60.14439155992674 28.29126501757262
223.8284239057187 235.89862139377072
107.89099848143466 59.52747027652103
43.34905087451446 3.4262844591242683
94.03439133449656 98.29108807272291
148.1629945644198 146.20498204371245
148.1717476946215 36.0084397361789
164.76554511415213 89.75558643096976
186.00707415130438 86.26188021885665
18.490726033180277 134.73141920052473
60.69824633156989 6.3512588737498765
25.2701221290427 51.300562485686044
165.03163528037317 194.40873622325827
15.198661908929434 155.2453782336365
39.735393494925276 138.12002630522898
223.42008444065064 48.69629820288968
127.29421762480483 83.55989718226667
57.45032339877548 212.88404512980594
74.74613612425155 8.782824750395212
158.75312752431475 232.73543893623713
117.08319949052273 194.42238446206864
139.8488680665726 173.83864566592365
151.81502238993846 107.17943549907014
174.65771343542374 70.1134265606643
43.768230707400214 135.28716031233657
68.67902995700808 142.9629649996673
226.2803828209569 52.52263159779563
73.3603817759795 87.99744380400864
4.111142175096255 14.539055129914491
68.50250365680438 208.70763036220288
227.0151756820495 130.6358176266784
48.93077923416264 205.74846566327088
192.95601507645293 142.8390720459014
5.944612883683781 5.103526733976738
172.21413041605382 3.9035855065998604
197.09083947550886 92.24190921248479
104.75164829235567 70.55826053297154
97.08760345572556 182.4165511187124
83.05420675363315 31.504404273760084
245.07034660563428 205.70999898421317
87.01122853438092 173.02111283400603
59.48133191459801 138.60376515196438
92.0308619644023 220.2996025564419
36.95703312068346 245.61897610682297
132.00318417860933 73.82633865425173
181.06006002705956 220.55912986890309
102.51527373013944 178.6208763236721
55.478161091157524 30.77440757140723
10.284790913888092 122.07327092670755
228.53526242590522 90.58996112680484
61.32457932074781 215.72984483031658
125.95814654780024 189.5944127365285
182.54808460415396 59.831854705443945
148.30469295043767 198.99597704276093
204.15932619744572 154.27279490805228
171.74828618433514 162.3734250652509
139.02749921038358 120.85484521338272
66.0896156283842 127.34020053350123
44.66055457770982 144.2566679525759
222.25849978592302 63.2971923668498
118.49577247031779 135.85869289328772
9.72037074451515 99.53122203304495
67.54873916563994 244.99978762301552
50.191127768690585 55.85068794134093
150.65759233917046 147.2737421076569
142.62954223885237 50.69255307916798
48.119312297939224 89.08147868925967
177.17639776869956 10.58134549461734
204.84816921838723 17.794734890837965
191.73501972237747 41.17679810531083
81.19011343501303 54.530306416854664
240.7374262404679 213.0666394638871
139.5002695950709 140.94900482283478
21.676439250902902 195.82772953368678
89.43939956705191 167.89952684132464
79.60090323876528 190.7356154327037
222.83184445333572 234.28820621406328
47.60343180119963 73.59231269692476
217.48467078020929 138.30706066231448
21.21163901229675 113.18038751167242
181.9321501813115 24.76775627714975
188.1635139488344 50.24504245483175
134.12933478037598 209.74853447015744
91.1064069236261 42.3552168072219
193.88991747169152 179.53639818886106
61.69542776777629 24.976363011320057
48.065551891447484 197.73144689546425
47.90779662771183 122.80752959924502
218.95232736267425 64.16638770172744
69.1099412137923 142.89408285020968
168.01802061107588 42.096642186329746
114.92410785842164 51.42827054509213
191.4359832091542 185.44737323106872
140.43976435892776 26.112920930684513
116.95645125121213 76.31552142519105
190.625708603347 28.82662890835333
58.944517881629025 232.02622454734566
144.08658321179865 241.75831674307705
84.64722826766737 160.78473967598032
229.3505757757531 6.196469867688236
147.39288082311754 26.604039531185343
128.35321673909166 63.87002117357138
58.091360041833155 210.26824044147708
67.33518416713555 67.22845429677416
138.65048984084717 155.2661431338354
222.48073350303926 249.48267678961912
184.6176759867484 66.21074436038951
97.09836920648543 72.39426640746582
163.8668972847575 173.6907103748606
163.1381549872129 12.629020679281593
221.89215238936188 76.86962661380018
167.2071780925687 94.28951812967681
85.05783007745113 196.24180759947126
154.6488944460769 97.15663212001263
80.40864017029145 100.74795173626482
214.19381027817042 191.05466728428559
59.26614059927285 193.22905452027754
46.583749953318986 28.421891018536428
27.82001509653187 189.0004437506882
35.04423214067448 69.08528221453156
170.12484396599467 229.90806571328838
80.02740592669372 0.6543261173522497
233.60392370798562 117.9161239778678
44.22533843219551 175.81431290764306
127.90771096489512 55.546607118801106
96.859519370007 102.36933395690961
228.83908904668556 105.62283784423524
173.6462316144926 218.97436442395846
168.4526935803259 71.08821535831069
216.32782281335014 184.55576831667364
223.50147481031368 143.61834727305302
38.3864873545075 182.83205387961516
170.34349058240537 159.12364909228222
184.91859989509905 166.45405783058558
192.8248064035804 49.804257590108094
42.72288482941713 10.59752933143024
225.7878432160235 43.53793410955714
81.6048940129391 155.7522305821864
224.1987020779554 123.398426538998
235.44139665254053 133.30334685098376
52.98141903161749 58.944678696936506
155.00996616512504 225.96093734801656
183.7866342155054 246.12771828733315
20.178104580284405 197.13766840193048

51.6
36.0
103.2
216.2
143.4
172.1
77.4
216.2
324.3
103.2
216.2
103.2
432.4
77.4
144.1
68.8
324.3
68.8
144.1
260.3
144.1
288.2
216.2
68.8
51.6
86.0
51.6
114.7
72.1
600.5
258.1
258.1
229.4
144.1
144.1
25.8
86.0
432.4
1201
540.4
288.2
216.2
258.1
34.4
216.2
72.1
103.2
1201
720.6
36.0
129.0
288.2
25.8
154.9
648.5
258.1
68.8
216.2
216.2
72.1
324.3
720.6
154.9
144.1
25.8
258.1
17.2
1201
8.6
480.4
648.5
103.2
108.1
108.1
216.2
432.4
600.5
576.5
103.2
72.1
216.2
103.2
25.8
576.5
216.2
143.4
72.1
51.6
8.6
114.7
17.2
103.2
17.2
51.6
108.1
144.1
17.2
648.5
51.6
25.8
77.4
86.0
260.3
1201
108.1
51.6
720.6
258.1
288.2
600.5
432.4
648.5
72.1
17.2
216.2
864.7
286.8
288.2
480.4
1080.9
143.4
72.1
206.5
1080.9
288.2
324.3
68.8
51.6
648.5
34.4
288.2
8.6
576.5
288.2
480.4
864.7
260.3
720.6
576.5
103.2
17.2
34.4
108.1
324.3
137.6
68.8
108.1
288.2
720.6
258.1
72.1
51.6
34.4
286.8
324.3
8.6
1201
143.4
288.2
206.5
480.4
8.6
143.4
144.1
108.1
34.4
480.4
154.9
144.1
103.2
864.7
720.6
216.2
114.7
576.5
68.8
86.0
17.2
540.4
103.2
480.4
1080.9
720.6
36.0
129.0
576.5
172.1
154.9
600.5
8.6
288.2
258.1
172.1
17.2
576.5
288.2
154.9
229.4
960.8
143.4
34.4
1201
1080.9
172.1
68.8
129.0
114.7
154.9
51.6
25.8
143.4
216.2
129.0
432.4
144.1
216.2
154.9
114.7
864.7
36.0
51.6
288.2
216.2
286.8
108.1
720.6
143.4
129.0
51.6
114.7
260.3
8.6
576.5
540.4
51.6
34.4
103.2
432.4
720.6
1201
51.6
600.5
51.6
108.1
108.1
1080.9
540.4
216.2
432.4
216.2
1201
72.1
17.2
144.1
720.6
154.9
51.6
286.8
600.5
260.3
103.2
68.8
36.0
600.5
288.2
288.2
103.2
108.1
51.6
216.2
17.2
86.0
720.6
143.4
600.5
17.2
51.6
17.2
648.5
137.6
51.6
324.3
77.4
864.7
1080.9
36.0
103.2
103.2
229.4
154.9
288.2
77.4
86.0
8.6
216.2
1080.9
34.4
25.8
25.8
154.9
432.4
17.2
129.0
129.0
17.2
288.2
8.6
137.6
480.4
286.8
154.9
68.8
86.0
72.1
258.1
286.8
324.3
480.4
144.1
72.1
51.6
137.6
258.1
960.8
154.9
114.7
137.6
36.0
432.4
68.8
137.6
432.4
103.2
72.1
8.6
144.1
260.3
144.1
77.4
1080.9
864.7
86.0
288.2
206.5
260.3
540.4
72.1
34.4
129.0
137.6
51.6
432.4
576.5
258.1
114.7
480.4
216.2
17.2
960.8
216.2
129.0
137.6
129.0
103.2
648.5
103.2
36.0
17.2
864.7
34.4
216.2
17.2
206.5
260.3
480.4
68.8
108.1
864.7
288.2
108.1
432.4
72.1
86.0
324.3
72.1
8.6
103.2
648.5
432.4
36.0
103.2
36.0
8.6
172.1
206.5
144.1
103.2
154.9
1080.9
864.7
17.2
34.4
68.8
286.8
216.2
17.2
216.2
8.6
864.7
216.2
129.0
114.7
143.4
129.0
864.7
480.4
34.4
25.8
77.4
260.3
576.5
960.8
288.2
17.2
206.5
576.5
1201
258.1
260.3
72.1
129.0
51.6
154.9
143.4
432.4
324.3
216.2
25.8
51.6
154.9
36.0
68.8
114.7
114.7
17.2
34.4
86.0
1201
648.5
1201
36.0
229.4
17.2
480.4
72.1
143.4
480.4
34.4
25.8
144.1
108.1
72.1
432.4
108.1
154.9
51.6
143.4
229.4
432.4
288.2
576.5
68.8
17.2
129.0
216.2
108.1
144.1
114.7
540.4
1201
324.3
720.6
68.8
129.0
172.1
720.6
216.2
51.6
137.6
103.2
432.4
600.5
68.8
25.8
540.4
260.3
600.5
72.1
103.2
103.2
288.2
216.2
72.1
720.6
103.2
600.5
108.1
51.6
576.5
36.0
143.4
17.2

8.6 17.2 36.0 72.1
17.2 34.4 72.1 144.1
25.8 51.6 108.1 216.2
34.4 68.8 144.1 288.2
51.6 103.2 216.2 432.4
68.8 137.6 288.2 576.5
77.4 154.9 324.3 648.5
86.0 172.1 360.3 720.6
103.2 206.5 432.4 864.7
114.7 229.4 480.4 960.8
129.0 258.1 540.4 1080.9
143.4 286.8 600.5 1201.0

2 5 8 11
5 8 11 14
7 10 13 16
10 13 16 19
14 17 20 23
18 21 24 27
19 22 25 28
20 23 26 29
25 19 31 34
27 30 33 36
30 33 36 39
32 35 38 41

