512 3.0 0.0 1000.0 3 160 240 100

132.28567837590273 79.02980292754802
219.4691502299059 233.53084720524913
23.377835051145436 92.81824363431748
220.22739426297085 157.96982303691297
34.448102594961505 27.019757750390255
232.21453898249823 165.9637587928003
18.31619066994708 188.58657775880852
32.68484717231568 233.3652498417628
168.54154751492572 91.60660813370033
184.11593656186568 61.329373641596355
230.87427041500644 91.60946126425331
235.83017040152208 136.1024423689758
182.4875545206488 54.85890325015846
176.72868057031366 181.20614523500905
69.27635408391717 235.40532523037012
203.55820977205792 48.20070796700199
7.412694241773793 126.01309071102432
28.923824517054275 212.3572721182159
165.47583340751675 130.75264794410572
232.96870669351125 32.310536605029
43.465685346965735 101.08651549622324
106.9766629574298 83.64344896706261
68.54258341292457 62.02999952681501
100.12757218103465 216.46481166199257
158.4704930637367 179.22718570490548
65.27154053723582 194.30342240147257
204.901740812123 129.11683018994705
91.23798283162016 37.22455661247898
74.18203179263841 114.68177319069945
209.98308654846613 102.70514972702088
47.5604142290092 89.71777048179142
13.229553098004443 18.32388301027618
125.5672543165229 103.33204710467875
61.84943866078668 91.38009569583433
220.21307325201013 87.53777366409562
160.8980791121956 175.11775597431577
216.73999696310264 234.98173409657102
99.58629606928113 140.66537411130167
81.25393823820376 85.8749497372552
130.46000265468464 76.61418194786323
143.25287449956062 87.14884347804633
115.51175300530828 54.053530764372304
16.075626972053144 63.92202137967112
28.19296092287396 98.32993120576178
228.91458025876602 209.26050945544802
20.129292914542102 152.27222151418647
77.27377795241378 120.93353368849236
142.97708035613275 70.05283302572357
51.91228170795778 74.19671390809849
218.98714637633577 212.14417587597455
89.6761865428099 67.25346972980958
91.28758352010257 37.51835788397531
66.77869971645714 224.80449405686136
36.82577200181048 76.66634076333916
66.03865366916109 5.196198564003107
202.75184000015886 186.94565810780486
155.77062013612996 163.14859124576984
141.86514618952896 240.70257585231278
183.84054064139076 95.32708864880402
120.59743388273259 110.69971422609801
108.2613972005477 203.92801550008133
137.19889353031826 16.951875356473217
164.37885744983546 31.407261115587033
200.79320633615822 245.39207647137638
184.02634355484184 98.92766616040127
114.2854363826085 169.02413340801033
125.86591138810435 51.213856723762994
150.96354255816559 27.775609417793333
200.45366106879516 73.68344484554484
180.0503146203282 70.23887332068642
35.303854935729184 197.30417386956498
56.16940695267392 124.08657941593326
159.02577247355794 172.10656716657797
166.3692208439588 147.77309051305807
108.11255641820428 113.98912078658394
96.03989221869655 41.38614565692841
77.31595560566524 180.2384727763861
86.54012387487259 140.62066477307542
23.073658106985224 142.57049485209004
167.61387991854235 11.097503243925305
70.10364092753308 11.983395385411544
117.08513384449665 124.1180904478543
126.66904928901687 91.99280093316983
2.556912676924261 155.01776618219878
122.53774957966549 34.46803097771789
221.15648243319387 125.58804368500739
115.72086403489115 112.14899203130219
143.72229661548295 58.34070166725555
5.4549703330052655 217.5472057826506
133.87427123300992 90.6319327241783
10.75593566735622 193.95317435331071
197.93150091345623 178.73593373719007
208.80322596128008 61.114194592468586
4.598740524032058 42.87167254218252
106.6178318708979 200.45277208533375
118.04763310441679 99.85527164090016
85.65476450140078 236.22277310837637
135.38045489088964 153.97503191623144
206.62363566221458 40.895041347192546
3.8119268101750037 159.4905945369707
216.78888787706575 114.23508325160722
17.7287180861819 86.49840591579469
146.77783700441915 71.08955973950246
35.412342249516 99.29390813410092
66.74321100903988 17.26319684981875
116.06849670298683 164.37394521948184
193.87690884058225 35.88538740803299
135.76773252202625 230.25339004067288
217.23035824024538 92.00086449674211
219.8992167303511 160.23575338488578
160.9261379658501 212.30898527043706
115.34663252896345 191.60164741680157
16.320540803551914 43.173123559896695
22.870126011016513 166.5741425360117
215.27407933447242 242.18128081725348
233.79449057160733 103.53737418822837
52.682455575727175 29.114036643036524
119.32483757841841 86.03768155992772
112.96749341555837 105.8055662232369
146.0662096339212 77.38666787713599
57.22960852842338 88.85296114130364
30.71734640182175 162.41413299520042
30.86261756580108 102.87916898808913
40.52377661607034 72.46938371098727
2.6679707057103705 139.45768788510924
40.8801987148158 223.67006243690741
168.0017525446554 39.912423332284206
145.2240468384205 41.041594858581554
98.70041236874175 160.10205896230966
37.281991977776066 204.2477449138738
105.10468970610567 101.84133263186345
234.26917796227997 32.07488525577254
59.45079020132171 86.67874832995656
44.65093270523515 86.72048380226505
227.57992500073004 116.02840533845665
248.19384700844182 5.450793132816156
94.86729043906206 176.11515544345082
53.497065927232164 216.14096238701504
222.65983638605027 202.60939309128798
159.97556205030645 223.8924178997469
169.3693411975537 114.99544367038628
175.4991682484074 106.46917998484939
165.5626777780502 147.9105289083133
221.44228138480003 79.62328380706113
88.3451871721298 107.29371353168432
183.10599049942564 16.3848605419018
94.13841375794435 89.2241835983203
154.45775591155513 35.32582970544823
140.56609393495424 33.018210393465864
129.6586914071666 97.13728319726015
115.44108093811573 177.9211207530053
194.11558049082075 1.6406805561772209
225.82421458879594 134.34366098933197
112.87767577037275 190.61428285638374
110.54132117035456 243.2658038971611
184.92716405919927 182.24748698678346
157.73248830152707 233.7697502277891
4.656143748097252 155.81490080000646
223.28350403671104 125.38073634799655
131.49468925936543 217.03107205340518
177.56298159669637 79.28023694431019
29.05637836938521 110.95556761124197
16.027558938414092 118.05709249810442
73.73289542935602 98.65203655234616
26.46927942249308 171.05368666796173
166.12634419759445 62.90076232691688
78.49596696818331 70.41165261299822
103.05973302708335 108.50263492648455
231.007902907098 237.71734513632708
63.491931060552844 157.85503262931712
75.57157019382082 175.46599258164866
96.23040923264014 104.5102268608798
226.03619988971104 124.08553698431754
220.7576579178919 227.48470167736835
190.64161604904572 2.9000101988789218
58.889618910972 162.48690219586342
182.82654484031073 245.7735792600618
100.68302326819764 38.06209066950636
97.47958978748176 231.99481161243077
207.10249682658232 159.41665992878603
60.61409221180308 152.38934690486394
198.83921156545028 29.293935058456235
56.78397481198855 10.5664046717103
246.0806099997661 0.9584159297708339
66.73380852679409 157.0991481162576
210.03270704808185 228.7523108480623
249.64236435855295 220.71462629426102
54.14832017556637 65.69342026816152
84.05892380157451 95.53996728667258
149.99107638473248 42.14550093023359
179.16408332427255 39.28680302539428
10.817622633986918 94.7376808515837
167.62415608220428 124.43059084113838
62.55677409461369 215.82260072596762
173.14903806001658 214.98416232523957
17.290145923641504 228.96302255302194
234.8702934812283 112.68738953072
179.0394706328038 249.16715797258885
136.25977805937893 208.083483259419
217.16336700018604 20.8872160811808
71.88805828760084 118.55592186459332
50.81360714387112 19.1220113232044
56.31726554599326 168.97091227006774
225.4471594597934 64.6833785160312
4.8236006656123545 149.3556839302649
164.59461371671478 131.1476818955935
103.12210969698177 81.15754867935601
18.345152674106412 209.0062698691394
16.222432555012766 187.9322701275227
247.29071909512692 84.72991682225548
168.03182098810933 43.638047445970024
120.2420482431975 8.650728656198648
63.52618322757533 97.09226968663518
30.70537962580505 46.40908076273293
91.0892342382856 122.33782701378576
246.5640822930725 82.78731776940785
144.6691223962252 167.57405396760873
225.82843461310995 80.52280701614151
201.41549700133288 103.0419668059895
237.88142155395053 70.49624236079835
65.63234902714122 115.14285512760748
92.11848786242746 114.01678773861329
174.8744405987887 18.826979128850784
141.41878683765887 151.74130279290418
151.96176474238138 47.67095876556715
60.45585638833048 50.8574660513603
160.1275560675001 240.0401289378878
184.61213825405784 126.04652260707591
196.42210519569562 210.5867169439923
117.48495526739819 208.97981283109226
9.564779936041711 26.847014624504283
61.545368380070215 211.10299876179454
89.66493272954887 222.14366381111554
31.221854197968135 35.011969864807035
223.04408391951517 93.12085974079345
24.20373555744798 147.4085535494247
214.89640819199127 180.29749067840552
98.96696446279039 159.4491017502928
234.83167636487315 225.65673550493065
45.54172898739336 138.4508735925151
31.50571969079155 79.81256948541493
229.14564828511487 131.9587985378721
33.18526335710986 189.50026972819995
132.97497289699217 18.879809330259317
115.91856926825298 240.3498892579648
168.1701952096295 23.26464397492306
114.98671115919362 192.77885144452526
160.5318581484135 178.1929809120239
19.008200199531643 115.94809761236571
178.4967891997019 3.3628940165091326
114.115788236236 181.29118153822026
145.0633849055163 122.39631770053808
67.777478629026 98.23696396718017
53.303699308663134 215.4762339980509
51.12179873025347 38.37255146963403
205.75265533894694 152.91658498304352
115.98324880242255 32.555606727305616
61.33900023622388 172.26144071966837
124.84479310458684 146.79300175412905
159.08882816328943 107.68821551048691
165.48606613144298 210.60204430760865
219.927905461871 174.2132945820203
170.64437235425055 49.30802539837412
38.18871606104474 186.9094608318123
207.24764997937044 146.97610255829153
60.599126206277774 57.340780696638504
3.6753312192783216 235.74906040266114
163.689188757294 2.472859297729668
34.309251325638364 57.52647883427345
147.84283556382866 5.141182122754051
52.1264338993774 241.7981858591937
37.67129475315292 114.38645197799039
229.85372602169076 169.04295800904643
34.194927234932976 88.60406585151487
180.26539820750503 197.29396230708065
41.98254039068192 26.45799296054302
52.440267381530845 107.47204041031807
77.49247496947389 114.60399769627102
0.9641196560415122 178.15510763113966
67.88169203657296 241.79401228778124
97.00864215882568 12.38129707988267
226.08999866215606 67.6400895473352
32.57342335370389 44.98118737665002
193.57692492481067 8.105286273154599
129.5546708583173 138.36413276381109
58.28070006953856 215.6572234294178
23.48647466452128 133.85779793329874
163.4795538065701 231.41770278669608
186.9169995499682 106.90225902336941
65.05553248490209 43.30076298301716
84.52623162872527 41.15013714756943
134.62294446792194 87.5910773029178
130.20028738615449 240.75156956861687
96.75848744642384 249.13256223272717
161.82848143280106 77.77955274384301
0.3523818208117646 249.70895357511625
62.37239994633156 149.0371862749123
133.27475874508264 156.78858659533958
126.97914232289695 67.1543618950329
162.12471093644533 239.84910105561727
119.49447923558235 162.9891192430399
44.926654673529576 109.53466643421203
156.47828666887767 242.24669845172528
61.884990267498466 169.30579086560823
115.47813992264163 209.8575801751742
39.8335171115419 129.59868200305337
119.22019590011627 121.94105270115371
93.53287973201289 180.0430033717546
208.79344786412702 154.30170559448317
18.928924626537224 93.98709066755684
100.31784039876251 200.29859409961696
96.47001235200834 244.83226895270846
61.55966361650367 163.9546560819601
99.28944476794658 213.1808406652033
1.5925800734754025 51.28489608950107
141.71018587569938 141.87568828941406
146.0921143162641 124.99133858423964
220.99112565531468 4.620847360330915
241.01779572224262 23.008035770169077
224.3821112298735 107.66661780008194
173.91280353484814 216.82529113437286
132.44347118725028 25.342611454823416
235.87200014633248 206.17758120310353
209.31942365373322 44.087322210431324
242.33781375559494 89.4137984454072
93.75867358531396 120.03585176867642
213.97877210552292 198.2337858104466
4.858090706089946 142.69816132975345
48.01828206000916 136.70097974853417
201.9593678302564 87.63666356315356
111.70573264242798 244.4784119792268
8.824882341744722 159.3173405161841
130.17211806685347 215.1762392895638
102.90278980928844 21.444226393205035
220.311394401392 157.8741187574199
245.25811679425905 43.20869303136302
42.60957079934041 174.01411367549753
75.0405370352814 192.8671797210036
34.571996299349955 206.99488439415805
133.75602810343835 191.52094262569187
219.70268244603983 189.1748804963048
70.33412871812305 6.648401079193733
173.82112279310078 106.99268583970151
58.534351222381154 123.52769521344834
150.54377510610502 141.82317436135887
134.63726999024155 29.771202546362257
156.82731373212425 248.50621531349407
197.65619187243922 183.21189296805537
56.026397699086935 123.20253867873657
145.51506007170093 104.04912294354877
86.17031406604464 202.98677890355017
53.660676559207396 82.96881858637143
241.17316761734966 162.74061479475273
235.1090104779671 126.00957269984231
100.1388798030465 43.040977024234316
20.575730817910586 124.00673238839585
202.80778507608045 198.1318514842129
155.7567867930708 206.4542043370029
10.59905881579315 147.29357657689755
24.117629395325746 212.97364128575126
6.463251344226734 144.71068751144537
79.31878879688337 150.33595549979464
215.35093536818886 239.20792928251927
214.05599519657613 232.30132220987565
203.24845002920875 9.50338778227744
242.7270264173767 189.13151688454423
4.925540967852859 189.0152305915997
53.76259339475009 245.60728299755962
231.09002084593774 3.0544849270054133
139.68408786725144 44.522449662889095
246.85456529819365 63.12836777697789
83.17835890219102 231.4212347426068
164.99075959014738 36.12055632927535
71.09007312669469 105.9071882938665
133.38481664827052 198.66096415112582
212.40732889242292 33.893739307135824
201.2272550504602 200.9602373465701
201.67792015871515 194.70588447739163
193.71418826209052 32.620482302455066
220.4933761453004 34.890757343319315
242.8272665236103 206.61603397821736
0.15020599551529568 249.34113382906307
144.66656380844552 101.26936853439602
42.68305363134392 231.20022621042742
91.93842489275586 228.89117161524658
16.663166035001844 113.59300589046445
67.74591645284761 217.17824726416296
25.504571636570272 34.636155116644254
172.55716666060943 15.759134863734259
38.131724149876035 217.53585677171765
220.92711691778422 9.457688546626736
238.56157537590568 155.85432027100646
54.47303485155908 12.719844867297603
102.53906072177746 193.18458487493336
132.64067727991187 198.32357656897278
42.44470633848488 158.69163170291654
114.93404029720192 106.21223553881329
214.95817950350875 5.035650708652612
171.23127696007154 64.54472009604501
132.32251894412448 242.10412444186372
225.71561407691127 210.41798650850205
135.15155839614104 120.75250693285768
15.053268766617084 101.60921086954144
96.13534690770939 177.69681148133452
22.79038271656611 187.3258239656985
181.4961300227015 160.35656359072357
234.21181352261726 192.13252944800345
249.82221900729596 60.64047340431533
118.07742281994565 151.45139806383114
162.65634611177424 183.96966882516287
196.87228752533974 94.07671649427851
39.963424962758175 190.2227198145127
59.68703311387238 153.41200156081055
218.377074161706 145.47277752477942
2.880302897882131 58.05759800838334
34.265167559224096 58.12397613671993
214.00553326662103 103.04625507069225
230.00333889702173 207.26382956363634
144.257386251586 87.19076470787257
237.0048285303833 37.86214103295976
232.24086754275055 52.34375610647801
137.8033190089544 231.39795124057449
71.69248854046101 115.19467254041548
36.74079730560542 70.93381650004798
132.39170356117262 81.87840566162375
240.48830384602806 169.20928184903906
84.01497675979172 45.559882849426856
181.6883315921967 27.594942022677788
39.40193431418673 76.54768843311078
234.06834004627498 125.00886658971707
36.5087069690776 20.61208736385714
56.23667570065563 186.7110028362935
185.4841795605601 175.77448753378584
190.66166013196286 82.69173232490185
45.58207259631214 51.66088341037142
44.048474196910384 236.0714720606323
83.57267536703891 235.6084230238172
156.40459685528091 86.443396936766
11.73365260279266 72.51151868438518
122.24339996355668 69.42700415339917
161.19876565713642 9.279842985514513
110.48916937153442 82.71110741811735
22.496934498236087 53.372335208172835
3.62395763528206 21.885570314406994
183.09884798593222 238.5846727535802
136.3274383676698 113.70510277718596
234.62702374019747 51.32848260714873
233.68886310829933 71.9750653071984
13.966527960022901 210.9270189249648
226.84733638838443 123.15451950151146
86.11210350210088 76.5993294043264
212.1115825433052 16.467261813316398
132.58380307066656 78.37667122092515
51.91263003825841 213.87949641684
92.19680814383477 88.7143619664973
140.95908848539923 111.29359151897278
16.377815238081183 86.28086364091631
177.01347019101692 220.19580151848862
57.535310609852566 174.62936115156037
35.1529418060072 164.6338924372994
185.10300006438257 130.756258251093
132.30001991884262 220.63704108992383
33.97988959144746 95.05927467066303
109.79508288312928 115.68778182013698
83.7691645207907 94.45406011834443
19.06027763458415 167.3468267832699
62.028013098924056 157.829742889084
72.96740659032459 103.74663248954438
99.98112451734647 159.12204501997454
129.83215697033364 75.35101507867492
6.022554126011603 126.07729909702043
93.64831651089952 73.8199504745762
204.02705784729028 247.96389393870902
114.77552297900876 62.49178058793642
118.68493549563206 208.40410265856465
48.01583050503982 114.88811846808905
103.00923308200672 177.81366916757557
108.18309504444751 247.13170642455626
71.84064258236845 239.04624859002507
15.324558906462254 77.28702504089358
222.27160040779683 72.8214055145096
75.14879141738449 89.53145470388166
205.22111599353275 226.92386099337241
179.5438802645947 196.73047111312366
104.10177892169598 66.38693923127875
36.40154162849046 91.72625637022527
19.56217049099601 91.49256755567761
118.27585040602861 0.8798755610375519
173.02346167913774 221.4132923675987
15.033211170312228 99.92902927418007
215.62577048100778 85.00008579769208
110.06589385602683 70.97062270640525
181.42994411389208 211.36864036149242
240.96651147969192 230.45050856535264
1.7067056487946597 212.33031645234917
154.1428019104236 65.22772944640226
187.06552606045068 55.54909846564707
135.90330188867134 10.602090562555095
19.989490742840122 45.266070613527056
22.557677696715434 99.26345943065034
137.0365854158103 52.69424319916002
140.35665507749988 197.90857479454428
99.86132136251999 49.67443724683887
61.20883680754982 209.29263996112772
75.89851004430456 125.3641427356278
72.58109728830442 2.7309704084174657
40.31010028488385 27.51370846469195
58.60630510725029 163.30146465510788
180.97184312206042 94.75458299353903
171.15832824228212 93.12643428900877
246.62097741822873 205.8608394445296
147.00930892793951 67.79633041005123

130.33529113534047 79.91653416406227
220.64378396875102 234.24665935809634
24.03176585687006 100.20488697404312
213.40641837573457 154.00330825711774
33.512634544476974 18.977798976891975
234.95869280911415 165.81866798898685
22.50100229405505 194.81206699013052
34.67565466938349 232.81423143644543
174.1454019740572 91.82682623624211
176.4921885142355 62.21957205862516
228.4110292331568 92.38036998465898
240.90278951501654 141.0360933250217
185.81222215736068 57.51566150469023
170.39586076100173 176.57485802362245
66.9082483121042 239.7564978068704
203.7113649398568 40.62202561438602
12.87197515556937 120.37888411896513
22.128660334062634 216.22935454050852
160.7062217773765 129.28239049985638
224.73716318475394 33.595061396072325
41.91137976205997 93.63836908796097
104.10320220337069 85.41349960224834
69.03049415778226 67.34280338203195
96.92853604083263 218.57504572153886
156.61076688898447 179.74105075882687
57.545862151493345 197.47502534169348
206.6666608374285 135.21437355975195
85.03497837739904 32.55492987538494
78.96340805133381 112.9671639691845
210.70041891727354 105.06566559626013
44.52522975946582 82.06220876654838
11.045648098946813 16.12407418913328
122.88353564370166 102.22815836067156
69.14620809458663 94.9064618599546
222.68623985949355 91.81692658675775
161.75068168249655 182.4125893925322
221.05217363031517 241.13359468943952
104.48146126106927 135.82041968801238
85.3089224164784 89.4039170909616
122.73342789439451 75.56533824031636
143.4411915365597 93.59393951772327
115.13736715690196 58.09756407736744
15.592362673585491 70.55087734098534
34.66858153909741 94.96915497165445
226.88578776472244 206.4030533855286
22.988619967758638 153.80659318904628
71.93211508642145 122.72696875144706
149.20346332227084 74.00423592221622
57.24072214685738 68.65821792555096
217.4084501392686 212.22449030391232
83.02693821238597 69.96448185476572
89.49290409993057 41.259985524781136
59.779086973591546 227.05720935536897
29.977277881291425 80.78249016688838
60.322491750049586 2.2589342864096364
197.12966092111182 182.3589523566724
147.42607645163187 163.6746674964147
140.31916360144396 235.12698644814864
179.43238111742173 101.99235327707463
125.80453309210112 114.89072039874922
109.6408823507661 195.56124813602182
143.51017198612215 13.913102602529094
165.67539479474206 31.068181824769308
200.85276695102547 245.37928733082705
180.53256164565528 101.45590752322659
121.79823164326022 167.71130607808632
126.87562834332586 44.56650092482414
154.41143388013577 32.24527218364573
194.82571110361016 76.54006617936965
176.47321544198132 65.94979470418946
34.47016614353265 190.37455240875568
47.745634428897816 124.79701230456492
151.5950898203926 171.4771725305137
170.67064678966634 142.43593687483647
114.07899132737204 108.76768117157967
92.2845294043444 40.40585600703403
84.7349748414372 176.6948196293061
93.49170123620618 137.53704735009453
17.945409227376835 148.7306708182073
173.93000829836515 11.693311435329202
76.34919355444269 6.840007106428125
120.94824393103595 120.50428330693
120.12645756030189 96.10224546542392
3.8743901102329947 156.72149364205987
125.46974855037277 40.2318929475734
227.3631797364047 131.16929279293322
119.49417885130303 116.62449755107951
136.30954073917988 57.09266810059896
6.112384052309822 225.1770974375456
131.30496855632114 82.77340744131776
2.704286484189855 193.3142398747209
194.43017737539142 173.10864101048455
201.29858901209266 57.317932531134154
9.971955749467408 42.326319795349484
100.67278416527456 196.40057429552016
115.21838802927972 106.88972238842126
79.14442468312 240.02955829913597
133.17172698728365 156.2410347126784
203.26114751379322 46.55123744126727
2.13178449606069 162.50559062530633
216.38126406560497 112.93454846681017
13.309303740451305 83.31061735609407
141.45706940584662 71.40621664774216
34.5267139577419 102.3755404067298
68.0764848126941 15.066334656548442
119.20072916123259 164.63392612790022
193.81012764273882 33.687972944140746
139.04671636207004 222.78609404597776
218.12301654945227 98.63549838786712
225.62424232445508 155.19674195129247
159.5101025016285 206.77425910894996
108.5305578063543 193.97457317326368
12.328914065503211 45.99245467047117
26.958617164257266 172.50860371987253
209.73279839385327 242.68473532380156
238.46445935736696 110.57718915821872
56.7170925243903 24.816352420048844
124.02798330829154 87.0879884831376
107.58877382955286 105.98225055799037
149.79029271797816 80.87928046140472
64.52962983136636 91.76522501766912
25.58815408230694 160.4521798041663
32.13120538756198 98.05021516998055
35.26158478362776 69.74500930532243
5.877562735949359 135.21618259613223
47.17212665479051 226.94215693402649
163.43251229930308 33.67475649461596
149.88389066080904 47.137972815015054
101.5257043412087 161.14195366610454
29.12944211373894 203.74440298344493
105.56819034795633 104.61491696628111
232.43576724419404 24.852179792916264
52.962442214062655 86.02164784247756
46.76833210527875 79.8180338110237
227.29810748220862 119.4803240697343
242.0950944946437 7.480983051531304
96.01434366528642 169.6704498880682
59.16545157381534 212.0256311795235
214.5308759517059 203.222846097096
168.00029000748086 224.6352207362134
161.1949160787892 113.22418934605444
171.42461773119865 99.91750731074289
165.26382076830342 149.61784768410584
220.03111288585768 82.45692577273378
83.33660507578436 107.14269401696616
182.65213612972116 11.978281799704671
88.11719345286717 92.12739844920767
149.72347942597472 30.888177977972525
146.81649185772417 31.971641910144317
124.88900752085286 100.33084360442349
116.9347505771384 184.99767408484095
194.1702700931626 8.76526809128747
225.6252216206016 135.68312269304843
120.74039255337522 191.8984270831082
106.52094954245115 245.85028899078372
185.1696703415856 183.0030407853132
159.3001892047359 234.0764195294618
1.167633249515465 158.98376122959476
227.4011196304915 125.37643204062543
133.2062956879676 215.46437696684617
180.89798248676158 82.7763646178085
24.230821279933924 110.73529559302456
24.204149953121924 116.15836021654118
69.64337451003347 99.68644750716251
28.607375858836466 178.33288364951014
159.09590503734395 58.59884998251816
72.82483308432653 69.98891670942339
107.09370461111247 106.27766085818996
225.9636961029856 234.87708942456376
69.90568281952461 158.74374183824995
67.47816699358123 173.41866532837565
100.14407406957343 103.08657625434228
226.31609748975205 132.33372705149455
225.49511516641982 226.54873232997306
195.06039640768248 6.295666942821271
63.34882803696576 168.34133973895865
189.05555948270924 242.94163730601736
103.14581008599566 43.59192278094509
98.53117736658135 240.32714101070718
206.06014801559556 165.16850880205064
66.31462565231783 152.37078108044082
199.32792916403733 37.15043797815063
58.3534850352431 8.616671476344983
248.04673134623644 8.817439426331452
60.64685730386763 152.3112255081506
203.32722219273919 226.10529914649518
244.92166098534213 214.74258378600393
54.12135117937086 58.13599436486075
80.05881616618845 102.36317006391745
148.3317723952518 43.72155879621859
178.13485210923812 35.40506783541172
4.554915026475259 98.47098001508292
172.72121875416306 125.75070937745339
58.52911291718435 216.2111596418213
169.72606788548555 213.34231218188938
11.749511720047401 229.9930169391291
237.16102441199627 110.8829279484101
178.59240889477255 242.33529210937283
131.53131897820163 213.3088262374649
224.51876599865474 22.0275254846842
74.19022440186959 113.13859937089937
51.972423333046386 15.377490227898472
62.31747758121053 168.4473173557534
223.98133182094767 70.13669204272094
0.6589238513175222 153.4433014565892
163.86155317650037 138.30066535996218
97.86561099913796 77.68331250552127
18.014746457156782 210.44061645742264
10.532026045632803 190.58505076902955
242.36980646386024 86.61489931968724
165.88391556219105 48.48354200037539
123.08999993036183 15.836005819066523
70.47734233816477 99.15572099868893
22.553562894236574 47.213240190926875
96.09448139940005 117.25483834335395
249.435726733456 77.64866797453462
141.66934585944438 169.8421260251971
226.89641518996098 87.61527846658731
201.06353239921702 108.53706133322041
242.2946110085909 76.57718335359942
60.90916332377752 116.25683755387328
93.714120698076 112.37858486690754
173.10269691397093 20.148319240244934
133.3405445304969 150.23045447961582
146.32362602319117 44.98055072809501
57.51068209717916 53.11369743802227
162.4638478252086 248.04982899114094
183.98466362995086 128.8830545883893
192.62004346302356 213.4337243245503
110.07023488040721 210.9126535814799
9.80447621628161 29.89474687415633
56.91565699635104 211.12999904973424
83.78434670044376 219.88971418424276
38.23415662983135 37.73092921955973
221.54613976860492 97.96143347351327
20.663782296620248 143.07019773246608
217.9222019793739 183.512198508555
95.77906418476934 157.70422850280283
234.81545798018112 218.40582421855217
49.82800679692134 143.27480426239356
32.68408816951107 83.7704077946545
235.5990332917429 131.37082245735206
37.45341674685712 195.30299830838746
126.67618177994453 21.6694245235923
122.0925306848524 240.63695546662257
166.8625136755315 20.792452822525703
111.81406787828122 185.64248331736982
162.18457997703854 173.1890812050551
15.917712685276669 114.49254140543222
186.2271218476441 1.5835772774098755
117.26903159894819 182.62152934745922
152.03145954072386 126.763534120307
68.01975678551409 103.73548169165569
50.07820591643397 218.4287234501414
53.96056289186438 30.934252712153913
203.37322784788614 145.86031739150243
121.887050736992 28.333434501345124
57.67990803624207 169.00965689627026
123.40840815030089 139.65665338282554
153.51523586321767 102.47354684669804
162.54148134945297 208.7505633137829
222.66499313680677 174.57879774664093
172.19958512411006 46.50877145801438
32.61465869738597 185.92853394369934
208.81252068538947 146.65887127732134
64.96703036808499 50.41026629665621
4.019266648626896 227.2765613949823
161.44460646806746 5.797476729910878
40.89741618412618 60.85362538822897
147.27601911365133 7.191592616595521
58.67612525066676 243.17697107556822
42.44104708593094 119.22089977875197
232.39239551219592 169.11861200083388
37.31295815813901 89.67642930603428
180.9655897365368 202.80579334417638
46.692691879707205 29.853854270551373
45.93317009741571 112.41504995452955
69.09866001165082 113.8328945003402
5.29690142063291 180.71568997802405
74.19328863016419 241.18318273996906
93.95568497311626 12.518388104645728
223.58875765587717 66.3960206367293
37.629136350132015 45.779413042486865
188.6014045412007 5.3144480819650175
137.6169668912637 139.77791092821178
64.32875892190523 211.30846851767163
28.7354986662888 135.20830755670124
162.89122489296213 233.6559947261618
187.43488014744105 100.52773205478782
68.91264406734432 38.09489576753314
84.81491398645802 47.98757077039234
133.45394779066189 94.21945580569127
128.11448107730504 236.12723001217108
95.04315529651237 243.3164427737568
158.04297294069386 74.4759690394091
6.4890365445034455 246.63216806426695
66.84295636442137 155.9469668162317
131.09727035184054 156.29902961604267
121.93357918224382 70.08995058550838
159.46471726977643 233.36568803726018
122.45538150507961 158.42048798566248
41.792090017348514 105.35013348558292
156.69613927148728 237.07316563003613
60.7715442358798 174.48632427369128
115.02899873566099 207.31955424104083
38.28518143143517 134.1071460569497
117.4037166617688 121.91149141777014
98.00425413940472 181.2956129533589
203.86486404168494 155.21092061688253
23.81664869682937 91.75972544898481
99.68396229866181 208.68722755018968
96.0910357741101 239.33063664061115
61.672159090269545 163.24898610522595
91.45810024529722 211.37647646763384
4.974283773139687 47.42755794239087
147.60593942131632 139.5669906562523
145.83207206195374 125.34318374213143
220.43951119071252 4.919923093009205
233.72451139779946 21.966084096746524
224.4205719068714 102.57122990926412
174.8699202910185 212.3066916233418
135.49905773651136 32.35733657607362
229.67267424814082 204.7181734267011
204.21913278169953 38.55591364723055
249.1483841797674 87.07607829418457
101.30638320605753 123.88379589534884
220.59477961429837 194.59214862830177
1.8376244054222335 146.53228645268052
50.90503073983651 135.82232739255215
196.42114703128448 91.0185439593407
111.77729158357269 238.47712781253875
1.9685050827613904 161.18121663748067
127.08722380733748 220.62515247166542
109.25812651214042 22.799756620007134
215.09544449404805 154.64576439981855
248.45766048199317 41.630939079326275
39.33607730155936 179.28828769091666
68.76195841250684 198.1542448362636
34.79437697042029 201.34910942076812
129.54246506829392 196.54173272686506
221.07662631431975 181.53408252588767
67.12942840336514 0.40744669617820417
173.03364718545308 110.29096035678404
66.80211704550607 123.84305169887139
152.10705565153245 150.01088722190966
126.56021995677868 31.737550813959015
160.40179435644524 246.5968679150289
194.12212519437847 185.1493213022637
48.119379825765726 124.60851009787746
147.05843267150698 111.82600843614185
86.87666870881667 199.106509608534
48.568724476187626 82.5376043589125
239.07612190010263 158.1166553744063
235.33839732169284 131.37696241220513
105.01885863854343 42.996746526850785
23.836251179358946 121.91181907562202
210.2626372133716 198.64631102338672
154.71096112426127 202.83907707472952
11.88386310134465 145.2073171034239
24.470102324703923 215.8225248491535
12.955875931814992 143.03662757770726
73.52693290124209 155.1696808880923
212.22704489422532 245.19257359801395
215.04342877303569 238.5283531063016
197.78472990495462 15.643755147642018
235.73025678433095 189.58015624007555
2.295358208272286 189.72645693347314
60.05197442242544 245.70617991900343
233.11152336118266 7.803072955128748
136.41870157231722 47.49367106583016
246.90312333664664 65.44523545974728
86.40925057224297 224.5937612086496
158.08207039805862 40.342765480031794
67.82993030374989 102.63047380266401
132.62132178762943 202.12009058453637
204.46580608646465 34.600796968493384
206.75344175737504 197.389504961048
196.93877981343476 196.0983043754499
189.95705732055345 32.449620695927024
225.27175718125503 29.06958933619752
240.96172870360812 214.0641020726582
3.4045381106168335 245.50597315443324
140.38206497713412 106.86267744243213
47.47075933038228 233.77786607995085
91.95253144295474 234.99270824494948
16.266066641037913 110.56525997379052
63.748630110727625 219.45976356445837
18.925632097409355 37.126036121027745
179.78113453140728 14.138142854378838
35.980930140677465 214.27899866626078
225.96188385353665 6.880805723773086
245.79072633905386 154.87070366408153
52.607217208487626 17.205121013114194
107.69602346779625 196.3758902740221
127.61530591326209 204.08472174919817
44.57895272750598 160.56745967824156
113.56218108788327 99.30329725226647
209.3329144315805 4.338123197000915
175.29905580317435 70.750461097908
135.13987402699885 245.4722582488469
223.15103651977225 209.55931776698282
143.0767039923623 121.45669798205469
16.02251053786502 94.51923167933657
100.21539782369163 181.90178623158027
14.57453710513415 186.1764944157242
180.89896078209264 167.45152237747072
226.4372895727914 195.27503453021495
248.56997468371458 59.60280317661804
113.26844592083744 153.23344864497844
158.0774130786326 183.92349059520626
204.34699162947913 91.04819416678487
41.8182685305262 194.11500409640385
63.48783590690646 154.30376491911454
221.21811904191753 151.372972686646
2.740010524614589 58.02793356462701
27.938134127802687 56.41955221533757
214.35556081214006 107.59407589799702
232.52053015658467 207.70650875874628
137.6103664150743 90.80426514843384
235.22876370943584 34.8415762305434
225.728520474554 52.49726682089595
139.44075499307684 233.18612810347358
74.15237118525664 121.31837822274098
37.90403699848346 77.28757403263253
136.7038586674095 88.88242613012629
241.34407802176523 166.50236050084683
91.464354477336 42.531365170954984
185.42375177635765 34.4084936614
41.97193110264913 74.61689338679753
231.42460181925412 124.45746971019597
35.354851304187775 20.36142348883932
50.1633619935829 191.505113619574
188.88449271798012 169.86055093511763
188.5540705092099 81.25307478071106
42.24297235723168 52.81503212444466
46.293246937279235 238.427878419179
79.40131025680417 229.35649607451597
159.6790441605496 93.7561277175851
12.836563936574368 75.21242648889107
114.22918202949184 69.60738947958916
166.66614706356862 4.769343253687469
109.01092714042029 89.51223810991057
27.69939216622713 55.53033242131119
6.652661310502738 28.132650844318512
185.3932787365041 245.07934892216633
142.53072694115133 116.08083671839492
236.86016139643763 43.45805014810303
225.72227073041756 72.34203050731197
17.49086786347015 214.27674859578693
224.29919590657502 130.5491902946496
84.53215078618726 73.39395229216139
219.30546578198485 16.72934146906238
134.36498669819068 75.51856167802218
54.5396765318259 211.22447130624982
92.27566625944053 81.56692275120167
135.20459367780202 109.40413559456441
11.723871523632079 84.1590188639769
174.15732484599408 213.95335604192397
60.633070545537876 180.1826149344111
35.78912166351655 162.49510539624333
183.92260538988776 137.60589135097652
139.5985074204216 222.33093926743996
34.137248143638 100.26160651646457
110.06060740707377 115.42319551769187
81.30338624972744 89.47755226955171
24.216112059459142 168.95026153966114
66.13235001192835 156.07446807866384
72.53809012167775 108.84517150736417
96.20762326646482 154.29711104027874
124.92164370391343 72.42465712912738
12.074733404850601 123.44007424178766
93.75407899331844 75.48459384031663
204.55503181767898 248.19253325606468
114.74921464439147 61.7535875197564
112.30527642811653 207.5995280603401
45.41037648268145 111.32411068615919
104.20005395546484 175.56659209090407
102.01916890899545 246.91237272060232
65.17799882205452 239.42024035269077
13.91059270472461 77.1648223902336
219.70480362974624 79.68936572991373
77.88760445758655 87.49098881341935
201.9435257439768 227.91416045769313
180.31635724084134 191.92550257845932
100.6089950476825 64.13530406295068
28.808731834477268 90.91137804710166
26.460689627677837 93.77583985225752
118.55171526380052 5.314181340029645
174.95819943898118 220.61028431991107
8.256902640811886 98.32202638034823
213.64212330210256 82.87512024855332
103.47707008258162 76.10187117733608
176.36555312384505 205.38789191553326
249.2202475213191 229.58063332883134
5.150749506667662 214.3128450396871
160.28224598186688 64.18741111675394
187.7454743896892 50.990679521619064
133.282138947054 13.78850146811078
26.76226173188065 40.34625726887992
15.316320622545899 98.61978854040457
139.86930689364377 52.01198664725237
144.05978098513668 190.3475607830807
100.12229914909074 41.70269702720042
65.79016472110283 207.4975714591549
73.91217649144338 125.96840742035984
69.82821369429989 1.9039152167964757
36.38462444800925 28.676562581899628
54.20955268095634 162.10168698804446
186.53971791060343 92.33952510773055
172.83520669470684 86.1036883356709
239.88021432507406 205.4392165633207
151.84772477585295 70.78038208540643

540.4
540.4
216.2
540.4
720.6
103.2
216.2
68.8
17.2
51.6
432.4
600.5
72.1
864.7
72.1
51.6
17.2
206.5
154.9
17.2
137.6
129.0
17.2
480.4
288.2
960.8
154.9
576.5
51.6
108.1
51.6
68.8
216.2
51.6
144.1
129.0
103.2
137.6
17.2
172.1
1080.9
288.2
68.8
206.5
720.6
34.4
143.4
324.3
216.2
172.1
129.0
1080.9
51.6
864.7
1080.9
576.5
432.4
288.2
286.8
17.2
648.5
25.8
34.4
1201
576.5
72.1
288.2
1201
129.0
172.1
229.4
103.2
1080.9
108.1
114.7
34.4
143.4
114.7
540.4
1201
154.9
216.2
143.4
229.4
216.2
17.2
51.6
68.8
576.5
576.5
144.1
72.1
154.9
34.4
216.2
51.6
216.2
144.1
960.8
288.2
540.4
17.2
229.4
86.0
258.1
143.4
720.6
432.4
1080.9
258.1
72.1
144.1
288.2
68.8
864.7
216.2
77.4
324.3
86.0
1080.9
216.2
72.1
86.0
432.4
288.2
960.8
864.7
72.1
114.7
864.7
77.4
17.2
103.2
143.4
216.2
1080.9
143.4
34.4
172.1
154.9
229.4
25.8
25.8
137.6
576.5
206.5
260.3
143.4
172.1
129.0
72.1
72.1
77.4
288.2
960.8
86.0
143.4
480.4
172.1
480.4
432.4
258.1
216.2
1080.9
8.6
258.1
260.3
103.2
103.2
114.7
144.1
137.6
540.4
68.8
143.4
143.4
34.4
36.0
143.4
324.3
229.4
17.2
432.4
36.0
154.9
432.4
576.5
260.3
216.2
216.2
143.4
34.4
103.2
72.1
51.6
17.2
864.7
143.4
68.8
144.1
288.2
720.6
103.2
600.5
17.2
432.4
143.4
206.5
260.3
77.4
103.2
77.4
51.6
216.2
137.6
8.6
172.1
432.4
720.6
286.8
68.8
114.7
77.4
480.4
576.5
432.4
36.0
77.4
288.2
8.6
51.6
34.4
288.2
960.8
72.1
154.9
51.6
86.0
17.2
8.6
103.2
154.9
206.5
1201
288.2
480.4
258.1
960.8
77.4
68.8
137.6
172.1
36.0
17.2
324.3
1080.9
137.6
229.4
324.3
540.4
34.4
144.1
1080.9
34.4
1080.9
72.1
288.2
432.4
103.2
258.1
172.1
51.6
154.9
480.4
72.1
72.1
72.1
108.1
432.4
17.2
108.1
144.1
129.0
600.5
576.5
68.8
960.8
68.8
143.4
1080.9
648.5
600.5
600.5
172.1
17.2
51.6
206.5
864.7
540.4
108.1
432.4
86.0
25.8
324.3
154.9
86.0
68.8
129.0
286.8
103.2
288.2
154.9
34.4
34.4
286.8
286.8
216.2
77.4
864.7
137.6
72.1
114.7
103.2
229.4
86.0
51.6
576.5
103.2
216.2
77.4
34.4
576.5
540.4
51.6
129.0
25.8
51.6
258.1
34.4
286.8
576.5
86.0
51.6
17.2
137.6
286.8
72.1
432.4
68.8
34.4
648.5
77.4
51.6
286.8
72.1
72.1
216.2
144.1
1201
480.4
103.2
143.4
51.6
258.1
103.2
144.1
144.1
216.2
864.7
864.7
540.4
137.6
144.1
432.4
144.1
229.4
129.0
258.1
480.4
720.6
137.6
34.4
8.6
648.5
72.1
86.0
36.0
68.8
8.6
51.6
960.8
72.1
51.6
68.8
17.2
108.1
8.6
72.1
72.1
1201
72.1
51.6
720.6
51.6
432.4
288.2
154.9
17.2
86.0
25.8
103.2
51.6
324.3
324.3
720.6
77.4
286.8
324.3
229.4
36.0
144.1
51.6
864.7
86.0
8.6
480.4
1080.9
34.4
51.6
432.4
480.4
288.2
864.7
216.2
144.1
77.4
258.1
17.2
25.8
51.6
86.0
960.8
114.7
288.2
258.1
1080.9
1201
103.2
17.2
129.0
1201
36.0
103.2
144.1
143.4
216.2
144.1
143.4
143.4
1080.9
260.3
960.8
540.4
34.4
72.1
51.6
108.1
77.4
129.0
206.5
288.2
86.0
1080.9
720.6
72.1
25.8
34.4
51.6
103.2
103.2
720.6
36.0
288.2
68.8
103.2
286.8
600.5
103.2
34.4
288.2
34.4
324.3
324.3
480.4
86.0
86.0
72.1
480.4
51.6
51.6
216.2
260.3
432.4
576.5
103.2
25.8
720.6
480.4
25.8
68.8
68.8
77.4

8.6 17.2 36.0 72.1
17.2 34.4 72.1 144.1
25.8 51.6 108.1 216.2
34.4 68.8 144.1 288.2
51.6 103.2 216.2 432.4
68.8 137.6 288.2 576.5
77.4 154.9 324.3 648.5
86.0 172.1 360.3 720.6
103.2 206.5 432.4 864.7
114.7 229.4 480.4 960.8
129.0 258.1 540.4 1080.9
143.4 286.8 600.5 1201.0

2 5 8 11
5 8 11 14
7 10 13 16
10 13 16 19
14 17 20 23
18 21 24 27
19 22 25 28
20 23 26 29
25 19 31 34
27 30 33 36
30 33 36 39
32 35 38 41

