512 3.0 0.0 1000.0 3 160 240 100

182.3775879553282 115.10329208674028
1.7495220762850094 236.26946182786887
152.77350715589685 145.4127653170115
26.245376953253658 146.2405855066555
78.65797780714828 106.3734139095045
199.0452213020587 165.0727857758163
116.83868904479796 149.5607431908324
206.4493961273633 33.327717526922456
214.86248694597106 51.157097296043865
165.74994463406063 225.3511024292231
35.44583259392128 156.18362182376217
133.6790422397448 8.982605398136917
78.82008228759202 56.42792409529018
39.90019156221078 69.9683435319175
92.44099833619684 13.935878957195612
164.1387773123787 64.5105188741816
25.432586355987 15.940743893093051
148.79149403548843 232.27680819784112
91.54226627214895 165.66525641401404
155.84843600271293 64.50064142657556
173.38193485277492 110.50146644759859
162.97200509173973 166.25612879076152
116.24696151383581 40.24033535874627
229.2138591919275 113.20315453622743
163.4245392979307 237.42312201705462
120.31807072895722 164.81517507425787
180.28804262708394 34.36770250391677
159.44182044438253 46.07070207730762
65.99451145112398 244.72145829244997
159.07245169816056 152.00168732778417
2.4073708612133426 186.58198580928573
16.11810811380679 57.75765745316047
116.38084759466561 31.53541190720402
144.76756903529548 69.84112948455062
56.33413443150756 198.94013941594707
82.57106125578193 63.58934460801205
31.022376054842482 117.67530274363807
21.172857261382322 169.9739212788003
154.43338890819825 246.93817226894524
43.28684428927779 142.33877520342443
217.47240929315433 238.74432220175052
214.49663800726822 241.18898468775325
73.10994799012887 33.69625590135386
64.27762680381876 92.67685015629795
138.0057487552902 36.01743619405504
51.52645172273124 24.972190502168228
231.74183039613098 4.171643686689514
202.83793685247593 86.85632847736574
160.6495066471459 203.38185837285914
24.477078977857392 93.72446276033996
49.40395646624854 33.49060044544025
9.096880620723752 168.2462873069793
12.38507002601938 220.84505043589962
84.47230307498421 96.9455151433107
232.54080163238385 201.35897241394932
79.63683365240304 97.8067885432885
64.31269154061478 219.4387604311666
176.87613169896642 222.47753047674627
14.760832208119663 203.010940539979
11.277406340400114 42.7558915740332
149.68405393813265 45.697222225015764
178.26424879893207 99.31691955482583
45.46137637903963 69.66395724715183
168.01120324728984 189.8353177716927
208.589940047366 10.266203237233428
233.54715539679816 64.80434158949272
213.75782846283366 172.65395171273119
147.00362542086634 134.82239495747842
27.815207682782255 65.03299799667094
35.36349769507943 232.2644334093266
233.31417228279219 102.60303424810654
223.64150924447708 214.14052193438621
162.05698367916048 64.61278909117819
113.59766502448745 67.36674708368884
41.11849623607708 108.51098592372105
104.90609819377006 134.66546380505315
114.27573446878256 70.83101630489719
235.98660978951995 76.72071488338894
137.61702293388691 177.57242882467546
184.89244633723564 152.17945319197142
78.1765309094452 74.17111522825431
180.24481416758172 1.8747214203853613
17.072466509368695 225.14440220290817
75.7344708691843 125.35371105113849
228.6296885659759 183.33100710884455
226.1015672836248 138.31784424577958
212.21137988725948 195.1222946201674
212.66257810767473 235.01150308446887
48.24072402681692 235.5298517277545
241.30794746002312 37.69788731694534
98.77229676941349 0.3809824792943006
168.64842449908687 129.8002847491642
169.37361368131474 65.88727773310605
104.29037262175406 7.990382945317121
14.577277683594403 202.591215542174
134.22056097902163 201.0318272625727
106.70340295678513 220.24515694473033
215.09228585500455 106.38574322222965
233.46152089048803 94.76426946126657
51.01761620099995 179.39982434628973
105.53374826588934 248.20157040548963
121.54604062472724 183.4431278120902
86.77642080934415 69.23107062967252
184.20296321055594 179.85233623049663
235.83666640833295 59.05609463614042
52.49699443669467 231.3021869406986
229.17012429969517 22.404821781054878
146.66568255747768 232.6951201381897
191.07871386543033 173.43224819785993
23.66724586450772 182.2995601826697
243.091211255724 93.03027339161052
44.2583479368297 242.4156602110013
205.8017565650477 177.2735047614105
14.579781433122218 80.95448151448026
242.35486159193698 192.79925103028785
243.00871977723307 109.24928842524587
177.54529831428363 240.1798614658509
60.59050907111146 117.06522356335292
167.58162019545668 93.47276762260643
11.889705333696183 18.594730267170124
87.26568574432858 114.76884349300926
226.4890657159024 95.25698184969735
66.61254655779098 45.802364937298336
200.92578427829676 199.23052507141227
82.80133240257916 120.90664050398958
167.64581792020545 99.54422448294903
79.70028811800795 15.565587845301653
219.03843838108264 103.93390423630782
181.2907450322694 237.52226454206132
162.82885009576293 54.83424610514726
247.06084196980888 246.47402493793152
47.41342807574153 48.033859600836756
143.26597589258927 95.05535450345192
142.87273045366413 150.14110265622645
78.06021541750461 20.781580831855607
89.01658424687214 66.51515619279536
223.07052670751924 58.82136745768418
158.90122658174792 10.82619317449801
21.672473334565122 237.26508438171118
156.3660540853226 98.61675536778067
2.410609019795118 133.86594273732462
234.7487152552251 84.76122862550272
5.5645911023496915 9.564608444084799
76.59213284227489 27.714932095749184
58.556013700776205 81.17523049597816
169.84034470733286 113.74047254607144
172.38281711514057 133.30386776365376
50.42085543340807 81.97411419714668
95.05799447793187 198.80984996186223
84.66533797498205 98.98948352557655
106.47452499451751 164.64050819928246
20.39206970468835 208.56678023531433
5.298481837507363 5.871186580563598
4.504893106130087 138.9664090613334
162.40851399596892 175.208673718525
115.80099326579126 67.8160665316197
174.68658679514675 205.13690786697484
90.40812901788806 194.82176661412635
88.91055946692764 111.16332830849673
104.701072550852 8.192823310359366
0.47720369781953376 168.68654469361346
58.44917715648676 100.37004880729167
221.72957502076054 36.49324824548941
82.2646235128345 17.957552422323218
131.31422242553492 222.96994737712382
216.78067132236123 102.23915447398308
201.36714564204917 220.30309871882696
76.99168892968927 154.54101766932283
225.5104786843943 134.14828236454946
56.74725706418504 0.3007772147765875
126.12044210421885 106.81380997271908
69.74431209330251 31.149182260739067
118.656423071761 136.4058777495301
136.12382084974888 43.37313248084224
182.12022998333106 19.67736444501153
161.4587694826156 95.14047962581552
121.05983164805423 136.79672843667805
103.48643675738988 88.02877593693351
80.3653823376742 33.305595011712455
76.27436068750787 245.53640014505697
68.10374982170053 244.33435800520218
190.35177183650816 81.18990374555479
222.48991375237532 182.32122855888542
87.80846712756401 90.60249406476353
33.21805362076039 214.52173803393364
195.88523321376826 249.65851923649754
235.4585446567307 196.91041300161586
33.09033234987013 80.21465692369298
53.07252584655037 53.96468119563261
74.94293706881106 23.39118216401842
150.68834182118934 117.67733054137975
233.79773349369844 59.15700048811273
13.613312930162213 212.25076267790308
248.9770409823313 109.38476114877018
198.09164460563173 187.8498416304159
127.74984298468101 140.05960614487157
249.48569948719322 17.08813844276505
94.60726143200351 194.9185812407253
156.50906216256354 67.53153835526248
150.74509034274232 231.16683018827698
186.71331900922655 157.84307468429424
183.86959811476402 33.83154190027296
166.34076623558317 92.3282503736616
4.176119798350725 110.93984841115137
174.45424630710284 114.78638236671226
43.63767863043866 197.3442568479747
15.454548759471914 24.25002951734376
125.7341841336069 94.87754644034749
34.10167768261393 72.80437276239832
187.18500446896843 196.04482462340056
79.40258382115209 77.94540572460653
147.07005445617136 200.64778720795192
199.63632503300013 54.772747880516974
46.71930393655549 87.28037173838715
119.89075263283152 167.9564145806374
150.18919847891516 236.63945393270942
35.20146409082284 86.97691235022708
64.82146979136927 96.21750839592494
41.32530043901064 142.12904493179212
15.436914340129476 233.92007996765778
240.08638303103245 43.82806885303142
77.68791068622072 88.85510704704014
120.30392313671284 205.12085252777246
72.09704689056132 92.29952638965305
138.89262136497345 239.39764346207977
181.28486788289288 63.155180407297784
22.76871211756698 211.18840406370367
141.66672370333535 154.78580414083572
28.914210620947596 149.106106726338
30.69635899674472 235.92454426485304
63.55002192240661 66.49301467439884
23.268802561093178 166.84022466054918
197.1777829581491 6.747897235799605
136.64493479553877 79.19527854823838
215.10242619901982 205.4393319368972
193.94712773899593 143.01209578965074
158.60637856935898 12.920349672640025
120.1188804431485 196.0683255382845
90.45105780558441 153.27453712949836
71.57462709952583 30.645274497375112
73.52511021483696 46.904805022130404
77.28754162195835 34.09852422046802
147.23240383750542 71.7371659586021
245.51614850815096 189.08901970394504
165.29651750948543 43.97685128052714
67.33932167056764 185.1989012580995
169.09884792983695 32.50261316510169
223.14829247776726 114.56755031290805
228.8166868433949 143.1248157576133
17.3143685327255 167.11966921604827
36.038819524996576 97.39245941741248
18.290083236545517 109.02339391712917
98.41099713575186 205.0100925376005
164.16070337744168 71.06183633537819
175.27583239142447 73.94439212504847
49.77721851268441 82.27372371755126
173.54457121855958 147.9065104810101
78.41651268480521 68.23520537115688
176.39083920562322 35.34033052630947
171.6700336377388 8.229937550365191
118.19565223803572 187.25304202272594
60.90717933353121 126.0953186192923
88.5096894011288 15.773105390028908
16.535234185703324 120.05265658004383
178.8992791629878 145.032123977596
188.83399881214748 199.10571716944528
150.42653333316946 2.750482174935592
221.9186090402066 23.607108320384373
197.89521220332492 79.0801190134381
63.08998735485752 114.95113144085568
52.13848051769368 179.9000282332415
210.92284215767955 39.02315177553192
128.2317808593481 109.22299026261376
6.670756075308676 193.80774544702177
21.928795526325818 200.65778619872722
164.33354445865922 246.82722185475475
117.75420997618966 199.48775968421236
159.5752871249422 44.98977641184845
57.848190634115696 93.33732708476172
227.99192795208089 48.81415451381032
139.00771963889287 88.21052844226534
67.47390731136555 17.549392056085633
55.674407099109786 130.1377310283858
200.42862158424856 222.22349299804804
213.6566636084766 61.83535450156405
244.64586872069168 204.58070438888728
23.4991838832668 96.78265873662437
144.4981620852351 138.0963325112862
128.03665619352458 140.82974726808987
247.63847569220715 85.6871372698369
111.08948930782265 219.89069859488623
56.512163071999275 11.703129113739358
193.1148442657624 224.58919952049243
72.98689557385026 190.98950471047257
109.94556827665708 23.99445387513571
121.23625468257188 133.21390196432048
235.71771504327955 81.8497507931309
127.443224285648 166.77410572148142
229.3881887887132 8.66134486511494
98.867887287755 218.9018481590463
11.901301801023473 121.63405922379586
99.21574701845287 30.596418615774613
246.30144664108317 179.4519899053366
48.698446289713395 145.08211366352882
221.8824431400072 101.04860760491907
78.83239843980793 110.69280475844701
158.08383337214792 10.268779182024845
100.94772987945639 205.62415610793335
144.81251102974232 36.448420982825496
116.06195896407634 246.78109995963138
113.53447604789207 104.38846962577999
225.85830435042092 80.41104915674063
34.28526616335761 178.71154382807057
24.644334859621058 36.61734182082652
168.50439519717537 226.20033757590141
62.54570906963458 73.54841067707241
110.5535161064117 113.12561082797481
189.08754833555062 242.7911127423482
160.78039762980922 140.70544690056758
77.83855507456072 3.7294312306896393
6.523223611567014 93.91742000365824
52.86267325326258 7.650854987879069
23.664489454021027 145.15215001913134
138.66904489392545 155.9129533299602
3.6092377451915905 32.019897719313875
35.13039247649819 165.73617870972646
205.73410783160892 140.92000839839218
161.1305502472287 84.16330774276301
39.6302631251157 220.76900864147797
115.5873970156357 199.54982056750129
205.59657339005415 116.80384050834655
235.25799397176252 68.17590965213338
3.6167454546688904 39.47454515004637
249.68172996372618 159.03812182292484
212.0065391077169 239.59658000381634
149.23754523329296 95.79197151823554
69.30272881864641 66.9544616345201
197.38196922089145 133.64230117512722
11.555053864201497 248.67329708727172
167.58225897869008 201.6968386127733
184.50311102999004 239.41384163536284
130.39416433675208 123.97862513489946
89.36422639107558 31.576906754681307
169.0004935884508 10.14206067899545
26.89984675201859 219.9597570591946
199.89389946709073 191.25401991190873
84.24207653898542 51.32387589242157
42.22563608818733 125.73461479467862
182.10677808640094 61.44795940399506
96.00697640124115 227.7988309008737
166.33083016396034 146.60998313893842
79.60941694480277 21.99771965013064
233.52068474261327 154.51796323763477
178.9401391954274 107.44256431617863
136.98673765706147 162.34664398538808
28.61799803114734 229.15749931393214
198.22306690798405 130.0496868716174
150.51647524535227 117.70210128816814
214.6501243261168 180.31530660001894
155.0461339049771 22.985965722290167
160.92006091862552 119.56883447029784
147.89589675805664 210.82442025077123
238.77324915187137 230.40287771379917
140.16713822055632 198.58199932575343
131.85248211177614 7.542525522816312
230.1361524860156 248.8086407558608
24.585599405545917 218.5208664010926
177.97402768954097 56.10147753297562
42.455103471763564 128.91787042939617
231.1887130484557 3.6110414063000307
99.89094735974923 125.36199561763162
118.05747414659487 8.89909140512965
21.040164038126253 177.36296978379787
229.32323527412981 227.00164140346018
119.78480735666139 1.4641053766757117
200.30656699035205 151.10773788874593
113.76644256054617 202.64834710233137
155.24457467185985 245.8040845427531
7.836506980851754 217.343455794934
230.77640730554123 118.56379762628613
52.72936161297167 139.03066409833042
156.7601910496419 108.04082937851983
6.9056147700291 161.86392619096313
15.5359976771611 44.153822903433
140.61797656401515 204.85553029463526
104.60854418159074 180.3314445547484
207.51347466738264 121.48094289854247
239.65293302420426 6.27761217039019
158.32712785663637 97.74540243165802
146.3380396923195 133.86508101168147
145.12168259701892 186.62551728949762
14.208216846971682 90.91852136122338
88.4889096616586 74.06815604684164
110.74068761227085 81.45847388824401
38.070437405518575 135.38719316186155
196.40767432289198 65.7947133883017
194.81163531960232 77.60310394596259
219.79044908426874 115.17157046782076
240.0316984470625 82.80462705000218
244.21637986602158 15.146249363960528
235.8030251247584 239.8383138943331
36.08426050146657 114.03279983045475
70.15632845227263 246.52808171823202
84.18040281788366 8.204499802704351
219.69660134379183 211.1209668564269
95.82348774628213 145.92796110931354
28.014045486475098 59.52835460172442
18.336254599954305 39.13419789413783
145.43606817287687 133.22321225622176
240.7366546196848 108.73682499339932
132.55942945212007 113.93023871088717
98.12065009569935 179.0075350065636
186.12598782010983 142.6950231727618
222.98431793809996 205.9738979846579
51.36383241413473 42.9344198802305
92.29684602507376 216.13774231803077
221.95825459810482 3.0475470714803334
133.14287708060962 234.96971510756268
16.220428012658218 179.68118203547212
241.0488640581924 204.27148818398027
12.691707458278689 20.876059351800425
67.38390179705986 239.24847287128028
98.8372701470362 218.37545147397196
108.13347717844162 131.8594151517157
169.10823976557265 37.47403690396226
116.24364367970175 24.21465536507786
27.59480505334619 6.158972106987792
95.24249582134853 72.643695161843
71.69044939290228 207.93744295514625
187.31150126630018 131.41122411110248
6.117689394679493 22.314562745049976
39.19300311748874 34.74269173301609
81.55806041128733 179.15157066366905
193.62855248653082 143.1361728577301
60.11047993063745 1.9958129883947684
151.90786051075773 161.40142136149845
119.6336424079745 50.18961747215647
153.07193017747426 241.57872207011587
38.22601081585769 215.34106612875033
235.54068716654635 35.01942090556859
134.0069365997417 156.08220194166586
62.57236464914479 68.84691138933543
246.6473561072151 173.88251516167122
148.59380724377414 155.76634561574076
167.04960561552568 105.63997908336337
210.04637215917896 30.61989176051841
67.15633681491295 233.2580169111195
63.364262154754044 82.48855222933499
92.10790499833827 97.31543174888044
215.2569861146527 2.500065124569656
128.77214426718425 218.27785748096235
143.21918682685603 100.15534672047866
194.69222438043988 46.29373438540196
143.6356477160792 101.53181332059653
106.21406902379695 9.702585826341092
112.569616867297 172.389131525894
171.40333020379776 144.3065849534503
200.26973238277418 16.52406716518062
182.80639623564588 69.22914530480259
218.41056408126965 121.70455057480677
244.1724040570182 169.53337749203834
112.652983787623 123.89231894190017
175.0671201020964 45.690901425567695
183.41836295452111 166.1707485915297
2.1438491642522264 154.80266538839933
6.7731838092282 122.8187049488818
29.82305925912196 36.39834153475907
134.1061582899483 209.8492609999558
226.8735452704592 66.97061932018455
196.96128920634484 33.40804713302695
115.85895818873409 106.05759084089058
156.5478282083774 121.30165620159802
110.36953418110426 206.2374697620893
100.09577596495004 18.78883089557962
83.76625598458345 225.4417502882294
204.34883768174558 120.93744903116718
102.72502022472757 11.713553372534713
88.92217739858158 8.051823339556258
32.8385319410191 47.35498946901709
185.53009887774328 111.45573106475787
66.0458786056527 57.42334728282089
55.253775000582316 9.46906695563851
58.21247354238088 148.50413255778452
71.72919328090401 110.22250973551978
149.84680724088534 209.1335252032434
198.69989934766215 195.3463631297442
194.83410488233812 249.07305475541983
22.68628091185454 246.77078423545197
205.6766114127814 128.69418017509798
32.54915863221111 244.8637092638331
152.0540012348369 128.55713361646005
21.157402697708132 91.05784572894967
174.68458415625477 199.85687503107255
94.6826312555924 200.29562648429692
31.49499395708283 37.578439827219476
27.478309845432147 68.0073786588683
216.97225219407522 18.281153877735516
222.2539304020453 208.67333903203803
98.43815280190033 233.4947319423838
159.2545393172325 211.28678036438373
191.03564270037282 106.5308632818992
46.929745705598904 28.998848510525477
115.99395446076252 162.94012975787274
49.529931046243675 218.30098127703766
125.08297054221684 30.551604197196713
95.09972514050716 34.89001040507869
104.47512026864803 72.99545491499157
235.64638247445782 42.75628324946401
224.46727517317794 238.85858051710164
121.25298883550953 144.22683333679862
43.43289625799166 121.48174563196501
176.75656859924808 170.40502879423894

189.05538212223823 113.13065568837291
0.8625444317555409 232.09264304665228
151.72758883644397 139.02277340324858
27.15671268019873 153.78825214514285
79.22418468452128 114.55397581312144
192.34971297135337 162.11115691445397
114.49681975434092 150.39146227088807
213.13868513643334 29.404368904176664
219.80935634625177 47.8138358940709
160.667241108358 219.6579598414825
37.2418969403158 164.1429926603513
137.08369576802218 4.183148453199642
87.1115674473639 57.27503052947425
44.09596850626066 66.82028158422915
91.47927242660975 8.198901883357951
164.17189437437412 66.19254428378498
31.51144222449348 14.835093654875564
151.46846490135437 234.01881942663442
92.31017117420764 157.59034603950124
154.1380403725759 70.65459653532203
165.97501495066965 107.06286802628506
163.93853056060655 158.38850314825078
115.86397112066996 44.23164801046251
222.38002749658915 113.83054671267406
170.6862601097352 236.68120204744253
127.35423083243475 161.53038042901161
178.09184279454846 39.12026733778773
156.18338373382954 47.54302813599923
59.8825891390137 240.75419962473217
158.66015781499578 152.05092750468236
8.59690811139932 189.57465920542495
11.826450219613315 51.05260039184595
120.57447843787894 25.700020392593782
143.9389294465804 64.538089938627
53.988256263082235 196.9473275576035
82.24080206701309 59.38899913075163
35.54395120110473 116.52566861492045
18.777560017495727 177.93113992087922
158.68522542622546 241.51962226742847
47.474973982519124 146.28925711046932
220.32287763044516 236.48090081783408
218.8912233809795 246.71573407360668
80.84268363622648 30.6267137866314
69.90339286939648 86.63208902836101
133.78643528858825 41.00618212002816
55.69697530473569 19.200268600475606
232.95092317438508 2.164464384371345
205.3722186800062 85.6979835185834
166.75525892834187 199.0517709303088
28.06539744935288 92.04468240272683
53.4126695017475 38.28029290327189
12.809405919837037 172.48514201291923
20.22417613039021 222.38727674634345
85.73032605125766 100.39267131531055
233.74077668805683 209.09427318771893
85.65244510965103 100.69535193475915
66.4749503530442 222.18742722456034
172.58525280325992 227.32800804291597
17.646058527631485 204.78854551451232
14.698923056893271 36.015024831363846
145.67611520364036 40.00705586197806
177.67358574861706 99.01569084000548
47.86993803361653 61.86782472789293
171.04840579273744 193.00376328981307
209.43414736489854 8.325799706958016
231.46941870813913 61.90772139227935
207.2639978546766 170.3059856909864
148.5294812120722 140.34650889675925
23.39153363615887 69.0750576678471
39.887200753700505 237.6519427042384
235.5261788924431 110.77314723732718
231.93504064535702 212.57562918761192
160.24205107558808 58.72264146812275
109.25652510737494 70.4294266009719
36.97893738949368 105.89063170090083
100.71064983870079 139.89827425751423
116.65827034966847 70.05789342007898
232.42129445544094 74.8426057509306
131.94546878703872 178.4067668382372
178.8455260783939 156.04020224664686
81.20499160464065 73.56229186114227
184.9376187220299 2.5844362525629383
18.667703845267198 221.13851320160376
76.6455807804457 131.89211380061715
234.86068155219758 179.97238895462846
223.7911919836475 136.5971094513427
212.9866567999159 196.84215561582317
207.73186228857108 237.16150130049107
50.62312826515758 232.6352664536964
240.92487382122167 40.51163435692351
97.80610018426047 3.841517862955973
162.21161815798845 129.73087736712534
171.9393387593403 60.589390170614124
109.44361998965336 14.134322152192984
19.050741108127045 199.08423234196627
140.48544485206546 198.31532681092847
99.60325717118634 217.80023161105478
214.84864928391946 114.16077552556247
236.6108166149732 89.02634130726241
59.20567352529013 179.56213005272605
98.23163229381143 244.98235298093127
119.30932704993558 187.13210911674446
86.40748062630755 62.970194940754425
180.22323905417358 179.5212659096447
232.47539773000452 52.338968939398406
58.839554638063866 235.18103717405535
230.26268867746526 27.712902176288246
154.14070498888972 234.9436553919762
188.067340277229 165.67560150024133
24.594781299413892 184.092553414016
245.76725945966263 93.22737287765842
48.91718900373848 242.88853511362285
198.76796020095662 173.79968862438434
10.806228732411688 73.61098368578514
239.3493589119246 188.97228664957166
248.09946475968695 112.77032026474478
183.9944480497418 240.60590101789938
60.91811648565346 114.53576540944796
173.3446981472853 98.8240472467188
10.212335617036272 16.636073886590165
91.08660270777436 121.61119934466407
222.88771708163887 101.09903810530787
69.1403323291872 47.92022791661862
198.82849052767372 192.6672575151457
82.98073510073314 127.6542710162136
164.2982287434685 96.11329097564101
80.88745593933544 20.887177271299713
211.866259540932 108.02196483847096
186.3416837722839 231.55258867875736
155.12121986782435 52.3341173313962
240.26903940096113 244.13574274522205
48.91153058548023 40.57328017400422
144.17993654249753 101.18328612955685
149.94021989275439 152.92281273718265
78.32035346395894 19.618977495872574
97.00715301392873 66.80953894099811
219.45339915742653 61.8912288868082
151.07161424628677 13.498969938896959
15.897983162765527 231.55645944732314
155.18188366092994 105.25733310064439
2.101389671926024 141.81676780175027
227.61305319985993 82.05642600549129
9.694471567349622 5.105804154886901
75.96238843778357 31.100631223396235
65.40791749407754 86.17263120677949
167.55734878822793 118.50807774431618
166.39431904543304 139.07290876663123
49.23756182731806 85.98153350056248
96.35532835235603 201.28593083285537
82.40181014049675 92.76548808479784
103.00913798922831 171.59988293364574
23.43665285550359 211.02962753717145
8.040496553849529 7.410699615081367
1.5574188133034295 134.62483124791132
155.69667407142606 176.2106553495403
116.8211074246874 71.86204002313909
180.6824228871859 208.87611173010416
88.22872009784832 202.7094584042126
96.00391077947651 109.72570986099142
108.58951926926453 5.5296080431562755
7.519514684007494 165.0910227712226
54.880513231961 105.59820930542435
224.61559993897836 43.96789413722593
87.42333965246085 14.254263267409527
134.9611085724453 226.22191602075148
221.5340915457282 104.2349349687769
202.71430938310135 212.59165478362328
82.52346347920329 150.63219019027284
223.41492112154458 131.12293696250254
56.473911544694054 5.4617717914690616
125.17324803486011 104.2800452017458
69.4520020284928 39.01309027162092
119.51264668070604 144.39546714017578
139.0367674378126 44.998663098665126
186.06705755132927 12.847503241215447
166.85581879810294 93.1876307971039
116.22378349711998 131.847652996144
106.25427455308572 86.08354787705336
81.23662476000185 27.49917738732524
72.1029518399709 244.63613800348446
73.75048515839202 240.03097313329386
186.98038590583013 87.1254027396742
222.5535199760219 176.37314627823653
88.12213390368181 84.28181337597943
37.15441524655388 213.9108760560329
202.0637210170185 246.1185479436679
238.48455905091208 203.47763064616407
30.23012058084809 74.074959388782
53.184104870796084 48.19240322792942
69.93384476101888 18.47549145767624
151.62109610917707 111.48947398083911
241.45857122227747 59.839189047297374
18.32840497446453 209.54931974566213
242.28575136879712 114.03024372054593
204.68914523129607 191.31150575297974
132.1975224590136 141.19551715284598
243.08159213200813 14.716396617343698
87.2015684833232 198.10485344459101
156.29675016032945 61.235156784342685
144.42464085289527 225.52646057521983
185.71777360474223 158.12535898467075
181.38339975027228 30.680735308334594
165.73382536074251 100.45133705230727
1.5804093165940336 115.21892845582512
172.89800244599112 119.48470888932391
38.16236777451021 195.76558090889776
20.387526107403158 23.890101017290473
117.98219097731535 91.53288676478793
39.8520137208421 75.97275188648614
191.40508094580827 197.30561380825807
81.10420415075617 79.82896951092977
143.24970688906635 207.1741863389079
204.83426114896915 51.48361112749297
48.385752935165335 86.538256407065
116.57254562476876 166.29140730214738
147.90458533131223 237.23456705429072
33.47153717417803 80.71965143182932
61.165884642230026 95.92357038166543
39.2231585567919 146.36739101282973
21.621691282125184 234.2255092559987
234.90983224334923 49.09160222600395
85.96062850559672 87.15408640247502
114.86887529087309 205.18629714309444
65.94166548295743 94.39530661919956
137.28314970170322 244.25883489833777
174.84750012592855 64.24578989688392
17.3275771214364 212.1540656915444
144.14011477578958 156.05785909351334
34.06008341902983 146.50870793311302
28.95773074767094 232.0795042910339
56.897061360743265 63.02418365444784
23.290748247846828 172.19615320424097
197.43367865355472 1.4803757181579558
132.3058985041836 85.37067372621645
214.8227362746105 213.34206926171447
194.01409105108434 139.2149583702128
158.98578062302104 14.975079121124308
122.8548733346399 190.15147540393977
91.59157090449158 153.65377703353772
78.56570025454363 34.781930376906246
72.06747263748417 43.6343804966188
82.96402769006441 36.50201116081947
146.4831581714459 77.69492165311794
248.56234655232936 190.40636334506502
167.80303614802762 36.00488603456176
73.5730860784479 179.88167578394092
167.47435043421788 30.99906338676689
224.88229274935836 122.48484508099442
230.4593917548742 136.53828439763004
22.43320776806254 163.48739476920935
34.23855202682083 102.91236092109554
13.347922127313671 110.88570914469756
95.32586328363507 208.95634453949512
168.34082187482002 70.08367695034096
174.91435631861705 78.9916717032508
49.12489822705385 80.79070440917322
177.788389361534 150.72000633277267
73.62581798512477 66.76024496058794
174.7986533595009 34.72028477053263
170.8034675623549 8.493741483192096
112.50258779952424 189.63601058817594
61.10979107240483 133.90347315727743
87.32754407203703 13.11699813647027
21.729323873341755 125.03971780065723
175.86778377640758 149.6549447543305
191.31883881049788 194.97420333898827
153.22819025771358 0.5584903912694283
224.62553294122495 27.80904129612727
197.31515078895052 82.06479800211194
59.990692144500535 118.08065765951022
54.12483087644585 185.8197188865202
208.00003074467347 44.668752159776474
130.27753051709186 105.43727175293996
7.389909296793368 202.05903773888315
19.760022362608513 193.91748485837329
169.7517233792505 244.02568583536086
116.2842671585467 194.58834219169694
160.2525703049229 39.51944180420297
65.42804476477632 95.10957573119951
226.50300630105872 55.15342760163344
134.23221891467674 82.45779061709746
61.427899340824986 18.308357579526895
49.321994470695515 132.29353292057203
202.08185097631798 214.2956734220976
218.68433477310668 63.76365991454785
239.85652634493746 202.40812879651816
18.020580722011516 90.56019690152509
147.70157610601842 138.0663954520363
121.82371225121466 141.07661023521806
240.10968258259513 82.5998465171201
110.64003606824218 220.9668196839277
49.02615842278649 10.884211219032935
187.9007548320946 230.11590660171524
74.29805848317525 196.96809411158443
102.45483133157681 25.058315228040446
118.37089757994599 132.3260447302078
235.5198634906047 78.58120712041087
135.05618811166838 167.8105427668099
230.44635139646 13.340754839495899
92.20893647543416 217.4458461024458
16.178304915548225 120.77596216114634
101.24177740306042 37.375579443308574
248.72847155777256 172.52210827743366
40.39333252850793 146.60083225041032
228.98000882240632 103.30118233532198
77.31373696776444 102.66257356024808
157.7840857593314 4.632310545977569
97.78878757199743 210.28746965670598
148.48055861064304 36.35507014495423
120.23567831801041 246.10560551621057
105.3707806184751 105.30030070849872
220.00603510218167 76.29893418109438
29.88720973136583 175.05671901415977
21.52166084351967 40.03543263508769
162.11961230351235 228.2990804931108
61.494238181174524 75.80528729800234
107.50769403498248 108.12804532011181
192.02136188746942 243.157989158138
165.43625466458883 135.94415523181974
84.2956458411569 2.0054786671747094
4.367754246814959 98.06974035142771
49.854480483073424 14.552694153365852
31.522138364159957 144.20858677146342
132.37016794244224 154.23344879019032
4.170196381349661 34.77288546806626
36.13211742433556 166.6052202874012
212.65091031335578 139.37215368411742
164.07532427061645 81.04921621291084
44.95456552069657 224.06083900157293
119.70464771033885 199.13998139799762
201.3867479834144 111.15188958192925
232.97752801656307 62.500993650570436
0.06619970236523831 33.0919294516702
247.49980081065686 159.05135904906135
212.74855964774414 246.37840567132955
154.45750532108596 101.85237282438911
75.93795039096831 63.4295436496268
199.55342305498644 129.5101932386967
14.314665198658288 246.0332703121142
171.09500828366367 199.68803493692715
185.3651447259143 234.02969201288963
137.64539029833955 120.55664762811385
87.26380459371005 39.11540182224732
164.84450342811692 15.073316550294786
25.813794661135898 214.46493637145738
206.7371041717995 195.72292370268016
79.03304325619523 57.854424258837774
47.68099848084442 121.31699153566677
182.30655891442694 58.23432968004891
100.04694088836602 230.45943823582527
173.21383047495664 143.33269596132925
74.88273876350566 19.216362193485576
230.72408581950495 147.1815435092185
172.99765292670443 110.91060024287836
132.10330521213731 155.59083376618082
33.8444749181909 225.11770612626066
190.55079655994044 128.6097696533148
152.66208579710678 118.22808246727065
211.1487874986087 188.03305994156378
163.19304937940572 21.583287987346324
153.53351762916776 122.79610934197626
151.76357458502696 217.35140292575954
242.80946109767086 231.90850794394416
140.52309497001738 198.94030388213545
128.75134066885397 11.505627715150595
231.54198417199564 247.30890110839232
18.18783250087211 221.72306018331068
172.07796816738215 60.74999284235713
44.74557388054731 131.85552913330588
228.67441753212174 2.5777588575743025
95.68381126139528 120.87691566679601
114.78102702339854 1.5704908123229389
18.665068851425353 179.4950683999892
222.1049563112599 226.79092819904466
117.27699507904998 1.153397789027233
203.21156645129238 149.96704668877356
118.39937852640684 200.0121196498907
158.69749390219204 242.0776496619879
14.586098055073936 218.7284965053562
232.32203710071627 123.39631991840669
54.29416745608476 142.60449021439186
151.39588961939128 106.6745664149763
13.684119930421817 160.59512025915643
10.604905642451174 37.65258873271199
132.9432446157352 202.90039014535702
103.65297005875692 185.84047972209507
209.34274182211968 118.55362268680433
241.66498957226355 6.959806488944398
164.21090597789916 95.37644403673352
143.60735389124886 135.13076118780575
140.20165413848363 192.1015368861462
17.32516954050056 93.07398171844211
87.57535866017635 76.71160197184642
114.91042101562077 74.3967810565376
40.21808726698925 134.42012642702093
198.31189900557106 70.39905955183337
196.54807328908225 73.66467128216811
222.61673315262541 113.61206053634409
239.01007944285377 78.76104273351511
244.15221817530232 14.899516574724075
237.6656482432781 233.23509142070384
34.33584259636763 109.98991661104618
66.18083912860001 242.2909343803856
78.72444062743517 13.195079878896953
217.50354444596874 212.2891618476636
89.59168163179292 148.61520523773476
22.16448947491001 56.414575428610114
13.459694355838048 45.11612244068203
138.38438837295263 129.35332622425943
240.20899125704722 103.55256724253142
138.91051667124248 118.71772265795191
100.90592976597037 179.76702602029297
182.11337045601206 148.31110217536036
225.63403750766582 210.8831857888277
49.49351015543932 49.78045043296822
87.70363229136724 211.31203897293585
216.97233531286642 6.712776896888678
134.22969810755419 230.21403511538932
15.844988811884619 179.81130977987695
238.04648709630462 199.17082681417241
20.236140006423348 21.792917311866056
62.7831648870602 234.50732128274674
98.46604309091106 215.12822234031415
107.5439554277062 125.53170613818348
174.69592850364475 41.22077737689117
110.0687886067995 24.289110947480097
23.57622054293998 7.291898649802453
95.4695250398413 65.9561738850044
76.85934224511615 210.7302997664326
185.348841598748 132.89534450139973
5.347233944747454 16.67140533630282
45.15258698491084 38.10187160427345
77.78154271554072 178.43433362207665
202.05074774211457 143.7203975678596
56.68935999041072 8.154287912748165
145.09843788679865 166.05512815576094
121.54858775637491 45.353871485324966
153.2494489275424 240.7388624980598
45.131469968365785 211.28338545342953
229.1535620321838 31.551724808711462
130.9135243292659 161.78746815545531
69.15349030911722 71.62501464869476
242.0643424676382 174.54894262674424
148.20537077443257 148.69846591750567
169.68085827175517 113.65123360181636
206.7419054878277 29.927946061158785
65.45555225278605 226.2431759678692
64.90582027736028 77.4512136038521
90.67250518473958 93.96690677308806
218.1057897203015 3.2198301258847817
124.74091803986754 224.06678432482119
134.95417841392137 101.53365162844702
193.7402544561063 52.33853492538265
135.94625551752247 104.59949649813561
108.94242825796782 16.826879925308845
112.946939435397 170.96187908085838
165.4901778920862 145.50439193661282
204.989036696423 15.443470821638467
186.3691689659288 75.36438074481141
214.09978205437446 128.1162536976804
245.51702852682843 163.70143776115793
114.75205659979487 129.85698864813054
174.96854067936897 37.43738505659114
180.37975788432843 165.56627524531524
5.790964446138913 153.09851712838014
8.786576560247838 123.25959169624868
34.75522455397451 40.14108985284559
129.65230514446236 213.54488633667543
230.56401594202526 63.89425779379548
191.38731215686042 36.132782615286935
117.96712748476453 109.14853357464236
164.01261687761004 125.02116350910228
113.87868266923651 203.95961434466108
106.11510432505777 22.592049029714843
79.04142988597887 232.28892797836826
202.07072492825685 113.1237945127485
102.11236067046386 8.068014307126337
85.3314275480175 6.056435609917477
33.86102921496856 40.125517097379856
180.93911212040894 105.47712726395767
69.23912703638 55.89427283439402
62.778128363130264 6.117527696878788
51.331453085598945 149.4590675731362
73.28901788894152 110.98806937291342
153.42637915671233 206.04690753223127
197.22214274486439 192.56178356235364
192.19337673639936 246.08528944322865
18.186810029542507 242.44829013695605
204.8873817856078 122.05378500123452
32.024770089140006 249.2846498263171
151.79341675841962 124.09562393375431
22.497265535152742 95.55512474654202
169.73225237411708 194.06931080975178
98.81006867530914 193.69976950034797
32.075636737973426 35.64442831697568
28.889073739911673 61.14321861993968
213.97523186842722 14.69113088019991
218.03773758615728 212.20162842298427
92.68821110503988 229.33679007021198
163.00125503247577 204.02012377398952
190.44493185768303 98.7606884461551
40.91864097991335 32.07205492315146
115.22765516671382 170.5596734359043
53.01949394568523 224.47395026528108
131.3774182125615 31.796951277811765
100.8558350266339 32.24175339419163
102.903530494823 68.1088620719641
238.36824393640723 38.59338596384026
229.61255924653716 242.01019254179303
113.31943139785119 141.4590874484624
48.95781354999163 122.34386937698305
169.47328504383205 171.1371900748575

34.4
172.1
648.5
108.1
34.4
258.1
432.4
216.2
432.4
172.1
143.4
108.1
480.4
260.3
86.0
288.2
72.1
34.4
432.4
137.6
86.0
143.4
432.4
288.2
144.1
480.4
480.4
648.5
72.1
17.2
34.4
68.8
114.7
288.2
216.2
8.6
34.4
103.2
288.2
480.4
114.7
103.2
258.1
25.8
143.4
576.5
8.6
600.5
864.7
51.6
77.4
864.7
108.1
17.2
216.2
51.6
144.1
324.3
144.1
17.2
137.6
648.5
137.6
229.4
258.1
36.0
172.1
143.4
288.2
68.8
288.2
480.4
720.6
108.1
34.4
144.1
86.0
288.2
216.2
286.8
216.2
68.8
77.4
206.5
108.1
229.4
288.2
25.8
108.1
114.7
114.7
25.8
960.8
648.5
144.1
51.6
720.6
540.4
34.4
108.1
137.6
144.1
8.6
1201
137.6
8.6
34.4
600.5
1201
114.7
144.1
324.3
51.6
864.7
432.4
286.8
206.5
108.1
17.2
51.6
68.8
34.4
108.1
25.8
600.5
216.2
432.4
720.6
8.6
216.2
114.7
144.1
288.2
229.4
17.2
288.2
108.1
36.0
260.3
432.4
216.2
86.0
144.1
286.8
154.9
8.6
143.4
154.9
25.8
960.8
258.1
216.2
144.1
260.3
720.6
216.2
36.0
51.6
432.4
36.0
137.6
540.4
260.3
108.1
288.2
864.7
432.4
229.4
229.4
648.5
51.6
72.1
172.1
108.1
86.0
288.2
68.8
144.1
68.8
154.9
154.9
260.3
144.1
600.5
216.2
103.2
137.6
720.6
960.8
8.6
17.2
103.2
34.4
137.6
154.9
648.5
72.1
17.2
172.1
144.1
8.6
648.5
144.1
600.5
25.8
576.5
51.6
143.4
17.2
17.2
432.4
86.0
864.7
1080.9
144.1
216.2
68.8
72.1
25.8
72.1
34.4
600.5
172.1
34.4
864.7
103.2
77.4
8.6
720.6
17.2
576.5
648.5
1201
260.3
172.1
216.2
25.8
144.1
86.0
864.7
144.1
260.3
576.5
114.7
143.4
720.6
258.1
144.1
286.8
216.2
1201
114.7
129.0
34.4
129.0
720.6
216.2
36.0
103.2
432.4
288.2
286.8
17.2
432.4
25.8
77.4
143.4
540.4
432.4
34.4
34.4
286.8
68.8
68.8
34.4
72.1
68.8
68.8
1080.9
143.4
144.1
324.3
36.0
648.5
51.6
864.7
51.6
103.2
34.4
480.4
25.8
144.1
17.2
960.8
540.4
286.8
143.4
36.0
144.1
34.4
144.1
144.1
288.2
72.1
216.2
432.4
129.0
17.2
216.2
720.6
540.4
324.3
286.8
86.0
51.6
103.2
17.2
260.3
324.3
260.3
17.2
260.3
72.1
720.6
51.6
51.6
137.6
576.5
34.4
1080.9
34.4
103.2
72.1
286.8
1201
144.1
36.0
72.1
216.2
258.1
68.8
103.2
960.8
72.1
144.1
288.2
36.0
8.6
34.4
216.2
288.2
144.1
288.2
144.1
260.3
576.5
480.4
260.3
154.9
960.8
960.8
137.6
143.4
144.1
216.2
260.3
72.1
51.6
258.1
258.1
34.4
103.2
864.7
288.2
103.2
286.8
68.8
286.8
144.1
144.1
720.6
540.4
154.9
206.5
1201
576.5
103.2
68.8
143.4
144.1
576.5
143.4
720.6
216.2
206.5
960.8
108.1
206.5
8.6
17.2
137.6
154.9
108.1
143.4
960.8
286.8
206.5
480.4
216.2
108.1
288.2
36.0
324.3
720.6
103.2
229.4
648.5
17.2
86.0
129.0
17.2
648.5
216.2
960.8
286.8
51.6
108.1
25.8
36.0
288.2
432.4
86.0
77.4
216.2
154.9
17.2
288.2
229.4
129.0
129.0
432.4
1201
72.1
72.1
144.1
51.6
36.0
51.6
72.1
8.6
77.4
114.7
144.1
34.4
1080.9
648.5
1080.9
77.4
34.4
960.8
36.0
51.6
154.9
480.4
288.2
137.6
34.4
17.2
864.7
108.1
260.3
288.2
114.7
1080.9
1201
34.4
72.1
258.1
260.3
260.3
144.1
108.1
129.0
68.8
114.7
286.8
864.7
206.5
540.4
72.1
480.4
137.6
86.0
72.1
288.2
216.2
17.2
960.8
86.0
103.2
216.2
129.0
36.0
25.8
960.8
1080.9
600.5
216.2
137.6
68.8
216.2
86.0

8.6 17.2 36.0 72.1
17.2 34.4 72.1 144.1
25.8 51.6 108.1 216.2
34.4 68.8 144.1 288.2
51.6 103.2 216.2 432.4
68.8 137.6 288.2 576.5
77.4 154.9 324.3 648.5
86.0 172.1 360.3 720.6
103.2 206.5 432.4 864.7
114.7 229.4 480.4 960.8
129.0 258.1 540.4 1080.9
143.4 286.8 600.5 1201.0

2 5 8 11
5 8 11 14
7 10 13 16
10 13 16 19
14 17 20 23
18 21 24 27
19 22 25 28
20 23 26 29
25 19 31 34
27 30 33 36
30 33 36 39
32 35 38 41

