512 3.0 0.0 1000.0 3 160 240 100

113.2315022517931 203.8291496533617
99.64341065093932 39.728649161509786
46.615508514323054 71.91570600082723
206.20720438957855 106.60769882262974
114.29006816937314 21.511278549531305
19.613174931260275 151.63386891998053
146.95880389754976 213.00035095359513
231.03007219813742 148.3387623480455
127.82026627360874 153.9202545163514
224.00659577561754 103.47488757683627
48.45387214985658 68.12565715898425
105.9905812653432 22.55225927674512
188.295493726359 224.11979178113867
95.1503179866313 75.75923353987186
22.996892730410362 110.50451663864158
51.80657632797081 137.89807200779532
158.34759397660403 116.19417270031049
76.670911593068 170.7177496850917
226.05959630983443 105.9379926729997
146.9764085261382 178.19286494890196
5.375937235463008 169.0059646999003
113.99289666706694 204.95740722621977
75.6124194559818 139.664045792969
215.92000312617677 107.39705018668124
180.7755980982137 196.37724752461116
94.78641667306003 174.27897915288057
125.50153224846817 82.6218931748213
33.7306833456732 82.77573813463279
40.6737357427836 49.42201472955968
118.74201514576745 207.2131487647905
14.2244558626472 15.948990935080094
96.30658922644322 76.3896500358687
65.40536384491338 64.2219241976775
231.80370461374997 236.34897085060504
111.29705640417836 92.71877268872936
238.36896189489218 246.39195051927373
143.9206489828544 188.11179357387005
73.13005424946734 15.15725815820218
94.78814541941557 99.38072348351088
67.56648067566518 216.287878515727
162.13378379782813 74.18686793734972
183.84105696864214 89.02310392283968
118.93541281432873 12.505913683481696
185.00469229391499 79.73707909288608
8.105762896937124 71.0442657520724
159.9669906302554 23.664139807872907
168.4225536160452 101.37498665154484
83.46380661002395 243.95006137831342
22.299268950446592 17.936457531424725
98.8495841383489 11.106569970231185
47.87393303614551 190.6014669604454
193.67607792152836 214.92758146771519
116.36628745921406 22.33879046214568
231.46471825474913 51.02922557434758
116.87715505897123 61.9090336563475
8.97571713727585 90.91019096865416
81.70267590148886 229.8815305937649
136.81153294668263 159.36481996674775
72.97643745627319 225.9837123419912
29.426912754067086 111.70995470269834
66.02851733748469 131.44221859234634
98.96204473688489 228.6152727336336
220.21428502076003 196.49692803156242
182.5497489097038 125.2603533248772
20.083789079685694 131.21802449095938
158.80621428138156 194.69835142665366
237.49373227581512 53.86018922111693
89.31680499921418 196.359307805557
72.20840235949503 145.44087619728109
148.4747930343158 117.18112993826036
134.07899639154047 28.269609468376228
209.6271702977649 183.9901520207917
46.72640236330744 79.83898629295655
12.13146956757505 118.0443206938126
93.26373218601003 134.2474974834813
83.72292997006551 242.08007293945212
25.111059475963675 32.75354150234355
23.540761437777697 230.5626485734123
210.37298377663868 191.856322075471
220.97862792162366 166.52520343516528
39.517670295655506 209.898400809854
249.91974961098236 58.71920330586106
229.12354840856145 227.42550633368467
6.275130598269618 124.943980409426
136.0089870691788 134.10191611650794
243.57975301767095 114.91977237634829
166.49338246055711 162.43905996578286
202.9002522731616 224.06750800476888
76.75138457524005 159.32046545686308
180.902190392164 150.04826865059164
180.39593699482768 27.65385781093685
216.30700348445535 204.4069791064976
6.8319944771296495 249.43575590134523
235.844780111185 7.218571613542835
196.76355569762154 94.86071372729197
181.22596377766027 91.324911257483
159.51856042065845 30.731061039747043
125.10702797484558 14.173120888794632
21.81049402836696 221.63999025211197
18.11404598490854 235.52685517458548
29.061974801405597 49.93819288467613
52.79184270866785 78.20027229185814
79.66607001350894 104.04073877561298
217.6690905588402 60.90885361144291
18.276983440059542 65.18284357696969
47.21023959764764 97.54953288212184
189.37560422789838 104.83053587782784
146.18819782087462 69.9892251019687
166.75886902081572 88.10068685134661
72.27446626297184 161.86442648088553
199.4406303217768 49.92371640120866
92.83299374658941 63.654078134788044
98.84341267326951 226.10810292566907
224.06501399577795 115.78527859322202
91.04869849689062 75.27916013479019
52.372596286233446 42.785843823997915
182.02165146508307 233.56873910316926
238.78683076755638 236.27082792780536
122.2044423768023 66.78609631951771
221.87244086871078 130.88725845293988
3.177771816355146 40.06995584151326
80.41391362621137 110.65641672027921
73.46811439901913 10.341823718092307
41.16771754034884 122.65479126910515
48.45657669656914 115.30224812748544
112.12630258653778 164.894368611728
30.335728089194298 159.84120195864745
165.63698825614955 116.29248761100055
102.16203634843335 134.48967174967032
42.957572409153485 147.75821793739252
53.68371318974538 23.754888013492682
121.94338899320879 56.13222748652996
122.26193054738727 110.41920202371492
231.444427659071 94.57943667237865
157.47224947756297 36.472484034782674
61.07128847417731 203.3412209001721
43.82342066865797 125.7894971691513
88.94385808354075 89.8179914448865
99.13601653484739 108.83847692879428
26.037488066819325 206.22610448761654
108.54380636203656 208.46702058022697
120.20504863963272 44.18787905358457
98.29906503664435 135.41452020128085
56.868113523498856 126.17272427109538
33.28106987706206 93.1494131578333
106.09256344696583 196.78363240553165
46.84496221219506 139.54972251353266
168.28136855493864 219.343855378166
19.505691010354514 50.07811846256749
164.6930177683548 143.3717707438911
209.46546846400494 101.81199882429925
152.74130942426456 172.94693642109314
25.94802820356201 223.18737061990197
161.90936119173682 220.18755117273798
18.181579782152234 92.39400388600025
136.9167712134996 242.71537310095934
116.31581786195613 32.23980146138825
116.54761728199998 124.55562834539575
131.56231636332953 109.66492171079845
200.97925651606138 100.24607413025169
87.91357650974751 223.22126783282508
149.65159529414584 84.85290386511618
14.000238211110988 15.66361001716815
231.215120616802 83.71225038839117
14.454064771632524 31.046443039185995
171.47241136141795 111.06918849882244
96.5809841364578 100.31860106822118
109.18297465250082 80.73533732342372
146.81633182638197 244.66195043196558
211.13086085470974 78.26628131713586
45.985650220213365 212.1863488162537
55.8242885162836 223.75987663825012
136.82362454402144 92.8923880914926
25.885463774741268 152.599170736129
122.12563958237061 230.64134805858745
25.064923265522427 67.60094647870548
221.75238019181648 139.9794247780745
145.06388984331906 105.55111778008697
89.4697912979719 5.8052734891601006
79.68201197181632 176.71190005150805
189.1415827881525 133.85212923694962
215.00639801873245 52.08615024910926
192.82154361983925 236.16362190426577
87.51968048679859 33.14984614491276
181.1857248939653 74.85882280386386
212.89676283397725 96.01453716876144
159.22922099399293 59.571218025322445
59.66042340337668 113.93095235510772
218.77639510369954 110.84982855506433
211.13612152025846 221.09909346879445
107.823096458022 118.38159240719881
113.55701470837643 154.26352642020458
151.79559316594825 154.42142852902458
69.79173039322697 207.62480868887073
102.89904160199146 58.039752077573645
161.76930569391467 226.94725473557864
220.51056209784718 189.6040716142366
165.38957236312382 226.6540829795502
18.961210530356183 145.42717769657702
166.8974048900209 246.1750202538984
19.770803623517242 182.01098600384256
155.93565191827432 132.62085671679273
210.3285684902216 22.9434138525865
173.95279915786224 212.8051790077517
101.42072303253161 134.4254062890791
78.08415249034331 226.21959693818235
21.817492475228185 201.79147715493235
115.08312945176785 112.68274823053912
6.013628070097143 215.55775571876873
207.85673148766216 159.0615402422947
162.70621760839353 248.06488803837678
160.33368787418578 218.23479061976604
108.85579181242771 114.05474343578368
147.48829711444424 43.64495843168745
221.25582006189302 78.47640625716637
222.17235091689017 153.00478571224912
234.10052729193288 116.46713257702123
20.06911789388971 206.1502347573259
171.4661155897991 145.7374692053736
105.65986210270825 145.90956365831676
132.52201335309536 61.8605640920736
28.56465930782251 225.45961031085338
14.583473189238639 90.26465455011056
57.835036316667974 16.759793892552917
51.23784193351294 42.812589594863866
172.10808728528733 123.34459907809345
213.35590145113363 152.85542672392089
117.23182047546915 120.5464862678935
52.816332501453125 188.18345176206807
96.14131468370637 9.09255188573116
226.25333075070418 144.93366909353804
57.273423913942466 6.401151468317934
77.61769908465423 75.25558467476371
171.28985750308604 141.64160429877407
56.89751777854321 77.71375842262596
33.37124146123624 24.414169868882425
132.39135507099843 112.99399049315024
119.62195303823822 184.36238773212108
101.27528469814887 201.14078988985906
7.853201732650417 18.971740916094326
246.63076839702208 164.74379321931613
152.02081509242308 23.897374624165717
201.33129224296093 132.43438183466108
100.15518791362655 202.29469798773192
231.32095465476942 215.14147396925455
13.172805547416926 182.1721282094702
99.4847515482733 56.591231390275304
99.1597596603391 196.6750833145669
157.36200708168508 39.69451748040551
118.23531385224884 229.43692399213822
107.67714076063345 189.94370688980567
138.41783714458876 222.81252796276684
125.25893818744046 189.28609913728235
86.14288008755206 100.9627602375111
237.38943404224858 105.60772438922713
69.52752018455507 213.49011307372422
123.25366603644814 109.29648007050638
13.647330733701141 235.82431416745493
150.74060185290156 222.45657454385335
218.59975078871074 76.02366113225195
245.3910421037162 47.98321840822009
238.8575715477182 217.23797431140744
244.7289296777883 112.60118148089204
55.95097623998161 33.180833912410726
154.7485227081073 186.21510429247738
31.808916967746764 155.73286132656008
131.19971686740894 8.189359775342908
51.056249291673325 123.12478756733633
52.61597290355066 107.90977877421857
147.83302972084383 123.36256848927896
34.77800482483198 160.79767821188267
87.65460482283122 139.79920318316462
30.55554064879787 132.61544159447
78.28562807209494 164.94229215607183
177.60654952808983 151.28936405838576
175.01953351245797 205.19297334643124
29.809797551564543 137.91171982956047
119.4536570720173 140.53970774049898
165.41412880022904 219.8067067608528
228.73743378627077 83.90426157253816
160.38891207790886 106.71612270579764
35.689106043194194 205.17635757161588
231.79032085263944 84.42905485565943
51.48857603518511 106.08068781623508
159.41893183658374 239.66347835538082
74.01236491381252 10.01967558884348
126.42767683866799 54.95527085015142
53.16124863156407 10.46537942797507
249.2132787420564 199.62023980348098
71.42104005705343 220.19779875433102
12.30803902249833 246.32380036147032
56.34880029269429 182.82609715204947
68.0741243761509 241.42437524373395
243.9178492794143 90.23578012318941
2.918104540361899 103.75383014509129
79.62742925649572 216.02667478698615
100.38699901674228 237.49037792633922
129.50274153755825 46.326886330377846
144.96013732818494 106.85385769378053
74.72323393414726 48.043853882723084
210.7896588065801 200.65647504500282
229.30767985367646 20.369282087911945
75.64658188730711 44.34814773247309
201.2195869896362 36.64072008571631
71.91206280781611 123.96596047014269
220.59941576568747 202.18905317930552
147.46271436347072 207.9927805478087
199.45978709202726 162.7102679121925
125.30089923255275 157.54597427375333
1.1374892957158877 186.45522235321616
27.223529592951294 107.95075886482017
37.52794147780278 190.91802987209442
108.99514349584264 114.85887554036154
245.2500091341993 234.83198668430686
133.41336219891957 32.27777369019669
28.674558624405684 49.49519918625092
50.404497236173825 159.21266803983048
77.10161558871792 129.93859726128
218.89846135415485 204.25027928226297
193.37130337317154 56.04345773983713
188.42283970395636 25.309216262813212
48.510584330330815 238.14117680846795
116.62922774959497 210.3236757063546
244.42119529553642 124.45055399022223
172.42442297763887 216.97649382725115
171.05033235605308 35.18242389116003
121.74479156605774 24.48498478679223
189.01446285464763 218.59136798331568
107.82916087698416 150.987334511007
111.31121497221037 170.1082671825852
42.47348331497547 179.6686897280191
31.593415578846678 30.461519492152895
44.166485070677666 41.60659099479902
63.323341958357624 217.6527647852832
231.6042327723363 173.08760938248736
153.17573743162063 123.83397921235081
25.544670847838596 133.96499643175213
77.73614937542617 158.96396261062463
101.33476396143226 180.87497452231975
170.5852675645051 194.54870741777006
16.511144535084064 81.51357141675936
21.252565314635262 154.18127582561632
88.7762161546147 61.854751237388896
101.21800301734676 136.37650333736303
176.0576410987912 223.96092457491977
225.02336551708055 38.20851008380996
32.87462411716119 187.9205544480394
90.66008291762535 87.73997661587657
67.7705818460522 217.94795523775647
148.6625898604511 130.33865090023943
26.13110779539049 110.15908119338236
141.5942361805142 59.66512057634918
140.34721027200337 4.546687476888494
128.030377113461 68.59844384699073
40.54588183547464 108.78489500187669
196.49090008169196 45.988210146969884
237.7077997495887 67.79049648580201
97.77985385480456 165.54023376434196
124.30634727438627 97.04217478600965
3.706150697470517 41.23738764710402
155.78313936856827 151.40378860855643
10.085023381756237 155.54172048757715
17.77542780660285 36.252028320675116
33.8304144831994 226.57833472212428
67.7848743442769 63.78009675626059
244.1720544182194 109.44784704409678
197.06961755648717 46.69943122470022
2.1983008436858578 206.66521414559338
84.88029497724145 213.14266758576704
158.044054499295 223.2072740811089
67.89479929428715 86.05862244123152
88.16352147447259 148.92147001782774
104.12137370782266 40.31910789637932
245.5491568941204 216.83570179639256
28.690908130536542 247.3047900920173
19.089166630338884 13.061417251407747
214.1972658769935 129.22600803435995
23.478503876973782 225.93472822309235
236.0041986886219 27.37021667800957
222.50818183494152 241.2284095686571
61.52413972119372 88.45525495033563
104.43384888529081 93.80990075920859
245.74849155981292 213.5666401190484
197.9290811938725 152.6003543993968
40.86403571393596 14.454621282140979
28.527828390852022 228.28523157407105
98.09725784495168 40.94544893715138
202.4893588902698 185.02325302469376
193.6482376599744 122.25195317225035
185.53464651253398 219.39278005024914
236.93137193335915 190.20238473447128
60.46990621456222 110.35775477866294
159.60135324942163 76.68945116967666
89.80858507119285 134.4348651113408
207.51171422908251 198.91899413598244
16.248161801566685 169.9964086127805
89.42472314261319 28.00868971063758
111.72490838918597 100.76402507610597
157.94973994867402 186.98120205860235
217.70651953243404 234.18344539144832
241.82119781436828 13.734705606185255
149.78365106116124 119.91309171933898
165.54525378329134 195.22933567545428
2.947389561905794 224.67657117668242
93.6997722177712 54.16263151095196
135.7918222062017 67.33232305373915
106.81776132201561 150.42658017281
220.27863198642913 223.13078887684924
73.22972534433572 27.835397626317786
85.87926413737115 58.395658528560105
158.20310720058276 60.02973460038541
74.96476045911074 27.21248729481743
229.5865048029142 180.5099427097534
205.90042988780863 121.27048846620691
154.80047236517476 66.2743318814423
118.31259998385626 235.1504346865012
162.74492903906454 211.24452267108467
123.89658402247692 178.73452177308977
113.86288117375989 115.24356235522973
91.43480457044446 128.1448106508348
249.78564676901885 110.19293943122521
113.61499820552775 166.67761201485385
98.76870559576261 210.72908824272545
86.89715404084126 31.825985592879054
235.1612976116744 46.41638789077027
34.94580588224186 196.19073539822782
74.55529031152005 1.010031074060197
157.65298230164387 30.379693148719078
239.6638888613016 172.09142068259123
108.95910699026557 12.952125444725294
88.22067503387676 105.3663350776802
105.70669759472717 240.24234984509275
230.10563514562068 69.25798819587739
229.54425815049063 100.33484709880366
140.91847844191045 228.5341528320585
149.44836254918246 111.43280508005549
232.3078346405075 191.16899416333308
134.4159579131248 175.61641514287552
219.49599791759826 167.63538746613662
11.869455745069535 172.0166344995383
50.52036717300845 125.50210433544531
194.60055364477805 65.46384905326846
96.52652187873598 59.201929269256325
84.52283453822024 121.69240976474971
105.41790593945407 16.767599355909518
139.6106752031682 210.62722370060027
166.87335223840554 95.72101048887465
17.173646173629432 182.89407703324807
52.071385237901836 35.81803560999361
246.87061170502614 74.82001203563973
61.96138420823344 51.36726364797295
9.444808473160482 60.318480139982036
91.09446027184445 82.3260359485064
145.16296417984086 60.69854994985555
187.26129486261672 175.89136775468722
98.904255016286 245.27274310628272
84.24619859265565 91.95833274985088
217.39579978239968 193.3346250111894
78.03642947170442 231.5746541059662
80.32829339060815 104.70427974082864
72.33406633327974 204.2518562365394
109.17423540445628 119.58257851253909
106.24872995651305 85.84794090110503
92.79961241075097 17.43434419504841
82.24323258140909 103.10309214871651
117.78096116425462 158.3666574477877
54.88293131538574 19.687753002165685
122.87524726050091 229.56276801837447
186.49980563438186 92.3848147614438
177.63033078959143 167.37340887977072
42.24693147942193 207.2655384237787
184.94712712828738 213.49629780118013
15.931492771333488 104.74910129754458
245.5914809466979 74.28664437052676
126.7630957608068 112.59756780966542
200.34255720242456 54.78211571487096
23.448828231406647 231.59374968094596
154.47472338110077 146.49588591051725
178.97929468298466 226.86711870757338
152.89279470479863 232.2334226697728
185.06554054728252 217.5511969638341
75.49981883832635 190.55666806590878
29.628872615202834 225.69629294752343
178.18066486458906 66.90163893436315
19.972692234252992 192.90246939540003
0.026042503413120643 154.0083994007145
151.70869135980297 225.19066270430164
178.873414579855 21.829917874377045
18.099228706346477 80.45389631173889
154.6768923545188 184.38066423951017
196.00830943497857 238.09727282862764
201.00473951048423 166.3280887888672
197.13610566000963 6.499133844041105
212.28102786711213 190.58506691000613
150.8652526469391 130.76748110016533
13.011763308756974 44.66438923855357
220.70211897010233 161.82913648631515
209.60483179330052 79.67654329715063
136.18839793718104 90.07754939385302
16.943874417684356 74.97412703804073
177.32987223123416 147.0034602941859
194.75792276310824 176.0805662684067
96.62969310206657 0.20894102503404843
89.34732087922592 10.799656758715804
138.57622352360374 165.75823416822485
244.60228363354793 160.0017645172266
221.15878076806885 248.86182816266293
95.32698328474548 99.9298244255321
129.3144896314733 153.0647859261083
104.79904085129685 90.47901630773097
240.60585119934424 76.2180486254123
15.647569591545397 34.90448187005324

114.02666841869575 195.4503632417798
101.6029289000486 37.41039785901362
40.73040714705445 75.7391414134612
199.0020941010554 109.65201365793908
106.23837658976215 23.960818340380552
19.639178125946703 159.94771549182514
148.55636676280727 206.1221991619459
237.38272736447456 146.28947282676845
129.80537936876456 151.23513195819075
230.8090761608821 107.68788085546718
44.04209966075873 63.41130391416841
106.47233123838163 15.196281749371154
188.61196325830778 216.0821489077547
97.74696734100394 69.36518751539609
28.38497052716743 110.82947391231285
54.170146569293195 137.08707772834862
159.88822060217353 120.64669321705462
74.40418105843355 172.79581551034198
227.93454650515395 105.33967616722379
149.5943935102491 181.30091987709443
4.918708130181942 160.59636545159944
115.85210457983186 198.63255166440217
82.80375843907564 139.32925469553336
216.87207191137077 106.53578170783715
183.39414199976096 188.89843730241427
99.02967786611502 167.3622792811368
132.35466038799802 83.84609468717916
32.955792664378706 90.05174818915724
38.157963884000054 45.893688591276124
120.55024867755168 202.3455700353184
7.155524446091577 18.516842697632207
101.39698657142004 71.4953070854761
71.38812963611637 59.25474607537992
232.4983726233242 232.23779336759847
109.29939316638965 92.25251310102308
231.61968751174766 247.91868867151578
142.64607023835424 182.424693057442
73.61775408477943 16.020849244403667
88.95512930363833 99.33936948632963
66.26332793541565 215.71038580515673
166.22967366255023 79.97938811845847
181.4689744345951 81.47551212296713
120.8073322822888 7.164019129341337
191.13736223627475 79.30967935491637
4.7016791580268 69.96050313469998
160.44231977566244 26.820146713437133
169.35205635229963 94.08927591962136
86.59602499899724 247.68707309187448
25.436605034756226 11.538811534629017
97.60637693384095 13.148663271473376
45.90248867613506 190.55855629156426
191.56030943551653 207.1272300332793
114.52338293861186 30.05610135998374
230.69304952585009 54.50317800320354
113.64650771471321 57.10224085909263
12.239860517546497 88.69597689886116
87.96311113034955 230.05406899147317
139.02343524289918 153.3509270895606
68.16004073591874 223.20635441980812
26.5338479622316 117.4601252786392
71.55865322830662 127.0580867395931
97.0560965667824 225.21549947627426
216.86637984780256 195.7377826323073
180.18499572812215 126.32178048021834
24.41621309953959 127.61560975009093
161.88726381131818 193.4537317788692
242.47122932736528 47.73396147197354
90.5869465044464 204.71855713972562
66.94899678852337 152.00570091736316
143.54530203102246 116.65445268152209
137.31066714792726 34.384703248278385
213.96885219708682 179.92935665866779
48.499749020185476 82.24619393121615
8.678097185622956 111.11452084909071
96.1017925799213 134.9684945103655
88.50654997915866 245.65302965105377
20.72292167285769 27.388893922473095
23.47161777615489 235.41581737679354
205.86650858368688 194.101895455105
223.5818974140577 172.40867365504425
36.9899962515533 202.26151218587322
246.29398691587068 58.701347583240384
229.24792195498503 224.43807186984674
4.197444220058938 131.9550584787809
136.38771694441837 136.29114435859168
249.08753735734732 108.87398743868684
159.95944861966268 163.92225846585777
196.1617997618321 227.56901658009392
71.34802157533227 155.58020628056556
184.00118675899608 143.84367727910217
183.22861772302073 25.969169825213662
212.9362354069251 211.80126170232347
8.841419632474368 244.87378084392827
233.34979548574003 0.24082368681116462
195.68010931707877 94.67229244566336
179.2115033329443 83.37092842457774
157.34593665526953 27.884245622428665
126.93578013230596 18.040073117103066
23.86647519958418 225.38628101032623
14.550216297833652 241.93621371317448
20.87645499158064 50.85071785410589
53.46648469368051 77.78865988368564
85.98735326068719 104.05497015754992
214.9594019888346 54.029824815860465
14.073221648676915 59.44549691669251
53.12405523701888 98.78087742963984
195.08355003201643 98.6083346466971
147.7102350422375 69.79577527381971
167.34579060113924 81.69487164099726
77.94453967545181 160.62993861030478
194.96822283182055 49.5785979458401
95.4506850607793 69.82663618911324
101.55145483210065 223.21377659272548
224.98013953478107 112.82822707716197
98.87839059531039 72.64289386932052
54.25948031532876 42.331571457639164
185.1127245457661 234.2147196423511
237.50554194973316 239.62399809307632
118.83592900646018 72.70388741287853
218.41842565903067 138.35863603514252
4.423873690853508 37.197675661419765
87.81499660792538 106.56639958742264
80.56581076342134 12.41651912322589
36.532532671697595 127.47145127024034
42.63203614637032 115.65802674076991
112.27908122565466 157.146045505992
24.874919304298942 159.46956909149552
166.3099319270885 121.34310560989556
101.07471352044328 138.07875312468119
48.06806079908846 142.53165740826066
54.83928509814065 24.06058254937943
114.16646089647695 55.228414293597815
123.20657798750642 117.70699113727981
235.04692525214568 95.43042408175658
162.42423729414134 34.14132792074623
62.08471703409943 200.7398568864781
48.43395437877357 122.57022681615689
83.47478454051205 86.75870918046338
104.90708982409535 106.53172587392167
26.81902581361864 209.3149842852756
106.7738464380098 203.53913158049113
119.14991862544005 51.2858877527865
96.27045879459057 129.47190611805755
60.960084694608284 126.8001084051567
40.1494194055024 95.19243085018032
106.76198276863136 190.11139938877216
51.721887127171215 146.04022055856527
161.51236030720463 222.30518464541865
23.396313292301908 50.087249866868355
168.81311427543744 150.59084037388692
204.25862873417697 99.49293853383423
152.0728233145172 175.02332561214592
24.4852646087369 226.29098654061974
165.77411956313497 219.04593405480995
18.49045779700573 88.81476892862244
135.28037273417496 240.92599872715303
113.56908942192211 38.20671515417967
118.01059062651566 117.5222096986163
124.57031812912773 109.87466913614399
201.54163847100963 99.02945410601882
90.20022148938153 228.51217886736603
157.39363621536444 84.54269610082294
12.198449317158023 23.12549585476323
228.0954020550594 89.08234034205958
9.811623637866779 37.585493871130915
171.91788665885073 115.97699421965879
102.95417965303966 100.67006586840458
104.8694067489376 78.59977621607358
152.2814043160415 243.54061487675872
219.10052618975254 78.69346162267348
45.341267489416914 211.4390188588009
54.00649256601514 217.12558174733616
140.02321913403185 91.77429272868126
23.529795249223913 149.1578310860707
114.52876109223887 228.85867867995856
24.67548947731027 73.17586044354691
223.2878305903798 133.1169509647215
146.41441576479804 98.18726025812346
87.81525426090059 12.181381563467347
85.41044537179599 170.6966425252436
189.42008296583907 133.2593294798961
221.0650661630732 51.72329670270803
192.21649273228837 230.8414387627282
84.42164349988232 38.916129877290764
186.80432414088983 69.11688123413349
213.06417055081332 88.17185213262474
155.10339918528229 64.307449411837
57.403601459898454 117.89474842399156
224.83625731094358 105.60793361423124
210.5990944269963 225.18085872802186
104.2281366986494 117.76999589512214
113.75541854814877 161.5930997110873
145.58475682853344 152.40644944878497
75.83465588254873 208.03963098316112
100.44738845003992 64.9422544646712
153.71476722976635 228.21934911320741
228.79781014980944 189.60150911717895
168.6891866577506 222.1415014418292
21.934961196203307 147.82724780139685
168.44761842447306 239.83502184681365
18.941164796286408 180.36606627136047
155.7010935501565 133.56612461455725
202.68545475822046 21.268995382264567
180.2917063302295 213.2541483999755
103.20949964776958 137.9809705226079
76.32404377997292 232.05882272972394
26.02961195009254 196.8365742018442
111.41689767307042 111.63704998819179
6.731145851283427 223.71197526761958
212.35454205003856 153.40057669528514
155.87583684799057 246.18150700645472
159.6251766178374 222.9731080301456
108.77703632428664 118.78081597073356
150.41124456150675 44.69165250328611
217.13992880810267 84.38363486630577
220.65787286768577 152.00342142688373
230.26882694783546 109.40811357280208
25.97571898330567 202.6267492246938
172.60102648434565 144.11402125537853
104.97202582943838 143.64006529759513
138.30593644861978 57.59190915476967
24.628214341905487 222.8492116503666
18.553225571616956 95.61232712228676
64.01547843755547 20.19565534761672
47.12197330993476 44.06229398773928
165.55715386856724 118.54830744439168
215.97917246137254 157.84007017692286
116.64614786100833 127.62144485025972
51.62924694547111 180.1160021767053
91.74005484885356 14.053965137285907
219.0999380624823 146.5892816276028
57.78560593631704 13.790539223342696
74.17222460346457 78.55009654775688
173.11520440286722 140.40319038343887
54.74358477419902 76.3407561669287
32.85772104579865 27.199356886420027
134.75302051543366 112.50699567719641
119.24773717315648 188.97569987415685
107.82608327218176 199.61090893215842
9.329353551481956 18.291792563503968
242.37615919078146 167.8233568076225
147.60903457945648 24.252893218514732
198.46126937608025 136.69376245273833
101.77249969333916 199.93111557293193
231.87592888293239 212.5813122334849
14.198446576137085 190.2423618127638
102.15028349676899 58.99271161931771
106.15144193007744 198.549262315512
161.9469180458897 39.078311291595
118.32733364081824 227.1971259444257
108.77028182737644 187.0775135918478
143.52972902840656 217.44279849379453
119.95993573975127 188.5352706887079
78.80215335183088 100.15327051208256
242.91381495232943 111.00641160081207
72.67105677195573 208.6238309686762
124.49276769044226 115.20850537958127
12.843507728101915 235.26732083714856
148.93275168367563 216.17846975657667
215.91830981732292 83.26616893314889
244.03001625778555 49.31571791491768
234.11712547285472 215.75413730675194
247.5861535333744 109.16287222586102
54.041291690147766 28.769401072215594
149.02337935126738 180.90882192282123
28.87710057288817 160.19426177560283
136.63884793871003 9.174858056439
52.765057712348074 117.64117168826837
53.26001196627206 115.70292252485324
141.86922519524876 128.62237165217235
26.965120893268217 163.71512847186233
90.50791302741668 135.23327898559688
30.273757143784664 130.90535411109244
79.69281270633982 167.500971251498
179.41592968821112 152.21007171922273
177.94842254052682 210.0776613717486
24.66069468727569 140.5509659291493
123.27941948762793 134.2751600678166
172.57381845231816 215.82816191781131
220.50680942111651 84.19225536620681
153.61108996237382 102.58747089059861
37.591074670067336 201.72358500058775
236.962403043238 82.22958335651917
56.78195390930643 100.16348371957517
164.2149080819156 236.93543686069165
78.00696237157423 4.617498846859497
130.75625731627167 58.440709832344645
54.902016806069234 3.0890218204768782
249.3640354884303 206.20039316859499
64.35857720325042 223.06933655923618
12.78876107836091 246.94694311752943
62.35762457213345 182.3862741457276
66.2194391719062 239.95855613357622
244.32395955746284 98.41110743960274
2.561730982748367 103.74544939555233
82.31376123775524 209.19748309601638
92.96406690640357 240.75486451539277
128.24227166675493 43.636365160817675
143.22790094192624 104.52847143279548
75.49882927321913 54.277098734661635
210.65788453566893 200.30066814629706
223.8767333169194 19.615868503217783
78.10660642752737 43.682624222486616
205.32734958852944 37.789413866417625
71.85249773120623 126.36405634600331
218.33472250562914 206.02279863669403
145.40883231585485 212.8327320646334
205.18225091285464 156.7058301724577
127.45780833036326 149.54074611004802
7.870821514929988 188.8161808277583
27.24614510536766 115.43650933659697
30.213841507936074 193.26646367805907
109.95858469367053 117.96090601608572
237.24080229084333 234.4237634324155
137.20027969969414 25.201325769225928
30.21080679751892 48.097213495227805
55.7406040917913 157.0653966289322
78.80230136010414 137.17649198987243
215.65428954751638 206.5605223680717
198.88089001369042 49.778542275979746
189.1142902451175 17.064239798352393
48.52823710495663 236.7306428198364
116.38819374992134 206.33246287402937
240.2453918382162 119.48028283293696
180.51088542752498 216.57599563287457
169.13917492685644 43.27556086976486
120.78924561636217 22.264765875527225
192.85807706800315 217.5624491533246
106.17143728450101 152.54148434047073
111.92816165174935 166.3510391056107
45.19675998452721 181.01280895298163
36.50701160598738 33.01265298412781
46.43280096115146 37.78225182020387
63.91187202841664 217.65280114652867
233.17111960972827 178.8762084975894
156.53659910834665 119.07064661719683
25.31782491097248 137.3123722199773
75.652532902263 156.3820421670382
101.95408464979447 175.94676414404097
175.68425480753544 196.9488007433573
15.47400891789455 77.73245964011208
13.804751687153589 152.79738377445048
92.83218710425083 56.216337271478956
96.25908113097273 137.4014682206551
182.9457041753799 225.70523730867768
229.3889405575537 41.44160640819175
37.28983787534457 193.45706188691497
97.60624884609123 88.58265468868984
61.816354171420116 221.19840524577367
154.41188916494764 129.55566652637415
22.210269446648557 115.96565595837316
134.36565930643283 62.51378011129341
147.92547335686197 5.8667008662868785
134.0387223301238 71.79851332715131
38.589615656163645 106.46786243572598
195.26489010172676 51.471601677387405
243.1090728784518 64.77101582515752
104.21491704799737 160.67383087540745
118.48953426147251 97.40389517594572
0.3598568760042331 36.78039544655803
154.38031533705285 153.59200299054837
16.157090820995506 154.9424512763596
16.947694456028227 38.286803130106435
35.48002065169864 228.52658608152592
67.03624766994388 56.67213586581388
242.7003823346416 109.42803246362992
191.96712350834306 45.39277517059495
8.842008626975373 201.8807336329092
90.3470080016433 208.38548955354594
155.72967131569845 221.56744826171385
63.84115429226272 87.7962226286669
87.77263835689358 140.65430918243214
99.46851874938342 44.41963196583204
237.66540216592733 218.9010738269214
27.31464974077763 242.8011880333704
18.931626646268267 10.15593771929399
209.6250902385395 127.2952076028854
17.564211443729633 224.75968240946463
240.06929600279503 27.475189384238654
223.97066623452565 234.29698089719594
61.083552395454156 89.71881733529244
107.96348849564494 88.5113403366247
249.83022213250254 211.98549644378787
202.6751039864574 156.99269094512712
35.101649311476194 19.435149262083172
27.46534434224729 236.52730529818876
98.26533036774632 33.09370673452921
198.53815043502885 187.50036523040527
197.0639891856426 125.90846991497196
187.97940690268612 217.03444088026578
233.3696776223968 184.3569614203704
55.764766363449766 109.80183738962585
154.8955205933253 81.4261928112126
83.29354074880548 137.84107295726602
207.89158343410818 190.7849591790698
13.885083547229504 173.686739343201
85.28017404409418 31.405863468479623
104.8497324492802 104.32982193067305
150.94133834371004 182.39172470020983
216.91785741718226 227.54315234398854
238.7765812944867 10.998227631950241
156.25996617637347 114.68036411314897
164.93096908999235 202.87485307084162
8.67701901699408 229.5809595256351
95.6504309448596 58.35540344565446
133.5876020041115 69.08533394763455
106.41672350054876 155.27090574170688
226.8402578432284 221.48482102159753
76.13469144922819 30.601543195256763
90.68429164626079 60.779220229795285
154.70228800761944 58.4877009136279
80.55518432682288 32.768507226002775
230.20073047979963 176.88244913853617
209.46726450013756 123.70026273015647
148.6517688965567 67.05062846412696
120.97256165506606 241.69961915812485
157.36064090081615 214.91168302898092
125.6677135832458 181.12021438123443
119.47871444800006 110.37185252750237
92.59900233303345 126.83710984241698
243.6090865159117 113.20402651886069
109.50102466074362 173.27497492203574
102.49165584389891 216.2830904908318
89.28820940040916 27.77138655885819
240.74138670311586 47.983690320547666
40.761782785850244 198.03882440627737
73.59150170016296 4.798973036053589
162.53931616142478 25.06723270806291
237.31738695995153 170.4801658073233
114.37816748065866 16.68926009706459
84.79012374877742 112.49307421760548
99.8087856898952 244.5268976899224
230.85118662727018 67.43409690813223
236.960414669768 102.71855415541384
146.30642277255697 228.9197918336179
153.62095737792117 114.36839957982919
234.53633410646384 185.4572873250907
135.1020217626591 170.71547961606345
219.22717281233633 173.12624611754606
11.284514571282212 173.25521554019105
56.51598170195335 126.48219883649772
189.56036199479658 67.65618372672208
94.40839679985025 54.89993940998003
89.9075623866423 120.0689680248699
109.34397167142973 9.907766178084533
145.7568204246854 214.8068955177304
174.55474569655962 94.19618827798162
17.526188529385784 184.85778559490228
47.85525317387187 37.72715158997356
242.2634698200555 68.45685625649539
61.26398366406857 44.618602295005445
9.903350729917658 53.057126002848065
97.50728750833404 82.46549826463132
148.38702205923894 67.57305552946252
185.09846472338185 183.98221361077566
99.24578482932544 240.31240266345782
85.26677150628062 92.33161981264706
210.8560815035738 193.07998381559108
75.48712913039829 237.95168743187776
84.63532773437557 108.27051046668768
67.39970639383291 205.7764416936839
115.05225382854769 117.14445994912839
108.43210088084577 93.0084687863377
100.14514584285678 18.4628335199864
83.19985835688698 94.77283386211346
112.988821612026 152.28470916552234
60.04413551506407 15.360003890459467
121.61269746744918 226.06924827476533
184.7435097438961 91.66007708565185
176.9678568685873 166.29894612597363
44.02180386219678 214.50010916052867
183.49129425671208 216.49770327118594
20.368948043926054 107.55323656151467
242.58405908905658 71.6012028446333
127.09129207452757 114.67047097708272
203.55567087254474 51.94476332229209
26.44918860323098 235.7519396544482
151.87643858174314 147.9256904625079
174.82837108798955 225.5675252561055
156.20150159295244 237.10699512850928
186.63135608862723 210.40581345994408
77.32073383361515 185.0699680094775
26.28906994863753 224.20999898786204
170.85479272795416 68.43456658948874
16.383658334007013 192.3410716956422
0.15660677012224733 156.5793536799125
156.69305653693206 224.0553717480504
172.92254920340832 27.264275857100728
19.195735600341905 85.54177867668919
161.23857835416882 183.4524379358739
190.4050203397543 232.46974117937717
204.19364523205746 161.3618485571471
202.59246162953383 6.556109812325461
211.24985914056293 187.09421997360363
144.08521267234784 126.37739509861883
10.531947681483938 47.56904067916359
226.648527192298 156.9333566703749
210.89718792619712 86.36062223698337
139.82960734373208 95.8479451612207
20.45477190569023 80.54465855782402
178.6759701010921 149.75846780617155
189.87524999410803 181.87490416846464
94.334563595287 2.77354418758774
94.71421712733824 16.239125794673516
133.2608630477122 159.65069079990536
248.42628925948256 160.50326043275123
219.18560361433563 243.0009828761949
92.62022694039254 104.1918393435348
129.96398304027468 157.54004548239863
106.96977379794944 93.68537959462233
237.15344690891447 69.68800840008765
14.5542580274233 28.7280540065413

143.4
34.4
77.4
229.4
648.5
137.6
144.1
432.4
480.4
17.2
960.8
103.2
432.4
1201
576.5
144.1
1080.9
480.4
600.5
114.7
25.8
480.4
720.6
260.3
260.3
51.6
34.4
432.4
77.4
103.2
540.4
480.4
172.1
432.4
216.2
68.8
114.7
34.4
143.4
260.3
206.5
103.2
480.4
576.5
103.2
34.4
600.5
86.0
137.6
77.4
288.2
144.1
25.8
17.2
864.7
216.2
72.1
51.6
34.4
720.6
143.4
720.6
72.1
260.3
72.1
324.3
216.2
72.1
103.2
432.4
258.1
36.0
68.8
1080.9
1080.9
288.2
68.8
172.1
229.4
154.9
286.8
143.4
480.4
1080.9
68.8
1080.9
72.1
17.2
25.8
68.8
648.5
229.4
72.1
1201
324.3
144.1
8.6
288.2
72.1
68.8
36.0
72.1
206.5
137.6
576.5
432.4
864.7
288.2
36.0
864.7
143.4
286.8
77.4
86.0
648.5
864.7
216.2
8.6
260.3
137.6
77.4
8.6
1201
17.2
144.1
648.5
103.2
258.1
34.4
72.1
103.2
114.7
258.1
8.6
648.5
86.0
1080.9
68.8
600.5
51.6
51.6
103.2
432.4
286.8
288.2
72.1
108.1
36.0
137.6
108.1
86.0
324.3
286.8
286.8
720.6
68.8
72.1
260.3
960.8
229.4
540.4
51.6
25.8
25.8
216.2
51.6
960.8
576.5
229.4
864.7
432.4
51.6
432.4
8.6
34.4
260.3
1201
143.4
36.0
129.0
480.4
1080.9
540.4
480.4
1080.9
288.2
68.8
288.2
432.4
72.1
288.2
172.1
77.4
143.4
114.7
324.3
258.1
51.6
77.4
540.4
144.1
206.5
324.3
86.0
216.2
68.8
286.8
72.1
108.1
17.2
144.1
288.2
206.5
258.1
288.2
34.4
17.2
864.7
34.4
8.6
51.6
288.2
129.0
108.1
143.4
86.0
144.1
72.1
114.7
86.0
34.4
72.1
432.4
129.0
286.8
143.4
144.1
114.7
154.9
172.1
8.6
108.1
137.6
648.5
432.4
8.6
154.9
36.0
480.4
432.4
216.2
17.2
103.2
540.4
154.9
288.2
103.2
864.7
432.4
324.3
960.8
216.2
51.6
216.2
144.1
8.6
206.5
648.5
8.6
648.5
72.1
143.4
72.1
216.2
68.8
216.2
960.8
143.4
432.4
324.3
1080.9
432.4
1080.9
25.8
34.4
600.5
108.1
648.5
51.6
34.4
17.2
144.1
154.9
103.2
86.0
286.8
216.2
432.4
36.0
216.2
720.6
129.0
8.6
720.6
36.0
286.8
114.7
17.2
103.2
258.1
480.4
129.0
103.2
103.2
480.4
77.4
258.1
540.4
154.9
229.4
288.2
286.8
144.1
17.2
216.2
34.4
34.4
143.4
172.1
600.5
103.2
286.8
648.5
288.2
34.4
144.1
432.4
17.2
68.8
286.8
960.8
288.2
540.4
720.6
17.2
216.2
114.7
144.1
258.1
8.6
17.2
108.1
480.4
576.5
144.1
72.1
51.6
103.2
216.2
288.2
432.4
144.1
103.2
8.6
258.1
77.4
17.2
432.4
8.6
600.5
51.6
576.5
86.0
258.1
154.9
432.4
432.4
17.2
77.4
216.2
17.2
960.8
72.1
17.2
77.4
206.5
34.4
144.1
576.5
720.6
143.4
72.1
17.2
324.3
288.2
34.4
206.5
288.2
720.6
480.4
51.6
286.8
432.4
143.4
960.8
324.3
324.3
288.2
480.4
288.2
172.1
17.2
72.1
34.4
34.4
154.9
206.5
432.4
260.3
68.8
114.7
960.8
288.2
103.2
720.6
648.5
8.6
960.8
432.4
8.6
260.3
258.1
103.2
143.4
432.4
600.5
540.4
216.2
540.4
600.5
206.5
540.4
17.2
68.8
86.0
34.4
1201
8.6
576.5
72.1
600.5
1080.9
960.8
103.2
229.4
540.4
8.6
258.1
1201
108.1
144.1
154.9
72.1
72.1
216.2
206.5
172.1
864.7
114.7
36.0
288.2
51.6
137.6
432.4
576.5
172.1
216.2
103.2
540.4
432.4
206.5
576.5
68.8
154.9
34.4
206.5
154.9
288.2
34.4
172.1
1201
1080.9
960.8
17.2
288.2
432.4
1201
288.2
72.1
143.4
68.8
137.6
103.2
648.5
77.4
288.2
103.2
72.1
172.1
648.5
17.2
103.2

8.6 17.2 36.0 72.1
17.2 34.4 72.1 144.1
25.8 51.6 108.1 216.2
34.4 68.8 144.1 288.2
51.6 103.2 216.2 432.4
68.8 137.6 288.2 576.5
77.4 154.9 324.3 648.5
86.0 172.1 360.3 720.6
103.2 206.5 432.4 864.7
114.7 229.4 480.4 960.8
129.0 258.1 540.4 1080.9
143.4 286.8 600.5 1201.0

2 5 8 11
5 8 11 14
7 10 13 16
10 13 16 19
14 17 20 23
18 21 24 27
19 22 25 28
20 23 26 29
25 19 31 34
27 30 33 36
30 33 36 39
32 35 38 41

