512 3.0 0.0 1000.0 3 160 240 100

207.31411434910277 75.19030008928004
190.3809738739372 28.017965287930714
189.39106380419707 93.99825800296088
162.07978734152243 38.32522693625087
144.37086906073773 180.61955382661702
191.55439246286775 48.44008790196796
0.14887377469821605 81.82622386650124
192.35473176376422 138.8332458695669
241.2513696693099 28.017451243659508
166.5235272537426 10.378588571655579
199.84402135720703 145.5219367472943
115.88812626719569 16.307693940891514
242.05142876931075 73.18821280167417
4.401432129927885 186.8850324047033
179.71454892561218 9.228286316268486
2.6236033994095074 237.7628603469285
156.91193174010743 247.78143156792527
158.52232977486673 132.88875603222738
154.01832482566988 40.26992341965621
98.93982925148131 65.0909249419428
78.97176482514517 13.07236664358008
16.854505910342017 188.4846269465014
179.80641135078193 99.4618349644624
121.41244990848233 47.47453382547448
182.69006463145556 110.32798972799412
211.1010008166902 61.482477320070146
88.53831320442315 4.328907280340716
198.0950095055847 191.23383192791482
223.87618339248692 156.00667305625018
75.80472647251429 103.75656236294617
3.3882356794472654 137.2490352624974
207.4328665503753 67.02307959597817
138.8253645739294 186.83910703694107
243.79948968384085 56.04309007213562
179.97039365067542 87.49320972094635
29.874139075741628 131.97578154174502
64.1503798775063 171.95818107501728
56.24385492410045 152.60870004766687
12.247117286265292 115.91779540135828
226.79517166092006 202.87593168031995
218.67804750029302 174.47448750791258
32.666890223722795 94.2725096189117
92.64005671705384 189.4757560652271
107.4013310093034 58.332627531207216
43.72251290667864 41.48141535023505
174.1896420394517 45.918471462650714
236.89841046066869 78.85373806054785
6.3696674484766405 214.9981759254215
74.67611926685716 1.4630736006661649
51.79647635167525 18.84978796223022
123.83925859585557 29.38297624822084
211.58558140808492 191.9960450054047
232.90380479984722 90.19442601369754
123.23799163139986 45.75492234191639
128.12169214665855 175.03419752192445
223.84047501319085 92.42549004767886
222.60598886560226 119.79688540495256
121.51295736884002 72.15666067405557
149.9997046762034 86.08622534959534
74.87795461807364 197.12099165872527
110.97159587340732 163.5289651163057
137.3410411500506 148.4129059987123
114.80083337497246 151.7254757213165
162.53050181591857 174.22734057690352
21.764122065586978 4.9949445042913325
150.5737012900626 203.74981512359022
116.64995321822813 56.033116541926745
111.86294822085219 50.11364148285574
71.81659813677119 115.44765429335871
145.84467144824202 246.8303668287619
106.44467073262318 225.8369791254575
210.94185003866252 189.82524164509618
63.51916424835643 108.11182205551584
6.130986874422067 244.03221236381992
220.9371791266174 37.81236102403027
161.168566703056 18.599164156600374
206.58143867896803 30.438533216435275
105.34126168123697 187.2088307427166
123.78738268556941 145.59153726183496
141.68358451205717 68.5860708038081
87.33948105566577 50.47698437649872
112.18551638312607 176.33764072552742
41.68600802271377 1.6203901993029624
171.53379763129215 237.39197447096268
123.30196240949235 150.00873663578793
186.94966801908433 73.17977285876506
242.64502759883896 202.24766407008622
107.36708139639106 193.14249619129123
240.44170514083712 184.734233953043
193.84355658033843 98.21562861013527
146.61306289675744 209.23959615785225
143.59308948831205 146.2443390168077
132.87115814319634 29.92576130452876
100.46835277919325 120.5464331646138
49.79681534609476 175.43853657790814
98.81288060085416 126.95660163442673
74.74592889241357 90.71760606376547
41.47416406919541 11.991196069133292
94.20635084468998 174.93610137038084
176.00555470547644 196.1813443561214
54.618026564887764 39.610881067922236
34.47534265864174 9.55519288269066
97.33480206122658 72.78702241994466
76.16239857277523 138.39202930502168
218.84613503928347 141.6506516123128
99.43020035423966 238.4501581489428
82.12720339913024 75.27527605837301
200.34716710078473 163.54177044070192
192.75989537060536 222.28428249228068
64.13291749137332 187.16740673368608
47.4513782971879 161.88150230662148
235.0722723360216 131.4592935200232
76.4421126493047 10.079158837358715
86.06974686557608 74.38186521000809
11.24628196098737 18.078704881611785
185.1916597618563 17.381907350933673
17.3283962978156 144.0882428501958
138.67472140578116 86.32677291823501
225.02154726227633 142.02948158526902
143.6397578692487 26.893602813880786
90.00692305913968 70.56436485253448
239.76844027383805 222.83793696993843
16.789245514717 225.47821333543232
26.769174746542447 50.117083649502014
224.8430370287411 178.34777130755174
225.1768233479152 186.1770173244378
169.4226608434778 216.40849769569897
190.16974899129343 173.29411957041944
52.33439647741281 237.85334585175295
125.72168051757771 68.77112224789325
20.10425380371933 142.94075557615184
39.146106100518 128.81479249630416
240.40111345627912 197.25921377456496
31.247111033226748 129.09846764800687
208.23051612791275 133.92317666694683
5.48463104624311 208.3025334336004
118.64398615794286 165.42369569760208
125.0811968494613 2.2184002861175554
104.32510020226555 71.40202775123025
103.5950181940209 6.538102349642555
154.20826469704699 247.97422811526863
164.4084663180168 66.81020225241683
30.120111516742902 124.71229379235719
217.23401750816967 203.50435976465005
183.64818292946237 107.9526683283748
189.60464687309056 203.64528036488306
214.24006897874426 199.22772687083216
201.7334044553486 226.34241392858996
211.29733759316008 39.75840381390586
147.24138984487425 38.92940308516693
94.28773562399223 242.58502197081216
173.528760245555 142.8166651446057
69.8180492330131 76.2720849467014
2.126147214026375 57.06086035797672
224.7627731889315 210.82496107869136
30.662213800165013 176.95309930061612
46.24901360782896 225.49216915642575
58.00233898163171 157.1755370773803
179.54305942228103 102.76774652140142
110.32445283156345 1.1315018649631359
185.01995387527634 114.40635516047301
112.99517706327522 114.74929896274102
130.7840022328187 240.46567080423708
219.37843775314587 92.82899378801073
54.31729902058727 243.9947450924288
24.42048749490919 206.41820224716164
95.10007279356014 151.02162144874703
128.3473546773052 134.4223891578254
45.511035634046706 1.9375658530946527
39.06489397545432 227.25049292483314
40.419987355004075 200.54491701480268
240.2764441363614 101.28478070139235
144.70197745139825 49.68439205631986
238.64238973972192 11.02742792892339
1.5647158627012658 237.3135942033272
99.49030382302121 192.05112536825925
159.0257676372319 149.86254700582015
127.59591493883063 41.77174079250845
106.66748996977398 147.14457612286895
189.91862325590387 108.71636540901928
7.380032367592825 154.14955331519724
231.86027429771963 83.3508468686629
146.8857415635501 91.06680213038571
219.66907215702 32.34932456576861
222.73176437944898 71.00722041359198
101.81971674422377 16.529690395605893
136.2906479948682 49.8447979310217
189.29206240224062 147.53126298346223
127.63372188864578 149.84898809032958
231.27686161181438 31.95600621791189
37.111876748614826 209.87015386766913
87.94811359791868 203.78330158988132
128.60728385623423 36.993907555072866
119.15107249685298 78.34143179971198
167.4463441422138 2.6743411524282057
175.84908357367632 227.28548647713097
92.16598844375557 174.3719640823055
13.638591017997332 36.2490035022337
227.61325315290267 154.02198451390825
56.074721407773225 133.0964400845928
22.125645932683625 154.82807123081255
116.66803806317624 249.38395153994264
149.79689127945812 95.88345898321631
212.54483545681745 103.89036159764292
84.49242138863758 249.6059138532016
150.631392443158 26.698814046798745
196.680284868536 59.41537439486563
91.71385952350019 233.556632327074
55.82249830755776 96.56971025310338
142.71560611954996 108.11866096556086
8.354632627911807 47.00864780436631
143.96214292275835 184.9830816687807
71.7817271971343 116.5052910687292
147.252846243925 195.8501356566763
184.47667370596258 65.29946894783376
228.04336649541872 34.179766636802746
78.4204807980883 202.37941032557853
243.73031001938259 81.29248113419285
199.8338287181451 232.4563326619642
5.0596712480258095 25.567011891036106
69.91490944295947 41.85915560135156
137.6678453408761 13.069210011908805
222.03198382744253 85.06981321937334
203.53941607919182 35.53054160685112
186.30309890382986 238.95472717445125
28.819889588777905 203.55682843188333
176.13330502184428 235.27190689629518
163.90472691692472 151.8022097116343
235.4742804795696 70.31256604900304
113.8469496655235 67.10817745269921
230.58558952805825 4.221377223228073
54.62179848655238 163.32760946270957
73.75084992623677 143.6191474868096
104.93822359358195 72.15574228567354
36.80217648854311 193.34515252379
179.9028919183741 223.73977111203885
81.76193889758862 249.55924279503995
69.18046633257407 222.20205542360998
123.61288307404958 203.26448056029122
181.57345770066428 129.78622173867714
241.0984531024937 207.83144645056967
155.1995936730309 36.017879740481874
220.28038817383867 234.04067441589507
120.44670920366596 205.0294031923485
41.528911830800624 105.26412870866794
48.249656032662266 44.4548676533141
55.493594853791656 179.8407667187558
172.81647358541267 198.57756000229406
166.89629488810348 33.95547366445756
21.591900306502403 79.11605682316858
73.06190142823213 56.16373653132031
72.24270751120251 25.794449893642714
197.41522980098557 148.38941812373108
166.17566904480273 136.0665455592517
39.68019252350058 205.74739057210374
9.019402568463036 207.57386681117768
145.21582403344826 127.93246211772755
22.535251490986507 155.44071145140575
135.77691347339308 85.1715068288906
242.81360248793257 151.32666777013543
118.08349656851685 52.27639386464522
72.82544980372604 171.03584625850274
24.369119409699824 37.74487763529802
41.800706521340715 123.94474159708416
137.74112674554826 98.74452231610468
211.9560303015898 121.42618840854641
223.5855561287672 243.41815488184574
72.71328877871164 84.63939960903183
39.195164286209895 21.819027384618135
165.28384533203274 228.33423005011966
52.49266684027557 41.53610017310347
227.92834035090783 49.428716039640385
98.4351331398802 224.59522104630793
6.452962163887577 222.00896500782756
180.02956127999394 184.52651134022693
120.35527628810955 248.96158470827228
135.06824906931536 124.2654931454957
184.4227258507416 50.04484541368315
201.53194926980214 190.2714679548107
146.50360555270365 127.16114087177105
4.046409272002949 210.29416812052906
108.77668526261195 232.03592959884398
176.97997514944706 234.6162105957133
240.37170353441297 238.05715612049661
172.69444810671973 239.40178999807438
97.5984974379139 104.7428045262298
157.303258739909 155.52574100866784
174.53742939711196 151.78367113799987
60.09689370317603 15.192284154170732
225.46025853870785 107.52218899512594
27.222280626149146 167.67438555948314
2.587474832955933 86.43677966180488
91.57140888910808 152.52795137802096
10.500613813970826 171.53066838868193
187.25821417113 197.6907813711647
142.78763040059417 3.6114240020488353
231.97377376238302 124.71538246108652
168.94712707894723 210.3711163962963
65.12537728198193 164.40544993354308
72.16092155286 248.91282006608063
17.654416621361356 14.578086439352656
178.74829037681198 196.0684117829071
194.49458694783874 45.8076998285992
208.32517048886177 188.28714261440155
11.288420059873406 186.6045443319569
17.6386711423612 231.4634191968497
92.68199359834072 133.01959350060645
29.40112507203585 42.17230139944147
95.71116412047914 71.82083798080063
240.90672029594825 93.85372419896524
85.1506075067403 56.89949944383971
144.9384054601529 156.44540506369088
237.3298632264322 56.68037447627522
211.66118510744838 154.2639527973478
124.55387740417648 148.51422918946727
191.7336081108572 79.12603651864458
73.95481002178636 173.98406818566306
18.667905325387395 133.24118491393523
87.75708092838408 148.94574229963783
143.31663414874814 239.26962609131382
247.56657077131828 194.8496532917263
236.28585596892367 100.0020985275276
230.2187575875967 48.10878657561635
12.4900893863433 210.8306921157414
79.171932171029 17.026415044130772
173.74141032577546 64.56886394121788
229.18434444541728 124.49957446156054
240.73006243025534 219.51318176407167
167.82347671089363 75.97211590882824
111.59644862287882 241.67599714397937
99.39114565428858 36.20400765171719
199.62991249332546 27.251143160642922
246.57436646424313 102.37952617810126
242.7920824799711 140.7608963433193
226.3262613236862 65.45517829046516
137.30167865389708 26.139465284103323
247.59434198821307 216.83253529535128
110.98348038144337 229.0545913929079
178.0260345308853 54.66745318397981
82.91411926895498 0.7283775049234664
121.20559821630385 55.117147714394854
198.17016431049527 83.17419799006726
225.10591318107987 14.900550644757121
49.187272426469946 39.70628590309633
2.063444575306356 212.77658558483859
76.9189587926089 85.20212300603883
42.03004120450093 30.29156771689015
80.12014538496182 165.6154239342234
14.414518424641226 36.32188157041041
90.60932282217146 124.78351827545539
125.67980504564008 125.55119793191466
190.92012409881147 99.60318050184763
138.04352116560912 71.85394317331043
158.1677880657684 127.52155834174073
140.2168581537071 148.2040963154463
220.74883895440885 30.13340412573595
84.34570351563575 205.91582048849565
145.33438832032147 49.493171794477874
24.474042278152393 125.2345304626338
86.35348851603827 190.410762943668
143.02413698712394 189.93947233569736
241.2332912655686 242.59751373714232
72.63431233125561 47.30800059421983
94.01408558235482 212.85345937974486
97.20791127995531 217.47229537673414
71.02482141044413 79.73861655420986
174.6461679098047 15.029420876286059
161.4206705161246 229.77516140173705
170.39343675092599 97.73577675784357
246.94808669339116 131.1653416199423
124.19001604789382 243.8247832779279
158.55965416949815 174.29918930889937
224.20021736288376 176.1346858598046
62.759946014321415 192.16637009006504
236.36670714252645 168.70241221637377
102.06400765284366 70.40459757712742
210.5141550820615 214.76757087778515
179.56388554890887 196.8331631806836
163.95497743248038 217.28549004748083
137.5272333428315 81.29998602273677
32.89926946484606 8.684120316680255
130.98476319268812 1.9005535979526311
153.75048563967258 99.83882019654567
88.73487481897216 161.41882799149352
220.57584225073037 176.0034512914608
60.71462952286233 147.69310199990863
248.14653239447003 52.20858926468999
77.39544234219711 159.00358326170544
3.7086468322524158 40.910954074846686
64.07880787427594 225.24748000056485
231.6104043965305 130.47231626028272
233.0891627058794 234.7435603418688
14.483875092209637 30.428870893087932
36.050412345978664 94.92186060910122
138.91050689587624 50.04009909527768
232.40307260158326 19.773730516592924
107.56103967818564 104.84680990065901
49.46133409141551 88.15487928961355
180.4233133354326 109.75805097091995
120.68183674035329 221.89780102950166
107.99268211926444 208.37986337715355
29.92740446911976 172.1521992719863
70.53761365273772 56.66804525032848
207.49260653021688 116.7453379929008
22.101975748496567 170.27735623370776
194.2668120726128 67.57927798226751
0.491905578785673 119.37572639016861
10.012728349119621 246.2835426774618
13.832953648840185 98.52503980769875
165.9735274044141 109.95892216476597
45.28660744892923 222.92573906624975
76.604533040459 50.49612348428456
233.84201119799906 167.4045445727235
72.2374261652419 35.39897155624333
17.50428421428074 220.24936552737543
103.48823187548611 204.29593403526104
68.34551135078432 212.0847473559024
82.891188316011 6.302445854275085
10.517072158148371 133.93239088186584
240.37348210402348 54.93758149686215
170.58819520882642 191.60948102082645
138.59392745681188 227.37120334600243
174.58538785984874 57.878505516471165
235.28328683929095 182.26543648655988
237.0281808535897 83.89476059025894
137.58927269797087 210.5935054049308
244.76449403787805 124.5396103174995
75.5544008516139 226.1542674691715
213.48281196502828 124.56946880022967
52.59512538935607 111.3391632372569
102.9109649366591 5.729758582399603
107.05137718883456 189.56162320507215
130.9415376407508 92.10490644462891
56.33766513946095 64.84839167316056
13.478422439434146 187.53580503779608
210.33475138992162 163.7404554090293
58.683078367537085 88.12390215630211
169.69076420927234 128.48095552678606
217.3439739385912 88.98516661322978
1.1102686520964855 167.6336339437714
111.75226867701349 141.989916443945
194.64421886071872 157.10462939021463
182.65309613105887 117.29404586547862
188.16638066479976 249.3753223508558
166.1987074333625 197.188186832942
25.957176257411145 68.28798500124402
117.32559233147602 215.3559899576444
212.20699907576375 216.31207517359394
204.5592647147058 77.17319122031726
231.27450783041166 217.35395230661794
144.45625492492383 120.44680925308313
36.28059757079721 246.47578219696837
49.8975513565158 98.35550285526857
182.33476359084023 25.639215500582875
99.75183247687788 210.21470747521036
200.71127184010746 209.6279142222681
64.58259628530993 240.57730795498307
214.04508972870732 54.61761838453541
136.13203137649137 230.30879767795562
123.5768529531477 49.43296174008252
153.09264440549208 16.582856590407257
157.97676046555736 110.73860778377001
169.49982212661502 248.37864879945275
176.06718392646982 184.3046350659589
34.733221273657136 173.65636921175036
147.1032059764231 225.65919586040306
162.55400000057176 125.46207369261245
32.36349845391604 128.6167469902127
6.989010539193846 214.7239226443503
200.11761914507176 78.55621955179187
149.53440817626984 36.783785817429134
172.94501413406024 243.48964156042672
212.7426118247435 249.66951884070457
123.55407741403742 163.15865356605158
80.55697801328112 154.09215913639807
73.6901248378065 30.67210620221625
111.16543007656755 53.212564147241125
7.719855231959116 221.9850975212715
0.13680951259398277 85.30953195840033
28.732845872040087 35.572303066934985
16.512133668015018 101.27628649449701
32.29942042653694 34.97022833882021
221.21944721672304 29.474705810247414
136.75789965511046 4.012553706969902
221.56043114574925 145.85170455654813
169.0072510653201 157.23397739009192
117.37270940301572 231.91495930875294
55.86764615023906 95.27817200429581
92.21095482975342 8.926108998608573
161.03384520779656 57.946816551630256
4.615109975077414 68.26139319131016
187.17966003804003 100.17026730380266
248.8654565920618 220.98591489481223
21.935692612862102 19.223918793474766
3.3823699517733505 129.28131511121234
53.54086856387702 54.48941045320088
124.74435686597793 155.70775950075594
150.13292371032608 72.96694379328835
168.20014866933806 118.20847490945033
166.07618209368053 118.14313204410762
133.544391636362 156.54532326363304
42.61061920880316 39.61575905783113
194.93891323505088 151.35364025336736
0.7295785742373606 237.4307657329487
5.644543273163133 31.826164732356442
192.0359198564392 40.015704500575204
77.69506321172973 76.21506832133754
126.10754351839235 175.9679590269934
61.20476953488863 158.52830391057674
106.77302007613824 2.5927864339927997
29.851346346488395 64.89623455573962
210.007212825186 203.4375531559682

202.3016743034745 78.0195690433508
186.7229953495901 23.996013185947128
187.60591276222684 96.5871471670895
157.61530677409868 41.88847020820419
146.948522433599 178.59191643155245
185.55349780082466 47.13242166917514
3.7758176193845863 88.11968465933381
197.48200772702987 142.62130654721477
234.66882463816566 27.322867353540893
162.53985577972384 11.41120208207716
196.4515605747741 146.20810929729114
114.7183611322809 16.624407398250607
235.74960338629214 70.05870805647841
11.51778315367913 187.59862175345307
183.08259355246096 7.409836603855357
8.900971880224068 234.5658511771734
158.56992817702647 243.60855766312648
151.63102006239933 131.9887681681268
153.43741479621096 33.251391212220035
103.770027673457 59.76155322055643
86.63998913491994 12.150313194628005
9.058967878966428 191.1417548725529
183.4825770427311 100.03855139675278
119.60001728329392 48.543813032053436
187.8101739383627 112.09312899190112
205.11792873806954 61.20028035691094
81.30990066635357 0.4731160059259776
196.3713285204458 186.7345616107433
218.20911273486652 159.22971577689088
75.50683114907653 109.46815393082893
4.8462389793624 132.4154641533804
206.39441619875254 75.18071896284049
140.33307298119107 192.8438446487307
246.24509282726933 53.06385531723756
174.84499612562428 93.11738106409692
28.758067983285812 135.582837622155
68.58254537847128 170.84868721886693
53.9467974893274 154.96667003423133
16.5967105230814 112.24362574669009
222.180852555602 207.32190598307727
219.96615377868397 167.10149216843283
33.00858699961107 88.14824844490727
92.11928619526304 188.21333060290334
113.15713419729778 52.76668902225817
48.039946499017546 43.31061674255724
173.5487186357641 45.271154539716
240.08141979601191 76.187562051585
3.264906625987302 219.25846398048404
71.08675128345868 1.6501085191283904
55.531037845039464 20.418996918345034
125.79324657031077 28.793413739171353
208.28429234306998 193.93418104863437
234.09838065424478 95.5131394016942
125.01450548261589 39.67862904200265
135.18012544208148 171.00503900894907
225.07690414453387 96.07935156991832
220.31236039578127 122.7122579690652
115.18762203761784 68.23301024321977
151.5569220913774 91.37270537919056
68.13093282449134 202.0755024855902
110.64794545380097 163.97153308121096
140.0959478995894 141.7963859552348
122.53832948320914 154.92294706143596
159.93565266058903 168.46958006902352
26.049182141987398 2.7244800515233147
145.97176416363442 198.9699691749604
112.84061155081429 53.90059126503624
115.31710863767314 53.70811247076052
71.97482885807416 107.77083170826313
141.2651518882939 248.8998782091719
105.11338344869264 218.02839260166292
213.3696610657898 196.8632817222542
70.78228991811427 112.47879634268016
2.7116688364309525 246.3245441545414
217.82352572915207 39.88394404404502
160.40040238659154 25.56107186905235
208.85989934765888 31.381689995229667
111.60639528567037 182.43005755644253
120.03447604843396 141.5178939686762
146.89614122702878 63.4586072575907
88.62756145476433 51.432782924901474
110.95183513791973 175.16677029182117
43.09017140048802 8.36456334742569
166.60253385354324 241.40137205008065
114.88243659375574 150.39511626602584
185.5720333926465 68.8194797731033
237.37217908775304 200.12789048610335
112.48462910961126 195.69688908836272
241.72841332133797 176.41028517938986
188.20258225016156 95.18964046416492
139.98013104891498 204.86318026902796
146.8579027724915 143.26636543596265
136.44231302230324 27.124651976114635
97.71557907922842 114.38904797691856
52.67291348585057 176.24110924239713
101.17745234436182 119.717377945742
79.48657144047674 92.98887877544512
45.38118278187914 10.653358952352892
99.0181274742187 173.11356914068105
183.48158870034746 199.6764609671529
60.23724512948444 43.5036065443056
33.65570995239523 15.062648288911435
95.61990701630153 75.47176589733837
79.43584267025919 135.89254135322832
222.32679755374377 139.28560048383454
95.41286728655135 233.6268468898891
80.48847608868465 76.26496836576987
198.78097380604095 161.82310521356544
188.90916448802466 216.72413694019514
60.923000932693206 179.6200563386729
41.93926177664345 158.97355677677058
238.81758792661836 132.52347143679543
79.0885974352385 9.50770359052039
90.08858668119905 69.61819410226899
13.463827067399986 16.743002175957173
181.31697800512606 16.207670898243737
24.987583478756598 144.05146474636584
135.55661962456074 87.93224348441156
232.42691246949556 143.65173921313996
137.6915815069276 25.763339208360296
89.88107116142952 66.11670150268323
245.79555346238675 223.36473026956273
17.12366496289511 221.87956443576897
31.73706820284722 51.245761203147055
223.7831319564471 176.89384365975323
219.15333495298245 184.20156177762985
164.82783243670264 213.77079048535532
190.99718184036846 171.42618319004723
59.562329416675915 240.90371344761704
120.79220079375114 62.95671605049235
13.269471554276075 142.6141474583835
36.15965106224736 125.6930801715229
237.11256333427352 199.9115798969122
33.16884764739192 124.59307815776732
210.34978285190408 137.49622470826813
3.0332962258038663 215.16302560102852
125.4038744097891 168.95305723807277
123.7283154199933 5.607730076637674
100.14038726966923 66.89388811143724
107.23372521539632 4.145546883275425
159.08642355237322 246.99222030635175
168.47782479646793 61.57039327608482
24.835782298239685 122.08442676697013
216.9142244746446 210.49810553595577
190.77008768013167 104.326715598373
187.37009796637753 199.34957763646992
219.90084262665675 204.54223396583947
197.45233034468103 220.56203619281877
211.69360791480815 45.74738991729285
155.5437791648082 39.18915771527476
91.79400148909214 236.19834692577024
171.79305498781187 146.74703270826353
66.57909692220318 78.61007665705455
1.4384836303304727 54.56869803909994
221.9357164813004 213.41652719362716
26.05748540766431 175.12528955977345
47.30897364901077 219.79671700002302
64.10272451000232 156.59546920357076
175.94607642978735 106.55275267223973
108.32425520262298 7.84423325069511
191.13003931926877 110.7581116465779
112.90678994858855 107.58603170189299
128.79245696636633 232.28200064294052
224.33972198429328 96.49064245386829
59.666390436442676 239.53940572584787
26.870259431708288 213.58593261954624
101.52176743843974 149.5609745578807
132.482542788253 136.66454401784418
41.08833548450125 4.298733818014183
40.521413190778624 230.34234023397764
40.9123931961021 202.5279538595295
242.7016448385276 100.18771078864668
143.12326032633456 45.51493515951466
243.03129308559872 14.478411300405753
3.092156737031365 244.54406029457033
94.7436771627627 194.80111364908169
166.0185139531722 145.90462278407475
128.92824205243664 47.36563509557973
110.75728125782489 147.36288604814106
189.12617067909054 113.07831944869615
4.083550488216403 151.19647488446256
238.89193810895628 78.74698344197037
141.18576645612754 91.21427809588195
217.2637646970463 30.943259864478545
228.33732902844528 75.1595577857671
100.23430881534279 8.842623702986025
143.88765054760708 51.56092518040351
195.5466798527645 145.40010744675865
125.29089805603135 151.26615816624746
234.16068189349033 25.366292174351575
37.894841311661125 206.04877403720792
81.67697418522657 203.32239819204844
130.5817330434067 30.751468637879753
124.45159235030329 78.31305335145517
166.04621243175814 4.133453944934196
169.79351391057946 232.003838821122
90.27859718560718 176.41220715858393
19.075806240631763 40.937599002404234
231.2140028047868 156.07648575419276
50.22556686882196 134.1112535362066
17.276999335207517 151.46788005238753
109.96700194155531 249.18106265553996
151.14358433619168 96.82009171563544
213.02305453503465 103.31536738362158
79.70337975609787 246.37640395344636
148.90792706754394 33.52053786625761
192.02776727763694 57.36177292661196
100.14168245107786 234.00355327334202
49.22973153158405 96.19073105838271
134.78215528130082 109.82190900160208
6.925964323491823 39.83309109420102
143.45742089150676 188.54813833807955
71.15665224465889 115.02946837476294
150.73183652653108 203.50905914253585
186.4997658701514 58.212045076672574
235.3975770596425 30.33557758594774
77.0902296840005 199.5531537106459
241.86659142432802 87.73437988221657
200.21957483123586 225.86085319388494
7.562397607617815 31.689947977507682
69.48454846804997 41.49322087257556
138.0764034809993 9.777280213648016
220.89276621889493 77.0124974616371
203.45901569836482 37.56199926956608
179.9134316484668 234.3481792024546
34.86551470886748 199.6083993845108
180.31211023290348 237.88282244307592
169.23091077675443 150.2612000553656
234.37001233186808 65.77926772309422
111.43428480592704 60.483279968873205
232.14765490332726 9.426809590614038
56.32168053332229 157.5949494509778
71.96498559453369 143.27378347161533
106.63314709920901 70.92332478367113
29.92039901088589 193.82112129929516
188.10046492358615 224.95846179750248
85.97746148157096 244.025016160565
73.04056886970506 219.12888369307305
128.3835134230862 208.05728193495705
178.784788833355 124.20452135977649
233.8963246371722 205.27566015474844
152.70060127235502 40.100964309449566
212.27291692959543 235.5108065420177
128.41912094823158 205.39716316908286
48.21888075922898 108.88721600329099
47.87020124061758 42.90934210681854
53.2537816676219 184.89185894165672
179.38913711738215 201.44248990126283
165.6373841894516 35.34097286305918
25.625108361192055 75.93475288318541
68.31154801691075 50.028793999879724
70.70481270071855 29.329416550838456
200.33593522591275 145.1462380659448
165.61174016975426 139.01490823205432
43.89822817253372 205.1363388117448
10.18459427278809 215.56528178508512
143.7568583302649 122.99346156196921
23.17482045579683 150.3952009797617
136.84630753206883 85.70059360679561
249.68777404305675 149.4592552242693
116.77265241240956 56.91479422819704
77.95881461578452 175.2650928137235
30.00621750624721 34.95463365671275
39.05305984342211 118.29820851371778
134.15825638459876 99.02847292081395
210.30759429584046 119.36934591243548
226.4833833756245 240.31560875860978
78.99085066029255 85.70680434819408
39.17954422681522 27.97007626253442
163.80033781085885 235.37514308062478
50.653008250661465 38.02561409484398
224.53860029800236 54.11251841352388
99.92145745204084 227.2333529458961
2.7698640697932655 215.74767730403127
184.93177281920316 181.59287277533704
116.951861727217 248.17555826617613
133.97538579127817 130.77389221893563
183.7606389850595 46.52475275753537
195.56821408693094 187.78448050350326
142.33081794566968 129.1406266067036
3.023282696203861 214.67884332357536
103.39986544432294 230.28137433717907
172.9239729949884 239.04409287626714
239.74419672922693 231.7392159574643
172.30900141918227 244.5038997342392
96.75250302837112 108.91327581027588
151.87280231791195 159.95626561342334
171.28121294586228 146.61628409084585
62.336762662205615 12.802207712576564
227.41752303407551 115.65676228290245
29.452531633837932 161.43366470665535
5.495214892307421 81.13749566449007
86.92169666466424 156.4856391500261
6.129249340114273 172.46398008215624
181.85541411758774 192.97349590247907
137.71565412893602 4.724774798339936
224.82706693429475 120.2323485179025
169.23351299041286 217.01959615836282
67.05775040109147 161.76076849108662
73.63674333016029 248.16292675347898
20.1653914946415 14.621630584469775
180.60774900611662 187.9040529168774
191.0299024258975 50.59082712702334
208.7597322596407 180.20449903558256
10.757737161005338 188.92746143442642
16.70713259580414 229.83770785732062
96.21636536802777 131.35439225680722
31.3835517159102 41.514184810054424
91.90170028618805 77.0349758024286
248.60362175132613 93.78425731806125
85.38388922349834 61.56571153093976
138.90620378744205 162.3211321642429
234.82855067867862 49.01606999025282
205.779645774112 156.13700379247615
128.67484395371093 152.53654932068
195.08245489674002 83.71066576868402
75.30373674437249 166.63315824081633
22.16537571200933 136.0129841267428
84.00448163012774 155.9623280274509
141.11944783367986 237.34609724238527
243.2981315455505 194.8416108830427
240.27015627935992 99.37351387566584
236.23348864394356 53.28694538527998
13.561891103495178 208.6666279183952
85.52804730126454 20.210231918595085
167.20548908182118 69.22653073357802
227.3097011653239 131.6681640585735
235.69919973306227 222.465248216178
175.032724025932 75.54789460968107
107.14426864807264 234.75866244053418
97.65608250405275 34.74433812600461
198.8675806566289 29.59301205626941
247.45518509427268 99.99852700279169
239.39120387368962 145.47958981886947
233.5700277964631 61.102946103385705
141.12482901824475 31.78111310973003
247.20065167665254 210.81395107368164
119.33944351275503 228.4302326712175
177.20962871435904 49.56872648127072
78.14439767786452 5.588835811521864
120.41763018662114 49.06865498555354
199.29938691704876 83.35359722435983
226.25308334623756 8.058896693955543
49.87015838314795 43.24776930477195
2.7686584843885917 219.93981330509882
71.95964429936241 88.68525407734995
45.37985276757184 32.06999511222364
72.01333648557102 164.86159585667764
8.083818540901094 31.053922103603888
93.89921839276755 124.78693871755692
129.7874223763721 128.9601479168126
196.0742968154159 93.1884162594051
139.37875186398003 64.33565913950729
152.06336912505776 125.35436693688567
147.9257060494318 147.0370823777225
216.24136955708727 25.455167093037716
90.02605056559987 201.48096198762047
138.77836495757288 54.17812338621267
31.224800219540853 127.0321892493772
88.28551430933304 193.63616638525593
147.91135523418984 187.35417701054078
244.3558060529385 242.60415145277807
75.99680956593419 42.78604119481716
93.49458002443248 207.7079352826583
90.14072660707578 216.3797666726171
64.7627425271559 75.75720135254446
180.47186843327322 17.08118089541094
169.58350876022604 231.2036443636286
172.32224828101914 91.34382608469188
242.61820738980393 125.20843255805819
129.83283744769673 238.18106912878733
164.05541337888346 180.0566713420849
226.4438762458568 171.95990113514438
57.053452460779084 188.50310544924366
238.0384213839714 166.89314391199315
96.81646312940612 65.4145099663162
211.7076002123218 217.8510892016883
182.0505792187455 199.79208211075832
171.22104455402052 215.73130538622468
142.50776346495974 77.31246968044486
27.58320691675148 9.640580171401819
136.5582774804532 0.9993681085490869
158.93274103919808 104.56231282673315
90.98686513646211 160.72065431241026
222.6852877109886 183.2404437826954
55.42312932420254 152.3810626256551
246.16515256082275 57.57589042478206
77.89193674967856 153.11071949776894
7.2996033372415 39.82888318832928
64.6856310080833 217.0487334064523
233.22828590703125 125.52121706284177
225.1616041393586 234.18296274737497
7.804038990835593 26.248944192133305
34.16299667108694 102.60575084699849
142.67539379670333 50.35562314322167
228.44857948480205 21.87715680285604
114.21699114529032 104.66756824045615
47.429461507862456 91.26257736512461
178.46592012152408 117.92572775722007
117.53570215985881 227.0624354148878
105.52519401474395 203.53628289996823
37.691213355902725 170.62701141073921
75.74228138217018 61.42891159672648
209.03903855624156 116.00913880517169
24.227451169213264 169.3829649409793
192.50604847766945 74.38505367529285
0.42287826034814735 120.44563818556905
9.440608316378274 242.5230275618762
12.221418662220152 104.20522006475875
163.25659385772565 109.94988802100117
43.213670879801356 222.029485943974
78.8875389084203 45.04115593483188
235.2243210922131 162.37213297398608
73.7689755225906 31.499107116366137
24.18731986403297 217.28807055326482
104.57804363469486 212.42810898285563
74.2950484659947 212.83595475458227
90.93023748434948 3.796177444593013
7.237339074928739 135.58597914283808
240.35276718420872 55.42563656517288
173.48624046179683 185.8174596179568
136.0389053606752 225.66604987645394
182.53580348867314 58.19929758792566
236.13431074586146 177.74412162860438
240.31126897262533 82.72618129335743
140.2428215171735 207.60872533911575
243.43531394238002 127.17036409219207
83.73519329882828 225.00182936923102
217.12238748155113 121.05477260852787
52.68959362727665 110.30973947917063
98.7778334091513 10.455238539686635
109.7477185140571 182.22796019655445
127.18572425675126 86.43172980871236
54.846840328150044 67.6672186702926
13.086930714342637 190.53918551097095
215.7913382645503 166.87656124865956
59.59614695114901 90.29360583512214
163.61255041586085 123.94815143124418
223.93303395222307 92.60287413288943
2.885608028812714 172.17723478473653
109.29084794334196 134.75794307652626
197.60714224097575 153.7028126390264
175.62857841084968 115.95654672203351
191.85630765118634 243.30494073327955
165.71430751840722 195.51456924658808
33.35760804266055 68.16027987674732
117.1947165811314 208.89693686032817
204.03576853941146 214.45457952902026
209.10344882616988 79.84218839845705
233.14458452787517 209.46140360313402
136.28841535937366 119.80832389574309
43.236029665798036 248.95040817940617
54.799255879885905 94.81992615944232
186.76033516216356 20.67639720921613
92.52094634233443 207.6262667071151
208.3572977793859 207.9108520037641
72.59926138261427 243.08355581274628
211.50062690476418 49.4062398745036
136.2258481868262 225.60413150209502
122.93811537096605 51.488538207574514
153.17595478059692 14.490853373790136
151.1393319871461 114.9413667115099
169.19006926916728 242.7733136453926
172.12373845842092 180.06741310783926
30.023792795928735 176.50882357973447
140.72672433877048 225.52393689023572
165.07988616340108 132.6460933982193
25.483332485540995 129.19039138871702
5.204821580556435 206.87906038644718
192.48782713141387 79.64336695273325
156.67261168354747 36.2649788023047
174.57038046505684 247.1964039713342
208.1171729717202 246.62857675081727
117.52125871921282 166.52982860430947
86.77435628513832 152.13503665434172
75.5957993077612 32.89771125221663
106.09295582066339 55.11173036085359
9.943348259159269 227.47899031046816
1.5456629131263833 93.65584739414204
29.35722577172545 43.28296746075466
18.586750038471322 107.80503152421855
33.49655652423775 41.40103693727523
219.41496759675684 29.524293794690763
144.99305158557885 4.801807048489009
224.00158809937278 144.16311864889104
164.023020902629 152.14212400060836
114.09723826283368 225.63854649890428
54.831922222891684 102.94866889364218
86.27295873367503 3.269093859199157
154.55568647428498 61.581815282347854
10.957018710380794 70.33811119006123
184.44165704254303 100.9136973703191
245.48313603318715 214.45851669665535
18.146688444539123 15.376069695123395
0.07497083545193739 136.02758943476746
52.76950884821946 62.046855760890445
118.90354861822972 149.84374125089
149.5967271711534 68.04039480160543
168.13871632873574 119.35877018217569
168.0836369290185 125.34252683187525
134.5005947306645 155.75684650154307
37.79896528254664 38.4448744662137
195.6254405483842 155.60012221623063
8.580932355645665 237.53249695112507
12.38882191783075 35.43081702962026
193.20427966648532 36.51643977913141
73.96933953818218 73.47807541790665
118.48833934902781 176.3476774654927
63.79934658800368 163.74223895697318
103.09512089057105 5.008253810228402
29.63574026978502 67.97831639438733
206.60583238894463 203.14414917637896

34.4
68.8
540.4
25.8
1201
216.2
864.7
77.4
324.3
34.4
72.1
108.1
17.2
103.2
1080.9
864.7
36.0
600.5
17.2
216.2
154.9
137.6
260.3
143.4
864.7
154.9
103.2
129.0
103.2
576.5
540.4
25.8
8.6
960.8
144.1
137.6
154.9
143.4
480.4
103.2
8.6
17.2
72.1
17.2
324.3
172.1
1080.9
34.4
154.9
480.4
68.8
286.8
144.1
600.5
576.5
480.4
137.6
34.4
432.4
960.8
286.8
432.4
576.5
258.1
288.2
137.6
216.2
216.2
17.2
143.4
1080.9
288.2
432.4
144.1
216.2
17.2
576.5
72.1
68.8
432.4
172.1
8.6
154.9
86.0
143.4
51.6
8.6
600.5
864.7
143.4
286.8
1080.9
600.5
68.8
144.1
1201
288.2
137.6
260.3
77.4
51.6
288.2
540.4
154.9
25.8
206.5
144.1
25.8
17.2
576.5
25.8
286.8
86.0
103.2
288.2
216.2
25.8
144.1
1080.9
216.2
129.0
1080.9
72.1
51.6
576.5
68.8
114.7
540.4
137.6
864.7
51.6
216.2
137.6
172.1
86.0
103.2
143.4
108.1
864.7
114.7
576.5
51.6
68.8
103.2
260.3
216.2
960.8
25.8
108.1
720.6
143.4
72.1
144.1
143.4
34.4
114.7
216.2
103.2
286.8
432.4
34.4
154.9
34.4
480.4
258.1
1080.9
34.4
68.8
648.5
720.6
8.6
108.1
77.4
432.4
324.3
288.2
286.8
1201
720.6
864.7
286.8
720.6
114.7
103.2
286.8
68.8
129.0
540.4
103.2
432.4
103.2
258.1
480.4
1201
114.7
432.4
540.4
51.6
260.3
68.8
86.0
36.0
960.8
68.8
108.1
143.4
720.6
286.8
480.4
1201
206.5
103.2
114.7
260.3
137.6
72.1
324.3
229.4
25.8
25.8
324.3
576.5
864.7
432.4
68.8
720.6
17.2
72.1
864.7
25.8
324.3
68.8
103.2
229.4
51.6
154.9
216.2
34.4
108.1
68.8
25.8
1080.9
34.4
432.4
86.0
216.2
34.4
51.6
103.2
137.6
77.4
172.1
36.0
34.4
864.7
432.4
480.4
206.5
137.6
17.2
137.6
51.6
25.8
600.5
288.2
17.2
960.8
51.6
144.1
648.5
144.1
720.6
103.2
720.6
144.1
72.1
72.1
114.7
51.6
960.8
216.2
960.8
648.5
260.3
648.5
258.1
25.8
288.2
51.6
864.7
137.6
1080.9
68.8
8.6
216.2
86.0
216.2
103.2
17.2
34.4
72.1
68.8
480.4
216.2
86.0
206.5
432.4
34.4
72.1
103.2
129.0
103.2
68.8
143.4
144.1
154.9
154.9
229.4
129.0
600.5
129.0
600.5
72.1
72.1
216.2
68.8
114.7
432.4
1080.9
288.2
36.0
260.3
143.4
36.0
25.8
172.1
432.4
17.2
432.4
648.5
137.6
540.4
1080.9
25.8
103.2
288.2
129.0
229.4
72.1
288.2
286.8
17.2
144.1
432.4
103.2
324.3
144.1
258.1
137.6
260.3
17.2
36.0
34.4
864.7
206.5
540.4
17.2
34.4
540.4
51.6
77.4
129.0
1080.9
72.1
480.4
576.5
258.1
8.6
114.7
206.5
17.2
108.1
25.8
288.2
154.9
288.2
68.8
229.4
154.9
108.1
72.1
144.1
288.2
432.4
8.6
864.7
144.1
324.3
206.5
324.3
68.8
34.4
143.4
286.8
34.4
1080.9
137.6
77.4
648.5
576.5
1201
324.3
648.5
216.2
286.8
286.8
864.7
432.4
143.4
258.1
108.1
1201
51.6
34.4
432.4
143.4
34.4
1201
8.6
172.1
103.2
143.4
17.2
258.1
154.9
77.4
8.6
432.4
206.5
17.2
36.0
216.2
129.0
648.5
260.3
114.7
34.4
648.5
216.2
25.8
68.8
432.4
72.1
216.2
648.5
229.4
480.4
17.2
1080.9
1201
576.5
68.8
77.4
432.4
600.5
1201
72.1
324.3
86.0
143.4
216.2
108.1
68.8
72.1
51.6
51.6
144.1
154.9
68.8
114.7
36.0
129.0
8.6
129.0
216.2
324.3
1080.9
864.7
286.8
216.2
960.8
648.5
34.4
432.4
216.2
108.1
600.5
72.1
260.3
36.0
51.6
77.4
103.2
288.2
432.4
576.5
68.8
154.9
576.5
1201
540.4
51.6

8.6 17.2 36.0 72.1
17.2 34.4 72.1 144.1
25.8 51.6 108.1 216.2
34.4 68.8 144.1 288.2
51.6 103.2 216.2 432.4
68.8 137.6 288.2 576.5
77.4 154.9 324.3 648.5
86.0 172.1 360.3 720.6
103.2 206.5 432.4 864.7
114.7 229.4 480.4 960.8
129.0 258.1 540.4 1080.9
143.4 286.8 600.5 1201.0

2 5 8 11
5 8 11 14
7 10 13 16
10 13 16 19
14 17 20 23
18 21 24 27
19 22 25 28
20 23 26 29
25 19 31 34
27 30 33 36
30 33 36 39
32 35 38 41

