512 3.0 0.0 1000.0 3 160 240 100

28.246062513917618 113.98368862280681
95.74819016558031 150.56115439861946
237.9077114962596 149.7320754522619
132.13979315255287 37.7837177325803
35.682308442636895 244.26804130130031
159.46972743323755 136.01420087628767
100.42136587424194 91.97257163284017
2.0662379841185627 181.90884098814354
41.561485542549015 102.54297438342985
78.21463171884626 200.08480646016173
146.6341757010326 72.48660559482917
160.85177203895628 27.242344614771845
191.8678368315119 243.86388985161668
63.86366267894336 119.47487073184645
57.098232620084595 27.744184288909235
177.21532318380022 148.90734127556675
248.46752895546314 133.34770535183287
183.79782730281863 117.82533151389313
189.04843811283413 233.87372776439966
90.87854204790122 100.28771359610487
137.19164847123915 226.06427528835587
232.2715221831572 124.38454403356906
135.69462310717654 47.02218565333635
59.45699932986795 205.06626710567897
199.82004256569152 57.98931785307229
191.5447492967789 171.36345648025866
204.15741218249684 49.4740536399495
187.9584288120419 149.4871522527755
63.57211423958575 34.594929938222386
27.345955311751048 182.27609121551546
238.66055829001508 112.63048496160569
64.92022716013932 248.29820196764663
213.77183384766505 189.8963189498093
219.85921330350558 118.43619631588561
215.17025101191717 124.40102342684384
1.395581890620029 102.88348603614928
241.99613770308306 136.82214787413406
68.61811786385591 48.57923533186476
191.89377392681672 114.36907510277855
85.11873175651843 170.4357887375717
241.24241377851519 95.3708178710719
149.8925645280112 81.43340374813857
245.54982432519387 72.68261072660492
187.48256337184898 224.66918464976087
213.85477683932368 208.9072358029161
233.08257903551686 175.742670774229
121.94671763672795 64.16074515756526
67.53133686122614 246.11957186426164
246.59216661344328 13.73152493242108
20.097966690822062 85.5449420204244
48.894287585496855 161.46217015273473
14.143778004750695 0.4984962351678168
243.97850018864196 135.35221587913912
242.7683156608694 68.48696509474975
55.255849704759385 14.527877662775495
111.44125411719921 4.002207379919964
154.34288152496953 63.7395462329306
128.37002415071225 31.069049053341402
34.99280532190519 123.22638428928506
71.96641718239654 214.9886358184679
148.96000572865486 143.6891240527716
50.20119975894791 113.03385417641019
135.21295167009504 21.32785721774194
155.5012433425878 145.26897908856643
20.5955373325285 160.2715478954608
63.47488579434513 156.51838041212594
39.15457900165731 177.2545634215118
232.77388788601735 58.908946007034835
104.07394811157106 197.77205726057113
216.61771498221592 41.319306103027
170.4802708034077 247.92528221992043
67.92761673819722 115.78649149928997
33.00505096302836 68.11576150422948
153.3259778392944 243.73958352748616
140.62092358038655 48.90822592439956
18.89340501136741 207.28509639721847
153.21050942143148 21.001143238498443
178.3123838676215 104.96332746929204
83.09120032169048 136.1268828516668
28.239473724014363 51.05613918176691
40.84029053535798 80.6837141261315
28.833883162184883 116.30427844903929
224.78121799485822 56.30602977043505
206.48328054621095 214.67643886864354
192.7644753247147 201.722458917045
162.58712082483953 227.4366924511658
98.67802966353206 192.28792026791064
133.03329898381418 221.9033498097911
110.44199401680734 68.48661286714302
98.75475280361864 0.036621419568283464
130.39551863532202 246.6019214520833
206.63843854176494 154.9237427849313
120.0518072709745 92.7154730448759
159.04887760346733 129.0638319575292
74.13991455864702 216.73916155988607
47.271965121977374 173.2234598724438
62.279159338702954 228.47444377376422
100.48565838032195 159.467354132963
151.16855492636427 218.6920177829269
84.0906538857667 200.1554615812058
30.896988943363233 213.5500583959264
14.011530672043248 0.9020898523076637
79.90676801344357 73.08235769277793
45.65768429838332 89.60852712983791
89.52214130838406 223.6734169681884
215.84117969219062 143.0782691362216
106.24406123305036 153.29831811232057
208.35104707223533 76.05582844412756
203.14454826268909 88.31958918065402
32.32309220774535 35.06234194119734
157.5038816904025 166.70895433777474
199.237653597958 156.73793079408145
118.23290459274305 49.67713146117761
137.02518792867104 215.13032813915274
198.42017246780995 168.1467631393042
79.32231723735791 82.20867451603525
100.73697890722174 176.77758720103023
168.83537701316368 117.50889209908694
124.63743346133796 20.275116666471803
162.7640219179831 95.86501931508774
38.67836888900822 80.34913660735185
192.53933086695696 192.17198740647277
112.97145648851311 201.57504342966388
249.3863996680858 209.62061076140324
73.08600602475404 196.4181820625305
92.62954586863162 242.11124644398416
0.6138244641097634 201.05436789700212
20.88864251361483 26.453995232296414
225.92455666858248 93.39858176605908
154.27405370748536 53.242595952211396
227.50153455628623 236.94178328074344
175.29148491389213 248.80623385992786
149.26232151355887 247.24063458013902
39.19328306357628 164.36609250942473
146.29058098912733 208.84607015030582
42.011555582399744 246.21486435174097
221.41884287041265 213.06788037162846
245.47091531552223 188.00535069914034
176.32678315762743 238.84399915286932
24.646276886518688 12.001615341785232
211.8130248313288 44.614600242534664
153.20521714033222 32.12370445919832
116.0485962198845 57.855327557188616
102.12623662253958 2.493888902124181
197.10549256912287 168.38102517307567
122.892447338019 122.77683845052756
218.88536127049284 128.60751632458783
8.022721333677818 28.530576044215884
26.16638594979248 215.4636180365777
132.63236851773593 103.24279829900345
41.373692230305345 207.77035253146838
213.27924045465596 135.1510343226232
71.15382646759946 58.16171910806592
133.64178072528017 81.6818009682191
17.487055357847282 95.35618822395725
100.3931278634436 154.55185074002915
145.62054934772166 195.5032793550417
167.49916442661876 208.4827295419359
98.31968300075783 240.6949740355395
3.3217453895779405 193.9511029292398
54.09981941470629 148.09606905439077
102.29716773729491 134.74577130303223
115.88090062740147 165.17976310636524
230.713729946295 167.90005762143633
135.55340354044145 118.40014739025978
22.394508557806088 11.305424629499683
143.7248313961421 139.15443691511416
128.39841028321652 77.40627852920525
204.7513424165948 207.18870336775908
71.52846488567108 131.00790739100879
146.9898518060024 3.8569242105717105
129.61567137766977 230.59714904921455
22.29739943628181 67.08025829641213
133.12281854415164 33.95644389619446
217.7309689631384 95.10502084686293
40.586888906457844 162.17036360381093
32.43759875558613 66.81786390184256
96.59598884406279 45.15770409705022
85.17257942395476 75.82134333185928
157.06181291478296 162.924140742397
66.54785578927455 122.10652615151315
41.86297273903866 11.663465871114582
110.13328852631373 201.9133178180348
67.64995039886671 63.91859444448522
143.22931889480034 114.44661121971846
248.360620771503 88.48659446738871
90.88312265527496 175.63384884136812
23.329981106339325 108.57723243696685
209.02509846713764 40.35232229810801
187.91134235297082 38.291034900018225
181.04241413874414 229.54627790460555
218.74780293654075 96.85753930113486
30.761266671698205 138.0674501779882
78.42547762677879 195.62485787536093
62.551425159079606 125.95674632657999
20.59984548775712 10.95810015398016
221.67584542327018 223.6426023425453
72.835967317907 20.972797128898517
79.70338343987979 10.38657532861792
140.83450716344498 197.8461735618419
213.11598782705337 122.04656526360245
161.472415175048 194.71296242635947
243.03325829842697 69.15085850397124
103.96103367689552 29.240607957810553
235.7667906503602 8.73092208438775
135.21543336361606 14.387613637476093
232.72248570095522 67.26872440422116
148.1182516580378 43.03224042883594
128.534529501054 74.10419555027562
212.31088577455384 50.46715726719597
25.04180472727402 224.97837981720969
244.23240459333627 10.199946230716572
149.80977302372645 120.19502022892483
61.384583718899044 10.43127447308695
176.70194136786037 100.86592830290358
32.09539110740756 232.19666979361352
38.24500962156161 53.1361164932049
132.7017453454514 96.15248086199546
107.41056963285197 32.56822758449268
14.244342852779257 40.05059288229562
29.26107727517274 102.55682210576006
106.3900013931874 38.276886653459016
208.25995275287698 120.69967889510983
189.00416486051014 127.32217499600063
177.9975692051777 190.4822852747026
17.104729471473455 49.5573332782947
30.54349785989882 35.14743288328806
158.04703215582384 147.25902073827967
156.03605634060497 183.67092297909142
195.74851936447857 7.4550371653542555
29.79167647518369 49.57432393760847
67.99251528650319 180.3010086440994
138.92493175787982 124.56052521653591
65.00070461308782 106.84633113462064
82.05685212682774 81.64047011385745
230.76062304442328 209.60185400973518
160.81513010892036 65.76333286837962
22.339922719684104 63.03547578123353
168.99313417638268 208.78940726348162
100.64279240841157 71.66464856781022
88.34630395751597 176.52266245020132
85.7601589772394 67.23089467082394
166.85916158233627 170.17631401363485
176.04386042572318 176.6743202118496
113.28025170713335 13.089114793536833
242.00800619480694 58.641772224627076
54.53497240024735 149.93239684678136
47.9818133388635 26.14115504485276
53.84368251547214 192.37908921488463
80.79765727328994 30.57340247634219
91.9288052064831 247.7158056405824
110.84349332580229 167.48115790011232
64.59080737335243 46.89155828411795
63.781768570251224 150.2593081878942
24.534705411995123 67.99750255703421
72.35020945397986 49.1227855583887
15.09641047953314 152.5386393015548
116.479047970212 28.567068433000692
20.03143858752729 114.13469979502608
217.8927200489481 134.24279358860372
148.7375815866447 76.99229742691956
219.9597719204192 88.23172697614717
172.88921089449022 77.60020382532402
157.99665135282058 17.46447606251905
241.8099061033697 242.67435066530015
249.15827917849555 168.8538899668885
237.64455006601037 175.93252650954398
145.98710314949733 118.5273958589509
219.09835750265984 91.7477424886597
175.94730143327635 15.913003647876177
68.57378643881559 159.71106600655253
101.47975346724746 105.87658413835135
161.58340378008933 14.578888784593596
172.0124423229567 4.5029782889104695
213.4892794727827 226.55937710814834
214.643765934697 72.58242388314856
170.56923639676953 112.86059799835904
141.32489187477066 27.756660028326746
100.74123017229236 125.85747963044399
160.22576955766326 184.8740449596753
226.02138852517106 190.07907355240542
154.62236214265806 18.077829623727336
42.97071323972562 192.78298816876557
168.82734245778735 12.448595944312968
12.95026273722688 229.73083965698683
11.754288325108996 124.51947298130564
25.756127326579893 211.68299939154537
191.44014440814337 178.3147170741525
63.29700068105684 97.05925049235417
124.59953151834222 10.526376316515734
65.56173240958843 210.12925055166173
12.664973637193905 120.01298597383017
31.63883519302682 110.57996358281882
93.33303005109822 207.18893997392632
92.53132116519333 71.43415814763173
167.0452022578851 136.80974724998939
151.47656066189666 158.483349902013
184.10309902348203 103.94389823103273
142.23714866231444 191.15906327859952
39.854300138310926 30.065394378242267
232.74047568844466 174.29384630222916
43.30761606621508 58.81186905308006
87.22471516032515 105.90991315594111
92.54095475466151 106.6705249928388
181.57101009037638 108.12638350080874
246.71061728510043 236.97097277089242
170.4110975462078 240.5492402928436
18.372701795666995 67.89645086071825
75.5463570859335 84.94870454239215
85.72005382289963 126.97463453350952
144.52967054562785 44.69964969180848
0.43964107908137096 135.71746873691225
208.97613772032574 167.72020154571888
84.6599025035841 243.4560262322719
144.77102768337247 108.41847785435758
234.7900641746372 35.84487801699996
21.064936916402072 231.63190839760415
87.9534299770308 79.6154328405292
42.887078095296516 114.62445780799627
138.92274333307395 68.02631351795863
95.71299436128999 22.01526692353048
98.36967144486167 59.18263066859533
105.85545551718556 197.8432504487674
95.80257338120435 74.0653024789166
244.2366908841235 228.58377168423908
158.33405339339748 34.23759008566385
106.21977222250109 192.46710572868676
231.46936986881389 75.94297194254898
14.290327385729467 71.38315153410785
56.47662893343588 208.06377118748705
42.2092163979067 122.61356719100522
118.35294108902735 40.91529056388302
106.08906246230474 123.70394124138609
182.23391309166402 156.41695075644526
106.13370732730549 5.899957288112379
49.128928559458465 147.88652758077504
30.90999146475565 44.95745734944259
98.49252831437097 84.01208176870195
135.26983979241976 156.66908940760572
129.8862795209576 159.29693891252157
183.3128977758991 56.83852446465878
110.96159407377377 198.97399674789455
89.63019873640515 161.94584376332742
110.70005336291453 207.7187073099506
75.66828157545865 242.448796193378
238.79364422322664 220.55433746911854
235.86493022193633 54.57453737904983
190.96703132762718 166.20392819679924
215.48896591247546 128.89531049319552
74.72796500215433 29.64692383105566
28.608249289857003 26.93492775303427
82.9436564313825 34.61771357899379
27.239170320343565 243.1343751387656
3.8970357005951586 116.70815950696553
189.660001901068 156.81619075406516
155.9605222525583 177.9133805649542
124.50217533776028 103.62992590149389
58.53626647435314 29.444562809461782
147.45414899768778 94.66123106651375
43.155879002245214 197.46481115650033
207.78368521789676 205.78036846400593
239.63942939517494 91.76436013368297
72.11978596656557 163.2128871750826
202.69676833447593 100.26632376106109
33.71792881176503 145.93619444275197
219.72990393850282 226.8777136579668
59.14144363157467 158.9460827406699
201.65491887006345 55.54273637557009
126.128475260214 85.7478021740628
69.30791867706768 56.35518954751234
64.68178554377558 188.13767592529788
153.8276909404476 207.25835477750903
91.4743872168689 153.8130773321654
18.788928450965553 94.61812517142786
214.74923632031022 13.854371879205546
5.6610523904406795 32.80344042792119
187.04699152075446 236.72446214633254
60.1665555425093 54.785977810093144
159.28595759828886 249.9685557318802
195.6058401977514 31.639721755065352
104.8816101070206 232.4488299987725
102.67913425915073 72.30889908882924
121.90148566652734 112.73361978066428
169.21452021027062 196.79132018746927
107.35668377139945 71.16653800672712
26.096357926966213 96.0812645732061
25.34741020167694 148.7401729234067
161.58522791761249 2.05497720226977
143.21921696143525 212.98281559154972
93.88716676785904 62.131645241292475
213.5090347379405 231.15327729180916
1.7806774688270688 129.2472349984016
7.006077382960968 69.40086389681102
187.92579619302245 238.26873151950616
9.100654097700305 149.28925145969941
70.6112571559559 70.09182466459323
84.49818015614099 78.2583105252996
161.59155328160222 41.73978439055026
116.00417717843675 156.986813142515
25.84433611298914 94.29774683439715
171.0264696884009 78.98058545145065
223.82390213529274 29.764737346263782
64.91546385827479 174.40524064454306
237.72607605061128 30.468055001243695
48.45796484130055 45.45834530872634
154.28506534157094 209.45551479061737
12.676729744460353 174.01540971053512
244.88711693792305 25.655363627299256
239.5231318872763 143.17326456856281
239.87375959569306 21.30950702327064
117.68309648515391 31.43189428109197
133.16940102806117 207.35542655599392
165.1918593222842 61.92567259661574
88.1258117810572 97.27346383781368
98.80974746618695 149.40983659337766
47.4754465353395 22.204675786654388
75.9662683700876 218.4142522697834
222.24559793350997 52.31890430492042
25.495491286209067 2.4026109720311775
179.0417792218564 149.8522469361386
9.79160561661671 90.55013372659259
214.26737721631036 128.8604303908364
11.16238145004339 180.0168836778451
223.21156714492778 226.03319888389075
82.72142255215412 224.91864954894166
191.93306086074816 234.8329031675263
114.85793402662675 160.79726858647192
39.49663871849587 66.8853602487837
104.8602180021804 172.09347375081322
136.5969111332401 242.37367189656962
185.74265012539698 18.28221429280258
229.6842077892803 143.3336643629407
30.68384145335229 198.27406592155418
208.3540491002743 33.18835817898502
16.113421787864013 237.51744545484905
54.60369160219899 31.079543156202092
56.89854329108063 52.373708098381044
173.48684496206008 35.35989460215364
42.3371359183527 139.43523965897933
215.84895435294177 171.20107111808085
87.76502153960978 67.66618661902207
172.9354035885647 234.57541039817772
68.6919582250679 173.4582969870066
66.51408374430682 109.31314477582188
28.85072479879075 143.53809387687414
20.114004402939923 103.37895620937798
46.83863148203002 208.1646367164565
7.51055001431139 246.21370097120652
170.0092342497437 217.43603832691528
218.70758317079427 207.45389127089308
208.26460652146866 121.1162705702678
150.51594281438202 86.35493248560661
104.82018413886729 183.15001851688615
234.1413654829201 17.77860490809713
193.0026982492663 219.5930546897486
125.40920754526306 70.25853510833849
65.39535144273731 65.240021080155
95.04311328897421 205.2658655672009
13.545330943913164 160.12285910955686
103.06972383563159 152.05351379771594
227.49789629588406 0.09895089822817282
220.0911592080484 14.399026545235117
232.70854538216037 138.60802927228525
181.59250916622045 136.58064880579033
6.556321677182176 102.01750667512819
179.6811563050288 245.7647137642156
231.00502274598793 206.2246086721051
57.387321458744786 66.65397300158546
203.8601836994717 61.019160440107775
99.34450680026416 212.38565728869253
35.816927407742895 29.277530329917173
0.7999752595162224 228.23418377408726
120.97439717503542 235.4737940770117
218.85874800801886 61.1316834198328
45.17420502190259 130.7731883077283
27.933442603031434 221.01695636171837
143.6907637134412 185.3016984178564
132.20081007536746 130.53665215184938
100.62421403919045 245.37685883063185
155.8503135392648 15.974306016635909
56.60177406592498 156.93796116909496
42.4510153686318 205.09433878948127
73.98049482345826 207.0109388664981
223.20159969728093 120.61006700995033
38.768188130019254 95.75692708367339
125.16384310067882 97.92831165216023
96.15926048980434 135.8200646897682
47.322231721955184 151.3557002388185
164.97832832940117 43.65822313280465
127.40472693789378 44.11895478563083
228.07811943871155 62.882973007835325
112.09600133353176 210.43965771010096
10.861374193215035 126.18729911875063
203.12712791806882 189.02558986190263
163.15802014509717 100.4481177488537
212.03570105269029 229.26758221759673
106.56876031223419 38.833243002629445
159.2855219298571 140.9662850857213
65.6643260593976 176.83601675080132
174.30878017000768 31.570345125221806
4.089446405239533 101.09540489381993
200.9816108175858 106.7650623488382
91.42020846159896 38.541375687979354
24.651323095408685 44.105194749899184
69.32012599299172 216.04994782506213
70.82208043367827 29.316512212679307
75.16337751000587 135.5028323949582
242.9650300116974 210.34328961881968
75.78433942776464 55.310795415555695
70.17042382519759 168.957160517284
211.14727766755692 164.05814050409145
92.41123179559341 75.33223462427347

31.790645660057294 109.67376639308287
93.64216087422237 149.4766488416668
239.63521601018763 144.3492878272335
139.64845224281314 39.43646943531925
29.83694921125826 246.18621385939008
153.50238261497753 134.21259990644413
105.03767189855276 95.33816068894485
6.092203105223182 181.50307340680723
37.55067254695549 96.30667706348365
77.17176846817512 207.6926938991727
139.80413084815976 76.78435613293195
166.63568766741065 25.264959916249442
194.3723019262633 242.46314526393172
63.87883628845189 127.35384394888399
56.705604840226854 33.1129927920834
185.19474722025632 148.18038938250072
247.75664496326536 130.26354100857594
191.58092648054364 117.71403303225117
185.21215812704622 236.19987660064444
85.8144294291825 97.67435449464901
133.65233173647297 222.26493360509355
228.79734292268094 128.0537620522336
136.46007979558263 55.405127758769794
60.090091010950474 209.38494450353537
203.4078023085442 54.22859625763224
192.92526515305457 172.8644669564978
197.62507287052873 51.23138515477199
189.06965529544942 147.46178972175304
65.39325320793829 42.46518813814207
27.75977511216293 189.7324479086428
237.4089312750627 104.96779920433957
58.488175461671176 244.3777469815047
218.975667884033 183.59150064749235
218.33447000179817 120.66590203244756
218.00460825604034 123.03090869958177
6.309628013124402 102.00358572301893
247.10156414434084 130.65652747010182
73.26563309179893 47.848436957204534
200.12430621682753 116.0670939433468
82.92189275261771 171.4953134051167
238.80634806895313 94.17086243871003
147.3982433849811 88.89624504863392
244.77091651696787 70.01936214159093
187.33681761325548 229.97192493680956
217.50823002591287 211.1979803411113
229.02056776963013 179.6330191285942
129.14431824486772 62.93364081077771
66.98594315539636 242.141473406832
243.46617707992436 18.08964942291097
12.864750186856261 85.18773986787212
51.91011797636355 154.96582097622206
11.64031682149047 0.5754415030636284
246.70621634115565 129.31065757279646
247.4473697321696 67.32786974152555
47.79362448919603 12.863303247180047
105.25929942106491 9.532937716251494
150.06380651778284 63.877303289891856
131.60060904191292 27.227515899719222
36.269574091938374 129.99742990748436
72.17906224146087 219.09828926111578
154.61485773963474 146.30563876804953
51.48322674445571 106.3199267467454
135.0322030224196 23.131344679983652
156.70151081847604 145.78878115874062
24.10657454030915 152.56104822894358
68.84896861135731 150.71808723970466
32.73442339109439 175.45325208136884
234.1817386682611 51.280900050332065
103.08454783185795 191.6053184934678
217.13072907909415 40.24591940347058
169.10667795780145 245.64556632270376
73.2305872774538 121.15519132006317
37.77902164904806 62.1122828085294
151.89569224368478 243.3371150665706
141.6835036173632 42.67451013839041
15.236470501478555 206.2334242125135
148.55267627517117 22.1233504953941
174.9871941935436 97.71067508624856
83.21785192578245 136.76294498616878
25.049123956667835 56.46941511507639
36.26670083730627 87.55654645995608
30.287519980078585 109.49451914462716
230.13433349428365 59.15051882001951
202.83492033718792 216.47925977379586
196.88372318351134 198.65361786283236
166.66529706983198 229.21552435470025
96.18095339213973 185.24223155984927
134.36577040491147 228.36057170410746
111.12312908657368 62.30144974547555
94.68083980889791 2.874650314116961
133.9699761488035 247.5747732252103
212.63262087572005 150.61269019988376
125.91884743630341 87.42027127787865
157.74743159106285 125.73154363012907
70.55549372558662 211.58891732885402
51.39821194961133 174.49025781215357
60.179017675814464 235.57065591528513
102.12198670739492 164.263063326044
152.18500849369494 215.29036390012914
89.24420942795633 203.37208178909535
37.34645889521765 208.6494957476842
15.699199190573859 6.14810020878534
77.698717084416 69.985034613572
43.4508137049375 88.80508114876318
82.67574573052033 224.05909380232623
212.29796502358232 140.09442718266465
114.00365441318505 155.7820142679712
208.44085343308288 82.04599347596381
203.5530599507897 94.64441043264246
27.588807939813137 39.50673181691158
153.2173898718757 160.53245436347288
194.7215030928565 160.24810493003207
114.71990038297292 43.200919518304794
131.72368962489668 210.4001825578752
199.1254389958038 162.26769982980795
81.31720574767182 76.18536580193965
105.85005809022694 174.0333733479503
170.7910346764047 116.48833921453148
124.23894032174604 27.29601429961706
166.23605904290898 99.2656592279732
33.71633475175425 73.51446718467349
196.77777981977806 184.85794126224363
114.05158476911228 200.64951240983686
243.11352719674278 211.32403633460973
72.09674944193603 201.21419016954516
85.47096720133176 240.6748053938426
1.6617169737203896 207.1845624277449
29.103612484071895 25.051567232548006
230.99501961502668 92.07904400209469
157.9698359485492 52.51581910965103
219.44207662539333 238.64170171880073
174.03805051642567 246.09450333266332
154.54158200035505 244.6902114371857
32.00963626965947 162.82834225588678
154.5949605566 207.84240143010297
48.470872467416385 248.01952672234617
216.83063152210318 214.47897827476933
245.46776129682075 184.23635867492362
169.4854603836303 236.15505447076487
26.939691393885802 10.566747632456657
211.320687809454 39.79371545106766
154.49726205193087 29.587181910114168
119.89665894961476 56.510957919184065
103.42059549242097 4.28788111045611
197.0305698901119 176.80524621850833
122.63369309070762 129.59089886476292
218.29946454516323 128.5625446615536
6.0814775936883505 25.04291020496552
25.854358639355784 214.0843976207887
130.6275933496676 103.29494211078963
40.60657385317734 199.42448744450888
210.6890111375014 134.68114638525842
78.03865257570261 61.039753374081464
134.375303454205 87.100745186755
20.758659101577535 95.64528753686338
98.48281831598821 161.08126838395617
149.6898980458162 190.8102017045038
172.1095187193472 213.63648012044052
93.11586529006959 241.38557787928426
5.347433522452399 191.82412776887557
50.747915106735434 144.6489699156671
100.33095887081022 139.2006027439268
112.86056813704836 168.45534205768487
225.12723385927194 168.6409471187019
130.95213503757782 115.07722349850674
18.19962808436926 15.239897944760077
137.42717388106465 135.32658070428533
135.11684969461396 76.09930079381184
202.01248293649277 204.1386440764344
69.5379566696204 122.76793686864143
138.94590871011687 4.1337525637343
122.80035776179618 228.78933359508642
28.479292949614848 70.83264478050418
137.0386383002533 33.064970699709264
224.15538467080475 94.36794326898726
40.026099121746455 158.47405377995628
29.934190929279236 74.50901783960101
94.60366909059356 40.45342720295955
81.521323095158 79.90792694855267
162.69199838590202 167.3836325286677
64.83061227376322 126.6683425821544
41.99150824169087 11.699150674908566
111.85639238223627 201.58677701005777
73.36455597393172 68.12159132657588
140.0100415509242 114.73503040812035
245.2315055133287 90.14443502132808
93.4799655737571 172.43667848429217
19.657787915807273 111.56065981685981
206.9588550205919 41.60084099653122
180.9154945044109 42.92359499185963
185.18686741453624 229.0335581369172
225.9287685356408 99.85878205218738
29.460886637418334 146.40420019965188
81.95477915116162 192.87518935298797
68.58337246752222 129.0742940756197
15.596519325984575 15.790071159658108
220.87141705820292 217.3781809934831
68.9873464666381 19.427541304007867
86.30407524811531 7.298412243501195
141.46275202181167 192.15542069797985
218.78474863952357 117.35190736189833
159.75509638493213 197.9456820810939
243.25831415986914 65.3400372586857
101.84186485013808 26.99725563239011
232.5613007034715 9.902699519874131
130.9171164996115 10.78244730034511
238.5069605505606 64.4989331739941
152.5665039614556 37.67512218259167
127.93070994310293 73.81729273932459
213.53522750410943 48.2342476001528
30.419251583464145 220.05418186247206
246.40147202163195 7.239074108476462
157.6485512111496 117.60203723207613
56.67798759625628 10.831247914261294
173.14501477113956 95.7827502884408
31.593490223851497 234.53428805970694
33.506556853024286 54.97334927544853
127.04394577017806 99.74616610138864
114.77776359942857 32.23645150028601
11.021950780905899 37.6234701088034
29.247324649539525 94.66392181692987
112.95457589580884 42.623126442267704
213.27686667468677 119.99794247150177
184.243530121679 126.88776792908959
179.35412470485105 191.69415053966094
11.599592175219136 52.85482952689935
30.37601175096927 30.46919109995938
156.82398685997154 149.23212303638792
159.87465219360996 188.78472957963868
195.27681461431936 8.083856332608747
25.743267066641483 50.611278593152534
71.95339664796457 178.98011714079576
145.3129430497916 126.7010769238128
66.01122057982626 114.53052129593449
76.47011341815396 85.20503206537322
229.96962500659475 207.02509255900767
163.5384176139036 67.87541077327842
18.457312873352393 60.67947984387684
164.0314814072751 207.3281285141726
101.1536133501891 67.86260929153894
86.38478396106782 177.40712044372773
85.19268039964656 70.09547009002023
160.55096363343543 171.40426182319575
180.38787888567967 181.03500030755683
114.44456566342542 20.78012461531939
242.5673925334758 55.55612064880733
57.29048931769293 153.74019690747488
45.048577595448585 32.60020592866958
50.1949757304366 197.5680795827409
76.96145484812081 27.501438543070577
99.29136880516748 244.76207098211478
109.41163109183557 169.99845995744602
61.01429652804141 49.75895855766241
57.98778809239674 156.28441158525786
22.705455878783727 65.76254177837184
76.4438887459251 54.573854050570496
12.846279822826045 149.69089115229343
121.61552491657024 25.956686630099284
15.88301994404659 107.45367997236261
216.66126267492575 136.70505699246607
152.9574218388279 83.04886105302778
213.18430386170667 89.27996723405984
174.66382651067244 78.18725478039978
153.53868458752825 20.784602962614475
245.348382485105 243.54028303801152
241.67754296605716 171.0449232324278
230.29502627248974 179.4430040604479
146.48686510226437 126.23787559608016
219.88013497468702 95.19034120957878
176.00646615216183 15.262611134913312
65.83439794571416 152.51907682495707
103.23041962263815 105.94458125190359
163.4383336241818 16.816331092518567
167.28149700103782 9.871419159705408
216.64207260163204 223.6976612498308
221.55665408638373 71.12622134779137
177.97039190232084 115.70874740589657
138.3176377730614 23.691131541486804
99.2738606587493 131.21295442612941
159.6129517263813 188.72605991910936
224.30749801190456 195.24301802107618
155.8569757008828 22.8367111844876
46.08398090332438 199.6345380420554
173.89249809409955 10.742920787864179
17.08584911246508 225.12797579233364
7.985887011488058 121.98975845092869
28.707996672037993 206.59494268023053
192.38943775865192 174.02505615784156
59.826060960804035 89.75327152154206
121.65429286400062 4.247895588797928
68.31001169253551 205.8598432324566
17.303342577087435 124.47463008646811
25.636898640841288 115.28461792712932
86.91233446625229 210.44848500874622
96.64963852263011 65.4532561354715
165.46346279990274 142.85082343964956
149.88840851022164 154.07241981996182
178.53167556605413 109.78603603533502
146.1043835946511 196.64497592669994
41.00507511495821 35.35438691095658
230.95672597243737 166.2732615736533
39.71635262919959 62.063762891507196
93.49978663274047 101.00400486062655
89.21312115570743 102.86267833097432
177.53364286576755 101.15060120112268
243.02308040690107 240.1271089209951
177.46906086900802 237.73755814737072
18.927197425993164 64.57329817103935
67.8499584026927 85.91578330266384
89.0407971467041 132.30356825659214
144.2735351618623 37.177468235255446
1.681886741762506 142.03102971040386
211.31864071250672 172.49051921512108
85.41998954991337 246.73621308759704
149.3908513123586 114.68739466969954
231.03677632282654 43.38033602072533
14.580337836710477 226.57801407640102
87.7298790544945 82.87252138984483
36.98974652530712 111.61531524182422
135.14224343392968 67.12342862693404
89.85689903760147 26.01530513725589
94.45360918313972 52.63112549208318
102.39094289022785 201.39916549077986
100.28187017653725 73.83557739263269
243.79653328807683 232.9535766920151
156.67368762693826 36.98368578243261
109.19684006027263 194.7926568439272
235.64521081303783 78.73954535894082
18.588974519331032 69.50817943379525
53.858905683784236 200.60981724708023
48.98743066795544 120.54879608338018
120.66134170865303 36.71166238386278
104.09725730673102 128.00996517239562
175.58417051636965 156.99306809354695
102.66423602490023 0.9891927701004555
43.10328582531964 142.22283785524277
28.92152853877372 39.478756458112386
101.94360796486335 87.4121098183859
137.06220199806478 162.9161267386846
132.53631680356892 164.2698600294322
179.38873840421908 51.62778055056952
105.88321110300942 202.79088545212366
95.89973370492497 164.4914300728482
106.46992423082735 207.14717218083837
67.47923143703674 240.89523711964736
246.61231335257773 222.0676918232157
237.91973261222094 52.26800752140714
190.70560821944736 161.8345903729676
219.44689203149605 134.31538074013335
70.79206622716642 26.763283713731877
23.65287649810005 25.206569581040895
86.64403857369362 35.041836407903176
22.372425525636565 237.55250473543313
7.940071908263624 119.25353761587287
190.49991688812662 159.2484905638828
153.554293507228 173.3853767534073
128.07760147821872 102.24711903571101
55.98298512877775 23.565041298135885
143.52145946650296 98.5753554708273
40.23022358201861 203.78452957482924
213.1385876029115 203.43962132875782
241.11148856355666 94.463981636644
69.25341053724557 165.6913724829316
206.77207380584284 93.03973504728202
28.738592351244762 149.58808446705814
222.60213999222316 223.40206843680846
61.31329098989705 150.88004045591825
204.16191163706634 57.20272294685353
125.38605636857156 89.76086568771268
62.76176356170399 55.498345287352315
70.4842885237354 185.27554879554302
152.24165666097852 199.43782254851203
95.6224996968111 155.36074059815894
16.869074215020262 95.72980691506855
221.31873037982407 10.002876821049778
2.164160163339451 31.522351347612805
183.58451471405584 236.38711048643367
55.38151976044203 53.09992308805078
162.43526873688361 246.3029434592983
202.6541128037956 29.196038664872248
106.28458575259097 228.67368065645834
97.4335027121751 66.60275154496637
129.8021442083773 114.35375577764984
162.70713770956147 194.57060734113756
111.82107134726601 75.28313854867547
22.643351380633725 90.79136708841168
20.119020631499673 150.9890091495287
157.82382110175718 0.031930449682471274
144.06138140587356 211.36437840995836
93.37048630049263 66.79945504296225
212.05159059757924 232.2236121281016
3.2496431115425772 126.49612317660724
11.111683057778738 66.55771029457352
186.4678306979292 232.1091871740668
4.560345289892603 151.54516754265856
69.44693075064423 65.44578905457266
82.84661130632695 81.06270467058965
158.54789856256014 36.9449590393931
113.01678260501227 160.89927587891438
21.957599617669576 91.7241324252824
165.8849086536026 83.71776817008659
224.03140772465292 25.377084569817242
70.46896480517754 180.4083751161718
240.53325219937363 23.44760674747587
43.145563835738756 48.71682252538975
150.8543390694759 206.2234981255077
20.14514606698897 170.1730890531376
243.09638406106376 22.160228871540482
240.47925638336093 135.01787617055436
240.626436869392 23.557193872580985
116.71314160745794 38.75928956527094
129.60280408618516 207.6474478240546
164.48100329809057 57.052630477928076
87.6006558653744 104.608868910989
99.41056680458225 141.29342474725283
55.280918562988695 21.242774585221337
69.08473332162224 213.69064161323988
220.048222285161 52.918133505569344
18.77583668551433 3.217278600230189
182.57657929891502 154.58152917060414
8.13116760831109 87.90439030264972
221.66814199061886 125.70040811827279
8.97060112036105 182.89787450502433
227.55048569557798 230.66808388898352
87.14107409051886 231.4078660686503
192.89902376953094 242.61006546969716
110.5858382645542 154.03479695471032
32.44364866926192 64.97550858656831
108.42333769787935 179.76086419830222
140.76870599541363 245.5673242015092
178.71805063546512 21.46431860549347
223.90858701361967 143.54348846865315
37.26467353614946 192.95449586214156
213.8364843065772 34.10015417196877
23.051615395671465 233.09541060465077
49.76151371439955 29.67976980622
51.71814403237879 55.30530919052754
178.4525153196831 29.075856423110363
46.538188085942565 145.78347637498095
223.60402734102274 169.33231985554525
93.25555788242451 66.38989152352586
168.61353699711606 239.66245110005173
67.04530388960775 181.32651027392092
70.92732765895587 107.7249954242837
26.684781962447474 150.73914242937298
26.97264518871237 104.39955422121596
42.04346121704739 207.0350213401618
7.298608635401077 245.37773236105946
173.51420614485178 220.16318661900385
223.9352756432999 207.49419383285522
209.64609825156757 128.61512690568185
151.02207673626336 89.8365977435647
106.03763191857394 179.05105179021453
233.27958902119667 22.082093211633154
190.95161765645116 222.95598282447295
121.4030445037988 70.82029631902786
64.64412305647657 68.35852382014868
95.21053755795408 200.01194067074843
5.582150952452625 161.37749733142996
106.9735308257623 150.02828735292502
222.88286433598427 4.907814513057051
218.6793296981863 21.60499786819614
229.13992557145193 142.3030056378313
175.33041511478697 131.49308935442616
11.051996234657969 97.44042703542891
180.11900106528614 248.34283220172725
229.75722639283669 211.41169639015996
51.79717300393913 70.57134478854884
206.12331090346743 61.964108951731625
93.64412476429138 216.2826042916453
41.396849840964336 28.96576920557617
5.341272507003447 224.67554040058818
123.24410836717536 241.57093767160455
223.37800772306002 57.76500884375077
43.76256811970239 123.78989017698814
22.396241004560697 219.18715704637953
140.13261643546377 182.75444299288046
131.4436219640588 135.8080758383307
94.68367440002359 246.012069532819
155.35793038465857 11.072320586851342
53.87672188710038 162.9643148331661
45.68439840308261 208.45583969865532
78.40528300073224 204.15849407447408
220.245746168245 119.81722612462428
32.88006980008615 90.59997892010946
116.74742384494466 97.37295587721562
95.87415965082552 133.9733077625737
40.17166158611124 146.9339564900604
165.9592290911544 42.67741897986835
127.89179694662612 45.97180861466468
228.8629176273507 63.462996148985404
104.71939918627332 208.8681419114189
2.783140877249762 125.29331704736626
201.7698824966634 183.04431192513493
168.9442728788908 104.73506114568853
209.80779986115886 228.69139722777672
100.7076217612303 44.94620057246521
161.03303945678692 139.39626831278824
71.27928882123155 175.6392373991806
178.14882357177817 38.83752975513954
11.337119973864384 99.51501111498273
198.6926635638716 103.27524377102957
86.91840308906387 37.43376425458403
21.73433221214982 37.66952183245059
65.0087540956654 213.01119251925667
71.76413464694492 28.40902869785078
71.86309521464784 139.20573851184
249.51130527058052 211.28773897313192
80.32955130627764 51.693799165050294
64.87233289644412 164.87000552449848
204.52642695501598 160.53716318610563
95.00352337481985 77.59434613706098

51.6
68.8
68.8
864.7
172.1
432.4
600.5
216.2
129.0
480.4
34.4
17.2
68.8
36.0
108.1
720.6
144.1
103.2
432.4
216.2
103.2
720.6
34.4
77.4
154.9
286.8
576.5
206.5
229.4
600.5
68.8
1201
34.4
172.1
34.4
17.2
137.6
216.2
114.7
103.2
288.2
600.5
1080.9
206.5
144.1
34.4
34.4
260.3
229.4
216.2
864.7
286.8
17.2
258.1
36.0
8.6
129.0
576.5
68.8
258.1
72.1
144.1
68.8
720.6
229.4
960.8
864.7
17.2
216.2
432.4
72.1
1080.9
1080.9
324.3
206.5
288.2
129.0
114.7
103.2
36.0
86.0
206.5
229.4
103.2
260.3
1080.9
68.8
206.5
600.5
720.6
51.6
77.4
1201
129.0
1080.9
77.4
143.4
86.0
137.6
288.2
51.6
137.6
25.8
103.2
960.8
720.6
36.0
77.4
17.2
216.2
137.6
229.4
103.2
216.2
77.4
260.3
143.4
129.0
36.0
600.5
576.5
34.4
216.2
206.5
1080.9
288.2
51.6
258.1
600.5
25.8
25.8
51.6
172.1
480.4
260.3
216.2
286.8
72.1
137.6
137.6
480.4
576.5
68.8
51.6
864.7
216.2
108.1
258.1
137.6
34.4
103.2
600.5
25.8
216.2
17.2
288.2
154.9
68.8
137.6
258.1
288.2
480.4
648.5
206.5
144.1
68.8
216.2
17.2
17.2
432.4
600.5
144.1
17.2
432.4
129.0
540.4
51.6
36.0
286.8
540.4
648.5
1080.9
206.5
288.2
72.1
286.8
51.6
103.2
25.8
51.6
51.6
129.0
129.0
206.5
143.4
288.2
286.8
600.5
17.2
114.7
68.8
68.8
960.8
216.2
648.5
288.2
144.1
258.1
103.2
34.4
86.0
216.2
103.2
540.4
206.5
144.1
72.1
143.4
1201
480.4
216.2
960.8
8.6
103.2
72.1
144.1
720.6
864.7
216.2
68.8
432.4
432.4
103.2
432.4
288.2
1080.9
17.2
17.2
864.7
864.7
206.5
288.2
144.1
1201
324.3
103.2
720.6
720.6
143.4
288.2
103.2
576.5
68.8
1201
432.4
77.4
51.6
17.2
77.4
143.4
229.4
72.1
288.2
68.8
36.0
288.2
720.6
72.1
260.3
258.1
260.3
144.1
1201
77.4
216.2
129.0
144.1
216.2
648.5
144.1
216.2
72.1
108.1
68.8
34.4
576.5
34.4
143.4
648.5
206.5
72.1
864.7
720.6
864.7
720.6
288.2
206.5
432.4
286.8
480.4
34.4
86.0
258.1
286.8
600.5
288.2
432.4
864.7
1201
25.8
216.2
216.2
216.2
34.4
144.1
34.4
17.2
720.6
288.2
103.2
34.4
720.6
103.2
68.8
72.1
480.4
286.8
216.2
144.1
72.1
172.1
34.4
154.9
103.2
144.1
172.1
1201
1080.9
25.8
17.2
86.0
86.0
68.8
25.8
432.4
17.2
144.1
288.2
144.1
129.0
72.1
72.1
540.4
144.1
1201
103.2
864.7
17.2
51.6
432.4
68.8
51.6
1201
600.5
34.4
34.4
229.4
143.4
72.1
34.4
17.2
68.8
51.6
960.8
72.1
172.1
432.4
114.7
72.1
86.0
34.4
286.8
72.1
8.6
324.3
172.1
288.2
17.2
864.7
108.1
432.4
86.0
154.9
288.2
216.2
144.1
540.4
36.0
432.4
480.4
864.7
86.0
1201
324.3
720.6
540.4
216.2
1201
34.4
600.5
324.3
432.4
720.6
86.0
72.1
172.1
68.8
288.2
51.6
103.2
36.0
432.4
129.0
129.0
103.2
143.4
286.8
960.8
540.4
77.4
432.4
1201
286.8
432.4
258.1
648.5
51.6
258.1
72.1
576.5
72.1
34.4
229.4
864.7
576.5
25.8
540.4
68.8
286.8
432.4
432.4
1080.9
432.4
1080.9
36.0
68.8
206.5
103.2
1201
17.2
1080.9
144.1
68.8
34.4
72.1
17.2
34.4
1080.9
432.4
144.1
258.1
34.4
600.5
229.4
17.2
36.0
68.8
720.6
144.1
720.6
68.8
25.8
8.6
1201
960.8
137.6
324.3
34.4
172.1
288.2
288.2
172.1
144.1
600.5
172.1
68.8
172.1
960.8
864.7
288.2
72.1
154.9
286.8
286.8
103.2
17.2
960.8
144.1
600.5
143.4
129.0
144.1

8.6 17.2 36.0 72.1
17.2 34.4 72.1 144.1
25.8 51.6 108.1 216.2
34.4 68.8 144.1 288.2
51.6 103.2 216.2 432.4
68.8 137.6 288.2 576.5
77.4 154.9 324.3 648.5
86.0 172.1 360.3 720.6
103.2 206.5 432.4 864.7
114.7 229.4 480.4 960.8
129.0 258.1 540.4 1080.9
143.4 286.8 600.5 1201.0

2 5 8 11
5 8 11 14
7 10 13 16
10 13 16 19
14 17 20 23
18 21 24 27
19 22 25 28
20 23 26 29
25 19 31 34
27 30 33 36
30 33 36 39
32 35 38 41

