512 3.0 0.0 1000.0 3 160 240 100

159.00413559872837 198.61674334708283
82.43608872500174 211.55406065086456
53.07136424033493 116.43237734544665
129.1624682855114 158.22430501568508
136.60530423961615 91.0977149076603
112.9210221545649 32.44236376689566
249.45613191741674 187.74004884327735
133.51703877264856 87.43126826118586
190.4765988359038 183.37826221353745
50.89251372781661 110.63875042032234
16.678952087827494 144.60221432469805
80.9351367513299 187.78586179202864
53.2376417554343 216.07580368924658
93.98856940428324 174.90054855217528
228.83356605880297 58.29635363578642
95.30345215159608 42.159130529961786
123.16745488357923 46.34886264140176
159.9599312295538 127.07740050167877
26.75013836133286 145.75768524412263
30.99567934990427 229.62590107772724
122.7395039108457 217.35101271576892
84.58940699331272 89.2631212029596
133.17025094439316 1.1469058659104303
235.44522430754614 78.75086878078075
52.260995040894514 235.53219484159303
125.12034444869799 143.37652960500228
233.3241473402175 150.5047296508067
206.73716103145526 63.235720861202495
223.09679529893467 14.161926622826865
52.6781199786118 97.47342228202908
214.5803346823499 40.714868126667106
225.25599549079388 130.47650264072576
87.54587192072738 54.53313651479691
106.58394019192663 157.74515792384906
151.5700791491006 65.61592231134497
167.69834954634285 28.999514503059153
96.22641198992388 147.77753056963311
85.56239129024776 240.29995960267777
122.14066844825174 186.70983883604188
235.0400640323939 125.21543456906925
226.4651819979802 107.5699303480063
133.65869080426603 220.32548010655236
165.5471805557388 127.85942539920994
60.816641572956215 8.881287412152494
122.486850744079 25.36551994297806
6.180945697860651 97.17532728183143
190.34094402270358 88.31234086770345
189.66544586929618 165.7816252783482
230.9161508751617 229.88394960608798
92.92317801157918 164.57719315115853
94.35330687501805 129.69894155167353
12.18361665434664 77.82034589531955
154.9669200548357 187.62756200591517
10.039647405538755 111.12172414763899
114.32302747220497 182.9863365093778
210.29274096187217 211.61159905854967
58.01918357445465 167.09880373759907
136.48050004972592 81.18467632442517
6.959518666044523 68.62687124012398
80.35700960058428 65.33383347663435
195.57603492975565 239.60210999057585
7.447584737172636 179.21483692026965
59.22640459675959 55.995621699486215
176.40236969950288 178.7078840328815
238.29660099734906 118.80520436826802
114.30638722316152 81.57530810751715
97.45432486921779 136.6295954684902
187.08794763732521 214.6447484602017
138.56779078459533 154.3889270453956
238.67807421321726 125.93832830966801
41.400755652016066 106.51769918997708
199.64568160464196 159.96268549106512
194.55740455258191 87.22651985983879
83.6952870409558 8.947205201112919
126.17932350254324 10.209467161974157
209.46310325153493 181.87403636123875
125.90457648894201 69.06772081925719
210.57875547458067 54.587830420881694
123.9917852342328 30.73819238198225
163.0282393057463 17.41835851039347
31.357981400980535 231.87414449057889
136.39749532161585 127.4347971065851
133.64762083322822 52.37701625834676
119.98386305327399 63.836810344459344
68.34500328570184 245.45412317231558
16.816836069218827 103.79800255832657
20.787493142635395 6.365640320285748
146.641588580956 136.60421181499777
47.925022155525795 2.5682818217024894
124.62972902288108 84.900202083222
59.991735798289255 143.63353301170613
142.4370666272122 106.87692556635545
34.11510848669422 166.091852930837
174.14007369161993 240.66436930334456
10.397847989868758 3.787903014511734
107.24908357953971 57.234832900337764
114.6852405388267 116.14255915726501
206.2249590819684 36.36060363351742
117.98361481242789 184.701027563022
139.0764314428577 8.691649160777414
209.55680656672152 197.26162434071566
246.54757970872978 133.20805231280968
192.38005146357472 90.35998437111073
35.92041260977016 145.03025964855306
244.0125755428754 145.46778871784443
55.38171464716498 124.92289203221662
157.34710942747597 124.68928916394323
15.920934251438783 28.355522640845983
163.40230093923503 164.2911235640471
151.63628950771025 231.97675114080394
146.3970167259331 176.04411900235627
6.26013956723645 192.23817737641255
1.451195617058476 11.421868116019363
108.34036367409058 1.0266434794970192
34.116726089873154 166.00350976858286
65.09807487573799 100.19088520746311
172.5811788118707 69.21770516806758
163.9862180656628 107.3961879547627
92.82297324011854 137.64145375940166
40.21015926567653 26.66263973512015
23.776678758706705 238.96916369885693
132.65252086032993 32.676815909698234
135.4453532816471 244.03517490084113
240.8164545105791 187.67735388470072
243.7169293711866 123.47933808563593
204.57772438392692 248.03131484759444
145.52105144847428 92.54525632870455
45.228019486197255 243.4220579175383
185.70756671752048 146.2613362684912
165.15758596974416 114.38063965980416
176.10189873155247 12.386941283119679
166.6611132226666 96.13691914658511
199.93216150359885 185.41170177835133
39.70645918094698 112.73384655545362
45.798722341267 48.865878841865104
191.82445013739235 73.78204917381134
134.87149420348263 142.9100688475709
0.872047481925986 127.34019932774606
199.34032085946183 206.79504881308813
102.80820017586578 3.1084427562439734
164.14219366235403 11.301604276369282
134.3460844204436 82.33874143242839
126.62354993072694 82.6509360052931
152.15392843810298 215.66615477323091
88.123413421059 49.83685181455852
211.3341326583565 206.98185325549318
76.92134538382969 120.50123064231316
205.1560284878562 113.723781503974
63.982575188323985 32.22657530673034
93.82383664677258 62.86957332131665
65.16811461220287 154.32004274491703
57.303040715822874 6.137283956265533
227.249235204937 113.92093692532679
164.68260373600455 72.72177984397915
179.27806238004848 206.52366155969966
176.14786955962475 29.256141489638065
188.69590082708237 139.56583700267748
96.68397711910082 195.1733557776021
33.237720175287286 94.30704617862246
146.93865860841132 24.411176808808083
98.20694360768101 188.6862625515907
189.76682697297517 98.5839452222923
213.37182608061448 167.28356636158767
157.8473223112165 171.925190618444
48.25452576674277 46.01488710060411
202.2156188312022 228.82290939396233
115.86865371025054 28.972505935833752
18.25574300523386 62.83389833564462
2.5123923235903787 249.22784411268245
194.53545445127259 11.44592362542493
115.74598945999013 204.35748292790484
212.4934991139048 135.17228569820006
187.12579900148333 142.48855516271942
99.25559247595966 5.360564179376304
104.42090892452616 130.78222145001615
7.822369282720287 158.75515719166634
104.47942519891484 116.14695342609471
44.643499968789854 21.22523389349204
220.62895818266614 93.50534225064175
145.6794060903004 229.11257384985691
237.18771608673006 0.8019110958575049
174.36039738202936 43.39242805110904
77.56877063860091 131.09284787857771
57.5806518506039 114.75145492018792
142.22261928654007 125.6112633821322
116.95366505598567 238.72797044513044
54.965102924643325 49.7143431643759
140.5806904070497 178.47507743034458
83.8912141166741 114.52922295271547
66.2360830620428 204.09527562849365
240.0534126557531 95.9475798081757
84.80395396183741 214.3671506318035
39.9751821225095 1.3600982225090708
174.67475860975733 225.92284971951804
128.44841880816833 118.64688126507781
119.7002256104438 230.02073460606144
69.03973578403502 5.556409124141847
30.039088130899867 24.478597182727572
236.2631161693129 188.97419746831022
21.124857278412595 128.51463241122966
169.27330341171256 228.03561237165513
81.24728102970197 11.220225596868833
157.70486757212936 34.09811837781868
60.36636944684645 234.82923144464232
153.6838264113583 92.44213036904947
163.84493280970514 55.78935425769133
166.42450413335868 133.03396266980505
83.01904422800324 130.5185957862983
17.303684009474214 60.93928147428715
18.26637903826733 14.889722621039187
81.04863051519543 129.01723672694138
17.194216561319198 63.90213294375827
44.1562535087823 108.57318985252887
185.19378157665 130.06165973038392
124.5147001026347 80.2373101350711
44.889121658696546 174.8816086745939
248.80411131910586 187.76030387080797
79.9215894075849 95.82935369559425
130.74632908653632 2.7893092454702453
158.15825047940834 143.57500344805644
66.21983618346499 93.92308784622475
207.22292142028695 121.56418813438438
39.588738789042424 17.147269750547228
216.52040448895747 124.03308924677938
115.21336204322554 230.48525812552282
189.70139235561368 128.3624104235296
70.03404685426509 7.730886823448246
162.33410637543275 61.36487742818547
226.25028459057447 217.67732712154205
191.2160309692311 68.3150897411992
132.32050445418653 119.39803561265528
138.99035930979704 145.96734236377233
88.19255976049367 229.6680345069761
45.94126096740494 213.48254740538584
243.0349355184193 85.73304626596403
187.5653692451664 5.287316149685112
130.63632238070835 225.85762184140282
179.32000330070767 236.7308557109015
13.066247422532678 205.4062029498596
183.10154176177775 18.131292832360145
140.03289877805625 150.35151336309616
63.32682291863242 224.20519395134923
94.23873281552481 228.22998036806746
138.03667174262512 72.23215770650509
184.14104810781583 161.68414194134223
178.8034999832085 35.66524207498631
53.09857865636538 37.52236615902479
79.8804604462224 53.41955178061081
93.53092613093317 248.45839165543143
133.18957480759207 174.49179958713927
204.26950351630762 160.9998178926714
81.49012772776778 77.10091778060368
140.85506265568657 135.264302853972
64.59121855323022 234.82464687783053
141.19097275625347 142.37445926880287
249.51941679860192 210.59668578275995
188.33540218495259 201.5225918757658
217.69304961694203 122.30676859075665
50.91729801128578 51.824867733654635
141.96115469325017 102.5304412181143
128.55740394827458 238.9797514615727
40.55022544882259 155.8194925816914
159.4221920684581 65.9899427983893
112.53915660061107 84.82326667671258
106.98657761747035 145.13445516924588
165.44351129280025 50.82627064446096
228.21035640197744 26.46948585105488
136.6783193019486 217.8739632389178
165.4408495721836 92.30085089375181
8.346657403601077 231.2253276642984
76.05039019753201 130.24439573465997
192.53340816881305 107.34027598557807
87.99613232673862 74.96283619764802
62.77019737057141 169.54395143174858
167.61906818773326 97.77241563381261
200.3876439195981 83.16227725107426
54.58485988990702 141.2160876431519
138.16198302071192 44.62121216488343
96.76843448068809 223.74284867370633
168.61700414506495 142.69903448772186
11.873893071248808 31.523245950727336
98.74272538038467 131.89228578548776
156.71322441373894 168.77256690376828
229.45025246511062 111.95318778486968
239.09923508469836 114.4922015421925
57.05795487451973 17.332854710505664
105.16936458333348 149.2640279196405
171.19408457354734 136.34018460769977
100.79620989576127 61.57864669399432
89.25781717605614 119.0907567029789
167.00576458175718 160.60013989729907
90.67340289727954 235.53888966861243
53.99137448524324 141.92465603435218
32.863912154597244 63.709841456077804
60.743884751638944 27.059455090236995
94.88543539473126 179.55258246218807
235.42220385066017 169.5075948402645
146.03972139804867 191.4255050856332
93.87056530458221 110.4937633157966
160.971869190028 213.68375018748705
14.835812003529487 131.79183977934028
148.62979529517753 16.694386546212193
243.2486171387902 243.76952138226727
216.92168511436847 79.275517023354
73.20383362458894 177.54079637229492
30.165590875087382 165.1143036782795
247.71128490392167 131.79677615922574
124.61221617070115 226.2519168611595
127.26446035499018 227.76294277011564
153.52192783175119 7.147388216659917
78.27571775513759 64.57368795169174
139.4915752464527 67.17039144478915
171.18239022719754 180.17863320348306
93.25707919853865 222.50938136461536
249.9065368187238 222.103363335244
190.64199167452074 154.05174056537786
81.0939538635329 64.50872568232141
82.79045699803997 101.602499785626
109.06515488759919 15.306440647470165
240.58839724667772 51.82601184642196
156.78647810476681 90.3410436898229
107.9465802282814 187.0314437841815
168.06979916217813 226.86617920543534
17.124128421306146 159.59666304562663
90.61095430928833 59.2848774760375
15.42275069578311 88.70790669170606
121.31140479362762 87.55948537145942
34.13534459690148 228.84364801572795
83.39223258973274 1.886839392032963
29.453755637300794 7.24679199044595
169.0483750956069 55.9088167763549
213.52658724644704 99.95774146220305
68.18979811216039 7.743779555166502
144.78320494365218 112.3191996360586
215.7037704001973 86.25989736388429
27.64492282759681 111.63997648686747
95.59140979857133 238.69494097432752
97.9259342358158 39.12857423554355
23.47129346536192 152.37996761266814
88.4253680222331 52.25080799283413
62.36571098050111 85.28923620317663
108.8373368016686 126.86848208039852
119.47709621723376 116.07793016659998
72.49772455113037 136.59569837126082
176.14596422187017 183.70153727339093
135.3128263575669 182.3500133334587
130.29958070497048 139.20550559917356
227.37806279275884 123.66050499474538
245.97231843695144 90.94249385288778
130.63850765760884 186.27978202475546
160.9875802588437 122.6002436248512
150.34996905251708 193.33917890842133
158.58497328083362 183.12228470906624
13.046289323881604 72.50465463876321
83.99630191902874 137.00948734208353
178.44193813547153 112.77226787810723
31.654082456055942 196.8652038792187
134.10186699927786 166.25065634538694
87.31129831308331 222.4153186837874
172.04461690415926 12.5403237753397
208.29560185960162 124.84438430089106
2.1594321929195583 180.49953315464757
156.88712729903742 232.8407948596237
168.48342778868232 136.9211282720751
120.44691837491558 132.65526329794923
174.7315616899001 133.96638673127083
196.6742297181712 105.85097566794369
192.1203789561843 132.86083222996757
217.86728676890343 34.129620750891156
107.63514316766961 207.4922566869406
127.45694799354926 220.45819714646476
195.98305195015917 190.23418783052398
77.21193567687764 160.98394794965856
140.57703333406766 164.44489137642995
6.176582309009415 43.8890724885507
172.14644829063639 35.41278975136281
156.2955850534111 25.837305866496045
170.16854048938902 85.05076355871071
148.06599890654167 100.50856991959012
32.80443562211274 30.035448072161298
154.91039531552667 112.1389948692846
211.28327173322532 172.37415393565192
176.41398218286122 85.32059014352936
178.26130422070003 25.77430721844756
226.98403818243168 233.94696944000407
203.3658143967005 9.731145533031672
111.13455225901531 163.83115308071908
158.42435544781978 58.897626161860366
23.588597712858512 28.876125256706604
70.30827510166391 231.2266982585335
16.71960567230557 151.51311736734127
78.19533265052995 87.62693049629941
246.51329827833197 132.26500383200857
209.17728751620564 160.31129467197786
166.02797286702028 100.01104555537604
74.11487622810009 237.08249857581748
86.79996149838814 19.801432862050746
247.26511463564304 99.64523793771657
148.25011935015362 229.04734104105563
10.099501115401422 98.3276825685518
221.31350002496893 19.703001998870455
107.41210099823533 4.899297567487859
66.78823925393623 216.27093201902198
118.67754615958847 142.18788614898207
143.41205737947163 204.26354636308577
177.8321585711407 88.28704613872979
133.11695779252963 150.4150732975287
130.56622560053256 74.47471131197392
83.58752907580106 0.36703003624372066
150.17186907805095 130.91022313705528
93.13811871462333 158.93600396845287
104.773141601156 143.29018189141235
214.9429976703467 231.04618799727362
51.851256577634395 190.79255729622628
8.676682212906266 101.03307061140043
191.15709658203355 213.65381386195082
82.6426629506498 52.291381718239386
72.90340467595533 214.95371752533464
190.67972177234392 54.220287257108396
50.77901363581117 117.87650121611209
6.343843059116589 157.23446718219984
234.75628400520307 180.04632203363337
57.867709548935494 221.57440073151298
147.12058692652525 37.58148204749057
7.76712797055501 141.26176614840523
72.0176058011095 11.931315198128068
238.85590701040226 41.54222775634739
150.73644093924727 140.96698450836658
216.6323585252239 113.52715310791022
72.8451228787001 87.94284394920417
243.28300637795996 183.89025809626435
29.674548959804063 88.28811896033628
155.17270204409542 120.42845721480577
115.52227731267045 49.98174489832758
223.17709131063265 241.40219919876597
218.8773354049615 208.17677268637777
191.90128299016104 146.2455786199456
176.88010560044998 111.3605117689376
52.59357521050181 76.89745584489863
50.72415001995218 178.74963891996893
36.613806094175054 32.508760573010555
159.49942597941592 136.72616694956764
209.91315035217355 175.94226772529402
39.387269579671255 176.73128824251927
38.59121992670847 16.581558714572704
90.44253284101895 94.80709733178792
45.52429453020915 140.27688198159058
173.8395084011662 224.65606615663668
104.74201753276289 243.31851937512127
20.984776146680566 175.70757159603357
235.42101669384812 54.75849447446407
92.23202944262387 190.45125337862655
135.93281305960355 48.87095665293234
99.205404822122 127.2349162640711
231.8370245863019 205.15146008721715
236.04658332141383 211.1649117076338
26.705891239664826 39.84791080084421
32.251254485961226 91.19597489751003
207.61872097023013 249.31598065641253
150.20390678461956 48.15006304433794
21.962719964632477 127.20120128934632
58.87593067866023 107.81170822296932
19.202346686044507 61.88152815792203
176.4887421313443 50.136077041205375
67.96876825317327 132.14864480726592
116.55518672703921 219.88610078846514
12.23472592476496 160.82748006888121
222.93963780552346 167.98386551530425
77.15151308014087 109.98921308017606
192.9742788985309 120.32994367387967
115.36666815797416 173.85085106108485
23.735908514431276 225.8960282341728
111.75716043509912 179.06817647087732
184.4503374217485 235.14881535837935
104.38700011675431 153.51229773683653
121.48294520883049 73.33985682022346
153.1777459767652 118.22772586712013
127.86777985600095 7.310404279843141
63.60252982428977 157.3266499140058
116.08531736941738 134.25356446448856
103.26234274678633 105.51743644317524
143.21711629352848 41.318474498535096
174.37964018372816 130.11556534541828
181.2946844735754 221.63494842791775
213.32031215562102 111.1587220480508
114.79600645621498 22.748999588039748
152.20468158357247 232.8361464688301
235.0743383521394 42.07910136627579
185.8583321728163 69.42380963425101
4.1821428812840455 189.66546575960402
243.2100249855013 104.34076580720622
42.32374837817607 214.36238384766878
217.7733660488297 21.0373957024953
72.99743917645316 42.691955230062085
105.00516438647838 93.30759092731603
59.7915105221857 171.89001012933304
56.64167428612157 92.51215898880518
108.09750892189219 90.46211717901443
226.67322890981328 73.28847500333582
86.55833450122944 16.644417873927537
39.917304921271715 45.210522390783936
157.47328296471338 40.71331476405382
101.45500199491289 235.53144955900984
161.46776245812956 166.36343273380086
214.1481483563255 155.02931468198116
25.27093419128576 56.354466054365865
110.98232254820361 131.4119987320899
215.68918534774835 179.77400746050222
101.64525943231902 157.26642438483276
9.183999717239155 222.0293612343037
12.408932023230568 217.1012553198217
16.310082982477102 37.204150358254864

159.51642280249496 191.9602853376626
75.85373624652098 215.76431699792667
56.83201010714034 109.62727010082249
126.32483428751686 150.74910580817544
140.21866280852257 85.75107744960172
106.86753982298247 28.240047373887716
243.68875116242683 192.15241942529815
130.24150449425133 91.78608159281279
184.99022710705248 186.71239796051293
47.480560448004525 109.66883297744434
13.19487425251839 146.4783720244682
77.22336228387644 185.91352587201519
46.69787325869076 218.2752995158514
95.35592284732797 178.7037665954084
225.8619175763345 53.59443497650376
90.80764482724297 40.21140923042102
126.4300346369289 44.629672435477524
159.09071629195475 131.67232877169656
23.594102631688624 144.65044484362264
32.325927695777104 224.5745366108026
114.54002712293813 218.3144742469421
91.95682659366408 88.90700008731942
136.28053240279098 2.928077452290373
234.66842728978685 85.09118639996119
55.691453902248774 241.9140905246799
123.21540942307163 136.73398707301385
235.1544251968268 148.84503411805738
210.70038902095925 58.08107658351547
217.47689591174827 13.678002359596626
57.31341075077431 90.73902952552288
217.99584745494104 33.392145671382906
230.42733202474213 124.5059080934697
94.00239623639969 58.183570402105175
112.06369829020696 160.6437522407942
149.96988651850424 63.945781470884285
168.7737047938981 24.389933239126638
104.67939857269579 148.13016649049084
92.84011033583029 244.56277590006712
125.72422807670259 191.76176758907792
233.6771866419006 124.28667433790127
231.39408158734435 103.30938923939605
127.63777418285352 220.6432418935291
166.63263768342534 126.00112150681785
63.717280693738694 5.300073878798411
120.79378768801105 31.51998683739493
11.331591956493442 96.08877693763237
188.00714706630083 92.47993049967599
190.46894888371034 167.79149599918145
234.9806351035821 229.34950777495186
100.60245095885604 165.21085897735625
96.69097363403034 133.62707001115442
15.64076763560951 82.80842681486028
153.813751016554 179.3750371594888
6.841462461985914 107.7963860026154
121.31753960185263 185.48197833566638
211.35323868644443 209.20598699112497
52.93981573678891 164.58267909737478
140.21734129263848 84.70601727392955
0.6696601606900887 65.33486911048215
75.07147114674152 71.85341413394306
199.38218049631365 243.21992211759363
1.8899753060940272 182.37072182337906
52.560441051280186 59.51543892945707
181.17809606053174 174.3909227672525
237.56188248489013 115.55698085783855
117.2380558329458 77.6384837178457
104.10661112578894 141.10343654410823
189.42108217619992 210.2611875333375
139.45059293644564 152.14411059808182
234.80074996459686 122.34416354870436
42.2058702041419 111.19155820019192
200.06297625122187 165.22742928098788
200.6582413510413 82.12040016268344
86.66864002923472 6.899492331722435
125.01249709720558 11.196231886575509
210.44963776649988 173.7325006270148
126.76697313012286 63.41550276951951
214.05160128729906 59.28329743561198
123.10251742214747 23.228590742291665
168.17158477414003 18.329964037095277
29.009171450976034 224.34116014313338
133.14828544408294 120.04078479220922
136.00625685117566 56.11232580838743
117.47769468785927 69.54019459780483
74.86706345747568 247.24265611656185
14.411670068204623 102.06996076498054
23.34557197292447 6.510957642212961
148.69156349321952 135.5758428499762
43.17104041867984 2.335578343465039
122.98133824521123 82.81772485742847
55.258556249524915 141.27116875094083
144.44068939315073 101.1924440112183
40.536222858142594 166.18020968077107
177.05063374467525 248.51464252738887
5.592150999911283 2.8298653046986977
115.24783311619946 54.77406280452615
114.3938175934689 111.410813463488
208.87488968605624 31.148425644262595
118.32302464349387 176.69970672272186
144.10123805326788 6.202584068349726
216.728896667068 200.55584621518545
245.90397030463032 131.5900168393984
188.54933197019076 96.27582323959494
40.929858691783366 144.66721779132965
238.30059897102726 146.48478972283453
61.227109632184195 129.52639155632994
160.48908183496187 128.08729827012633
9.32314192630576 33.43551553886653
165.16911307956923 169.8704367680647
152.84015485133781 228.147319358494
148.802669429947 173.24672481984925
13.379464103733252 190.506738818791
0.6548612073181415 16.204146611587976
111.89737157959311 5.389351152905481
33.669992647973686 171.59990217195056
63.807561107866036 95.32688426454011
174.6547812786938 73.76153835630494
157.9176608523124 107.95445648243815
91.88814384696192 138.64363549259053
41.02029720825357 19.08304858654908
22.195056458849034 240.36163613517968
129.75653336623367 31.159848703099293
139.31209120655822 245.1691787016476
247.37314666181146 192.68906958452465
239.20814911031712 120.1986587308099
203.4313000274243 239.75774283644563
144.78231371495565 93.63569919386666
37.4100401534804 240.14365683265584
187.77988851662917 145.27447588736536
163.9341315588791 110.80371068373809
175.4258150926074 18.024621840938366
170.95657981334324 92.23624278934145
203.59634681529417 182.50133411979954
43.24645869874411 107.82550024539967
52.78837552995444 44.46799471458138
191.51361020431756 77.25918833182574
132.22727633524423 137.68476474031195
8.256767610461345 128.11655836020412
198.50890076816086 209.44186842052372
109.54398110900453 5.487675858957569
165.52931642408055 12.591589151526666
126.89832185402305 80.1811761106834
132.41066733077113 78.96586236512753
158.69778016914677 214.60050233151338
83.37949252927837 51.27524997128749
216.1779813185583 201.12253908394234
79.71636385200523 118.77619552986599
202.5588472190978 117.13740626819339
66.1322298035112 29.535417081076044
92.84462757434547 63.03800791365954
59.913144087218235 148.96239855529564
54.6726278093439 4.343378075131133
223.20805562888066 114.19234507396237
165.09914981785576 79.23560060225701
178.33452808872542 212.46477458602666
178.7462248676046 26.150070360455747
194.82933487430765 137.430972725917
95.51946113884466 203.56621203587414
34.16971310385553 93.69496460387808
143.31702778710013 18.16820208672773
98.2524522082929 187.10837884620113
184.01143839627275 104.62767507686513
220.28642104751316 164.26422874731352
160.6885174335198 176.97022396697844
40.97965437735271 50.12326433600062
203.67772903150393 222.14995625053942
117.4531231206253 35.005781492074284
18.270920525581825 57.73565122377336
1.125766146572199 249.95226875144994
188.3490627147109 15.347222317813241
122.91640660119607 206.8340613216543
204.6778110830183 136.69025411704095
192.51555069467437 147.37083812416643
105.62569847646647 7.606763555668944
107.22699434027221 137.13386831331243
6.701858241424191 153.99856238666445
103.6589314405423 113.62852758462729
51.911574135942914 17.77323496185851
220.19469891029885 95.34248326828416
142.33446564488912 224.61515434385376
231.77057292029352 6.809606303211202
178.49598467729123 41.486474600393535
83.22767879481665 131.68188398534852
52.33502051525027 117.04446392837697
140.40644686572273 133.7038349815043
113.87654455727247 241.39795203198756
59.21693305615361 43.23317955615524
137.74664756376214 179.32160790062684
87.95605694092058 116.03159317808309
69.74570790979587 210.07225080833726
244.76444484790233 102.88302052499523
77.30681425056629 212.38079365018697
42.43331228548147 1.5828547564529227
172.75417910771088 231.6079878257773
135.4858101225698 115.67124690544259
114.36264866386855 223.55766098653623
69.54305328673772 13.270227801203099
25.10390195377016 18.33149382956792
229.82576314126536 191.96294597352386
13.036368490864536 130.53398898156712
173.9725736934781 224.4322770659108
87.16826382242526 9.900535261653271
152.03760021305186 31.318204524397043
66.80780641218406 230.2090405673156
153.20253484097702 84.56563720463345
163.16786838506917 60.9030747150483
166.74850544455643 137.45363382099725
79.62357601869653 134.28857848920057
24.17570244116174 59.12916876080174
11.153061345143072 19.36258583619413
86.92797861736679 128.68815734070446
16.69765839431886 64.23261277722101
42.39138821541455 108.35095357422797
190.0628133414912 135.14673966643306
129.82405005888376 80.85382686037961
44.01418704554688 181.235430459912
248.43105530394482 183.12273318175295
78.51706606475531 103.03188051086306
130.15677938740762 1.6610906919166946
156.045645126574 141.31034975877265
68.19365198265193 97.79435427967584
212.77525767977153 121.11714608639171
45.89334563094416 15.333500872233063
208.3127947081933 124.96242981586204
112.48178264458572 229.56582286833884
188.04484371393912 132.60896681698128
63.77643140116515 2.9090624231584705
160.8673068805244 63.99433876505445
230.5288417692706 215.8190035680029
192.08761936547006 67.60614946436367
138.1683729705664 119.4790259286746
141.26992667423602 141.17445534068645
91.93354255199051 224.3119310937171
39.16252159205968 217.09967321232628
240.2320299756372 81.06357247232677
180.21633165500262 4.170084279529557
133.36712289158154 222.43142587310246
181.84561304657802 238.6155030434503
12.95469308972011 212.10185689124117
188.2727023448873 21.260812920453816
145.26632271632207 146.18833250821513
68.04041014017606 228.87408704387414
95.20125256720671 222.38279846923595
130.05468346099792 71.45992170549992
183.23805756729212 165.1739641029028
179.33906170709807 40.25165947253323
49.09304946110451 37.97393744737154
74.67919756377422 47.63846710563149
93.5556096495069 243.36602832911427
134.4251162744634 181.69996661073185
200.33259629514828 155.4568845681848
79.44795897767992 82.62658793402977
146.98837411439433 131.8893533991546
64.84910726130994 237.42750438052704
143.76600822088508 138.87376842702182
245.3293612625619 209.07117921116145
193.7463096792781 196.14845507634692
212.15672382090952 120.52826610685868
54.80047222161574 51.15903967212862
148.51342525569828 107.36402483992072
134.73650590876179 233.51720537560124
42.70892130007719 159.9111381115915
162.85978519382653 69.31508366931827
107.798716792119 87.96256888176046
101.25026521589972 149.1671215511825
159.77066406236207 51.10023975331646
221.43068168763318 30.51991519728134
136.98056003974503 215.09517294235746
158.34165862553772 92.87475737532633
11.60835812651917 224.45885963194291
72.74343935468417 128.1270733887848
187.58470541021552 111.78666244579766
92.71692267474104 77.36985735253806
66.84071371852413 166.29476278735325
171.15300096272202 98.08733850676587
203.59435837297158 90.38652259260036
51.21886529076408 147.0488539585379
136.0787948716422 42.39553991431721
90.9763339753939 227.89031721859502
173.03760814329445 139.14464277268516
8.592422184462102 34.14363654772393
99.48042156320042 139.13597287933732
160.64449887684208 161.4698145386455
229.60930564909017 118.06159220500692
243.89790463993694 107.7342442371623
59.03868654460917 10.499341680952401
110.11435168080544 143.89035936738858
172.49731784383323 143.7333344291485
103.47158996924726 54.10499597450061
86.02013826658256 125.06150545476905
173.2984283549905 156.54032376685004
90.16773562209308 243.40493770279346
48.64332901160576 147.69291813321502
35.1042017615888 71.88598203394109
54.948356270065915 31.97869245752799
102.10160010639576 182.03832698115653
238.6403488515812 174.21339459127336
146.41147976601545 199.19797458092324
89.53846626365477 114.81126134409168
162.48357483693215 211.21838847073815
16.7744342129674 130.71637053594094
151.5962865544728 14.942492116802875
248.77627807008153 241.4453530000457
219.04183058977793 86.33223634835865
69.90186002479543 179.54864028877265
32.00712204094372 171.0420407999435
245.39693353516537 129.59577013091567
126.4802207135824 224.55828636580333
126.76132417296354 219.85036591599967
151.45315435504446 10.42466804817907
76.48165989577629 67.79151419491144
144.7893558530449 66.45058424679917
168.13080991600873 172.72726096072688
97.98587989354205 218.92976649397676
248.6220155323417 225.35690685461398
197.6950660925592 155.56987106875945
80.4522740758131 62.83519045428232
84.20454475560477 100.67783822406807
103.24773270558524 19.232918677347804
243.94554546156374 58.685341553614435
150.97866709704022 88.13601452826076
103.47779799659668 191.15814194940106
164.81244406831652 225.41914382451426
11.4163762706897 162.71768646148763
94.77725588788289 53.26964272222548
18.538183011280378 95.72645287222927
117.78613747771848 85.94736740718895
32.88342632079172 224.04139578371348
84.51589000799692 6.251173627463524
33.18937563260535 12.958991418702743
171.65541579618125 60.528804736784544
211.36457102048254 94.09140688750739
66.73281783912455 10.501917961932477
145.71074828743187 110.08445231911776
212.21801457696344 90.6736188353717
29.999592897034187 109.28175660435474
87.8442361128389 239.88315356194116
99.50630396965552 41.955496056827386
20.8609540923195 152.06531185154404
83.81336216960372 56.80896557160217
56.805151292059485 84.84626104949403
101.68868875586878 127.93948432539088
114.8903851355009 109.77795099862497
67.03421459854326 140.36771639564765
179.08037711575892 187.7499640571336
140.73943005586733 177.50182644618332
126.7204102571009 140.37451236035307
228.3791618332377 118.84733606764694
240.6636529039802 86.08772790735603
130.5328216115809 193.330750020877
157.7349326357651 127.11324191370221
147.81353112091796 196.5331646044171
154.15518965716174 176.59780974930726
5.667534283094355 70.83823473478104
90.99270247560185 136.4191565237271
177.4496032691043 114.72701380285972
34.82012664067538 193.3576109620999
138.28517994632227 169.26422305586922
83.88727690264885 221.94049552705576
174.10706068177456 14.838543836743822
211.27447224728274 117.34991139322307
6.976917508733138 176.5783294181772
160.28056324134823 232.66446875029385
173.9254543970929 139.90760885620813
127.50015046649565 133.85311111340593
168.39478598230133 137.63181725144582
197.02824651946423 103.19919669249316
193.74253143288314 136.7984206908323
215.69525402879333 35.66156269953616
110.9101648200502 210.83417834230625
120.24716035419891 224.3018062757586
189.72379825580708 187.78822220073937
81.12352470812878 167.74683945345643
134.16610628853573 161.4550819767038
8.455456479985774 40.16192584992812
179.51915877101223 34.0642655715358
157.17952179852992 22.470922880487187
169.58424539800905 78.89517201539559
143.81102100698087 97.09528924047659
38.922269917348736 26.655498388747255
154.09175426011956 116.4916805504079
208.27383038418174 173.29694365175683
177.18128996037694 80.82749413616813
179.66393653268446 20.960888341146873
224.76439849753106 228.38344126133148
211.15166726722157 12.582340833817456
116.26966006715637 170.06898799947456
152.48782012288947 57.63018490146912
24.00830776900434 21.55318542233245
76.66520774278379 229.27507716662217
16.60849380419527 158.1824951975251
86.00946056956491 85.95517228816537
240.70745426516726 132.55029336747188
204.45775886074046 162.39892488989906
168.700835304394 103.67750834231207
74.52042015637115 238.6778952230073
88.7192380440487 22.125979038291888
245.11339379548772 97.17111464136823
150.69150748743346 228.6108681436287
7.050426854793485 99.65373542461172
226.11151614428098 25.657683692078603
112.79734383541195 4.175499530217314
69.1859171594021 210.22356815746147
123.58665787399953 140.1678133643469
143.62008584828465 204.2141425486743
181.1392090214532 95.628817739704
126.57181370142129 146.27610586716827
125.9313882412057 69.0272976373798
84.30221589261572 6.96773308785148
148.9592349591456 133.69373889974685
90.2648565237033 154.18382710438357
107.44538117853824 142.81767959441788
210.20720806635427 225.38483309509039
54.03103783091631 187.140131915001
2.506601969684663 100.35389218165058
193.34250464322386 221.32137367017813
75.4709357315233 55.08517570561672
76.53789372889078 217.2103360333009
188.07834530624558 61.56165602616917
56.334471046789794 118.97786553334019
10.237469508116797 162.61937204379737
238.96869637418453 185.72594851857195
59.55909899063419 226.3217462267127
148.95439641279057 36.907912963575846
6.707377437914941 133.33610206569188
73.39428783576263 8.51856656830488
244.18626136744834 47.3191776063924
142.7205551525395 139.73978952743957
216.65163818440405 110.14134945590123
80.12705682393481 90.09809187354745
239.5197695813017 187.136935631823
27.002901742455315 80.81926128754533
156.65072949165236 119.84439488706444
112.80915455857102 50.89491960601958
217.13934619509132 245.20713278273413
221.59731601632302 215.9958332605697
190.76235314429738 150.01076123939555
174.00495520287575 103.82509417912996
55.04112606653455 75.12831899862324
55.60280338442042 178.5985038277205
36.23883829318536 38.50147740514445
154.28301721412333 134.90156724586615
203.4679630308002 180.84445236009057
38.78065153747473 170.89807904440315
38.47346393764903 13.093217960195386
90.79243997364125 89.38884217880933
39.69210501975906 141.72270104005617
167.41328861622998 224.4909983554613
103.73729347764701 246.221472649988
18.3879724502192 181.9175733198204
229.20272464040306 54.39050945208729
83.99558382488745 191.2037606139482
135.74591892724294 40.45369475274466
94.44276966264559 131.42598344203643
225.62868778023548 199.40269041110335
241.67218389223405 206.81571298387715
27.94163215038936 42.99231480658294
34.138164763418885 84.87891025960911
215.4281420391781 246.2819629331042
151.4177883697056 55.73166418194697
17.150779698556327 122.66688857924402
57.083372001947936 114.51818659079171
19.980273205413123 64.83317905043118
182.4655959694502 44.3567837998555
61.83426143264162 132.3540959387933
120.85405724512324 224.84640942575746
18.20580381125461 166.32097898431516
224.72153013673608 169.4580229370059
79.10772207608174 110.61514513488777
184.90457176914458 121.48683325431625
116.50098106254916 180.17534288391053
17.571403599818403 229.14305628596696
116.29403880773367 180.21526989583793
183.84185302202465 231.38470174622535
108.67942426792673 152.26300171842377
122.73582433270636 72.16430895547582
160.68787738145204 114.38338248350976
130.5456746335272 10.023436968368326
62.404410084690525 151.16505682342253
124.09097843092256 136.46488703354885
100.62929794578757 103.17208628146446
139.94476870882673 36.209871121366724
177.02114326386513 134.23396225477896
186.8465130090436 216.0642093006054
205.35284683433886 108.63954467160062
116.504351819923 17.06709097848455
148.96715069252502 232.0523102843124
241.72800844992653 38.289157840661645
186.95834165829507 63.62344378303128
7.121810101421961 188.8367610438859
244.18856753413536 106.0523046387471
41.373179060599035 211.89930508119014
214.87827863059138 20.214493073425043
75.1541112970302 36.52338382615117
102.25682857271285 92.41569903027298
56.35400939700508 173.2748919215949
62.2217214832183 93.71341148421946
114.58434876498293 90.99473674050782
231.85792671881504 70.10535931907275
85.54813551497547 8.320719309731745
43.630869376833495 52.302000394913534
163.75603267135983 37.97646464010043
93.85964739698127 235.34033839340094
154.40823080426637 163.61735837079462
211.93261997084613 162.37862444106472
23.997451568676166 59.236038993470714
110.92382841379539 139.64259038286093
221.09413216177217 175.69088900923344
97.64606654989986 157.33969760386034
6.184143102842821 227.0762650241278
8.379326491787381 223.9041770253227
10.335182524082443 35.431984745593695

480.4
51.6
260.3
576.5
68.8
72.1
144.1
576.5
286.8
229.4
864.7
68.8
324.3
25.8
34.4
960.8
216.2
648.5
540.4
154.9
108.1
108.1
17.2
72.1
103.2
103.2
72.1
51.6
103.2
172.1
864.7
1080.9
34.4
108.1
86.0
51.6
17.2
114.7
229.4
8.6
648.5
36.0
229.4
129.0
68.8
1201
576.5
68.8
8.6
600.5
720.6
34.4
144.1
144.1
68.8
648.5
432.4
103.2
258.1
36.0
17.2
206.5
960.8
288.2
480.4
576.5
25.8
648.5
288.2
108.1
432.4
77.4
288.2
720.6
137.6
960.8
288.2
103.2
648.5
480.4
36.0
77.4
68.8
1201
206.5
68.8
144.1
1201
68.8
86.0
77.4
17.2
114.7
137.6
1080.9
36.0
114.7
143.4
77.4
260.3
432.4
72.1
648.5
144.1
103.2
77.4
51.6
576.5
1201
600.5
25.8
648.5
51.6
17.2
480.4
86.0
480.4
72.1
206.5
108.1
1080.9
72.1
8.6
72.1
25.8
864.7
129.0
258.1
103.2
68.8
600.5
288.2
600.5
86.0
17.2
288.2
1080.9
260.3
51.6
154.9
137.6
144.1
600.5
172.1
143.4
216.2
324.3
144.1
72.1
17.2
137.6
25.8
864.7
137.6
324.3
288.2
143.4
324.3
68.8
36.0
144.1
229.4
432.4
51.6
172.1
648.5
216.2
720.6
114.7
103.2
154.9
260.3
103.2
432.4
103.2
1080.9
286.8
34.4
324.3
229.4
129.0
103.2
154.9
600.5
137.6
960.8
216.2
25.8
17.2
51.6
648.5
17.2
216.2
51.6
1080.9
144.1
648.5
77.4
206.5
286.8
25.8
34.4
432.4
108.1
17.2
103.2
540.4
17.2
432.4
108.1
172.1
480.4
960.8
720.6
720.6
229.4
864.7
36.0
51.6
17.2
480.4
324.3
216.2
72.1
68.8
129.0
206.5
288.2
600.5
103.2
1080.9
1080.9
86.0
144.1
286.8
8.6
144.1
720.6
720.6
103.2
51.6
216.2
288.2
432.4
103.2
576.5
108.1
960.8
68.8
1080.9
144.1
258.1
129.0
258.1
144.1
288.2
129.0
600.5
51.6
260.3
216.2
51.6
324.3
103.2
216.2
108.1
51.6
137.6
154.9
720.6
17.2
540.4
143.4
68.8
68.8
144.1
114.7
720.6
34.4
258.1
720.6
144.1
960.8
288.2
540.4
137.6
108.1
286.8
144.1
432.4
286.8
172.1
114.7
129.0
216.2
172.1
960.8
432.4
72.1
72.1
77.4
114.7
72.1
864.7
17.2
72.1
432.4
137.6
216.2
324.3
576.5
154.9
51.6
216.2
144.1
72.1
260.3
34.4
17.2
51.6
1201
720.6
1201
68.8
51.6
720.6
216.2
216.2
114.7
144.1
86.0
229.4
17.2
86.0
260.3
108.1
286.8
154.9
103.2
143.4
229.4
286.8
720.6
17.2
720.6
1201
600.5
68.8
576.5
72.1
720.6
720.6
480.4
36.0
68.8
864.7
72.1
154.9
108.1
864.7
8.6
288.2
576.5
1080.9
77.4
86.0
17.2
286.8
216.2
144.1
540.4
17.2
206.5
34.4
25.8
260.3
144.1
17.2
36.0
432.4
1201
206.5
324.3
324.3
25.8
51.6
154.9
68.8
432.4
108.1
129.0
172.1
288.2
17.2
172.1
864.7
51.6
103.2
72.1
576.5
432.4
34.4
324.3
129.0
36.0
144.1
600.5
103.2
260.3
51.6
86.0
17.2
216.2
864.7
72.1
154.9
324.3
216.2
86.0
288.2
480.4
576.5
720.6
540.4
288.2
17.2
1201
103.2
143.4
432.4
206.5
206.5
480.4
68.8
576.5
68.8
144.1
260.3
648.5
172.1
103.2
288.2
864.7
286.8
144.1
144.1
1080.9
36.0
8.6
144.1
206.5
229.4
172.1
108.1
129.0
103.2
288.2
324.3
143.4
144.1
137.6
137.6
286.8
1080.9
324.3
154.9
216.2
648.5
216.2
540.4
288.2
17.2
34.4
864.7
260.3
51.6
216.2
288.2
17.2
960.8
288.2
103.2
144.1
36.0
72.1
960.8
432.4
216.2
137.6
258.1
143.4
17.2
72.1
129.0
540.4
288.2
154.9
34.4
960.8
1080.9
144.1
144.1
108.1
324.3
480.4
324.3
103.2
1201
576.5
51.6
129.0
432.4

8.6 17.2 36.0 72.1
17.2 34.4 72.1 144.1
25.8 51.6 108.1 216.2
34.4 68.8 144.1 288.2
51.6 103.2 216.2 432.4
68.8 137.6 288.2 576.5
77.4 154.9 324.3 648.5
86.0 172.1 360.3 720.6
103.2 206.5 432.4 864.7
114.7 229.4 480.4 960.8
129.0 258.1 540.4 1080.9
143.4 286.8 600.5 1201.0

2 5 8 11
5 8 11 14
7 10 13 16
10 13 16 19
14 17 20 23
18 21 24 27
19 22 25 28
20 23 26 29
25 19 31 34
27 30 33 36
30 33 36 39
32 35 38 41

