512 3.0 0.0 1000.0 3 160 240 100

190.24578076445758 52.51122435614433
7.930786723336109 51.486844984943296
91.52550282644131 213.82696817251556
189.4758247420612 248.55054508503213
150.30750766098245 127.80695407626317
32.44855566505914 231.64938527857424
104.02013954800799 240.89728303610732
125.20475953205582 59.58212552867992
102.07765140689965 0.6401654252534417
169.96519381359968 182.53696773977816
83.83701543060853 14.904763464586496
117.66161470640823 80.33602779615931
37.199737154774425 19.090160098439473
173.15613611087048 221.97943916911606
150.92888526639197 121.06880009095566
102.16131519786428 93.33447918733212
160.89454726229735 150.04137618300385
171.15059613918592 152.44934171249267
0.8072876296051634 242.46380185902657
156.6390306064335 186.5517514808301
4.023023753127575 186.82325129858677
27.364905088490072 51.841026339359665
24.262845536860254 158.1228515562249
145.1671115083165 155.93732298170679
176.5811779162481 193.8933953308503
26.76410828140499 50.159458290464364
98.150999830832 214.88928350391345
157.51097774463886 150.9254781267908
185.8992955939147 243.9825095691949
36.91121478273649 222.67949145866368
7.721957011548736 3.588442128536151
241.96007318479752 116.0387584488533
25.971117051022645 101.41878548967925
195.01423996696036 25.904709653653462
209.3196530731441 224.24638807467474
25.631729311031275 59.86377004750096
198.54058582472445 114.86405815202586
138.83809306909993 98.42501834065143
73.94659570813397 227.21200870438003
167.21030291650078 56.920216636193125
112.41384387559042 83.33668502520652
190.62211876654715 214.25080714218961
59.34004529173453 30.823941232205136
237.25616212385336 152.5998339312487
62.2842118815154 138.16641594320598
26.71997592043529 133.13631270302278
77.15678680761287 171.896147872407
59.14456089981718 96.3619462874443
186.47803155010615 47.82368756918612
165.0582588275652 46.80485080288918
111.74818259124322 22.514828409828937
212.24986791174572 169.31324614104832
178.27070624554594 76.27428011010778
218.39092544942446 126.01612164303427
201.84779376731356 142.59065630605468
170.48287172726495 186.57150059085635
118.51937363596338 0.9172645573542471
13.174420548412641 7.139468841146968
193.4294224047848 93.32502378328739
200.21782876357813 125.15982951864288
130.3659100781563 145.80804554170476
126.67709168851599 173.6194568800661
157.85923709362342 234.46159714365317
79.49360921415727 43.643557545643866
123.70545213447856 122.23673801466673
27.46024736467409 26.651188743635117
36.32183740385059 194.34661845857667
157.3901847520282 238.54417933840512
169.47813922509656 234.76205369560134
97.4588222108223 232.76965447333097
134.8176605161004 178.10488586325778
168.248802116874 106.89266337020986
143.59296576148748 175.40784653293736
242.31362313351218 53.869815920912664
135.5790360448997 243.74564017174262
179.32186542086828 178.17594400559818
162.66270663093886 59.73828118181043
191.84638537494882 87.48759892841338
54.76041957538161 57.15841205727029
24.413355967633056 206.5530144556271
170.16526537025652 238.42879406127733
149.86409714134393 178.1316512043164
245.20762981767257 206.3413633089882
245.72921142519252 113.09107650852197
153.6865077578918 62.60388943031919
220.32776785268032 53.64294569857511
149.93008686855708 83.57958645785496
208.0256226293333 60.47818339575697
135.88168905261287 131.06161321001127
209.3558722445258 203.83327798356967
224.0243866216721 142.85724644014678
183.05870244438924 15.22377797993496
10.97249755608995 173.17524912322813
137.6951608442221 58.45678989122741
191.64957356170734 25.528776274575144
234.51560132836917 55.14151638110132
136.92454809704077 226.26745419177644
90.30305879123185 190.0537062485596
221.93126794849644 154.14300089523383
57.828762443840716 169.04366395858577
133.24737409840262 219.13193534702452
192.61171558733292 161.82442287137303
103.54772210551656 184.81234246012164
167.965366863574 127.39323458525678
228.03986376039782 194.6178013333071
238.8600217000825 89.40077412820798
234.76840104467166 24.771494834898405
27.750805046500904 114.43106202314219
246.70791754374258 143.03976548485906
198.4797882144245 80.17779881262676
94.89030353442942 3.5955753822180245
225.8779218252465 126.8173109399979
80.15320351754198 127.26656214488332
55.54055105437611 216.8518843974219
160.98541648230028 94.82204304357236
8.709913823995025 167.49334830442555
142.59865262578603 99.62137316129657
179.03928873970193 219.33034600308227
118.29256596589524 12.729808205239445
186.10872351920116 208.6562220441785
40.576787860712 217.44981108648574
94.16602884088454 124.93642538902142
53.939739648001364 118.5183068191789
128.72660710212872 165.72867565699988
16.09527331310015 159.5270354927612
18.81698750971009 77.2926967337732
182.22036725142524 129.13182747269113
208.05763086763193 134.66727435037023
247.50234841312803 178.1613231585443
240.45744454131898 181.40200311164224
189.72891040404502 167.89455733680964
74.16858413744748 63.69016581526829
230.27204317699795 90.31695145395128
193.33909109141138 185.99209443986442
166.96255812181414 152.24979356923743
194.51313268816554 217.73576741117998
218.95194682020562 200.70803513849614
234.1685262737071 91.45218522284296
236.76072594455457 209.39671800529484
180.73824240279845 183.2591955457605
146.201990136159 231.7446676644929
205.61707124527052 69.73911879521283
139.28669923875322 225.61884355845328
72.29378595034397 199.2004733844695
43.933327189130154 6.716249075183339
150.31857975711716 245.73456103890857
245.8383214116566 108.17783323026342
159.71498945075777 161.76690633930608
69.55919413002826 49.709991303568344
244.28339886371927 119.79390381922603
113.58555277684066 233.1634509555106
194.7394731968891 190.78551544908262
5.249365302330417 40.11342720153244
61.30479439557637 210.82586434822935
246.0649457217648 173.52694822626933
138.8060567877293 222.0822458634704
65.51457289667506 231.67171077618295
135.54127281088125 200.05615598429756
174.47225936965128 71.84381926905156
10.390511164516115 200.53494820094392
230.38032014568554 152.01483910409348
164.93525412711 144.9066227508261
22.334348482843048 172.28509711109464
139.86322996466333 144.70854724864128
84.36459889155337 143.91524948021578
238.15842815557824 79.04903896514601
44.52279487338392 219.0382680567565
194.9067117677649 25.1517148619069
67.9007412844231 115.98217752673526
102.78719767417024 121.91070638098026
212.9312024490217 9.412581257621927
151.51758898876216 158.51080716154652
35.711548895197595 153.92459686728242
65.19401751829737 144.0516831996263
236.77440557638567 162.52303626195504
68.87822034435706 148.1487566469381
189.05708326237198 85.21742203405152
24.508416445329306 93.81426376031088
137.41807947898337 43.54411667289923
155.7823249367752 11.568834179216585
239.71841064699032 145.5472627648192
62.92513142683484 40.47962730612309
32.82492732986536 56.967013525175496
103.9916978515902 246.29386331317457
100.34835176451517 0.14009960712238478
216.07294530785344 98.57698903039619
12.036307094435122 157.15233244132358
9.409069452710945 99.52244409048173
51.867704622880204 54.67748829440083
158.11754182317517 115.36989311524943
36.37776689280339 248.69968653638725
28.311838470025247 159.38446143506323
129.2486920767565 245.5370021447233
247.34110967451602 157.21128010854858
68.43965516188669 202.7475565041052
28.87586682052021 187.1880229678693
26.824116099434995 0.7914895027892332
39.12595469430438 174.82814819077694
218.64803712240834 166.91953937772462
175.64530601937975 14.241009062969962
245.83094305845185 92.83480909517056
99.91438640572196 200.4628844539461
221.4729543784071 96.85338524741152
138.31807098836927 41.59630760610794
96.80723961533927 213.06769334485168
68.41803795674181 171.47694308743155
81.6894149676469 200.34471002717817
33.825507760129604 70.2335782147491
89.43809165185668 80.53822487738915
45.469988577914066 213.7414979671167
31.891705706050793 235.74652655722542
13.86215188788431 160.77309955110348
129.42795449439606 33.02641583773447
193.73581028646507 120.73980194864554
238.1867792730821 154.49853244976916
90.80630773794984 64.80949027742413
157.88693414511903 174.12813151345455
184.73793511097986 163.05996038051669
175.22410790160077 129.05447687059822
4.257734695099491 33.926610588546374
70.32408852976316 17.450487896653183
213.7176665899328 1.6362834615819555
152.67792474999493 11.876324575396168
102.3652023432611 173.87854836402263
162.10934719666554 243.2616410761279
102.75525813765363 79.21944668202264
117.38722234490362 80.92732010614972
213.50531686501083 144.30263080583728
196.78401043546225 65.3318330111368
32.76586848377927 23.22747013154408
66.20204802751078 127.9145967582487
91.3844565691706 247.6350375793798
90.39186985047809 18.32998115836698
19.67661906720153 146.90460350354127
240.8849230048862 72.58598958545242
63.53546748461786 199.91058487673578
57.49857005735626 36.566780568830644
34.20843929531345 133.91443834181283
200.777447872189 72.56826724293711
166.37955140680393 91.06794326010866
92.49623275315194 138.43108323283423
98.23783009460924 139.33769985550347
82.88020272184154 76.39206937910062
202.12412853140492 101.58016350134267
208.02944486549328 238.75524251180735
139.70640672405932 34.553934485870855
91.44349562725534 15.675128325172787
180.59740753726734 104.0485253318906
191.58990009401646 40.664170345244635
212.76533501786915 248.84090430159065
88.4521794491101 136.75106577599155
193.395289177143 47.18989080015257
225.9940597530447 57.5967862418772
154.48055988693943 42.518478773769964
221.67301838070063 208.86886439782896
92.68406909104127 115.30533200225163
164.91611821549316 124.19887250873215
211.29424934326357 225.36162759866764
122.8032598067851 60.05382366060885
219.3601428790698 26.379435461609006
179.1229952511038 133.3901939966124
57.082507970058174 24.719348318892248
146.9053540009554 191.74261786635807
222.4352908550946 118.95001917286471
136.69203069672827 41.202224718170754
120.76730229897869 142.58930463337887
151.26020962152754 18.385584027709484
207.36117212355296 111.35589609981459
131.42618259102025 102.27964001146562
87.04018610155384 142.8878991187789
99.72200787976706 35.48289704166083
184.1961034454943 152.4471225616768
128.98234692542607 183.13206427032566
211.58656997396045 242.3219534598148
98.28503372222771 10.654321240751413
130.14919814201497 61.08351725055605
13.687326311010494 139.41825202018813
80.89311051105078 142.44146135937922
24.494725588038836 185.32492442444573
159.01829069316614 26.11554416739173
99.93968435222436 149.32676806266988
159.0655975881211 167.23322032940453
230.73766113615952 79.39815523998762
226.22487428144078 133.62510755353824
169.1989583795964 210.58963791749866
68.22824617683632 2.1324160989640575
172.95035368436612 57.205687058104054
170.04985118147567 65.78536235238775
186.39479655026332 24.533506844705315
104.70718019152717 1.799098338130939
109.85122451772081 147.31560003796378
10.1565246727226 98.75578829996651
231.81201910432 189.8090049932193
126.6553983453568 163.18522389128063
127.19608042402756 233.38789012166754
210.06904760143476 23.226000048808952
225.20322580667928 99.2572934683385
189.62742636651484 123.1180825769837
38.89459712873084 90.32609996921708
151.6693379086751 205.8468179206217
104.18985850266321 236.67338380402828
104.46810057136119 194.5191031348572
2.355970858912204 62.67128903647651
138.1817909806948 163.4887842823397
83.6693833809922 190.7578854903258
24.894911169428603 114.85013604581515
141.45382687019602 85.83838189936976
68.51486117408787 248.8026838670285
129.84992600234148 142.2046405879613
44.91405819616007 50.419725336224325
210.5385617020441 202.61693455985773
215.81582138979118 214.81825964314106
35.64985788698893 25.959066603050584
0.4974836635790736 78.3010408521036
40.34126324015089 150.00079054994404
5.841335156606537 67.18168618083153
25.381544057745035 214.55056445413834
58.55659024280593 223.19492691032485
156.16239814762056 29.95401557860797
159.19050804591035 109.83851469019534
149.8712923180453 84.4903501386047
233.79216024421768 87.36383586369101
202.87377016609165 147.55929080666738
36.06066709015493 171.42503362620462
195.24867719417372 129.72543628394396
42.82102652646835 49.291120036083655
54.99733583489047 164.85144411138455
240.66947292800165 234.59705299426443
182.07250512063723 190.43348182512077
187.20263153820176 132.54493044806233
0.7932257870303938 126.78140219324469
192.64342085117516 232.0869019138427
108.84716304074347 172.9129494718945
75.75681696599796 182.9386552831432
114.0064935969985 94.21406275733018
198.8060925718178 199.97162996333603
247.38809794080396 229.68552442433204
98.94998061766411 112.6136413152129
208.4124634219834 161.70323976628552
103.42633268039347 75.36026515246851
235.40215036369756 9.840080575083398
58.66055342147253 3.580456479099853
107.91526092270374 22.752007521081335
97.03474821519356 114.9961828338199
171.10335488173098 221.00283895328042
16.646146713101967 149.05936295451323
218.21848794203166 170.3324226040745
230.1279643505365 106.93583241331628
173.1253757991513 244.1082608141391
230.4223641642038 6.275065422082032
82.6676282955886 178.77959722531207
231.83279551108728 120.85049112594992
79.2762899822392 231.64766692122006
105.24072864799705 229.42464233183352
154.66643939984536 114.58359883817992
207.26938155508375 25.264685182915166
98.63761945896599 127.15677748345264
2.8462711523506714 75.08599898905732
38.9288271184588 144.44129074729932
133.64771165017515 164.35379151430644
179.09570152809755 246.72773745913406
13.868931566173776 142.11271540486703
143.4734289464348 51.753509776583854
145.607906672242 40.44548397249994
40.168429902301654 48.53818365023729
137.53599975025395 124.0234758903419
219.56404525238835 163.14772450329565
113.70763740084219 242.80508147946205
197.32022219865885 224.47649136615496
120.06266421115811 246.92074901381358
75.63995787372518 135.8103636947483
235.40087384640657 207.3409010593552
89.16312833532575 218.5460586401567
198.35685697364957 240.03590047286826
137.3181673985957 43.43758434102168
131.84093818093635 10.724688530248134
173.85168041881218 119.15685893571232
46.22086190055913 38.18707177953418
97.18540165737095 197.20683610285934
62.51972330504141 222.0565987919139
245.74191789667137 87.06433162094282
200.93813118241698 160.75163540802183
57.88554218553005 118.10679135666783
182.48506527354235 61.507753614374025
84.47885181813675 60.030662218053756
120.48642067389606 204.61723260513685
139.56111880826637 134.49788200116515
224.56776793205339 239.86515784136944
134.8362409041269 169.10487045849453
96.68629807943945 6.128568959377578
171.95927841166363 125.57494735066848
143.99476148176387 173.71111951826347
119.57357675775926 35.44233324883542
222.2801968888706 224.64788566770483
199.07687856075265 59.62766042446771
93.86663321504527 11.408766737825315
44.86760009966842 142.05876297794114
141.94297459818125 225.1921009691757
155.92399839981522 203.7212088491337
18.672498538946037 153.86975565926315
83.55644918167567 118.32583897876106
15.9552236511481 244.31893180928984
46.134797258303465 43.0217436906834
248.3164742467899 243.32791653508758
92.5093195264361 122.1816626149493
142.84403170849126 172.04793228393476
139.99401912677862 54.07843433488005
8.338189016349196 221.6261280204124
122.84688999697863 180.30690906803633
30.745019938194453 137.6056179942428
81.92999033804291 114.04668440722656
145.55385660884508 176.6351371521731
66.35329455356634 154.35545693842244
189.539487914872 101.83691970063403
10.715174446643799 92.38654379565683
133.23788745771844 31.131264625262528
221.68984507301383 8.776899560394597
151.47663204071614 46.14231856825535
34.975006512999755 64.89838417131949
77.33982773022483 178.9405862681388
242.544649968197 137.4599994267609
163.69830932706324 96.04247210547251
172.14786246830855 123.62814652400623
167.43759383271347 142.9665874568853
36.96812714691014 152.64438828671103
197.21382092832684 6.356330464809878
42.53761590329519 13.37905617061369
99.09772999137759 100.15427708284538
233.0519635334174 118.81907721008989
189.6129624347953 40.77038561809532
181.27701181721557 49.116796748936764
89.54513733473074 220.44440657342622
28.674387012819658 230.8214668988394
169.95500406544912 5.828951112823888
229.35809339197428 69.89055626744076
49.183962853570826 42.5105094734925
66.42315341680715 181.1002151585103
64.92087212007871 67.35699748932541
123.02905904496394 33.394678649320305
2.662982226458582 236.64621509169592
65.4312618753883 189.59940385089843
216.84305115464102 209.6345635729599
173.34721886546694 231.52567019519284
155.15748498938245 50.83687491128489
55.143227001141994 147.43176842975075
116.77221731633131 126.55181946327166
166.71587984504689 94.80489734674252
51.55842031218122 144.4034745594633
232.71386811900612 17.766473236538044
205.54657754665226 193.76678440281137
159.0363236021305 112.78062440474778
1.1281643546142972 104.04116985306402
72.3447328804026 235.94196704150318
161.95408324949284 39.74524849365402
146.36697959815803 107.85153476129713
34.361524567688846 201.78277853911652
176.39433283998682 234.3372159174237
146.04268358279094 2.365196657144991
33.36526461470843 195.74596017087222
35.91269568079866 241.33515287511895
189.61300333569082 210.9618182863343
107.55044122058533 179.80554123104216
169.63749101158282 120.88684327110991
79.96355031112914 180.51976457428356
56.88341108109102 48.318946200515164
26.201487870680996 109.19951944474984
107.4303531347221 26.09321081409957
123.33373523783523 184.9050765435514
197.56731916673007 222.13173232536116
42.8876190321664 143.0759958369668
73.36188038408739 156.2334697499714
207.23266337256428 47.54959439506412
69.97527399887437 47.39750283587277
160.06228101507227 169.13747468224497
180.08664027958136 185.5793215936337
247.55686751870678 155.0900690769701
155.0230175020189 135.73896749025
162.79453990488824 152.97046590319056
146.30875300988035 241.44900994688047
90.11894636459317 172.4690071813927
124.63770965347459 69.36270801309172
151.2087647497243 127.6736622312021
12.770680073345892 147.55660463369648
77.75993898275246 194.30147005370074
0.179950403569773 218.92555862597413
103.35454229315555 12.639101314887046
68.8003232253054 223.70525303978613
121.5398085006564 155.78490146794047
16.956034895906193 161.07426619872646
209.25128673078163 111.85489910781246
4.258652718751282 11.973256173479024
28.158251727079225 143.33199098892953
213.84597148668584 58.88755778732374
77.49188283006566 224.29845164406035
172.30031215113692 50.59201391176327
79.61365228733652 149.4490076267768
128.9819777142654 60.49304014957266
249.78768873172774 45.15748612978698
10.920041038843975 215.6573026809849
122.38465356785011 76.88556160384024
133.20806947459994 121.37060688827445
186.010531876346 188.92664192051146
196.91783645091647 156.48063330908053
226.94444801982235 204.14787601954978
46.87417898242399 23.75216846531031
21.559267503113684 71.56793911910528
101.87540064111855 24.226107718118588
183.7778997847142 10.110896387632351
248.84971979215095 135.22119208769675
24.936053460737075 63.58165064435775
126.11976248089019 176.76858913749334
218.85796349308114 5.892442707126549

195.40196056870022 46.462708396485894
1.1516074435651003 50.585583992734165
87.83056941558235 218.4544059823524
190.72181947033272 244.67356001055748
145.990681755854 123.72958416890818
28.691268660933495 232.81153348319063
100.67938407193877 242.68888444212763
121.10389610182912 55.12954198240713
101.47316685178757 2.5402430218024463
165.20708591076072 187.08247770687746
83.49583322096673 7.613991539586001
114.67850616784165 75.16243680670954
42.19627186196248 24.63508084716537
176.4869218535069 229.67084771851842
157.64008500185253 119.77237535903559
101.55685186268384 100.53063737033227
163.583114624496 151.1584222060117
171.91729697877423 144.71455581021658
4.245342438505717 247.38493409643735
154.8830548651871 191.32444067865544
1.9489501288651179 184.75177927353386
35.36763419668973 53.43739144495802
26.708763044882456 152.72406129746525
142.72182766116399 148.87051803976505
180.2351175586001 191.86563867895103
28.415708684287527 49.79140681070715
98.19125301543649 209.17268051386023
160.5565409392482 146.29349225986724
189.03155351301342 249.85961821344003
38.10726692499164 218.17467140864696
1.9056389133109697 6.654734068783225
242.87897915718088 122.6091350438536
20.188628992702963 106.60891764752955
200.24865725177557 20.237356708729948
210.53972143788633 221.89402110553718
20.731775999714014 58.9603859952165
196.5516862575088 120.57548096166576
140.4605406622379 103.73900988536604
79.53064743548266 223.74676299358995
159.34402658996285 56.73679510413551
110.81510161826805 85.02880570994192
183.25333512033956 218.10175465692808
63.4841169613902 28.814679816235895
244.46900368726253 152.4481924102135
56.05204872686975 141.92909404505733
22.98352309789664 140.6138979848084
80.74577558532079 178.1673735962304
65.11386554328122 96.20199480885519
190.87405714434433 50.73339755699568
167.89875264174978 39.54588702901335
112.86921647644196 18.48226549921364
209.46309886919428 174.70540111637794
177.6408702133769 72.75127090462786
213.8608622757398 126.88452998126509
207.1954673374862 137.2749138276887
172.44546551642216 189.41366999714612
115.17188896215794 4.887296989832091
19.683165618871374 9.731508501343217
191.26642245108198 90.75542613170349
202.42946629118626 129.58967884072294
132.39230324895982 144.629498087045
131.38282338464404 177.4096160385857
154.13512921279266 236.39176069654408
86.7147652768725 42.288932341658395
123.46163889698805 119.29206240383733
25.52411736663343 32.08539849932895
32.69560403785146 186.9082528654674
162.7501824703664 235.63844362325707
166.75405909082312 235.41911861100556
102.07605908312712 234.00331530811266
140.52377177854544 175.43606311672198
169.47375773865664 114.13716477098593
136.97941681605604 178.9555044263946
240.64177763969627 60.8702559641251
134.87139572754413 244.5472601248785
175.52039174556376 171.31835884904484
156.67273964342417 62.092764157400474
188.30931678604924 80.94665922279115
54.77137164365497 51.466823258442126
18.150944502179495 212.15022736423256
172.7989086108479 245.40817082060602
148.53720555300566 185.35727348768324
245.31688879805958 203.0215549827975
240.40247079161477 107.27313628310797
157.6268998869096 58.614510286811694
213.92710811533053 51.30244342568549
144.65366511046716 80.64399290390054
202.8726290940988 62.90640600828637
139.88427432400673 135.7137808001162
213.84217278101022 196.66999424630154
222.91109557467752 146.0286286844123
179.30910146255488 21.62459460442834
19.314657734605557 171.97480421601142
135.08631655467534 60.95489713891639
192.9368647753282 27.882232973803628
234.09079767885274 52.24776390156907
137.43652269685714 228.75874255816453
90.13258573162692 186.93541752151316
215.15645500970913 155.31873489593954
56.73097002281003 171.66560607210815
135.93451110544717 213.15381217517418
194.07087057813038 163.72083755238876
104.15119145336105 184.8201477839321
165.97731722097018 125.32285394027176
222.7151298806876 189.98033567683677
235.99798679610134 92.71136244848036
237.06517161768187 24.281315036320084
29.76041004408192 116.31664864131876
244.82180174242703 150.78239951196554
200.4357618130002 83.93907687445521
92.47636247893517 0.9973239801701617
222.11751195806335 122.87676537704284
87.78442904024809 128.82799885910748
61.35443012386985 221.13805563185753
167.7250849522657 96.18106592719828
12.221511904679543 169.4777136369154
135.46776619882954 98.89341130096429
170.70146280855997 219.20108674904523
124.64976124512647 12.887581552308818
182.2237231692572 214.87914877153057
37.54518655828293 210.15697669571625
98.23639888753443 122.98342328625694
58.57568934666338 119.97745828510398
134.56510339284404 167.13049930480872
10.276475986061934 165.43382125341387
21.76453860370048 74.94920025528835
178.04926799422157 132.6343892439852
207.5138097482519 135.10794211377296
246.53949001971225 180.31471633733236
237.88862097692459 174.52381322330845
181.80675042359914 168.3870527774003
70.65814708858886 70.18325172325854
223.40672777887448 87.9814595480907
185.1388106977533 187.02520209473428
163.295277544341 149.3997171131949
195.87912579335278 221.96724267054617
223.0937865651922 196.77803137184597
228.86074366303728 97.35315126864904
244.36359325992245 208.24559016437698
178.03306299538033 179.22250592668655
141.28992930641724 232.51159370648816
199.86662531248686 68.04310579585474
142.06230338628924 225.9532885446366
67.5823154207418 202.2864064435368
48.086531107635025 9.914003832784319
155.4873619328288 242.70047996206938
245.11192725552434 106.21438830819466
163.46558127363235 164.67560631722662
76.51262333818792 45.57778291269982
248.97699144700638 113.59845856397735
112.82047360315889 228.68635498869503
198.21258860106724 189.2192237272204
0.35096542091317406 44.240024539102976
61.89624525232568 214.8032632550735
245.0560151300911 175.74515650976593
133.2757365055523 216.1785653661941
66.77968397968253 227.4136612558651
133.3352353803988 205.46604424376596
180.2247541502689 69.76878188693877
17.1580694683387 203.20203411952875
224.5728006470873 152.22110621229726
159.22270720298678 143.1798364531386
20.502520110223603 168.90846690608896
137.2577852068595 149.35055919341423
78.89991108375935 143.24249948629773
237.6367636176107 72.80020523679917
39.221906882129645 213.72034186961582
192.40219195137658 24.053394447248383
71.74028115077164 110.13309351299542
103.62895413069224 121.29099502797602
210.42849166700267 9.482233182841194
145.95240065918696 155.68080230244442
33.482429763803054 152.58112323732774
62.80337414955675 148.69802028762476
238.66571367867016 161.72814839932238
72.5287721101268 141.59794432452694
186.8318812610165 84.22871971703388
25.12055061906235 99.6776221176163
139.70686114085836 37.558116883059824
152.5455081549648 5.706514788198031
235.12993666036965 145.6954254236473
56.74641577917955 45.60364105573589
28.57155291895236 62.76202555123117
99.27052182184823 245.8189487483714
100.82207045368041 5.748839220376917
220.95161457303016 103.34642082457229
13.082814834961237 154.75915190463783
8.986822137646566 96.55089961091979
53.31722091534577 52.21310045104849
160.38421459789177 113.31986528429877
41.85673660584757 243.9284521965314
23.76624956902021 163.21426577666003
129.36152192476646 238.58641564536825
241.94062644956665 153.61411836223994
74.92504263892535 207.3405509939385
31.650936957622083 187.08796367525986
25.254430389716948 6.493815999401131
45.694698349404646 176.43496510190963
223.04539518106338 171.07137280376995
171.07584923315807 14.094776284333143
246.4988748971327 100.85461649326649
100.29745557761876 194.64740977326713
228.33696024569144 95.36627500185801
139.4151211986162 47.32637394795516
104.86691129824241 215.39418734192103
64.15883527026878 165.33875672140013
79.83756125059033 192.73850897345747
36.52753418484758 68.54580656420323
93.10355721396837 79.62314182830524
39.43352008910617 214.67012263224086
28.52863804075273 229.1797888572828
13.226072644874021 154.98216979811215
127.02634703481694 24.942322492419706
194.68179927099246 122.89039955283965
232.14812488525683 150.48058137425744
98.81435945494587 66.3815927742272
153.3254005469861 175.80827628841243
180.1080599836142 165.1107350599835
175.92333819802144 121.01262456064399
1.5578614630398502 31.11244728438259
65.27356687764063 16.176320116649073
208.3202551653628 3.3094432927290587
153.2541413631069 17.076802647273542
104.73836044690765 176.6920263199667
168.03395238361682 244.8088178179876
99.53430729882676 78.47508197161002
111.16380548517837 83.09633822068702
214.63551746870837 139.10343475394072
191.56301909278523 66.91732140120699
34.88185541813943 24.963964038620666
61.923700201511025 134.38387234092673
91.55433048965456 246.97973961636637
90.64489226339987 12.23644267959792
20.780567130116058 146.464985910679
241.94964462456448 77.64542036133324
56.19379816440267 201.07950900325682
53.397565830205274 31.170678762141996
28.253008171197745 139.33066788780997
197.3232354552821 76.03309042512421
166.3279434307912 91.73557710801478
95.38089241839378 133.52435980039252
102.83618746551359 134.94546490130884
75.36485327937606 78.2806109310721
202.2563951641575 100.39811582754251
216.46529971130806 238.29709999837306
137.17243050175952 32.315032730214824
87.51206837716619 18.491761660196005
178.2837449177756 98.64463834121004
187.66898872201654 44.823410241725924
212.40222735432528 244.10765803132946
93.35409528319924 132.12500372369567
197.46999508559983 52.08355116449059
220.83664416975228 53.50885187738502
158.13069745427467 35.272311220123946
216.80458061235018 206.3265735980762
95.53844629883463 119.09646248919589
158.17453016861944 120.13450051121043
216.8261639887986 230.12052565108414
119.5725212691128 57.200193115789
221.49569951298852 33.727517101393076
182.0224340603871 126.78798698152757
62.233683018189936 25.22900030833014
147.0221576556945 189.35920293985833
230.7534661726444 120.47358979653077
135.4508999687948 36.37931224204011
116.2797452072771 147.07165492147726
154.35005997112444 24.842196489925417
204.89292656289817 114.99210767054386
127.11844454815855 103.68494433842396
92.48985410865593 138.84112638978172
101.52125391383422 28.775623203016853
179.49412550642296 156.52177733789426
135.1823621600122 182.02256446716424
213.86107055314028 239.8328466583684
104.95436218549561 14.956542826643659
129.7280529672567 54.80159222798753
18.265831297287594 144.1280315369039
81.32965410240742 138.89686680191033
30.86238948550052 184.03707641197232
159.0553281945501 18.065903803258536
96.2081346838565 155.99317747498384
163.66757125828408 168.92844799333594
232.95376929623222 81.53844002924265
227.80455268320605 127.612115372808
166.09252740646087 213.70892672517303
62.436215226876506 7.044769199903323
180.24227787452915 59.85921515144621
169.4587450304314 72.37550579745128
190.09035348598408 31.572904636161358
111.53322593746148 1.3404538151066958
111.22355465539977 153.56367325552773
7.588885662366235 102.97908575696913
236.18657033862024 183.8156875971154
127.32776655315531 166.7184867775892
128.6372822418405 232.15853908527728
215.03486013403213 29.489339591972502
218.4676484722954 104.22846909287267
188.59141252425064 125.53812336337003
34.40896268631516 90.86868785740296
153.31700924411376 206.64228129687422
101.93921184058027 228.76723573378874
104.7520931609355 189.310088054747
7.462643131442793 63.01064646018376
135.7608647865391 155.39733656935076
84.63105133146497 184.36336757444943
25.745421906958054 115.26670217379473
139.23040389642432 89.2652020248203
66.28975307196 248.2479135623812
131.12146870672052 135.58381027265827
39.51577079315574 51.66671616758159
214.903393960406 205.0014552177731
220.23830010800518 216.05846467475837
28.593035162326668 23.717495005122878
0.744127838879366 77.13407179754498
41.747469052563076 156.32864264030053
5.667302579111327 65.26001308088745
30.414827273949147 213.40041596423646
62.09581432991648 216.21062376373357
151.20742604318838 35.35275675671834
158.8297534011452 110.2892017775114
155.16391574742667 88.25338853024492
231.8831617423414 83.86334589227945
208.8124301883081 142.51422185010057
29.75015819439611 172.87591828807513
198.99400075840947 135.63569310763694
39.64398897885466 46.3724111134515
50.717412924216305 172.01023292992906
244.73633073764177 231.94378559071714
184.23320354652537 183.0460941342132
185.91809632322162 137.47725077119156
6.758916924484993 129.34381871898032
191.26722272405775 226.4796540092324
105.8714473343515 173.32433613788504
78.4947217146188 181.54060731950554
112.68372764944529 87.96447464261311
198.51766616214013 191.83399164631837
239.71827668482402 232.07652594728472
99.00000869373832 110.5463905250274
208.46749555236457 160.42578634181578
105.17381716705856 82.45399501962672
232.32671129107462 16.525261344922825
55.80967374720255 9.647880297618178
107.09833924433946 24.32829174066334
97.1049112616019 113.03173954752587
171.86556590209597 223.01375275017523
10.998411137220637 152.51947380327408
217.07763653970989 163.98228768633405
225.91621634025427 111.68884071243538
176.78163048557536 237.95286697413073
223.2259004322144 9.221886542401442
81.4221809432209 172.524215369194
226.0485584728128 115.69266900984917
77.99517917442766 239.2169451907177
111.04434462010046 224.92532774369528
148.83641949222113 118.81820850654961
207.89753770181588 24.65398106718092
96.5088983771151 131.98679671903093
10.348892024263396 72.01478543606532
33.950019414649226 138.78674532914508
133.5643942996675 165.24088558947972
173.8380450253114 245.48527423600987
11.964731971056159 135.81636630267596
143.92695704352147 58.91050399338801
145.71942827906258 35.5604345528556
34.44845254553155 51.45884479405882
136.41100721475377 117.3758350252287
224.9256500911602 156.7966877863665
107.57432048617477 237.2015905623132
198.7155392226401 221.36250168620117
117.34790976779882 240.78153961873596
75.94801884285488 129.5730472865085
235.8637220403192 202.95852591311203
85.97689509326246 211.47119952364574
190.8509526533664 236.4345362570215
141.82411132571474 38.42044938206879
127.06883091166534 8.897968440570503
173.26512361720205 127.06525773272975
49.89290485415124 43.73920014572374
96.38794196220785 193.1144074269913
61.57564877164965 223.27569372374035
247.74726451364367 92.96278772973481
200.66986152431508 168.67560077119302
61.94664546030301 113.96308583107123
175.81391073041556 63.93993549395524
88.45002331893961 63.10825870133008
127.29627143737935 201.37977746505706
142.20441143249326 133.52571206635645
231.8012976019484 237.72671529613092
142.57505266310886 167.13241068818175
100.67929267185782 4.278436471367414
173.59189606645646 132.11875731892238
145.46356126631167 178.89252785828654
118.84754332291497 37.459553399938336
227.0179813595684 220.40360419233238
199.35418833093104 59.85545619180538
92.45727931422626 18.776079413947432
43.7729493840803 150.19768067410152
146.949235873916 220.9521481875662
156.55874564355832 199.30346751100626
19.975465794843274 158.66780226155274
91.24496852088984 115.3612713118467
21.956384733078316 246.32062821292135
40.42443243539232 36.95897839723064
246.35874571930185 238.7458498492446
86.81353737332049 126.93912287543866
139.76115504980234 175.24732594044875
137.41139215669688 56.34835114308726
2.7066751239335773 223.02458340611534
118.26220823127811 178.48471228182814
23.352357204822788 133.973203710935
75.2418188067206 116.1222769747497
138.9798388957725 172.10030280406986
62.76375741781604 149.20892197102023
182.36507529184738 97.69185797443863
4.496447028441236 97.04302837061202
132.6971494076436 32.93457151565218
217.40292509852722 16.09404761357641
147.98117654080704 52.64956870562368
32.67446416475017 61.05274047590981
83.58360155471658 177.77177308406172
240.0874130765347 130.50177016895745
158.08815679632434 93.09598641229147
176.65063623164104 117.91494379267233
159.99673841797363 145.9591045203923
34.596732676797885 154.88407426209224
199.00788355361928 6.388934887947423
39.27941367317078 13.659636312853273
106.69790111232155 97.80966644238029
230.39815922716727 117.83862288613304
187.22661176187833 37.12341518700871
181.9138528406386 57.55493603557432
88.43021204546852 221.92254937798498
27.21038370980183 223.05058250344638
163.3337432576609 3.6246046601610127
233.65852031347922 66.7437823425227
54.62980868528311 44.47269551609473
64.73912336134165 176.07807236658516
57.803655900029504 63.388236451870554
124.04162554484837 34.7388436269262
3.9871026323819168 232.37932244412707
66.97033206025971 187.2561177583201
218.3529879974931 211.38034231319202
168.85420007950952 235.1390786257726
161.22397860611107 49.16072444999178
49.68496363124192 148.3062132522111
114.47316442173403 119.39316857712737
170.50103149630178 93.18428893990883
53.613634642511784 144.88274975513667
230.91025666929983 21.698010067440656
208.5283976278575 198.4397411949858
153.47033811366828 111.87105831802107
0.09917035429138354 102.37778103133482
72.82049101414113 241.42536047215853
166.96800711379805 37.6775947416404
141.92135633452423 114.85773515730958
30.98764339520452 200.190411563856
171.3112978031352 228.05234441947798
153.461288142198 4.039709914459483
33.0609146807731 188.0022018122635
34.35618567000617 233.7627513963773
191.49325601523037 218.37890115288485
104.44633593283082 183.53968771129115
167.8460842544676 113.36381568806087
73.41032603994135 185.2618597733221
62.67838796502076 45.953485836213616
27.040768272209746 112.19777362182418
107.20312261471577 33.904397618357365
125.20316724630744 189.3619214492253
203.53484162720605 227.77072709837486
49.34688097079621 143.3925883660045
67.40457130674771 153.647338593547
203.72182380077135 40.1550569143897
76.03909006116236 46.17024856340146
163.9170986487959 173.77879571884648
181.80128902351572 185.78776380908562
247.0253888223315 156.9190717621525
160.84087256837083 137.0497446929547
156.2332112404925 149.64626621278958
139.9708130405223 242.8060497342686
90.35844953001416 179.56158452570492
119.87931743516206 62.54759987589656
154.74603513570923 132.39570887222789
9.136048059681128 142.65521118903183
81.53284276715983 189.18591497038375
2.881882283372467 220.74025196249661
101.11090030925357 5.8311281242129365
70.11414901065855 225.74249785670855
122.68333228100629 162.76251227472767
18.347412390162297 166.4025330571523
212.33799430978226 118.83350669430232
6.187288448159051 19.370503756589162
33.12866701131445 144.20387556790047
213.5119183933215 66.33564565518316
78.0079840221104 229.84930548887505
166.56749186557684 51.84781190469606
76.09593981306578 142.09289541358206
130.898035785266 56.51190111552759
243.3776392488568 48.124315406383786
17.206746563906638 211.52162056433932
126.22838839553988 77.59727028834526
130.82901319024816 118.82317196260226
192.1111177153407 183.49908837807592
194.5760773981073 151.26321550262742
229.43154304526755 203.0595522733818
46.924853157975235 26.684982609435302
17.016508354150194 77.68419429920719
107.46921622223162 28.47899969965481
177.99502407425067 8.608151133941893
245.7250849444102 128.91441651969743
30.276568257391833 66.59509341256317
126.12350706460853 179.3325366473308
214.36585014267345 1.4418709606868751

8.6
576.5
260.3
68.8
1080.9
286.8
51.6
137.6
1080.9
172.1
77.4
34.4
540.4
288.2
432.4
286.8
108.1
720.6
540.4
34.4
129.0
154.9
144.1
86.0
17.2
17.2
324.3
432.4
34.4
172.1
576.5
36.0
864.7
258.1
17.2
103.2
864.7
648.5
229.4
68.8
72.1
260.3
68.8
648.5
86.0
51.6
68.8
36.0
648.5
72.1
960.8
216.2
72.1
17.2
34.4
258.1
137.6
68.8
144.1
144.1
258.1
288.2
720.6
103.2
720.6
1201
34.4
432.4
68.8
864.7
86.0
648.5
324.3
25.8
229.4
324.3
216.2
51.6
720.6
144.1
288.2
103.2
648.5
960.8
480.4
34.4
34.4
154.9
286.8
68.8
432.4
51.6
34.4
432.4
260.3
648.5
68.8
143.4
286.8
288.2
72.1
648.5
77.4
216.2
8.6
216.2
72.1
864.7
25.8
25.8
864.7
154.9
144.1
17.2
34.4
258.1
172.1
108.1
258.1
8.6
129.0
288.2
34.4
260.3
68.8
36.0
576.5
34.4
288.2
129.0
72.1
143.4
229.4
576.5
432.4
34.4
229.4
72.1
17.2
286.8
258.1
324.3
114.7
1201
216.2
1080.9
36.0
480.4
137.6
25.8
34.4
34.4
77.4
540.4
206.5
68.8
103.2
17.2
72.1
216.2
34.4
288.2
432.4
36.0
600.5
8.6
34.4
864.7
286.8
137.6
129.0
216.2
72.1
8.6
17.2
216.2
216.2
8.6
288.2
17.2
324.3
288.2
432.4
864.7
864.7
144.1
286.8
172.1
258.1
286.8
1080.9
432.4
129.0
432.4
258.1
103.2
144.1
286.8
51.6
137.6
286.8
72.1
86.0
129.0
77.4
648.5
1080.9
288.2
17.2
260.3
51.6
1080.9
229.4
600.5
432.4
144.1
144.1
103.2
51.6
324.3
960.8
144.1
172.1
288.2
34.4
34.4
34.4
288.2
720.6
103.2
229.4
1080.9
51.6
288.2
68.8
288.2
480.4
216.2
648.5
324.3
288.2
108.1
216.2
216.2
103.2
137.6
144.1
260.3
86.0
432.4
144.1
648.5
432.4
286.8
108.1
77.4
51.6
114.7
34.4
68.8
1201
103.2
86.0
324.3
288.2
206.5
286.8
288.2
51.6
68.8
576.5
86.0
154.9
34.4
720.6
72.1
51.6
288.2
540.4
260.3
77.4
51.6
144.1
600.5
25.8
864.7
1080.9
72.1
576.5
216.2
216.2
206.5
77.4
36.0
432.4
1201
960.8
324.3
216.2
103.2
68.8
324.3
172.1
68.8
1201
258.1
144.1
129.0
576.5
17.2
17.2
432.4
576.5
229.4
129.0
216.2
288.2
206.5
114.7
600.5
36.0
25.8
34.4
51.6
432.4
137.6
72.1
720.6
288.2
143.4
77.4
103.2
137.6
108.1
286.8
288.2
103.2
288.2
108.1
172.1
720.6
17.2
8.6
648.5
114.7
648.5
288.2
1201
288.2
34.4
86.0
34.4
114.7
72.1
25.8
129.0
86.0
864.7
51.6
144.1
129.0
216.2
77.4
103.2
864.7
720.6
206.5
600.5
144.1
258.1
206.5
36.0
17.2
51.6
114.7
864.7
1080.9
864.7
540.4
129.0
51.6
34.4
77.4
144.1
34.4
648.5
1080.9
540.4
137.6
17.2
108.1
77.4
103.2
540.4
720.6
324.3
229.4
154.9
51.6
143.4
286.8
144.1
34.4
432.4
36.0
144.1
720.6
36.0
288.2
143.4
432.4
34.4
129.0
68.8
17.2
576.5
432.4
432.4
576.5
432.4
36.0
34.4
17.2
286.8
600.5
258.1
229.4
1080.9
324.3
103.2
143.4
286.8
114.7
137.6
86.0
17.2
34.4
206.5
172.1
324.3
108.1
68.8
648.5
68.8
324.3
432.4
480.4
206.5
72.1
720.6
1201
143.4
72.1
77.4
72.1
51.6
206.5
260.3
432.4
114.7
137.6
258.1
114.7
260.3
137.6
77.4
720.6
36.0
260.3
144.1
216.2
144.1
72.1
72.1
68.8
108.1
103.2
144.1
36.0
864.7
960.8
864.7
103.2
540.4
576.5
114.7
72.1
34.4
77.4
216.2
129.0
258.1
864.7
258.1
864.7
86.0
960.8
8.6
720.6
432.4
324.3
36.0
576.5
86.0
143.4
144.1
143.4
72.1
25.8
216.2
129.0
86.0

8.6 17.2 36.0 72.1
17.2 34.4 72.1 144.1
25.8 51.6 108.1 216.2
34.4 68.8 144.1 288.2
51.6 103.2 216.2 432.4
68.8 137.6 288.2 576.5
77.4 154.9 324.3 648.5
86.0 172.1 360.3 720.6
103.2 206.5 432.4 864.7
114.7 229.4 480.4 960.8
129.0 258.1 540.4 1080.9
143.4 286.8 600.5 1201.0

2 5 8 11
5 8 11 14
7 10 13 16
10 13 16 19
14 17 20 23
18 21 24 27
19 22 25 28
20 23 26 29
25 19 31 34
27 30 33 36
30 33 36 39
32 35 38 41

