512 3.0 0.0 1000.0 3 160 240 100

219.3819247852778 27.320626899209028
216.66577080210052 131.25303864723574
3.514235352978179 152.87523068800695
42.920204393730735 239.85227464554325
90.69689584368335 94.83672204269885
116.93995642990917 57.20322146511908
83.33577272907041 140.30247571012296
76.77675197789041 92.61746825309538
111.83847490576748 185.8108037683915
3.0877411304226223 124.15939538046025
206.36899156882967 57.642646192294364
224.675301014255 8.593907951680968
43.62806659775548 23.308456188291082
46.96709467620075 130.14806786547678
10.95716912172809 59.94213839547866
225.0045093448768 162.8504251032269
164.40250417747404 122.70255474243346
136.9391520113494 139.94623237810436
49.336105489384416 119.10332054055672
106.96103150110845 123.80934782543044
218.26601778437205 63.752427291517286
169.5107615333003 241.84883139666022
140.31946643766122 183.11640401636183
170.415064775457 202.08048951157835
146.8998818067548 33.06464585492797
176.66423611420427 20.331119138939037
214.93042370172125 238.37322678747046
100.27607018154477 12.338549708940965
112.94818157310002 184.4306037989625
207.51851044904222 94.01459379520493
131.6497281874859 81.79110365005162
222.1038757093683 49.97614653900367
73.40452855880241 51.3426734808633
47.63168897888695 188.1388684822195
168.2162488556014 119.22529959322192
5.441665031330755 213.44002489547213
84.40793998356291 137.14455310529797
130.4379331910797 200.28267602829723
120.41029217678457 59.800270752263074
203.46870476979893 182.98010801611605
95.16548331749341 97.99141236587708
129.8350677553714 132.4654001749582
170.42774641634708 24.49177480289963
148.1901111162583 0.8344359735858731
119.58108728550434 177.34073782133476
110.97096515917903 218.0157478704729
94.6560050406691 140.50818058644126
59.903972973310545 187.68530587094784
201.40422897907092 41.44997165146827
13.897679545329778 158.11258991818292
17.342371710669628 248.18673560171973
226.9125037315502 53.10228927045196
186.16803642223223 33.75172162636939
141.45091767846506 159.99605693288993
51.597680564708234 79.12792153249265
161.74861924198075 38.07856302004331
169.26473895939375 236.6341274377392
28.480297044078256 22.881866635083153
28.507178418981123 164.41220564907394
43.181873406610784 4.0792067002624055
223.17031401540237 87.59895491098187
198.59015021605217 110.65363806635695
171.93738952240773 64.26050173194803
148.59067884938457 30.098102610841863
92.35171904265205 13.70986816488806
58.65122630126285 14.114983333136932
125.46383838031394 32.56539659134222
180.55088001551968 209.74986027999455
11.435723708767803 218.5943048239695
238.66138383072632 249.11704184799336
114.95444451092166 157.09293368511626
69.21692665342766 123.25782243388683
211.91446498387288 30.577677341514843
113.47917720626342 186.86725110671966
226.79813887184795 152.61053430193715
201.73214129323716 147.71263000256607
182.59693555027567 101.3428189477083
124.41641113703811 172.03119003859896
111.30968671910574 21.998056882892662
244.46379225787075 16.732137340749492
244.548995297362 90.74945478165122
206.42252019768276 105.09834928347692
241.29723141328202 204.05438808470174
176.35393495146124 235.35083242511507
125.80125371199208 136.98668462354675
203.04648175149052 229.81701501976895
184.20744544461886 191.7159714024231
88.39867838263693 107.54193139195573
49.2126297903005 245.65359103998208
68.85645028811722 160.71448333458522
94.44861370844824 221.126431940111
233.91818333049727 188.0595170658902
75.52747670264174 136.48393800351485
111.04870765356581 102.06387188926693
172.78004761524332 135.05375401642758
69.07189345514142 26.636985961144138
115.04122697071189 239.88085489476666
179.22061937886548 202.04223621360552
29.42171829886017 199.10255280524885
34.119057033360406 231.8390671421985
231.91391205673622 1.5234940777761607
84.61173298123659 113.6119953266562
184.20944456688693 183.5571058885938
239.39857449084002 122.04699488726683
249.21106389840185 106.37732953387754
151.59022232970142 228.04178146660553
89.12754048468918 53.20102836088486
135.29849616874816 79.43879751703025
159.1320440199606 206.7047357668278
217.6944759816739 147.90833091105966
227.4455001656137 58.2083361620207
212.61104199932686 208.1355579740357
238.81034644234347 72.18740026670511
213.9799893964805 107.32981534226398
93.18463695710885 52.09831669164686
9.251834349086884 62.52015791730542
150.69775359789108 1.6519604104572871
22.780302630737214 82.72327839631205
239.82813754436305 169.30025012470747
75.28226466079124 135.91301196603843
36.9730974913548 16.07584222581687
224.9230724798438 223.50670258641742
163.4091907286662 80.0608615763918
136.51126322554163 79.22616181279304
20.237763440484972 24.26839846019524
92.22495140773917 49.87974011945342
214.6818757922066 37.76600546589065
215.30872551273643 213.62828605664026
16.273285627929763 4.003190216956332
14.535752647114265 61.151691385775116
17.547310849412522 223.77853412888305
69.17205963469114 39.14778329128571
153.50199764567358 110.78945831812784
35.32946054126937 41.70863691160723
15.643861027835964 19.854879371597605
248.55895393358236 203.187351437002
203.11160597285888 122.61761872307724
20.81048132410393 138.28719497215494
160.9500375346345 23.925474566156762
83.3022772465761 163.08866642820647
47.46798905114455 134.24623705726222
116.45530544900757 45.49603163368948
151.813914720203 184.47333804184666
122.38065502403906 214.68490323377992
120.31156975982452 17.232891189576797
237.26911081820205 59.62384415973851
197.9555280700753 207.41684157391296
213.9936427778892 218.73062814610444
136.51074439702168 197.49549106145946
44.99763175373683 5.865934723930128
180.47229757760144 128.72402655510575
81.62638188056317 242.2898997797707
191.80881840066235 60.41794179952342
70.53253117103658 83.1836521078038
137.1763841545176 221.67074607541156
49.6358065629777 227.66586202373793
43.79184582498835 52.68794905371976
118.4620050066593 95.78525464867302
16.16219703489338 232.6935372914
93.04877603719011 160.25262095004268
7.774885489877787 205.8236856461145
201.0331219652696 33.215420010377
105.52452516558675 126.67483877488034
56.67597568061689 159.19297128817684
96.10558502512032 44.5770815877419
221.03661106553741 79.72456656455867
68.34581730246775 56.883572130628835
156.77639495516036 66.8719614678957
224.32967344210203 209.07866839131844
154.35970130036335 55.333493794805705
207.71174333862146 10.415383635080655
46.67732619260945 220.99436148885528
3.5441710669441573 231.7126621092243
231.81120606811083 39.32562514750218
193.8477178951833 32.95976412639218
53.234346925566584 57.16135738126807
166.27705454605965 170.61819727069886
139.8624926196315 96.1449686334251
168.80835280982626 165.283975419774
51.77913372750248 155.75128307124902
3.54098072146547 151.00363987957243
28.318883014696457 246.0443812742176
113.36528980077443 113.84618438349422
235.6622798736161 245.91488226973752
235.76184115696958 46.62355796427267
88.8397995485267 194.14821922509762
211.88411791630745 235.4404770160935
147.2143316427909 191.3367048565986
132.26822026546947 150.71533914472843
248.62925620630816 43.25784701937338
134.40228779862568 14.863484045973069
237.45434274031797 154.1618897454292
108.02708785706014 4.271760021328425
176.5960125583194 175.80588837515108
138.56738065491305 26.505912973148778
62.82344586182759 39.677359454013406
145.98675806295276 169.2381720236326
31.682976082073488 4.94666389915685
187.5126308432288 116.514933939911
37.248376791387926 8.638060741540443
162.68735238865696 64.50571392769136
149.40408030123672 188.7755164924206
124.25180911976113 231.18804151560946
86.58182314481358 241.10873068961362
240.5110913167684 35.556489138763304
198.16584056519815 226.842255940275
165.11006375216405 34.33613018303463
209.35389297705464 88.45676927912643
90.69637109138765 46.380278495378235
148.5882306135863 170.3091902502957
14.436300470850899 180.84376266884465
179.1964093955688 60.50272140318538
149.24627286986856 110.02575739068587
55.4125252747599 152.20591895170108
61.0622882742009 192.34317241571043
60.9948584027161 74.07632795528218
188.57042561015598 86.18585261132117
228.98265331940357 137.0689574228422
57.22552163744105 154.40147391928207
95.01128413535412 2.9064658100455274
16.69468387158149 180.6150275065075
42.2994834035747 228.9788691140892
226.6708344795412 156.87679805983086
139.21989932710974 137.02874783889234
41.418045109199554 55.12626906402099
128.5111345866136 224.57026736433613
127.37826577848804 133.72846782949264
53.546798908063906 119.68391576574774
54.98300259190692 82.75736227003391
146.46856631261872 243.81105037300372
47.25260641874329 84.48191636356512
53.16675619429151 164.16850544607826
91.79344424722466 245.3847210204169
176.97828325804463 194.44601476403142
158.69056589354392 157.2195168277206
139.57785338287843 23.516146882748444
153.7980189280708 210.26805490684603
91.49980391899918 171.73206153399553
205.40540293877726 34.71824213296379
154.06878485695435 11.803444253641437
246.37459588036052 64.39405537214101
40.87260912364482 193.49256966332118
47.693844437037 98.01019470851269
52.218513266781564 147.40535856921485
125.86456468935984 209.9603636122039
172.31619695896578 143.44966161041012
225.4866301713757 21.36410500307548
201.42602463530332 206.15671988619167
3.024533066828594 89.79875997958159
219.92162676353922 249.08716402550476
198.08823729324945 243.8978240831958
169.54587973518798 113.22187805775857
49.64587907209334 214.05366231240455
91.3371969572154 24.000073032898694
204.67407029829326 244.75529571535594
172.92119474202536 224.738777518681
203.8450616494532 164.1592405418194
8.491619071663848 34.68916018919424
13.356393416975365 246.90939098911625
130.80659186110202 172.89486943807256
242.439710591786 232.69964015631868
195.3625322643475 223.80735183777435
235.40173099895256 81.27951054335303
242.79126372120433 195.26813468803843
218.0966620086606 53.28077371120957
133.21641628552737 164.47379161731644
63.39302610712688 37.5278819484082
204.72395338044447 166.08922325496712
206.6831128782349 156.090478037544
11.21383923971564 126.80917986159353
63.85995063448216 128.12017586353386
66.16060975079496 55.29905273612293
89.69638347383253 87.050205927762
131.0666420200584 32.50220777720414
69.57447895876805 43.90251623562641
82.83781021031614 240.30939409647655
86.56492840169818 158.9557584517529
28.294509685945325 75.89114862175306
241.56020412374397 62.43493162543346
112.03511170632568 149.73139154663772
241.4828584658099 108.76876649497142
57.72646881083282 64.17102978639144
86.09563434057071 154.29398604409425
95.28994430531426 148.14591163887394
95.77590621580129 197.56116853007038
120.23018419331008 85.11620840342255
48.242421728681066 44.32328630171717
130.78289193435035 86.08519547709886
194.14376437832547 127.55311766085272
61.89059629931984 108.0404410600877
110.11383034230812 130.27947426093888
142.80438209895158 120.77108534793157
82.32842336716753 184.87874409739956
27.546476309907863 130.574018942864
63.02263661213956 166.82184472968646
214.235713287347 27.97029011543206
13.26777451281469 130.96352231173827
183.60258889791092 129.1303541931477
180.86957912343635 105.40713213508957
231.47594956159662 138.97497911193952
40.9256764671665 239.74072162105745
217.04276861196274 190.82587937763924
203.722438380036 114.29571994629842
88.91436880077724 246.4240313466172
201.8070842679494 18.48276548373021
129.77130190249974 50.032064892956555
186.44705627891378 9.360192868350742
19.470916426815588 13.39668124275384
62.43658421771162 119.39217638662595
229.7138770567142 111.88271632298616
206.73866382601523 13.566058907902995
152.29511990443353 167.68047858620403
151.48111765918148 109.87342503322603
7.313095877431119 179.318758177207
173.64119750555355 179.62877084235944
66.57622343380967 138.82816435298764
126.59647517372838 37.00325944865293
125.86148844887795 111.33964822119904
238.43218263502214 137.55624858205456
2.481172996991771 36.903841406949994
241.6568240708222 137.12893796019253
107.52272833774259 19.020370307333806
90.9022127957894 81.52942246006589
220.74011039244363 46.123233021304195
85.81889842239308 170.9799263864829
229.32107300594913 144.84519217467675
203.43558462631051 236.70040000413874
213.65404128239632 135.05256943310604
7.9646754222029434 208.13748693359702
37.24190968807875 189.4972258612553
3.8227189477641197 52.8311264078648
179.12935592272424 241.97217911385576
4.638379835423284 181.49637772183394
246.12738854293036 142.583763200672
221.29539389683507 237.79969188809704
138.8809078956227 113.80582639678488
10.45863963500432 217.44917732385727
214.4546653597234 244.1082965455471
27.94746402019707 47.55425105673483
99.64693548060954 162.68892012116896
213.51102648221178 179.35982751621287
14.26096338833774 75.9609834871498
59.89123000790114 60.07061424389193
97.62654752282809 30.071775139427327
26.063160108257655 96.59760636951661
5.21291954228062 59.204649414377336
14.000924238348366 10.861434967523731
25.571179047793795 179.0236466203467
132.9734660007211 107.83624419431284
149.7730671165547 42.27756066171043
97.53977878541973 130.81607673050624
115.53431923535373 40.62062342685432
204.50065919584802 240.35844284604866
155.93413921126924 138.4102138283605
204.01930419895643 149.2983468845227
229.82405704040158 38.51108354985161
54.07033179683754 249.81464401161995
171.16739403622668 139.20991596679337
14.02928581723739 244.0773574188903
11.08233654800067 36.0745080588713
167.33560449222082 224.86046356796942
105.18632543765594 132.47947744758696
161.77252062355757 70.79646178586621
224.10399291593512 2.057876125336727
215.34316011011876 101.95207712724583
232.2856266366949 219.46111450248043
111.37542689466426 155.48718472953803
34.25249769933733 82.14145913154555
21.892270020329313 59.87762227561647
68.67202475936149 4.025223847355735
139.69511476108363 177.9977101228309
186.6953256741735 133.60813331281818
88.8622636130387 111.17428933700982
194.19461891881616 57.90131930425263
149.43717265519837 23.128704243311955
110.70623093760406 74.44808215928379
232.1248593007819 84.14089836838818
206.17983913710637 169.8260426017081
123.99882556914632 221.33641993623726
107.18345027275797 27.579582178712787
53.3406558666582 165.92158642558982
233.5166042829992 220.01121020309887
226.08704101254438 151.06197875908717
43.24256576422034 54.678928053244256
114.69535283669858 102.39793303747847
168.14437589378593 131.67866898459795
61.59989325003842 37.61691870806205
70.65179882925571 0.17199180285756843
175.41332073062395 184.27176496523583
15.378052763533045 191.71612154433078
70.11372122950108 26.78169540099165
228.82461905807537 233.8453820441421
150.7310094343101 106.45844011794986
77.01924862721474 54.80311263378615
109.45366606795842 6.12645718298141
222.6597454456144 105.57785461986633
215.782631949832 21.257652790438563
166.4786659602278 170.60888087630443
118.28300376812851 187.74423000250886
157.9433953428337 215.7024097952373
138.39560616385467 178.7648607391228
6.221798761140235 39.04971951006361
157.8107926059716 87.75511015455473
38.604482384175824 232.9952132550634
47.58375463459197 131.9381692202797
88.28098607392573 157.33603829225237
174.01593265283634 236.2957312507928
47.09813234918242 216.46396050249382
148.07581833428802 7.875966674670998
131.14752461963573 200.08140187765002
167.9080359193111 78.27220678991206
193.5414177288001 166.32152075158663
171.4364087484397 130.28646159045468
174.93069726378474 165.11213853184466
145.72116775115816 109.50777798960493
97.67105397142767 40.2851461881108
184.05191291567508 120.93497026043215
8.046454964806326 146.12410301195976
124.01866445629881 75.63084630758155
177.0286475715411 96.39631604215693
76.56304841993011 166.0257087976002
202.41256926968907 144.21689969637214
148.5442970712128 35.779771760663856
19.0549050295212 153.93616739668295
58.43682865001515 46.37529924549305
166.54036322477594 50.086304199402576
126.11385951742074 221.93585217314333
201.37430849277322 18.22111348726957
118.16325605120525 122.04718896303568
134.04614482080532 173.76254764946418
155.97988839358115 70.87100391261659
204.60837575200554 115.13681934829827
232.76419413004038 212.9433905455208
183.56141019396054 185.44111303665233
123.99080225547368 20.035060002435824
19.850948584159838 72.8123326824259
67.70907452825428 158.9844815086598
212.22545991513363 31.563900113495247
79.94296036554293 176.63883055313667
21.672014139134944 74.40349768479179
166.2127526613961 204.56283045828823
196.04235014318795 205.1851866055071
152.89036091723116 55.94937501095551
130.26355632483495 81.272797274695
245.36572544078302 177.55393969777973
234.380498683505 145.20905028093074
113.97206424465541 73.81479007941968
53.0629730035313 50.95959227663069
112.84630715286639 165.01674947793288
172.02733136432147 204.38061434076744
133.43299113037082 13.65688742039753
99.36908372161119 136.4381281190947
235.09293304572466 79.35981258661495
216.09623729653734 143.70291567422225
17.901557181803003 182.20680634760592
137.01341359336305 218.38116323494165
92.07227190301833 168.07122324377292
125.41891204530772 171.8122295800105
157.93646636107067 148.32459738725206
240.79461442437747 170.59052902552278
8.010910957743867 117.89769790873217
9.229494539668288 94.80409781136629
30.145936765110044 205.7513570897661
109.76513006603642 234.4407803079404
134.26995653330727 127.95938628301771
19.488158125263443 27.263402269055327
122.90091260847069 24.619013696577984
241.57105427108814 125.2910476864533
120.09429064635945 120.8967447222071
3.1750042834080006 20.044235281061724
156.68481519911458 115.56269156014318
230.73326024021011 176.67697831279196
212.80687443471797 163.4794166634868
89.11835767803433 48.03010621808812
212.20797905963343 181.17302841671636
59.84977263906088 117.77514948157646
48.58091224326669 72.33103678788177
216.03917239557134 116.51672050799746
148.03781731233485 13.131244606747666
81.75694950575233 74.43105864089745
191.1878129654277 16.512880806336007
249.78163463337265 133.32685432301406
83.38513192796795 33.99978045523255
197.80726900677922 195.3763399722757
67.04576981859819 209.47554846184863
191.73654549963862 135.0062316620998
65.18845361364767 49.81645586379926
171.3742922533048 94.0475358453797
59.937370004390424 137.77994054099702
134.36067903767568 150.98542324963236
114.92907749881293 244.98704111389674
51.6960644917144 91.09834853399387
16.800480780392647 116.11926023885441
112.19856133612605 62.946078991276636
222.35505544353904 150.3691385504327
247.73665490958015 166.8050114626419
164.68073195605905 146.64258525613053
135.9024079010419 183.01158942678774
113.75786713840202 158.56854785391113
186.61212326013992 25.203400522744975
205.1528120969992 215.08608334867824
38.23379235283234 7.707120494616221
145.50968958628647 16.336220189236332
194.52300638356613 78.33289672256
108.34759189227015 57.14422307223677
72.39015627765622 196.18120308853756
181.87104658935087 29.84303694023996
234.20044872776296 223.00171756966543
166.30754203646114 67.81347054923783
166.69023032802966 109.60763011824464
96.41133903901716 51.67369121242968
249.03316862106186 42.409337411101255

224.26319373236976 27.206715681223237
221.89578986944622 133.8697546130352
4.772643053922055 158.28321155129868
45.96524248221645 242.14620738845122
92.02274635913673 96.3547871067977
117.93853372367752 65.54763409279049
83.62123953069752 144.81697429273677
80.94229280868734 96.53644846439397
105.6194561129323 189.63147741874766
2.365602212233947 124.84795650478353
208.41797443570857 59.835303248145486
225.66093557572478 16.86329512387344
45.73289979253775 19.278358964256142
43.92930053622887 122.35010672644312
14.345641361126592 63.373775180283445
220.39501700519364 169.0360184439662
159.29174421547722 118.02422508097484
138.88417545995637 133.86749732261706
45.95592933814102 111.61475889134553
109.22477850647036 124.34092001529379
209.94104963738917 65.32301563666707
171.17019758885678 249.01326515672991
143.73852641330697 181.3837725318145
174.15861579182004 195.96659572551675
146.78196413329022 27.3188826636335
181.71610652538757 21.941385965737
211.76043396941958 245.2821100750094
95.88656609741663 17.62842027524844
115.66996022452398 189.42862378394122
206.1626425552479 100.97459166127504
124.64570453380233 79.33915792652103
226.3437973685163 55.94608023661768
78.21793972522958 51.81016370402614
41.53010736123594 191.30740275018564
173.64089873104007 125.69040609277715
13.213930213676118 211.06088443667923
87.51412580854308 140.71894590876778
129.02078318381442 206.19366465097295
125.69375090028612 60.680100903876074
207.73487111116873 179.07998411720195
93.01924080152365 105.55240387003268
127.90613309803831 138.734433590187
164.6955803084205 26.364230477076312
145.53678143682518 3.844157268070414
120.57638542113416 170.12426705961323
116.65961623838483 219.3908373510956
99.91745182831212 145.19386423953728
56.309170091909834 184.71851643609415
200.78462147740686 35.76916053818863
21.62411161536254 155.86414335782948
17.403772052873745 245.17365022820465
220.841620801629 53.4122571063618
187.33369714076954 28.976949515485824
146.99592904983822 154.2108291930922
50.806543070619576 78.90735263611734
162.47510388822903 32.85727364375221
176.2087374589196 233.3758534024186
32.750233490109416 29.68438970556006
36.11078290922673 164.92624825283406
44.04227698616919 6.428104903032416
230.2925561004363 90.1860776234672
205.41223862839323 105.66881079313842
170.56139518234602 67.37740038273724
148.5160346141916 22.64471201974516
100.40877460073105 16.106588929646808
66.79113372237654 11.844564008897136
132.1087576962216 32.92653619412797
176.165030451778 209.4946988769525
8.925442637890773 222.47180793182378
242.72455493718994 249.02388188942714
110.10169482081933 150.7267055193282
71.03500827132945 128.66704279565212
217.22484310050868 35.542672288373325
107.31008768563463 186.62755882417207
229.60658864909726 149.5069468729375
208.34200819562096 147.7468754157668
187.90275347040367 104.33424431964383
127.76188588239096 165.13920104014147
119.00925207354743 23.377699287187664
246.0001860520266 15.42915164837752
243.6133585808081 94.50136123159616
206.29277176099882 100.30865769970268
237.77100605330784 202.17673687294786
179.53663043867178 237.70665385188758
119.26513583171128 135.77172189220937
203.7533672384628 237.6088909792448
186.73936408676582 184.2643354174008
91.19844370016844 101.13222103738717
43.41135514766093 249.9105276218092
65.07256475795656 159.71361997735022
95.94807983707568 223.15108985759588
229.73752440810986 184.47632825164374
73.76987999190563 128.53485073472189
118.25259279386951 100.0958046589267
165.23374671702388 135.27867983634366
71.05858333812814 25.154610594092517
109.37152082909374 243.33618442258864
174.07256149656794 201.36175324751318
32.76498032608915 199.17273218657886
38.61076813206357 238.52727066017346
236.0081950369357 1.2343416334313628
78.95225005697654 113.75997802873128
188.57417094910704 184.5908917815851
242.47889811663597 119.9741321845434
248.1819234775437 102.25307327290245
153.97212968371872 223.2191880159221
92.14775450875251 52.7592373077892
128.32471401534872 83.08627073157818
151.99224047099727 209.20844974895834
216.60814187518775 147.6295363072649
225.47252649801513 57.56117750620235
206.74316649171485 206.37094928060503
240.65240600399696 77.80986375703621
211.8239027038042 99.24873556871131
95.90625508904293 58.21289621775469
3.370923671713877 62.43197775853363
144.80082609777412 3.2368795103094037
24.443409791791854 78.27437017617511
238.01364716396526 170.67591808785164
76.04531440765305 141.648901850423
36.98352253294016 17.00707533711096
226.8651578169196 229.71513643518284
164.61545413011748 80.45964537365546
135.43302752193577 78.8418037605455
25.486375651205122 29.734772836495697
89.32650942642603 56.23435341320257
206.8110014042217 35.029860340042546
212.9607281876249 205.47771534398655
23.59592848601083 6.520144296164293
14.832358983257798 57.32848591713696
23.9862290894588 225.80811746759906
67.48738253443376 35.87820451296852
152.5953405933584 106.66335584697353
35.53339513495982 45.17395451007539
20.606839525642016 24.17794672904669
244.8663168129126 202.06359614863254
203.67384312062788 129.62692570622522
19.414989456995297 144.3054507772888
160.80276196716645 28.11632569125916
79.04188398314128 166.4820951411433
50.29340878251118 127.15963994329054
118.1481271224096 46.7547098938593
151.26833503054237 184.07477642447913
128.10651517270378 211.59131735793392
118.78667818133684 23.322559546094745
235.21642109384493 57.005573498161795
196.25748019252794 212.30777863915904
211.06085621945596 221.9315233226072
132.213138627646 194.1631131708788
43.42716628797913 7.316252765858177
178.85857151889405 128.4654799925771
75.10806765715961 242.19680642791934
184.95246371366608 56.67594388082797
75.56682003278375 76.847947398257
129.29214603968092 221.42054300059064
50.03569987853951 222.27540153066272
51.41343467297443 50.38452653687461
122.69280552873724 88.47072555831743
21.296971371896483 234.20471639534594
88.82108262943203 158.78351021601298
11.477365512576887 213.1364021560705
203.7892146557071 38.048835762729745
108.50327038130573 121.02151803877004
55.02403956040291 154.5247502198557
95.23168389963035 42.48540710160381
218.12362692158558 78.36533752952305
70.09483332578453 48.81779859249921
162.29750914582104 67.0926960592686
232.33060110491996 211.54980741700365
153.6541817978135 49.28775595822901
212.97487400432277 5.725647591200728
44.358402236814534 221.00124641525645
9.910234165716957 231.88083245608212
230.3734425039709 41.05991893693559
193.9759742725675 40.557438250274444
46.75313914929463 61.69475254714807
165.4560827512473 173.1501400421395
146.16345969314298 99.79110404708855
170.0060851399047 161.18062801121226
53.837844237367094 147.6244638771425
3.1105070404854605 156.3642785142442
34.91352236055942 243.98570311373638
113.8608333031145 107.51294629499961
243.0794777672056 243.9724090621726
228.36831502530524 46.72576432015746
82.97899185081381 189.73291576817664
213.05439737414048 230.69414877378313
147.8159556115154 184.07416962470808
127.86558624939765 149.75738229600273
244.13284317895793 41.66959735087949
131.61415879158943 14.453450128873696
237.1204724380066 156.65572699721213
111.14764921674902 3.202748833271152
184.35553561329067 174.52479915316616
142.96016540358636 29.39974342073898
70.81295010344348 36.927386116057725
152.81796186564708 165.23248694234195
25.48423565612673 4.720408264464599
181.4890354965305 121.78939991763107
35.07067142002318 8.311824160030373
156.27790667479917 65.23256873260303
148.27883726334306 186.6808500100936
130.71065986704522 229.637885234151
88.53594011074887 239.64224777332106
248.27981448519978 32.55714348467656
204.13995466283242 228.3887313687773
158.65634897499035 38.13395909703271
215.70042538381233 94.07913293098511
91.82877266001768 53.75479007764433
148.16736048151833 173.06473772286517
17.43289680249585 181.01751244157293
180.12308085546093 67.38291409520714
150.87720766900088 116.79713352583579
49.46862691788162 155.12260562974046
62.998381172888614 194.63804629582265
61.606621580964806 79.6931604003524
188.93455855826178 82.59780956051632
232.983699108992 131.67964308076
53.023161981037816 161.59935963566403
95.50110600885672 5.533012555637318
17.36290963232076 176.65250359974416
44.220783281206295 227.92369073349542
229.05348143773682 153.24204915141047
137.8330720023322 137.07248470344192
39.590762751137845 57.069206234102246
129.21016235059454 222.17066217454934
123.8544723450879 133.68926923043904
53.25870515914411 117.31468626166955
47.476183788616375 85.08234406948311
152.424064254026 242.17728623184908
45.08474198907986 86.42583641524998
60.12696937769205 167.9774454719014
99.10881520590345 247.21872534255917
169.26676363635812 194.92286533257953
164.27371401823623 156.60795836559365
144.65671887215507 17.13723329176167
158.8749245009157 207.72023105866737
92.52852838321502 171.2315459890159
208.57341640024922 38.48939238846194
156.51713333860152 11.041586264375598
246.64408564132805 72.3789799679684
44.49763067717008 189.9355382478963
42.518596490290356 104.65332837550878
57.089172458017565 153.74258410292015
119.06830385679804 207.48823856478586
170.84885177535324 136.57054019466239
225.22614564671758 21.86949361301174
204.1521656543501 211.14869133129054
5.432398852076386 82.72994496349995
220.5280795265046 248.12021296144493
203.37715219513842 241.90920200460098
167.24612840281117 110.41676044047777
55.10991709545662 217.11126268539226
89.61635770715313 16.54725314881467
200.0902350968172 249.78006284806116
172.52635851700683 226.16354837879604
203.07969641162177 168.68424707911146
6.870860182748906 42.04770872956543
10.464676475752915 247.0613311897296
128.14141644313986 171.08610630923738
240.38848453918615 236.77586077357083
188.40342260355015 218.96209886908971
237.74442416500628 88.10051045596035
234.72828029888967 195.1122422875688
214.9494231723583 47.439732004059096
134.26195149927196 157.62084119209
59.89702132735605 41.434927610065955
204.618740806471 161.97628895527933
212.06556925773074 162.61486696028095
5.085107155054058 129.065592637409
64.7478009436126 135.2390783766145
61.81834308057552 54.33300164452351
87.86401534602484 93.3627085627006
128.11690217124337 25.25989180820537
73.90586685077507 42.23488313170223
82.22145979068479 242.6609278176342
89.64964042678525 151.28608473056434
26.28146814405008 82.66963770632174
240.1838109192326 66.7520988268992
108.00749429376904 147.23512326880171
249.4404163483471 109.38808919576809
63.3901710155311 60.2282634560973
87.5225971573656 155.37303266997125
98.01872054142261 147.28747606043396
97.91062803874348 189.79329263296245
117.26840699518861 87.59887773852442
54.10150203821221 43.06059541314078
126.58919903883859 88.98151032423213
192.02866052059227 123.40318588747124
59.56479277786011 100.46112878945931
108.55895145517519 132.34533513654094
147.77698772450253 121.07819949607035
88.71147665668788 184.40216007899045
29.572189575086867 129.63416106335745
61.1523402488951 161.07857755096398
212.88593486890676 22.308650340921137
8.883484186425456 136.38126786456297
175.67655985043183 131.5922786150134
179.1601961522931 102.61906113275427
231.68216277506534 141.822285081282
43.372206626493295 238.06073227472862
211.35463452742044 192.79998668398892
211.89984552700815 114.82185068525602
86.52017135254134 244.5774512138545
196.40709782283884 17.402226001344225
133.148281368514 43.66397692584728
189.5891766485576 6.700256416651396
22.367981756192062 10.195202327962921
65.51682699153145 117.31969362232728
227.82190434135762 116.39468151175558
204.54885635326167 11.847272843059503
146.28429507981963 165.55934447639046
148.97393907921654 116.7836383821429
1.9176389830792284 175.34429752866342
170.808616941933 181.73424667182806
65.2590070328217 132.4486064530982
120.54464290609934 35.48954899090212
125.28635441680791 104.10588812224597
230.59257297853398 140.31036433211005
3.9709045541538037 34.51904835704328
240.24153655354306 139.77381251379498
104.18245321758054 16.650640939232325
91.86352414805607 73.6221525834351
217.44441811801173 40.352542816686544
93.53618492864244 170.97804729051978
233.38769192428643 142.6884869192621
200.74838171372087 231.4564040058481
212.96420611706444 133.34626458712256
4.478280405461415 215.20448497559158
44.03909363699776 189.77516479161514
6.186669998609257 49.858230119901066
184.32086870136933 237.3612319576572
8.701535042145187 187.52916135113844
242.94981861226364 136.09042673025456
223.5809050997786 233.8011173451527
132.44440308196204 116.09651422671566
4.034478108535105 219.43929892372893
220.6511392126632 240.63693311580553
23.80353315420672 52.967248436059876
104.90071807398688 163.83526702016647
211.90159980870055 178.38418652335463
11.058621752500496 83.32689048999939
60.17315572705343 59.83229090689421
93.57648294668566 37.051900692702034
32.52428302534946 93.9664602074405
4.913647989249176 56.53364506848494
12.79453522673532 4.191424338273464
17.605329376031264 176.7770113203209
135.31046161958884 103.3231789500908
144.12459310834453 41.40000306550576
99.06469076104469 136.57859668018835
122.73264873905102 44.94522381161728
207.74784279798172 237.46039832611473
158.96499109660627 135.11597642898465
196.29731735671598 149.63078074019148
223.00015273780076 35.382941935470456
51.1562022728585 246.7270945680246
173.74043753323977 141.22106442253417
18.295289236189618 237.85114138326693
15.240699296180466 31.23813295124325
169.46913077947733 228.68268810274597
104.48186189066477 135.0670535706075
163.32021072364972 78.89993194752782
227.09412760094838 5.241958059749169
217.95064288823292 106.25076526235266
239.4755880293596 220.2995480311501
105.78166531334105 149.17008725893783
30.379792263888426 87.64764735339905
30.210503721101873 59.96172172685716
66.02898591191281 7.136832958825639
146.93902662039346 178.64060741023908
184.23329147808943 138.28079017107822
87.00240651780686 112.63197286517088
198.35458199722373 61.59840639280123
150.0607580803508 17.763153876376197
114.9674670743549 75.89899735623979
240.362555004368 83.75059691890755
203.87742755747377 167.973253467318
125.35439327462653 217.13827434586145
100.2464793203664 26.699319867167894
53.10567069680097 165.9282932377512
239.83718788572884 222.00906448088358
225.17931953483688 152.8939367893811
51.4364335288093 53.01229516955433
114.87820320902415 102.10292464134046
162.57810783272376 131.18293433803586
62.80305365485847 36.47254523394544
69.00917312423677 1.3652033315144918
182.76871405574994 183.42872433643
18.3047444999766 198.69654904430834
63.22239552680589 26.957129162034633
227.0359033426611 235.98596876081237
148.9373306841421 99.95998977156523
83.42447561394317 54.978659993017295
108.53212075613258 5.160500550103003
218.60953262194096 98.20228814288207
215.5524783038272 21.58182007230608
158.61889927732486 167.92580278852017
118.20187744524272 179.5828497787307
158.05594086333736 220.12478844003573
132.85271386273456 184.31569153151264
4.385539839082908 36.35422683435721
163.3788915043547 93.88904726664354
38.62816222489096 237.8987290873209
40.52185895198257 134.1299844496959
88.68108456151388 156.4261229930402
171.49297527571963 232.32369638021467
48.24466805641564 212.29133546844244
142.38386125732856 5.705791046393349
130.82371219502872 202.16832331572897
168.6567089523666 77.73901751093356
196.88165991566993 159.97281709046416
177.9712677509393 128.123345110786
176.00337095754315 167.62104864318894
149.15573485459703 104.96718954856382
104.70513234510018 36.56672774158595
185.87994007814515 115.64036871441682
7.595763895795887 146.09025726570195
127.6791264034427 75.05476863434157
175.9476405728534 94.95866695313859
81.12283166994402 171.4036703483223
201.68072731844913 141.57238280727532
145.80263990177548 40.32544521261566
22.83099616814513 157.97408955859532
53.387491857256414 42.945449587672854
164.43115317828173 42.089283131901354
123.97135608791032 215.42790998449684
193.96927629383794 20.71420538690516
119.6040854673085 116.46967066135969
142.09413100568645 171.68246689565873
149.57209589128675 71.33384340062123
199.45554529396153 121.62204530291346
234.1177582615108 220.34471800684256
186.71545208704632 188.24907250401665
126.97406082283888 16.2714946547137
26.0102708065863 71.7560917829167
71.75127291822736 166.0733529542946
215.64203524160789 33.03191003013506
74.1021823923295 176.31319085725127
28.32294762991 71.46696216939993
171.50623303591343 207.73253175385094
190.92616090973885 210.35575163206053
145.21078145161135 59.19746586431507
129.58450112384543 84.4612956323286
246.79563734249274 180.45623045082098
229.67530962152043 146.83701513406527
114.36649644917307 70.69088904125489
58.57321639968907 44.55070492902286
112.56852758509828 167.10720000998063
173.48629734336362 204.63398241004367
129.65308696755986 17.62975046115123
96.92076151577855 130.35961658565378
235.53363139873096 72.74272723125804
219.3357567640552 147.22473067457574
15.117607916801084 186.7226484631878
135.52933650769873 211.13868240090622
86.80972071972897 167.90052205296396
123.5830550882567 171.49975913043977
158.3019538600059 154.02175203806698
236.454601217145 166.3469075163463
8.847811806725058 114.19769130229507
9.454324659719127 95.60342141189274
25.12470785674467 211.47700361483967
110.70727327155588 237.4581271862675
126.04869825338535 129.83230061631505
16.927855676406033 34.662203571027504
122.48214366968718 19.436790492251525
237.50666619967186 126.16236607538208
114.70702515701589 117.97367527388714
4.093095025729548 18.892028701837983
150.24010044857118 117.74757245304069
237.01538976232376 172.36030627806318
206.3391100377647 163.08148720834558
88.59820060727586 46.72535783521259
208.83613744304398 175.20790161527682
55.03030687356614 114.40628301795545
51.84611397050606 71.0498886754288
214.86422763419804 118.7650777265926
140.94567976268087 10.765075274817375
82.5732963978652 75.80014411752792
187.8252204923685 11.69437612141605
242.39121446619862 129.81548049664138
77.70707833694141 32.772956860627254
202.03889074820754 193.0642884203069
58.75779933524797 210.28915549344458
187.13204168273322 135.67745413408696
59.125470696472334 43.966303758066175
170.50403714727386 98.68219612068759
54.554486377245915 134.22399161744335
138.93291606142543 143.85373687507766
115.01319053163539 249.87229646095858
52.57699375989603 90.15229875959984
17.755242613806843 114.47597833541126
112.68641509351532 59.23936766697038
217.68241113722758 146.50266405806744
247.7530058230291 159.6598452805637
168.93064009667978 147.34789633162333
142.51652466238855 180.597690978252
114.3006153615762 165.8484345147247
185.84665441620555 32.857150046210926
203.9684847443081 223.22271377190413
30.827811159623103 7.154362668873731
143.12339535940245 9.844951147384013
186.75494118137917 80.5335755053779
101.58983358075649 52.15224986587905
78.35382367585531 196.64065524725837
187.57370053880703 34.85265689547701
238.36572274738617 217.6683919897417
169.5415441824503 71.72949871458067
169.70895875338343 108.66856170842031
102.03433274989857 50.94561776481743
246.59748282260873 44.86975852535982

172.1
288.2
8.6
143.4
137.6
206.5
648.5
68.8
143.4
17.2
108.1
129.0
86.0
86.0
432.4
72.1
51.6
143.4
172.1
86.0
68.8
288.2
86.0
600.5
600.5
288.2
216.2
77.4
324.3
540.4
129.0
288.2
72.1
17.2
144.1
960.8
258.1
1080.9
51.6
36.0
480.4
137.6
34.4
216.2
540.4
172.1
229.4
143.4
144.1
288.2
144.1
960.8
86.0
72.1
34.4
288.2
1080.9
25.8
68.8
324.3
576.5
432.4
216.2
77.4
480.4
480.4
960.8
288.2
25.8
540.4
432.4
432.4
72.1
51.6
1080.9
103.2
432.4
129.0
114.7
34.4
143.4
576.5
72.1
137.6
86.0
114.7
324.3
258.1
286.8
34.4
258.1
17.2
114.7
72.1
34.4
600.5
103.2
600.5
576.5
114.7
103.2
34.4
72.1
260.3
108.1
129.0
108.1
17.2
144.1
103.2
51.6
229.4
258.1
864.7
17.2
34.4
114.7
648.5
72.1
36.0
17.2
286.8
144.1
72.1
576.5
216.2
17.2
600.5
600.5
68.8
129.0
172.1
77.4
864.7
25.8
68.8
720.6
258.1
114.7
216.2
8.6
260.3
229.4
432.4
576.5
540.4
144.1
229.4
216.2
288.2
216.2
172.1
25.8
432.4
8.6
17.2
288.2
154.9
103.2
86.0
34.4
229.4
258.1
72.1
86.0
260.3
137.6
36.0
432.4
137.6
286.8
34.4
103.2
144.1
960.8
68.8
864.7
143.4
960.8
51.6
648.5
51.6
286.8
143.4
720.6
114.7
540.4
216.2
480.4
34.4
72.1
143.4
576.5
25.8
600.5
8.6
286.8
103.2
68.8
286.8
77.4
68.8
258.1
480.4
154.9
1080.9
1201
480.4
1201
600.5
114.7
51.6
206.5
17.2
114.7
144.1
720.6
68.8
324.3
108.1
600.5
1080.9
144.1
864.7
432.4
206.5
260.3
480.4
34.4
137.6
36.0
260.3
68.8
108.1
260.3
17.2
137.6
864.7
144.1
648.5
103.2
72.1
216.2
432.4
216.2
86.0
144.1
51.6
216.2
154.9
216.2
600.5
8.6
34.4
68.8
51.6
51.6
216.2
600.5
86.0
480.4
17.2
72.1
216.2
103.2
34.4
51.6
229.4
25.8
288.2
103.2
34.4
103.2
68.8
960.8
432.4
216.2
648.5
144.1
68.8
36.0
143.4
17.2
864.7
864.7
114.7
144.1
72.1
108.1
68.8
540.4
154.9
72.1
144.1
143.4
34.4
720.6
576.5
960.8
51.6
103.2
86.0
68.8
432.4
206.5
154.9
206.5
114.7
864.7
68.8
103.2
51.6
432.4
144.1
137.6
144.1
216.2
286.8
144.1
129.0
960.8
68.8
86.0
432.4
68.8
288.2
25.8
68.8
72.1
1080.9
288.2
72.1
77.4
216.2
17.2
25.8
288.2
17.2
51.6
432.4
17.2
144.1
540.4
1080.9
137.6
216.2
480.4
960.8
720.6
51.6
324.3
86.0
103.2
17.2
144.1
72.1
540.4
960.8
8.6
216.2
86.0
206.5
864.7
260.3
34.4
206.5
864.7
229.4
720.6
432.4
17.2
229.4
143.4
480.4
288.2
144.1
432.4
480.4
540.4
324.3
17.2
77.4
114.7
77.4
864.7
432.4
72.1
260.3
216.2
51.6
108.1
576.5
36.0
540.4
1201
34.4
432.4
480.4
77.4
86.0
172.1
576.5
86.0
51.6
720.6
1080.9
1080.9
432.4
103.2
17.2
216.2
103.2
103.2
144.1
143.4
216.2
960.8
34.4
72.1
258.1
1201
103.2
432.4
72.1
143.4
51.6
144.1
51.6
34.4
68.8
34.4
288.2
600.5
216.2
324.3
432.4
77.4
1201
34.4
1080.9
17.2
576.5
720.6
1080.9
34.4
480.4
8.6
17.2
258.1
576.5
8.6
600.5
17.2
103.2
960.8
288.2
144.1
216.2
129.0
216.2
129.0
34.4
720.6
36.0
114.7
172.1
36.0
432.4
114.7
206.5
68.8
68.8
68.8
68.8
36.0
216.2
17.2
17.2
17.2
17.2
258.1
600.5
1080.9
648.5
229.4
51.6
154.9
34.4
68.8
103.2
576.5
129.0
34.4
864.7
154.9
51.6
34.4
216.2
17.2
144.1
720.6
720.6
144.1
68.8
1201
324.3
8.6
229.4
103.2
72.1
288.2
864.7

8.6 17.2 36.0 72.1
17.2 34.4 72.1 144.1
25.8 51.6 108.1 216.2
34.4 68.8 144.1 288.2
51.6 103.2 216.2 432.4
68.8 137.6 288.2 576.5
77.4 154.9 324.3 648.5
86.0 172.1 360.3 720.6
103.2 206.5 432.4 864.7
114.7 229.4 480.4 960.8
129.0 258.1 540.4 1080.9
143.4 286.8 600.5 1201.0

2 5 8 11
5 8 11 14
7 10 13 16
10 13 16 19
14 17 20 23
18 21 24 27
19 22 25 28
20 23 26 29
25 19 31 34
27 30 33 36
30 33 36 39
32 35 38 41

