512 3.0 0.0 1000.0 3 160 240 100

193.50492593761996 25.168128576780468
137.69873686293826 8.07595184850307
177.29631350013292 205.67990670100752
203.77659002691274 102.55210812990396
173.14516040530768 104.13606419351545
155.9619429474679 111.28030854947013
213.25476382990897 123.09575946815588
181.3515851028933 116.58560199599968
88.90429684253756 106.82566599049272
175.64545586831773 197.05680743266024
53.65750125661897 111.97740664568825
125.92791981534856 216.57739570824145
47.38289519128885 80.38672123980261
218.16451204403194 151.5192868288783
197.45927468463356 33.22027715059148
248.29736878877384 238.89887513084773
43.689586840243656 126.11574078182933
196.0036966106921 27.29052764046061
142.34930243640542 63.31554716157434
81.5044702459041 171.05844241302458
186.20292502837663 195.55929890933595
72.46309576175288 164.11789092166725
5.71875476071143 171.7893709928392
185.80999554730639 76.99015331853248
28.398307181677907 158.58975457856067
31.404951556689237 146.16703710339613
147.66941254192318 239.3542084326316
209.49085753044386 159.03823528061088
184.9460324303719 174.13854651812505
214.2629588379129 53.89536584190566
153.62156173003854 115.14042667390953
134.4378958988835 171.531783998857
209.29604956850292 107.85328162727158
42.48190782404293 26.227689805893238
23.064522181502706 248.5498469460573
7.885510469793633 11.289360806272214
239.40229051914636 94.2072938303671
64.6551649656823 45.3714274251365
95.52993353603914 46.500678620285676
198.85301679199236 177.55612783809914
35.767139194183116 66.72554847728676
86.02113786525786 70.40264267202929
225.00777563006588 160.81911397196274
62.245304652583684 161.26631064890077
140.6878330391339 189.25505379028974
145.18188100719445 171.16232392823446
156.69274803911472 17.212160139167015
179.3841295708077 104.52124855249872
167.07653127056395 164.93390152091976
147.28363360306275 205.81733416075514
219.44478780678327 182.7717693688337
125.7382223570904 156.12391952918296
156.1619763510066 173.02199608254608
66.51024582709641 0.5326910093572945
209.73946443937436 242.63456053560083
68.64025108702718 184.9953698353216
18.066345573440362 77.78789431342936
122.81139821161224 106.41775090434804
109.22858648596653 138.25639100605065
193.3343686420032 154.97010404744907
140.27832720469806 62.428626791566494
27.582981517331962 230.39616263097403
24.081502041162437 90.2338582405598
38.48301649165717 229.90189547160622
118.0146864533696 3.942299419240375
240.82423921026535 79.97271339685588
128.86492880887968 22.70437019989982
235.22417274433138 6.738045856797076
152.49347631697248 225.78154865054523
56.52185325980022 78.84145105738058
219.302909779918 191.84092389070454
243.90837033709946 20.17693981067034
12.732850053209926 60.520714417507
142.2078487354558 163.40071779352854
187.7444691771836 114.10864260230092
27.097832886314123 97.52032562959998
231.2817706464085 113.9913302041155
240.71132951806405 129.12785930144534
183.72437884106225 147.35858496136206
214.9900186712278 6.735898542868601
120.02921627813295 24.85693111700682
124.32063934867647 139.3293440094841
218.72055687418595 125.51511758858564
7.596415342611712 132.40447166405446
110.26378733468987 159.4820730478417
108.6590982652654 210.31989296931698
180.00256090573643 43.69868255757556
140.8730426773251 240.9975265915199
130.46317441177047 35.825010326275525
66.08241198305959 45.736768017421824
17.171638094897745 77.71423176997023
110.093138995429 159.14590085174723
219.50783904695353 128.6145464058724
168.78553554383132 83.6721945990364
98.58136074713813 30.71965766010745
148.9606360711467 240.58115428949475
9.253559590491816 175.62938349976469
174.0466990730004 188.66325892478113
199.31988045962078 193.76914447715467
52.478284151304095 125.50096897444429
131.66479533531862 38.95604364426297
43.81150503021236 129.58326266972205
227.94270605532586 220.91401351899654
31.37477451387935 244.77693246744474
49.62332932247776 60.49118560229688
118.68540516519838 231.4016515500628
75.21987008168149 177.30378963664685
81.45845808813971 35.457724564235654
101.04826069049405 56.436176207248614
218.11598215820294 1.8421065305628814
199.94561438305308 85.87651326336454
208.9726763568104 235.44831948396163
167.91205338987226 42.6154359872368
48.17768210551782 212.29372759345088
126.88687747061097 236.42450881876465
140.69718815630634 0.5588328320729752
168.46572587020546 20.428750300267584
211.54124632545555 159.68050282340195
233.4255851043349 216.18739353956343
65.0290201707277 118.69487612814552
48.539488210935374 167.45605358246192
153.45946112987698 98.42451233229681
209.4303760708931 141.4466222392365
135.41873215158157 30.37580214692928
216.0775755749466 104.8767645340683
115.444402101815 77.69601636185882
246.0891468253971 159.54632294004585
97.16242681440384 56.953339192627325
192.17641702857304 157.91239327943035
89.20295596527065 121.11480911564831
232.23291007271735 234.06727382834197
75.08243668458361 21.460147424376462
147.74885835247483 199.8927423331594
204.57623648811102 213.7487694951971
178.42459658471046 77.4542855756884
202.79028449817383 157.5318150210807
62.063507680997745 3.30270429784546
183.31814032935793 194.23428877835528
242.64355201618434 69.92595003641492
26.095173859534306 1.7280644009887713
128.38052210152244 82.46027346199011
68.47080995755519 181.75146682698448
190.12801327439666 27.810282915468278
75.84910860155436 21.747092321530744
193.79717516652406 79.5395847173937
34.73232697938877 176.6799828954334
145.95902367613016 41.02938557288247
88.73463970910773 82.79193193158605
187.6040747930265 190.91146216075504
29.074626324057913 241.19830760035975
245.2164407079096 238.6398189821883
33.04798595565131 83.26019010724464
166.5568145561729 145.3095607040218
94.79022872841678 192.96511504750467
105.76337375637388 166.51286562047915
183.7921504776628 44.81162093640201
92.16952436046193 60.5054218181483
107.168405536453 197.77062346735843
111.3315021840319 29.53822826573993
140.9135451541827 151.37230773866938
46.037750565040255 241.147239775888
53.94905327734881 35.71051195319108
169.9736214625445 5.119526036950983
49.878728001395146 21.909513533970525
188.51213771761428 65.97737231343109
183.82478492368585 50.87509070429094
142.00780279412976 218.74559810147898
235.0694910151532 219.37140608758241
27.18697148753227 176.08188565973813
93.6634515144483 201.4578392454818
151.6842940888889 192.83950301192414
225.9839397748345 213.25389806139023
170.41549391617448 194.77295060526941
133.1753679767065 70.49179227804855
86.86655155905454 155.2005171404621
197.79693088655003 218.6784297859483
224.8120385969416 21.55369446560812
69.2705908055329 182.6059808280847
55.634288604211854 166.90711159574988
131.61248103583995 210.66859058131604
222.0817166932132 132.39817593115023
74.70108641090361 2.602405477025116
70.97167166585002 126.00098280363989
215.28976118720198 177.70547370686384
106.18993033191072 2.754308509594461
125.2951135411714 16.505783896685973
211.28679358057371 162.4819325336958
34.94119927880068 142.42707198750222
23.851348939279788 29.17805462640227
179.5605091815716 79.33950943454029
202.8180153018101 180.4792877807573
167.3572904717428 43.786895648178394
223.32841786589054 157.285170898903
162.14487070526044 26.72976453542836
94.87580967794096 115.30166761508126
119.6760796841804 164.7765474033452
87.61935196782214 167.92138251313037
229.30841768615392 183.94124579228813
198.12001966438405 117.89240198170867
193.47406845912565 16.389060248026553
166.62695965645054 156.23840582689266
228.95918240543529 232.61063358018362
192.83652353285376 173.71166319817095
228.14652579015268 92.63510881445112
87.69418716662469 181.5085697853867
89.50059826293256 141.40622492878774
72.3942270613745 76.51882110777453
163.1648528218179 12.115314301207631
60.441882524469555 46.796687487080376
131.14153606228882 164.63893876553723
34.65619148851179 137.10709890214824
102.58007661505381 187.73471554719237
90.94733021382962 51.070131259838085
50.81309791443128 248.54615072822142
130.55922701929714 94.6474112040969
158.4890619121303 130.14041859453408
249.31937272823032 10.943994467855129
200.8952422379481 225.47198948599024
158.76477073696407 87.9647165697274
67.77459282769779 9.37210496285934
114.05381354284505 146.21613132945566
13.75988264439673 212.11740940422985
5.224851964579946 227.52986586491392
32.537436708173885 86.20882378383924
73.9591980704923 125.65314133201663
110.26580954775974 183.09462404305071
12.53369610244004 109.67854211404338
120.72746845188561 83.8616992142742
124.71607736746445 130.06686688214458
223.28443520908468 221.6612172093229
18.883951950673577 135.07186392399893
234.58157372858275 118.0416916439816
84.51788443991445 128.38842958278624
246.81582173903615 29.848921009073713
169.37869817153447 19.486131388534332
236.48019864462913 108.39448726594497
219.70110469865392 122.9566719500412
221.61902578014843 131.20885112902482
152.2461517807259 56.96097625083177
113.06230193478319 93.84880091644837
111.78139044864608 18.14869132157665
69.94320542996896 111.94642944732111
43.53489335453639 171.05784782027794
237.7712953285237 179.36761550809194
56.899294033160324 116.90574063762702
121.10759397455342 196.88327840559148
235.0893168587449 64.06637778007554
152.59708024862638 59.24683626677019
79.50306853354483 223.26696696780232
125.62477737879038 96.07703356802661
106.00508704943756 189.13299504836368
82.4577465991552 206.56248589269907
150.09659666032738 80.23187410539268
177.53192507625468 47.49554222249239
18.59937912101986 107.07865070379752
170.5937944125467 182.3712853808135
137.49978020783567 198.72780551029206
157.93220265652772 227.05781490065786
152.46849680708044 202.2358548216086
139.3342104583065 240.03848418474766
87.30235650525003 34.965588079683194
84.70452634462963 8.331275780233543
242.10210209079824 12.049848598109286
193.93402321361813 114.04981886428556
140.32840475829855 81.72756009328394
171.9099326831467 192.7393073361423
124.62290795314557 73.57915500022385
229.98723172628044 123.14476129961791
86.85816798445228 96.2839797540059
189.42830488110081 165.59253695698325
65.9681704655935 148.16572256833783
49.03671632133563 200.86948101311694
5.514221963822591 68.91774026355301
202.91929721544926 147.5347703247378
202.691989359035 160.16006703409323
36.301114984499506 241.88594805677303
199.84394618866602 228.6496140309355
102.2415427668411 28.1211951381542
132.23820713585533 102.03642853462725
164.95535901247845 231.74807339592138
3.6061591262557813 165.98246723868405
106.5378608233831 134.95966223812158
78.05407415864221 129.51451736147726
140.64584060582936 218.7228029457629
192.84334723828522 27.649885588454826
238.7724306268628 66.76376773353812
184.24040373949344 114.41444877928497
185.17760237752674 223.82415502751803
37.3673806320115 74.2329316650478
149.19049479245575 23.73059581155543
29.605647510841298 231.31181145169398
119.66449236698895 113.6626464943328
23.421364040142638 218.66538511694188
161.92580404914077 59.45231868124418
101.82698518268928 89.17540971213914
172.18721340471782 88.77658235764008
192.1467427990303 25.932949981942592
151.53295183323183 13.83743401283538
212.00016749115207 94.40371641799896
38.969720754116366 30.592125048585384
41.76616276251488 78.74398620608045
32.55126040173884 62.510777909512925
71.44239146227682 110.01124995162948
156.48383126603045 80.64241272818352
198.0926414174302 42.27243760097407
237.39050855885907 237.80327883065593
60.85072541207537 65.30388776599096
233.0700227082798 7.208930778888983
131.18690643116247 89.80924336977763
17.39687310856758 0.5933343292237325
6.125356005013128 174.67843965112274
49.67076265566317 58.628277157117296
57.06735534596966 208.18223067150404
99.41038918127329 188.93098743489463
167.72231253493243 224.2760729576613
221.541724939157 28.083958777106734
86.09543144241763 85.59300590844856
17.521209110560516 214.0831286791084
66.37650358405212 223.02204786362975
246.92943156437832 13.936518306168544
192.00941565048157 48.887525585730536
49.95685954171869 97.87106534139522
37.55065268277774 205.18816599990683
36.83962622235773 50.02388489017365
137.00467605238137 189.21197447795527
31.941779206175553 99.34935987749476
4.887531673401918 245.35389699949766
32.02169321615106 177.3004762327799
9.610659199777217 54.681254590355806
193.66346453278118 88.16701953569341
115.269372272716 230.46653040830034
121.79178304888671 49.952229275894766
196.95869502169256 183.12432937852557
60.55652614251836 188.52724366963596
166.23032145034142 168.35394034742401
155.02818704060414 63.7577787851476
178.46591051810654 155.7617303070242
189.99838836838373 53.673035136063476
81.43207777118371 48.68346864918116
104.91107957836799 248.57977264471813
190.85681424372058 88.6887227823061
132.95949497816596 200.26526705873232
94.67616863016795 216.7775528431192
18.287427051650567 82.73654871009653
121.90128356955502 229.66074452173737
82.70552532389323 244.8560507025598
155.64511751327004 203.2904679365105
30.557195998238168 72.47493927234127
85.50666473892352 81.4424482228919
3.960810381993307 44.67875032484683
239.86268263186494 195.64971628597482
211.151211896696 36.037498969751006
56.189426844583004 148.72177902982924
177.48663395045136 196.2480232807002
25.31599072768234 114.22759742034793
238.37623818880795 9.542860516918827
62.67194884241997 138.9011556061287
90.20010366803005 107.0993318333692
158.82202145178778 104.41468399879886
170.3368289758449 246.26057268565197
106.71937124773801 222.37991876030728
87.93717573870724 198.8079646106318
212.14977513101738 142.13319998931246
109.22374755990244 31.328747721149323
85.84918198612232 176.6861253828019
0.983248561079092 139.16708076008385
27.227050744807414 34.43027626501941
151.85914809088126 221.4342617585754
15.664999268495293 25.073972863633664
233.7220235366712 219.12249067034946
184.35325353866867 97.3786599844641
173.31115315949913 56.90300283105343
82.21856507607797 176.10165866198594
185.18185344551517 138.02745722953827
86.71666497206226 155.28433392240296
16.63104822764705 140.48166882371927
194.94988645385007 233.1146750734081
50.96592075872519 51.38991146028424
194.96382505636916 199.06706412935873
26.62093933839152 42.57338659952678
160.1563493314839 186.04093026255472
184.48075275351704 138.7173437889568
63.004156692757576 176.86565028016747
197.87809578933832 163.8476542688164
56.14643303502898 24.26281218286436
68.69106970544728 112.56526548672849
175.8099650194264 47.068721191298344
89.86708226033969 28.49099083040049
201.71725227027804 196.10695066580575
29.543563748491735 111.75054589755449
214.7001653490918 76.77581900799416
140.00369714442843 45.836468052559724
122.23845934916802 27.103755440470444
103.75077524248682 130.1450188621678
187.67111594086236 178.4407295944606
109.0213653897483 238.64473121828678
47.09740779231361 18.04628207491077
153.63424239938715 117.09136776724787
75.00256695945706 54.317293183573426
199.94374150097363 22.241854481728467
34.28863848103053 3.0263205338045274
118.73694586895886 173.28034603551387
20.169397691519208 192.54666485887898
152.1322799494846 150.04033288718875
139.33121435287757 187.3318280351649
157.474038375454 156.23886047909522
68.45820684097458 37.18745777950577
129.97007488768944 116.00757888602753
147.06195748315739 113.16922361244458
5.724869830842305 221.2650401334546
226.68416266585209 238.90272244199417
55.356787279792904 51.48941593620357
237.03477364612846 112.62393725198861
131.74884958404442 147.5866884783605
196.19497267615955 247.65858191648604
25.594436900522986 51.234562126811625
27.23896459969155 17.29726786337321
27.75970940096584 44.681743013263194
97.39679229998954 48.917990443039656
233.5902723182087 28.22979504661599
161.18605899912222 162.743373187211
233.1304774592701 222.25665024665793
204.81479180371437 125.55125921391443
195.69424337631168 13.217121049378722
130.53442884420056 99.91189848882418
177.1141722871774 190.5354684147352
197.50845393985 97.45993190296446
168.50104589676135 76.27433440044717
208.94953702073576 62.86346679364965
18.816040665738303 62.412475872871994
141.5668422379855 117.48516595115014
107.04137684308185 220.59834793865707
51.83735364477995 8.561327167173117
139.23569613116305 204.36164037447506
148.02413786194475 169.12025602822314
137.49262911752376 28.88764193651297
221.9271964835442 68.89482268946342
21.355914427250877 58.28717726005064
233.03877862499152 212.7267548920326
190.41461915100825 60.50070119612288
204.6219428139924 40.9804448185713
55.86877169733148 49.617072936157776
77.3239479435297 63.661434224287134
140.62340735196204 147.99224229053976
102.7159340378147 67.18484534609858
133.3584241607072 157.22529654297333
60.43737311237268 237.15494302474028
72.03257013847117 205.81708100948273
92.52166059485874 141.06180661800113
240.3772292535084 94.65865868801116
238.5980692422676 249.24917949007045
35.63925989678651 173.56693457072598
63.14053158780889 179.30331012261485
130.05321895639725 211.1537573031869
234.02392241631838 94.79508456107796
21.11327769003099 81.92671599606321
190.50799907415518 198.3279008739131
220.18805777106667 34.47910818696695
88.49558027884704 38.82991682073575
103.61748006055457 181.5056249212543
106.2840380827837 195.2374547025256
72.02105600881067 124.49194759648671
67.15985103318064 201.24168612134412
81.62583685073372 206.50422174105387
16.193639017889534 78.02524075544326
97.25550593633601 115.05942653174209
31.48301234949641 116.72812920085809
221.5590327506966 175.778406514105
235.49256494506346 119.09636678765986
116.18317439475328 62.31127015803076
163.38180542461367 81.91788689017704
16.804771269948226 206.56480686186075
123.02289733039048 29.741790644317895
228.11885399104818 81.65178863176209
155.39980014513242 31.802003279268103
183.16220107661698 127.82295281881711
109.41191640149029 10.513190048901999
231.26740215319703 151.719997783362
33.76903073672274 113.43567033368579
36.98454317444552 31.363138066154704
144.31394348039703 165.18603489252058
68.53798979577408 127.9777955111501
108.06102070990804 218.9667470711892
76.47262974173155 228.53339690654087
182.12359623829502 146.90423008422118
76.2907081981884 185.69485876272927
64.55330384070773 175.67869447574395
224.3087044069283 141.9876745351077
116.5772763623531 9.423343588340739
165.42267729669456 198.43024620691392
111.51266313169755 248.12871284919282
176.52277408542278 152.2222888643209
135.64902640598942 8.750512073694845
159.09243097270507 48.88938464562703
158.52155338404427 50.78480064306354
19.875697316073804 247.8277182695038
227.9829604511164 125.60562255254202
172.61939908955495 89.68589318703418
93.38556390076336 183.03542047127303
26.78674069625239 233.25295071063633
218.20124127748318 158.06871624312916
143.81157163048255 243.20283307025065
84.46934355463792 210.63422681330113
143.4213487500614 122.05107076760916
37.95172579723438 96.86310418095174
80.27314383509557 173.81402630936924
244.0659854411674 142.98971658383184
178.99745740989405 59.43191250391946
2.3746241976126403 165.32858860353863
134.58957982701966 231.9919491340562
131.82924198165844 213.92349702153115
22.01548480977808 84.46361533228286

197.86211760588412 22.21080542840853
141.83380106183733 14.081428428394188
182.89251249629544 204.71460613240097
199.29587830594042 104.52074229157496
168.01459415230616 109.42155515469435
157.22231055875795 103.97783822215013
210.25161926734495 122.02450762637352
175.21195413972563 115.5856488321046
93.91830017645766 111.13334511072034
182.61411620230618 193.7177893291054
48.650120637332954 106.88422478518581
117.79349714441686 218.15449210154912
48.82401112707152 81.91851680427106
213.08767273047357 155.928564267293
193.34779213880898 27.227343281132967
249.47536426436125 244.4280316125013
43.25644536361839 124.82968528356753
203.55299828376164 25.391295528290502
145.13841401733134 64.19601753886228
83.71250327430135 178.23542068688283
190.7994025533734 190.8583170536177
71.45752756381363 169.69113101872713
3.2097182619146567 178.58754930090822
179.08534162569913 79.22394085120513
23.41856950369911 162.56094297316793
37.92797112429569 150.31647576887053
146.58686324484304 239.69900516856555
208.4372792686806 165.63426416994986
182.3684585814301 172.3210979414009
218.10389554301182 54.099207706207075
157.31781738052416 120.49808734663114
135.85085059880103 165.62778740758387
207.01025517105796 113.6614433452357
43.62175751081646 29.83713542043126
19.403247260149303 243.43107695738277
4.220597219762951 11.941643336181334
239.11144566208216 86.2819519768219
70.93233099846242 49.30597028246986
98.10123222023418 45.780523994247844
199.67107266753243 170.93932683254593
32.44857250771172 61.777360384512505
90.73929766281854 68.90874303929681
217.1279452313435 161.21193205721133
57.83930104217616 161.28502517851337
138.02819829628928 185.39760480772895
145.77746884535281 164.76228036810232
156.59829802879727 9.314347389396488
181.51381352410667 96.70229950384463
173.761949156816 166.348045247214
153.5863936040324 208.4753696385853
219.45895104048142 177.91943668467317
120.60660386935076 160.37582009755917
157.54250960658612 166.2581786044625
69.26944992055589 1.5240568629235896
210.71531094467733 235.85048605679472
71.92883415495743 192.47438665077067
15.841204482440862 84.8450975919741
128.73908322346978 101.22372629676148
113.96273094170186 134.31970424462799
190.18935432644508 155.21013968552413
140.6626365809371 54.0114942288262
31.315512583847653 226.4967100868495
27.842224459118604 85.71168604886009
46.46407568299793 231.71021613507196
124.9234728691744 4.965471685873219
240.9645852318535 76.14165173101584
121.40533258874397 24.87677415015804
241.37377368817482 7.1129826392736515
153.70828105763638 219.34238261779728
48.451106129588915 77.70076457365566
219.15740350454297 189.0520899551707
246.26398267740606 21.126856668008287
16.058626237104136 58.44119806257147
145.1316970691496 156.6034252830129
192.47316843706622 120.14800919372806
32.2104832233695 97.48896003873026
230.9023851308687 115.24831613305881
233.06678578403802 132.5254371003431
187.08971782086812 144.18571501298356
212.32028697322636 9.993609700325951
111.82002134050661 24.62487771504765
122.4436102367728 136.98241230480562
210.95574873323986 127.2477030112163
11.305857508720207 136.00395746642394
118.56445445276395 157.94354924784
114.0430273865319 207.7813017656769
179.05335183085765 41.093805856694864
134.97105449473352 237.95689587167377
136.05019358555828 30.71210156096929
60.059309156785616 44.18792060146423
20.901769729226693 84.48063507803474
114.7619973089375 160.11298802788704
217.0390939327923 120.76435385307713
175.1325933207639 80.45319979849208
93.94699685852395 35.13758200671219
152.51036501948175 245.274301616198
10.514492312706125 179.41792659365404
181.1753186177761 191.8534318430498
199.20259975041975 186.93186752195592
52.01324466563323 121.36272491229916
131.3978837647294 43.52233083225626
37.64227966141245 130.0092857357172
227.5824479903701 213.39290168294374
28.677405312233144 239.54937250310698
54.315215074097146 54.523715214255894
114.12339833498473 235.90386825600123
71.34543038572608 183.0143802010817
89.01110877250102 37.31252879271155
106.95391965500103 55.79267860700812
219.89285860429493 5.584526896653563
204.8375810103259 83.36712356193756
205.3713792906245 231.07973479640506
171.4649572452291 46.292104652417095
55.4099920942418 216.32019389139165
125.34680879234986 228.48545251585557
147.61707531055845 3.793190126580831
165.14255229158618 27.807784921982826
210.1523770081888 152.72023311503511
237.96961778049516 212.11484415384544
66.7120859529739 121.36936298045042
44.76351025422451 169.63194460233265
160.36239332934343 99.04182012638496
213.58000679614145 135.58320855738663
141.39847100749537 33.90236249582837
223.1298432234018 105.0277098478083
115.05930987452246 82.31600710116341
244.8020657314662 151.404159724844
93.82079974835462 55.728332924227104
192.821726019066 157.28287762408695
88.22287107438123 124.94370305856422
225.68573996794686 239.25959806211876
75.88398580345593 21.01623090522192
153.44296577787713 198.72070833210893
206.2305759131473 216.61602656668182
185.21690229340638 80.8061157478999
206.08811362143553 162.66698439830455
67.7323034849809 3.890272307190523
183.2149706086676 194.19095244417133
237.8508457444975 70.91912295236197
27.339576169267936 1.7260808262882787
128.2992338333839 84.63829090802736
67.09301518372254 184.09654294484793
193.22286823722067 21.40064914852183
79.18376342239064 23.974740235270907
197.32441719724434 73.49885372258949
29.26301732610817 173.64403084300864
143.1014719136587 38.7099187312879
83.71826212576433 84.98601514976508
188.2816436288206 183.38144934379744
28.309892873930348 238.28343269180147
241.78353616526843 233.82502504114484
28.314360177847803 83.95234325487671
169.22139549938785 149.5939345012826
87.03670517826781 189.77564812370602
107.93073039894199 166.14968021886784
179.24474996233576 44.627767766191624
89.19916223586114 62.7714802486182
114.8777937688969 196.7532262507702
107.3720067182553 28.36892011543596
138.99247031311245 154.6993331235847
45.606914934397835 238.50428409026787
55.37687350137793 30.505030207670647
176.91319911667003 5.40828664858889
47.617077687005846 17.0657777071056
189.48566024066093 74.03343184862457
177.01321679105428 54.779273468059806
135.81147304173464 222.8129327262655
230.93703196786325 219.85087890991923
30.522249952129403 180.69146726636473
90.8065147631387 208.60215323809265
151.81110975744514 197.11988815796218
224.7518487861266 220.97550551338807
169.09070970634494 189.05877269990467
133.240219284289 70.36254427857736
81.51921730609027 153.57726699071847
200.71204439083422 219.53203326293695
229.66807924985838 15.63974187336717
65.17916980247162 177.5444364595798
49.53974663263161 165.11345281951787
135.47095742238935 203.88657561744844
218.41263998776472 129.72900294149656
80.0764336165636 4.788619247313164
68.94949249016268 131.38282800915445
213.4874999846346 182.15974656267008
108.85577977427855 5.732541711086197
121.2888234393435 17.819694822086728
211.30113851416064 158.91194517381322
35.16785559173416 145.51771904293813
25.876282682762263 31.668058758373114
174.93960194088044 83.72863112280135
200.69923610374465 184.23600615440964
170.87046953855176 42.3597930027256
215.1497455156084 158.99502826431973
162.77192198423867 21.239825772140925
101.68447752177892 117.3642141335903
114.98520615246966 163.76320553519778
88.51277613068976 173.50096404969392
231.8518446127947 186.8335594398172
198.93004238415858 116.9750812510102
196.42976756936406 23.286287450308503
169.5347272927132 152.73414287982806
227.22600756948964 237.22262683316947
193.2898684063488 180.66272741925408
227.70764244519665 88.26129059522953
88.02264355484846 187.5393763400697
83.13806604203528 139.02045433855486
73.17187202001097 83.74398990252624
169.9592072444807 7.976137217526547
64.1316224336222 50.536369719837744
133.6450389251612 164.58115698652702
38.75653215437716 143.35543235629223
108.69149132378661 186.9458774793175
95.68626267403421 55.27072613202513
53.53253940293426 242.28054466130254
134.34159396100648 100.03694239039685
153.62114739947123 136.66857128408566
249.8615204432621 13.542186353563718
207.62045917226 226.3170243947028
156.31575089304704 84.95339500042992
75.39958815484074 12.508589210144915
121.47141618317414 146.90310900592985
12.328551203911104 218.35282004426054
2.4376680501252412 222.7595654372692
29.598186011015713 81.92600508990247
69.14720009177394 126.23958303292498
111.5020663287756 176.78423630306085
11.962883107765359 106.06660525073549
125.89278273144363 85.79806489950393
117.6764043952997 126.55850734737884
226.55317674339548 224.4089784088563
23.423640565154308 132.3302871249663
233.80258563090925 116.97123923836747
89.54954581109092 131.7763993341132
245.3854902724624 31.290027423441806
166.87984974131072 27.112167995129195
233.94992780664228 103.66271900417867
224.45143321962922 119.65513882923342
220.1842953855973 133.44000450770886
156.44659467071682 52.961122203566994
116.31891098223626 96.96890524810762
116.05414245942433 17.12381045438577
78.07760711934458 113.58818343242413
39.532160096022004 175.92796096615015
232.26192653514224 182.18568243713085
51.348546398966796 119.6293059772565
119.40318694167907 201.44337738055424
230.23474564559274 70.15361876587386
157.5390346994609 57.93903860615723
74.50039354124586 222.79590403396287
132.49531618835022 92.3296624706314
100.04317491526554 190.2215171703091
89.9027816630168 207.70089273354228
153.72802058287598 75.22865400605197
179.07465248146787 39.61464035320555
19.435201473338214 103.31450211392013
168.9344756649945 175.2935058339189
131.05089254958114 200.8888271580293
152.3556580589051 224.25386200058628
151.50723681748343 207.56078709745012
133.3293150771753 240.37489678613136
88.04967173129805 39.087776686035944
87.25220871307448 2.2288417642120084
246.92503092195562 7.151680163097557
196.48547688820142 106.72301861132888
133.69333246119373 86.6866439831297
166.84785804051035 196.05438044741626
117.03248256526297 74.87495475282147
232.25179740992252 125.91039266526569
81.48360284501213 99.53758473118634
195.75733299166376 170.66142684476665
57.623171719312055 148.83954481912312
48.996089799345334 201.92176324959385
12.021907638877337 68.87887348796775
208.59548542702225 143.02359740066214
202.35540252192948 160.6386922821728
43.35839754294166 242.34233512889347
197.11020670032292 223.85610106054312
103.9551157694568 20.399206735436685
127.61453083483501 108.62237029890376
170.2623585502743 237.51959552651738
9.550743274974627 168.5097491948698
112.00608620977917 134.08956663774526
76.14535480965654 121.44130387330782
136.42021979791699 217.5020229136306
194.08064803313346 35.196662416364575
239.7285378527083 70.43077504843795
184.29502688456657 119.2556829437607
182.94363215626726 219.29652211022957
33.01271317632384 70.1470119194734
156.93931789481854 22.166529670268247
29.894113988295253 233.2428546897176
118.63906810628706 105.30758634865694
22.86162355151358 223.5383921287496
165.38737752080806 54.19525007215886
106.95036873059941 84.10667753754228
168.40840696346973 88.61708728928389
197.77658021153835 23.07392487305654
153.5138901421475 5.9804536800028565
209.54673400405252 89.76097279932749
32.50452395791706 32.93340086114269
36.77577172846044 72.71987559452653
35.92169322226263 60.772841785596995
78.11112205305167 105.9251906630293
151.60429714437035 78.7238775775373
196.25943886710434 43.003284525948594
233.99505163015056 238.87859314197115
56.04659579795876 70.77079773969119
229.12917690765286 1.7337685918923929
130.24969990766246 88.02887788526542
19.376219553963043 6.84362827764573
3.1275064901434835 180.8406721333771
52.03983491149933 53.03849372925951
57.78801191430627 203.57149884326805
93.36209791555173 187.2261061278565
173.17661443068243 221.6155396051771
218.50635294948913 21.163062598778424
92.45109398212657 81.23546727246944
12.547425159088881 212.9833063711567
66.50837693546666 225.78519114428093
243.07636969892425 7.89812230898479
194.33011866468524 41.86811963089662
49.412173904899575 90.06149358264173
38.86505693227959 203.3303048785122
39.993152839459064 56.23705497750467
137.81162488413065 195.12424093712542
27.64837565193079 101.00036260038586
8.657755540667472 240.6825264516105
33.97644582203924 181.10851869968118
6.624162426156738 56.064133248830665
190.04591810061754 82.62590061736685
107.9690374371365 226.4572279621972
123.17837699644504 54.996676196387206
194.32915954642576 186.16487051985436
53.80641809056236 190.02186974944073
166.63397990103792 161.76545948547596
149.8063586636861 67.73340746446712
181.34937100733464 163.5829628117243
190.1202930390425 59.25642475308379
85.12840698803511 50.31147772131481
103.07088107954715 246.97223117427396
189.6558033972694 87.19798536958085
136.72232286905628 196.0705550773172
97.27095632040472 219.51180498454156
22.275136372810035 88.01787858488902
120.9366043538078 233.1040307262041
87.43793752360237 240.78494227368074
153.29353252692042 207.04914471170127
38.20658471937335 70.50357354180656
82.11006144179252 86.1844772451126
9.612542288874481 45.939146184189426
234.25546897114197 196.39618880220598
210.72058077931322 28.04090250916749
60.68788615873746 148.24602661842565
184.32904903232986 196.51151864535743
19.918868163879917 110.59212841672628
231.8440916712161 8.384491226002739
60.03576913602329 134.34089591735497
96.35127267046303 110.16089891490135
156.96783122033014 111.00307171335078
178.3655865191681 245.15027463758707
108.05300006652432 218.72269785371103
82.9494158703708 203.04731962864727
212.30455471927837 139.30828848625293
110.22142036305038 30.892635662360725
93.40190279064079 173.20064005851978
5.643201272535231 134.67225603600158
20.31528709198602 36.72966809633923
152.9325139966434 218.36878694367334
13.068206780999237 28.847470861607995
233.0435315389956 218.8474159529543
189.3344847657436 92.03827747699803
177.42845881788404 59.245135541157126
81.40023236795868 172.69133014139823
182.39768895607796 139.43698990231874
80.01134403579468 157.3737567882965
24.68785168534676 143.10753866358726
196.2315974697935 227.5001138484514
50.18899589915754 52.01145922056705
198.3810051962331 201.51809060254453
31.377648053073305 43.09660308540628
154.2024749080727 181.57704683221175
184.75661840194044 137.71980604233693
63.41477154072489 179.45329672247243
190.1367472242103 165.12883173575008
60.13472658696114 27.5873868151586
63.34568346394329 110.8087939721652
182.10556942908025 50.89385898832596
89.71127068909054 30.228215558137318
208.87477532728107 193.26062576761854
29.21568842853228 118.61633404029115
221.34008457540514 72.36104340129582
135.8927761863711 51.766269780490425
122.9702515291984 26.53027201850608
100.83796625852214 137.29184217972482
188.55828963576116 174.9059849342529
105.43321405916097 240.75971577948
42.16731369507201 24.00630965021197
154.04215072677655 114.95451744668772
76.9626288430926 56.17868700432932
201.89647258135204 27.287029205731255
37.42310917521407 5.62764340041827
119.57548371014504 180.6068300454902
14.910116158602825 188.47163492906412
146.00707791102076 145.52937411594354
135.16817049430065 180.71384076767092
158.10267666797878 163.61440902856984
71.36328212766927 39.60205009586859
124.62090129329617 119.33893699926377
145.95234819449192 108.7730159707003
6.534157786445588 220.88236871054346
224.62534571170602 241.4292517780495
57.98372981267877 52.474630464277084
237.11565223098648 109.57834493731406
137.69891074878018 148.9592241754997
188.9106304778096 245.41073336362402
24.640025027507008 47.66833225714942
29.1581532799689 13.425736029972324
31.031360274097448 37.59315739476069
95.16743007162584 45.48605857028207
232.68891601383325 22.068154729424304
165.72413229032335 162.47604776273067
233.94824377941418 228.72017533149122
211.24934439204654 128.7428530077718
190.5683988885965 11.217642453745707
129.18211835797453 106.86202800691774
175.44578501248716 184.2633741105661
193.76258828699724 94.81137032161178
173.11379618770712 76.46131267577682
212.15704110145967 67.19457825128963
27.236812256611397 63.13431880264023
137.9827679235343 119.28931731263584
102.66202272621969 226.35870356766418
47.68598102185789 9.246191829901134
143.8357666865984 203.09573982510048
145.07945092520563 176.90778421895587
129.75245503272703 28.29477846416234
220.731483376161 73.16288968514343
15.84275108665617 54.59941660644818
240.79347357195047 210.2727835967995
197.9125523769183 63.07812051029762
197.6032561701813 42.92315132526739
57.74639673761367 52.512661806765
72.48578002688127 69.07806775929112
141.42157810485853 150.49643941456003
107.31600068350905 70.77655983262396
138.46924769872905 158.43739030263794
63.96164447636535 243.8166645256547
67.3000364591941 211.24577483920004
89.98746818844558 149.10399214814856
237.52550094609492 91.01193729193236
243.10745467343776 243.63846562888625
39.35234052017572 178.17866611846833
59.07879314288195 180.6311454623995
125.23903313021192 209.94811380111253
226.33387728362692 94.61302944101548
24.698856279414734 80.90924944486405
187.79847587209133 205.530738590157
219.91418999733898 38.933268677887376
86.0158153393298 44.78710462671359
99.42585276181653 178.41188213733395
111.23137301323158 197.48974830884492
64.2064605133082 123.38410894120425
62.664294747706435 207.84963338988726
74.04502746867189 208.3562209538195
17.347784405964212 70.40767089345515
100.19855411705178 110.82106303769856
39.32414290647632 117.46921822095088
225.07622098934624 173.7706007609327
234.66484483345215 121.74566008051305
112.0351788113671 58.10153204220689
166.10653138281845 87.28251479073343
11.661635942858767 201.09315683700896
122.83450588777947 29.11242767944974
235.491087222087 80.51613453831693
158.32652646086171 32.19665119426365
184.53615636496974 127.56558951418413
108.64740095559905 17.23168209323653
224.65082340482482 156.6873941417887
40.63568083152288 116.78784480991064
33.63027779459834 39.02547898974446
139.05946940955613 164.18294024150086
64.18743128539315 131.23311909644335
99.67020088997432 218.0093759873076
75.46481444989386 226.179839723614
186.51811313353824 142.92269181431973
79.42390057204638 182.640473808291
65.26785848851785 183.51876402575616
225.8238247134645 143.07027197403949
111.1646313107208 11.193308738486978
163.20439972964292 192.0511923061135
110.85572599196573 246.0096326923032
175.31311131554202 145.45987634206674
133.49447520849603 15.788888260212076
164.65631291882463 55.006676846602765
165.56840382013107 47.37611369679465
18.801757255585887 249.05934579641294
223.31761288764466 124.7050608707712
170.5006468897543 96.10999250311478
92.84078965419943 190.2951612404891
25.540987190211112 231.18485083243792
221.06821665117903 152.73782968312494
151.2899563333214 242.15866941944915
82.50794825094287 217.2883625095619
136.4195376444636 124.4976801161021
37.85652171560863 88.51549967769431
85.26914685206408 170.1459061311463
241.16209547495512 150.7940863806059
179.92503953374225 58.98531937095727
1.455196704297862 169.54512825467384
142.55224924420915 232.8600440836708
136.5793381987812 219.1182787724897
28.389496280934512 86.46114181919096

137.6
25.8
229.4
720.6
108.1
144.1
25.8
143.4
108.1
72.1
172.1
17.2
86.0
51.6
864.7
68.8
480.4
648.5
72.1
206.5
288.2
17.2
72.1
72.1
68.8
260.3
286.8
25.8
36.0
34.4
86.0
720.6
324.3
17.2
432.4
540.4
432.4
72.1
86.0
144.1
258.1
86.0
864.7
864.7
288.2
34.4
480.4
216.2
72.1
288.2
229.4
143.4
216.2
540.4
258.1
648.5
216.2
432.4
540.4
86.0
229.4
648.5
51.6
77.4
720.6
288.2
103.2
34.4
1080.9
648.5
129.0
68.8
648.5
17.2
432.4
154.9
432.4
288.2
960.8
154.9
154.9
576.5
34.4
720.6
108.1
720.6
103.2
108.1
143.4
324.3
77.4
144.1
17.2
129.0
68.8
86.0
51.6
143.4
36.0
144.1
108.1
34.4
51.6
172.1
25.8
144.1
34.4
1080.9
216.2
864.7
258.1
72.1
8.6
540.4
114.7
432.4
1201
288.2
51.6
432.4
286.8
77.4
286.8
8.6
129.0
600.5
576.5
864.7
114.7
216.2
432.4
143.4
480.4
648.5
36.0
114.7
432.4
258.1
17.2
432.4
144.1
108.1
576.5
17.2
17.2
864.7
114.7
960.8
432.4
432.4
103.2
108.1
600.5
648.5
144.1
17.2
258.1
144.1
17.2
720.6
144.1
720.6
25.8
25.8
600.5
600.5
216.2
258.1
17.2
77.4
260.3
8.6
258.1
216.2
68.8
8.6
172.1
480.4
480.4
17.2
143.4
68.8
720.6
103.2
34.4
288.2
480.4
172.1
17.2
216.2
34.4
114.7
172.1
68.8
8.6
720.6
51.6
68.8
216.2
8.6
103.2
51.6
1201
103.2
206.5
17.2
8.6
72.1
72.1
576.5
288.2
25.8
216.2
172.1
108.1
51.6
108.1
286.8
114.7
324.3
216.2
540.4
143.4
143.4
480.4
137.6
288.2
206.5
68.8
258.1
34.4
480.4
154.9
17.2
144.1
137.6
34.4
144.1
144.1
720.6
103.2
960.8
34.4
144.1
137.6
34.4
286.8
51.6
72.1
68.8
1201
324.3
25.8
288.2
51.6
103.2
258.1
68.8
72.1
68.8
432.4
600.5
103.2
864.7
720.6
1201
648.5
720.6
172.1
1201
103.2
288.2
103.2
34.4
51.6
72.1
8.6
143.4
51.6
144.1
72.1
154.9
229.4
68.8
8.6
324.3
34.4
86.0
8.6
864.7
25.8
324.3
229.4
8.6
286.8
206.5
154.9
86.0
144.1
229.4
36.0
77.4
540.4
216.2
103.2
72.1
286.8
86.0
143.4
51.6
480.4
17.2
143.4
288.2
540.4
68.8
216.2
576.5
1201
137.6
216.2
72.1
144.1
86.0
36.0
72.1
68.8
960.8
216.2
1080.9
324.3
600.5
36.0
8.6
288.2
103.2
143.4
206.5
77.4
480.4
1201
229.4
17.2
576.5
144.1
72.1
600.5
114.7
25.8
72.1
480.4
72.1
540.4
720.6
720.6
108.1
260.3
129.0
72.1
144.1
720.6
540.4
17.2
1201
216.2
1080.9
206.5
206.5
960.8
540.4
17.2
137.6
36.0
144.1
72.1
540.4
432.4
258.1
286.8
86.0
17.2
720.6
960.8
143.4
600.5
1080.9
229.4
144.1
144.1
25.8
540.4
864.7
25.8
216.2
324.3
324.3
129.0
432.4
17.2
8.6
286.8
576.5
216.2
108.1
576.5
34.4
72.1
51.6
432.4
77.4
68.8
51.6
144.1
103.2
576.5
286.8
864.7
51.6
480.4
86.0
77.4
143.4
286.8
86.0
260.3
25.8
51.6
288.2
432.4
8.6
86.0
72.1
258.1
137.6
25.8
258.1
206.5
432.4
34.4
36.0
17.2
108.1
34.4
258.1
1080.9
172.1
172.1
206.5
576.5
77.4
36.0
25.8
72.1
286.8
114.7
17.2
144.1
36.0
68.8
648.5
86.0
576.5
114.7
103.2
72.1
51.6
154.9
68.8
129.0
960.8
114.7
1201
103.2
648.5
68.8
72.1
51.6
720.6
137.6
576.5
432.4
206.5
260.3
72.1
137.6
144.1
143.4
960.8
144.1
216.2
144.1
324.3
51.6
432.4
648.5
432.4
206.5
154.9
206.5
1080.9
108.1
960.8
154.9
432.4
72.1
324.3
129.0
108.1
480.4
1080.9
108.1
86.0

8.6 17.2 36.0 72.1
17.2 34.4 72.1 144.1
25.8 51.6 108.1 216.2
34.4 68.8 144.1 288.2
51.6 103.2 216.2 432.4
68.8 137.6 288.2 576.5
77.4 154.9 324.3 648.5
86.0 172.1 360.3 720.6
103.2 206.5 432.4 864.7
114.7 229.4 480.4 960.8
129.0 258.1 540.4 1080.9
143.4 286.8 600.5 1201.0

2 5 8 11
5 8 11 14
7 10 13 16
10 13 16 19
14 17 20 23
18 21 24 27
19 22 25 28
20 23 26 29
25 19 31 34
27 30 33 36
30 33 36 39
32 35 38 41

