1024 3.0 0.0 1000.0 3 160 240 100

233.2433713282875 228.48188769157062
115.21775697893804 47.63788487468071
0.019518135842777617 110.64117849920976
8.635037259227985 232.18798507628372
175.4201747901569 56.3989776651507
66.79521651787657 62.95675779226753
11.768627383537373 20.155635739673162
235.1838281002464 26.208041849150405
83.13848010204686 28.62944065935169
221.644694861826 143.7682652335169
178.90846529650045 166.82583158656232
122.70344942157784 49.111283936927094
205.54485653796476 92.8874551792942
129.86188734722197 70.20047410369563
230.46104434929956 29.976023811951748
50.70763698701139 89.43012566830946
238.0155040304661 123.10324491730421
27.813871189085322 133.7600706575022
160.12986225819327 147.50752706769788
248.1200944923195 187.00015380809506
154.41917411970445 6.384129919086795
148.08291273247204 120.17915339651702
50.30338772295392 135.71027825756016
22.295772076195515 202.64862184646356
67.74631398445705 190.36463230116718
94.10040729738034 130.76852483721396
65.80000078976708 238.0805047972581
126.25651424999515 109.86533215839339
95.92010646677146 106.65279009315482
197.98789530933476 26.449431841568366
61.99473748318929 45.071651517764764
73.84051214115911 93.41421908846007
64.69245406313745 46.0720503096857
4.5876758242283096 10.860378146868243
4.3407535420244 61.68994913805781
28.307939455251756 120.11642213918198
93.9534710899817 140.74013166345955
135.7865244201071 76.15073576058002
32.733823375119016 197.67471233732968
249.2077488938724 219.2106784066967
244.7274492256487 173.67413598210885
165.0809787055217 127.13059734353891
173.98880833417883 156.4364736794913
216.24166928389033 97.56689766591859
24.99609583268733 43.05690046723246
213.5121862356506 90.73406353175689
24.45905423231301 249.02341300161336
209.2046607869149 3.531161424860235
56.930867282977445 105.4365610096288
130.85659393390395 39.715735643312684
9.206182794280677 102.96049529053514
185.31158401360244 8.869808654090788
64.76410743729637 112.74556985341128
100.61184185534385 182.26650296630172
154.4696379753307 57.307410074379256
204.2690979147692 228.9181371339224
55.654832084015865 152.93114625308758
28.522243852150435 72.34091365126096
13.205176908752946 130.87497988587
161.22139808486162 34.935615973441244
200.2418809141084 166.05377273139035
209.76990673160228 203.0836225433602
240.1844265769662 137.14901194179953
115.68656621151499 55.734867745411115
102.9132180443814 161.92293264567903
118.11036466863959 193.30545078130962
70.32215492035937 248.94766379329482
14.119538655196912 71.5009834612943
96.87606815527303 48.22750960125766
197.4028426161469 1.345960498541715
67.25865030653813 73.13542655357577
241.62531497630306 119.62367137460478
177.2467260217976 27.160287367564763
56.11025307098283 126.02360111869046
99.59620675708408 25.458281933507827
70.52339252788265 121.0415676171745
131.01484733721603 102.56423274260482
157.54425711777208 53.898717620523065
163.0166793148184 122.40124930853938
232.81094766720662 230.50637941269036
165.1188287867805 231.16597862039225
67.68132227243531 46.08347609268401
243.54398159789773 244.9681816156774
192.26794092098518 180.4673904498159
2.406514503040913 167.05051545142365
174.1755919218183 165.81617768933293
120.75458408145337 154.51621794319263
170.11267719511355 197.18996671364513
193.6723279836821 217.243543515034
114.36826380129477 127.68969582666814
167.58010342948342 226.2601753231782
100.1726056943297 236.80901437056875
247.6900333494384 128.21007314969816
231.6471194299295 164.9466089782624
159.80566065075124 216.29495954547284
25.957641248322865 164.51029232329043
203.57656322524747 113.22132551477263
151.20640951194773 24.331588308082853
132.5087530777294 194.82639241075785
187.5302724433999 76.39733330062404
141.43832309317784 16.883043595784326
131.22422057215616 40.00339837443526
114.89326877143591 224.68131285367866
70.52199827462971 75.68511172059075
9.601985336091385 127.50770799399524
70.00309252465087 152.06477687041271
144.30698106700444 242.2568801627192
247.60095320022953 2.297077276525533
132.08260319719653 199.6652469854832
25.999708584824145 108.28996772294123
178.26862744759745 234.86920620563905
48.23532731776339 239.95919671460047
22.64787697027551 231.84056980078714
113.31864385484086 64.23729954939317
67.25617906319961 169.84808241827864
202.96528257224637 204.4524976084184
141.75170296201364 185.37571836554156
163.53031216533088 54.1028348592881
145.3243014200871 184.68087467584965
232.76969854161024 201.7867481097146
198.18463834533645 198.48896517844818
47.81277337961692 64.24671369487459
45.534929781605 26.161916473979502
161.56533535409253 127.82511144308586
193.02319795605405 223.61321325986944
82.29269326308794 180.27428564511573
216.0921332176235 166.70159587587017
83.62417462871561 238.76925657365223
107.50790509505381 29.90343796709144
175.0920396662049 160.4578888018206
182.13197529212388 170.4088010667303
46.61376263405875 68.39621775854782
47.422427590068594 13.529290590615473
135.63282089113895 184.59552065110813
10.707257259229081 170.75857451912736
42.35935223148402 47.78122422500813
17.61579038979194 140.50639057353226
17.211602058952447 187.05556528207816
158.27057480291802 131.75923354216457
233.2116453257296 56.92429151303644
26.84367611916663 241.1457634636576
205.68633086092362 160.97691437589424
92.98983996267354 49.016579413311085
209.54323085244008 124.16729366546997
78.49840961626504 64.2503421588998
29.60756928620867 175.88614649816802
42.47131117529548 93.83300642462406
92.76007364432057 236.17480917437132
52.54533876124823 167.72283497903288
128.0007579885221 53.77203146516082
192.5967349612786 81.48393917646796
90.56690528717034 119.72658633749903
104.44421084573075 116.15173488368072
70.32331758832042 24.633569466399273
119.27539685064927 57.99113642963461
223.2227201753852 2.0672329575797677
215.78022617216175 92.65584405029847
103.39976082478572 55.97121364717644
21.696910566546073 99.0870419789098
186.04393088296894 7.353067057313922
225.63129885047155 194.61852327534191
124.08851429359582 236.76511141806776
242.79414072409995 184.21051869967815
217.29488364465854 170.1006532026476
211.72126948639774 124.52236798596216
240.01168429508755 55.28707573842226
111.10572432929844 202.473577686358
229.28931000434082 51.043216243636195
181.613289712071 205.12711048810218
227.77591705617485 80.57599685460038
98.64518491186163 103.88122878736688
57.6005679377751 168.58759441494968
15.184760459934859 110.41921548027835
116.59801192608099 240.75640329661968
17.593213605299944 58.85613750139368
51.97120940830824 68.95679780365569
202.29880997506606 21.367858711137416
46.10747448123881 194.6521498829001
162.53767017029836 162.06251215731407
54.24575736890372 207.84884577942444
90.37161730168152 61.86400046933413
51.39310682828479 110.43602874717074
52.25135905235617 226.3426971498198
40.05348785332591 126.79881954862596
186.58074203206942 94.59709301390475
26.268800861344033 109.06375241664563
240.3577177928595 33.4521297592868
238.8192034245579 1.0348432529732332
169.5875481788864 29.045025860608447
224.8255198356007 125.33680003373343
164.1805703298082 119.31031096997724
167.69161531888383 136.0345682682928
0.5143924674040345 23.82254294757777
137.0994690728021 151.60088341061925
55.744350086463974 102.19033898397024
49.64581404401852 152.42690523793985
28.797601044432604 222.91119416767998
97.50728148578241 87.94051039927017
0.07010295687812085 132.96955802107158
69.16601864425064 201.00054323823838
240.20650335506465 97.48160247807822
229.41916756000833 149.06526556704526
52.54414236688548 157.0016680165708
175.66169339090516 237.78846902874386
74.83598540515592 92.62219909158902
180.4086199407145 101.69817636177142
121.16805238058903 5.409547281035265
65.06041731264538 177.1940022288751
90.16951196768952 122.01311228207437
93.4513084056765 103.78934877852441
20.206719652349047 248.76202095279905
12.284720497350438 211.64991350364537
199.5723847524257 207.49797011977375
26.710278493476515 7.9028830246976876
197.16659191573493 165.26967551808312
16.102499132047782 93.76966034922246
218.105052892521 225.18638081996593
75.4684511990553 145.06436126134176
249.98097907356612 132.00641152279235
44.031949016353295 152.67377458031694
131.3322877522765 177.39760464689886
26.240098991693245 180.22197558923793
9.265858335229721 9.36956318407381
47.93016502027553 209.005625333815
100.57353222351234 1.0614029141603754
243.4784952568893 38.0235595961973
183.23094593138566 199.5390949296504
166.50025618721955 143.01354141023796
59.67563665715333 201.1459225886958
208.22873192110632 242.6639092407685
21.48942857847591 169.44081578081006
78.26011594426943 94.58839254143278
231.38003838022308 144.66396057986745
130.32007505634627 167.1483219674698
85.49839404272355 41.23984255891869
67.09437610027979 218.20522039005516
160.88913565815972 12.81922469051852
174.64256215029351 216.81202718993418
71.37930120672605 99.68116223529924
84.69694162013394 79.57053479312046
182.86086628526408 213.22982724514006
47.385392655283326 202.57891163390318
62.15875328369672 5.85865999856297
47.88781910975467 20.200317013215756
50.27918527170858 51.95364836634994
79.196281905769 68.494692516984
200.10227803799634 50.10779391369965
159.21899731200116 222.21691573289945
164.45630942560024 4.464011032918047
156.85302743080075 70.89896979539192
142.9189604261982 75.45340173460869
197.84462972155214 107.68273746481418
127.55813886064001 19.1645430238975
203.33736847725234 15.885396798563267
76.38789667109779 217.16217737996794
63.886251471946295 38.88021193242025
33.24532416567963 194.7424158688617
111.98979946511056 185.0700423629959
35.97948218496244 110.29059992913056
123.55408230510967 148.46525675342772
155.24580472570935 146.2577168847039
171.55020897175874 170.4037963426046
57.936238114488475 64.11449041365447
182.03789420349594 116.54425592190728
163.57714281221013 29.896602995469536
140.04669219886205 60.76424688531274
2.8595205473722074 5.187224392349698
196.55164699784777 4.702424119442522
131.11634595457264 138.63322244665432
143.44945701368002 71.3977497320239
245.1177301240884 77.06999405943115
145.28577654874923 237.31561788107857
150.37332526893533 147.2332449411896
111.38063127552653 249.07739168884962
6.411579889372132 76.32455099292329
99.06069688230826 153.62584629702314
148.2183748469366 133.3702864272344
52.30722917497702 28.254123948401848
189.94181957651878 58.56462124989237
32.04994800781114 122.1243623263811
231.40151965258062 180.44114022974568
76.97479067115354 50.22276923335994
102.02112349299755 33.61425526117082
85.27794248677678 212.84530277946163
29.864197691948423 40.100667660287165
129.72103053993717 62.2520874471508
46.884429598322924 134.19917998664712
73.76642388464477 86.47447715324732
115.436315467419 78.49804306630165
193.08847862863507 128.14346066573077
205.38055550836083 164.31863884157755
243.44014159973247 159.55106657938296
194.99746783114495 207.9757812634225
100.39332388707908 151.823882394393
122.50491744610642 93.69423709605255
2.2865074764004403 91.65823106822674
68.42847681710273 201.52814160871606
72.8747069371505 47.90361087538472
50.851734772572016 42.582716379565206
25.442731217287296 17.938313180519668
85.31142122726176 92.9824657564359
122.68233087344535 24.605674460239868
28.023874605150933 191.2676614571162
44.703914056544754 161.59306819375627
23.1396693164857 141.20506682626709
57.14605260855965 170.01105311217077
127.03481717433576 222.32112116229985
2.196814646485773 110.7004861430316
171.69160615805865 240.79417692190742
210.36951527974102 246.1006857656687
14.731136971288834 206.7652363004901
218.8610833912065 66.72354546045139
31.412499401739126 166.0089341409383
208.35456835810032 76.59983263156673
84.54906463928941 119.17554679231273
216.23491388108053 110.9208539895215
161.37065897171405 5.722671055361895
205.61632295958174 193.00506699713122
185.7505126207406 119.39442370167357
110.51700919497587 175.26468122424217
6.312689468476268 220.9492586946914
80.2660376761864 63.722048301903314
199.5087928343726 109.68183422083722
20.502420793069355 150.88457989150152
74.03786872459492 118.01234563976088
81.37795957381056 247.64016362360954
241.0222381801515 66.85885083022283
37.68737400921596 173.26229487061022
166.19978992263893 133.6568395989579
219.8288720436653 107.87276222512587
242.6139335570737 88.7263275648725
73.36658107548536 97.26823959727
212.81009147565055 201.68926207832595
232.46803089005755 84.83543274873071
231.40929001271064 182.45464693355592
53.88756346255297 168.65687135941056
86.8211886062979 218.1598477508599
247.6956712086197 197.30249394184503
9.020982093702612 172.87936091815993
78.15544459467027 95.27282013634999
239.08735097468224 92.56590757340611
103.35226152836243 47.59478958646849
230.56895095129624 79.88419849565079
172.1539562615908 217.801782861456
89.73743645702379 121.65381394215383
150.18613601987295 132.23753193521952
24.49984362516597 33.013522066558885
219.0243315958892 115.22604655318841
80.93543735290106 17.32498264629745
79.74459718103793 69.22627729018215
9.649339528774004 249.5561914278252
85.79976716512653 79.14140818686857
18.30124905413502 219.35114751171557
143.95289208749523 122.08774456099378
145.52475670980203 40.975869717622096
56.8511871736925 39.98431552298204
213.37964617276475 239.08999380200228
245.69512034387623 66.65511538277549
224.03492033927427 186.90430534702367
95.37998568419509 19.065395296827575
95.54083328573326 172.5987364911021
77.72561198351066 55.18422644210244
172.8493751230329 35.46009738894726
133.02165146834702 29.89783130418325
5.00514400387217 131.8871388913481
139.06566084191329 225.41976898590386
107.3446766169088 123.41326679054676
70.32767791853456 167.02492487741154
243.59862816109126 57.3789225579269
193.08535500562067 213.39195805920602
66.75211793474614 173.5464967369534
224.86812752578166 115.96377801132462
39.37918444892466 129.69878832749495
222.83270210730797 35.580426255205246
221.89967384866787 189.6773678866368
149.8505705445556 198.3293220116317
24.094534457984345 72.03896968680911
168.57830864933723 195.02734479745195
23.505760675807284 193.99286778018626
246.07556151607284 125.8306427991791
187.65291712149275 74.09069518075687
99.76500725896808 150.44324741904626
49.0500868499579 169.23593088468047
181.944548448774 31.92611079248911
226.48330853018527 153.0720211440357
139.68332699934632 65.52185063118246
119.02001288151718 141.6143687873179
60.49255466327572 220.87940132961432
37.492132704466854 10.614245182343163
74.91537006916296 120.13731754429524
29.821843559659804 207.94168314273765
148.74864746011434 24.300273781159092
91.72187131866352 217.93760575810253
19.356663962543237 80.38944014674196
165.05354853381806 78.5947775069587
243.8808792957172 14.455590882754276
51.90055176458006 83.80909221472844
55.80128916738566 35.88189303791006
106.97485617251859 149.7959592980197
100.7090504180946 37.969274706209035
97.74837649977735 172.3196967454516
230.21230418970012 71.14124432167893
207.33386993056374 45.27722659733321
248.23141348395606 145.99908369543817
25.490035757019136 64.2866046745805
218.19650049424664 241.16707239738065
170.96670889250862 50.77876967502423
120.26048175435974 241.55906630213025
93.06087255706105 171.26353758780823
40.427843844208 189.75809729245995
177.82189523850238 191.7834856805748
56.116820426467484 188.7064722059994
178.2633414308273 27.656088009624018
221.50584199365568 174.57082608374674
50.34066067175294 82.26946011084335
49.12028903071042 162.0858332353176
79.78704274812418 212.48175178961225
137.69918627306717 184.01211382683948
208.8693467838191 92.65380787311602
165.0363892135432 221.90138792299996
231.6908688198963 182.56942937150095
71.9359243111442 120.0918398153891
111.25794455314522 72.79729257153308
116.52858153644335 201.36035635513875
14.351425442414662 59.58720637123485
224.49540882221055 21.274914075886414
33.63842066971823 236.98656915012023
57.241951482500525 41.030299718060185
152.1678305084595 170.81417738843328
69.75648752256846 74.2445744900582
43.45928907061816 51.91793947525711
145.96885986131758 180.6008996502199
80.03398134448683 10.839100372777576
67.09980927327935 13.966360927775396
37.66321392026092 71.44138764294603
4.406998095494136 124.63219442621123
2.8328372586375883 242.61990132262625
225.30833903132506 128.71405331312585
87.11071623055975 238.0629898853742
170.61608193249566 48.917878491619746
88.03411714730802 122.0518281362839
77.24484105062784 104.82873563983422
34.750837453674606 190.44635335206863
238.34347661768106 237.03002962952738
102.647677014977 24.23880797860356
94.54154439738838 86.19930805627612
32.04821689157955 21.216544269372804
117.23402929069576 171.80745753976205
9.045564040193021 43.536681646348555
237.18451801847573 240.952231019898
184.91381235258623 60.73252590847466
114.88362320840578 98.25383338592563
231.2268098019883 59.4079127781007
139.98097074340544 129.70600237778444
214.65225598462501 194.1509818746658
241.9269356031446 48.20870035386654
103.79585728610893 30.80659065428576
77.85265699904537 141.8462521180295
63.511154402449506 176.4175155252837
14.498678267745646 23.060386709149117
92.59789330416277 15.842723483101008
142.9250222030455 191.38707351010848
13.501660188173254 68.24193072267384
161.29414054424785 104.74263245965501
186.31931130441092 132.91686965181256
248.07829788463752 222.54454388493681
248.04679277063124 39.01719727356992
195.5490225619274 64.3767410342185
19.37385010923043 95.49200368669936
34.257004583569284 15.077268790388398
160.90277920873683 104.72094037534188
2.2203240993590443 156.44952326403663
1.2235229620412014 209.14767299522748
98.31245829451815 174.89968150768289
104.60578462217909 125.37179150233938
207.82194535956657 157.45643688889515
98.59186513727744 42.378673137742794
150.75410095837287 83.21873283151831
142.17771349106192 203.00406649764238
56.01917452154831 148.10959724292047
35.99345889912295 74.56044731075589
179.17816218849512 147.45390679104491
27.997639550591423 208.8884426586463
191.5981463245631 42.26815591849142
95.97029478275515 229.37155651829542
34.390517713738326 99.20065695527708
224.64501640657093 131.34774018057374
29.28779065462822 41.11637175847424
204.62537245223922 162.8761871322727
237.06337950728405 95.83726290488542
136.93056571606397 54.96993594228025
150.9970404522342 19.03494405342407
90.10050936092465 129.2456720604747
146.7744421739016 229.1527968842034
244.56895472823518 242.67039375560196
227.2721345205102 102.79604420101165
160.1974684030593 3.6617293725097753
106.43698294147275 236.3253236961456
90.43697339672671 35.72733017670712
230.15787644831752 190.34870583246519
52.13970412911995 131.64672463054228
137.06068602243343 167.14911152354026
94.3840269629767 37.36614628306204
40.81977391111588 144.03893377331485
225.47611899865126 15.922489782511928
229.74053901596966 221.3808584386702
140.4673554704794 125.19070748599606
75.0204078304795 54.4908465048353
166.42882554382018 192.42840229256282
186.23261611572013 30.61474197416994
92.80865606539207 164.24031533605498
229.4550038960514 224.88053381640503
5.541912695709889 23.664646772198317
212.1873536481999 163.15671009004413
181.64373828601092 148.78022658745252
224.44822014911557 174.93511937673597
186.82730269317412 215.5120170496739
146.054069609031 90.79545263484198
227.07047893135865 205.00466170688375
5.4619950397632735 189.30773027134452
190.69342737441713 69.24850038059333
120.63365525992795 94.7755467135895
184.03208264292087 238.27040844920964
100.18218638402593 84.84189587987076
46.998849111467734 223.07386273374144
56.842610519602516 219.17301364624817
16.709483687007364 8.655354222928374
160.58445076878067 228.68515860455693
156.19207953489837 52.91943710276964
67.29286329596673 249.4285750268184
72.55053418757979 223.38056723712901
31.612323934821244 119.623449825225
124.86963110068614 244.1976296511472
134.47498950093453 9.848617438748485
186.8088037972945 131.00601832341212
181.2505545512147 18.389392380732644
17.80043770382328 197.59080588302498
116.39675734301314 18.14919325884365
195.88522534813723 228.70190968732584
216.4056689184768 12.490811121769779
56.623477292278764 176.23477289223177
17.43544184409637 105.42007846154696
20.783223484912323 110.00555914523802
72.05122186049867 158.23073460742458
147.63746997265974 58.94050934404843
220.54118234413554 94.06480943536764
158.61928607348557 133.72505459889848
227.4805673316544 145.89700292165145
129.3536046842022 190.27798292857463
93.46436576372996 194.9268185708223
13.695725247686141 93.99183873775304
25.274991995035105 206.5721131536036
242.20922922490033 141.8458752639313
124.9249484133636 82.00261095445768
66.96345939269568 124.40742462122054
111.46396029488737 133.4283580818068
61.93479431589888 85.2853381830847
18.25443468738855 64.96756601481121
190.03877270999968 226.87854185587838
220.69099333315492 94.48764420086134
43.81274983047712 148.68482351712095
225.74040447444628 249.62647144644487
132.71774844254102 5.7499929647690795
183.82767656345763 89.94783964929498
129.89535025459543 46.10233022740387
191.50151172301867 30.506523140392343
85.41502969167655 221.21283265705907
98.29592200819606 77.42886561559665
103.58442076825492 9.493652118891777
48.426699715387294 76.79192168687277
245.80339544256674 109.44398016656808
238.3567969023428 67.98809418039178
234.58463194371146 12.021402851828567
113.70267689984293 49.502333442485224
9.24834073612557 31.139374577758616
127.777539392227 78.46476590471596
133.02455975906176 132.38829279738266
192.8892091957681 134.0405125408564
150.70338145047393 75.12893385887345
123.02349372425326 112.93006832876267
89.43849546097232 167.4080328438124
46.932763503456236 88.63282804746837
64.63294274132839 225.93598250473696
173.6051970681278 12.569369170399996
57.922324738074984 58.793364180422195
223.98904215913524 46.98904987749727
86.00333614382016 126.63459360264012
203.65786570083287 30.811973113651415
231.70385181368312 140.57109057977183
124.20073881493224 222.39502056067727
71.72890358310526 88.58838905370736
219.10639597888238 79.73783026662079
147.37828636564294 174.94482836133446
198.62511511372622 59.49049237057177
147.4762578277926 31.794139310787923
189.22132225713813 118.61217680501419
15.57955229477384 48.27827791169403
0.4729589731717887 122.58694124116731
78.98178329084216 198.87861362464886
71.78977766454744 218.26392931683824
155.30104686368767 41.48757090801128
153.2983592878102 173.12484265333455
174.68788060182217 50.37960791609411
2.046832070897425 145.48987538292562
111.93589385102862 103.34731289478435
137.32185334093825 28.595464659265936
185.5657027735235 185.76787237239205
139.68959879165618 204.34665575465885
216.13556968675624 69.52117437144325
114.77784493012987 110.17087169104606
56.71420913082187 143.24198467290907
121.09982608896533 123.49101560964726
50.77347810642416 35.306827375733654
135.05623588980419 78.70566746344154
60.393560965535194 79.59043177779989
99.32962603802572 32.74731334611722
56.31502973777344 237.770945290829
86.95325260270678 162.68532187601565
184.22255546863278 216.84011925752165
141.11560477810247 221.2085620992306
138.16573016172626 124.06369646916413
174.30252266623128 247.9635486325285
139.71549659195398 80.20264566502836
5.858898453561384 65.30969064705222
63.325939940538476 67.52163275590542
142.32132176042236 222.98864584009783
235.26810542374977 130.78958989124334
201.7050943922135 100.09883147693449
119.59774134135978 218.60463545290827
131.20187469084865 148.79421737007706
31.580563489539998 53.38325364146268
160.6721488948646 67.74842669906667
85.70342565221264 36.7043216825785
145.8162079648229 7.649193357920553
223.48282838913644 51.72575632324841
146.24400191081182 162.23645694808874
152.36764560761992 141.33967216905495
196.4181243782771 41.193085985239044
237.23184416095478 219.69638167410517
247.04852540060395 236.72722207766245
17.744938027887265 149.15167321032143
29.904226897193965 216.01332063805705
244.55805195132754 62.45263994843653
100.65097760255331 139.59906734488155
243.12963601612188 23.34542156656233
100.95556991256463 147.2575572983581
211.27471321585764 188.99179712302265
10.93485073169126 137.77411507196834
176.52703894784273 38.53719999301764
210.38463850127857 144.1025615691596
245.36592469188975 136.26801753322485
4.625604395564503 10.53168490618306
55.217341743825614 210.23402288095912
109.46520415083366 196.50268785590902
226.77428818630247 10.662935798504304
131.8595448726738 27.180045857713054
4.9974113983960455 109.37505921271904
46.934756082033594 29.118896077845374
220.37091850640215 247.64796258137073
144.0333236543821 102.68989951368715
52.81502421042672 176.1358065017659
213.6440796713794 176.92041406880745
212.34392775595487 84.33153227141624
144.44533638337316 239.79324660279417
114.97393410254658 190.3380817686289
200.5738389410476 27.321935547822473
40.6713943992906 5.234811482269203
233.19610509312076 190.8565786601937
203.32554069197397 78.06117207555732
132.3827504479263 6.9690842375606525
185.85133934112895 240.86671008701603
183.7833478620753 37.9703730488028
212.72547289497476 117.53571086011041
14.178611089808863 58.08711432833588
2.2901349689048445 36.121703107568706
118.69352135882455 138.30289660677718
29.933164325486235 115.05216655949243
102.45737847026987 227.24919387297285
173.39874481868574 91.0280501811715
161.0184232856781 219.58471433037562
175.1122090238691 149.01440529305134
46.654431316954124 185.4811640098539
240.58641580647748 154.66952977826213
0.5159234451469208 69.63277058151613
144.792773161737 0.56239848007264
244.0512821884259 14.883770251035877
83.56809797381636 38.88225267924103
239.01512841368594 110.44193924196263
101.77131362633332 199.49560313228855
65.9289168503053 46.5151253934942
3.3873884159309195 5.826163178093258
168.81149311284742 36.77279395007332
86.07954590893036 96.70477606791026
64.86284309346627 156.65267176411416
87.29126856033706 131.5498360724362
60.37748148047642 177.17156904710214
168.45428071813956 116.79269184293622
206.93940123185166 10.515693608399435
211.6860202745452 223.5450762506772
49.9745156014279 179.60705434981023
236.53117915986118 187.89052575765348
89.35391567031226 221.61452995343993
105.09960786069453 189.2445363584039
181.61947202407484 246.54014714376694
99.9988489353929 32.26684762910884
227.46021454541386 199.6846709751333
168.87470097003992 94.30055016295525
33.31456408569963 209.16123548671922
69.92239220413634 153.5276768958417
184.17151374930026 166.134727794442
89.98477383805783 182.46587201942413
48.00175198949208 216.18030577437227
229.83989009378894 136.07969557963997
223.75686310274847 135.61112451549113
211.6994020634214 38.032504665598374
188.52932014716643 173.9039501373594
249.95993595009827 66.16858102869222
143.68121464294668 205.19562743901423
85.68518925616156 34.99015942875988
209.43572940409902 165.94178439751326
163.69382555795008 147.95596977628753
210.5922947428358 248.88326248854793
170.91473646874556 55.100409720536206
119.293548416532 200.40836630741717
193.49682325134907 40.769695112180955
10.12330727905028 111.44141722760881
156.60991245313758 145.88722930827208
18.31179123599891 11.607327966130038
14.795693740306149 7.872417655523877
136.7961195099946 22.01003308888108
215.29575014307758 84.71165440968385
231.87143174124992 105.98309405578892
114.15683236949093 118.53754522982332
74.58488371039029 87.76170601899791
32.99224100497225 193.04307638060723
86.313690875308 43.8304413172986
205.17334768168692 202.0933633038026
113.9598112560327 138.42031080332399
132.03095949111838 152.27106220890067
249.7023891848664 141.6307645185821
198.4078481166241 206.72132401958262
165.53011129496204 35.787712373661016
139.70227024226597 178.90490816771418
129.06562588920124 225.0990697516955
24.963521244094068 186.51475702078707
53.23125731993189 122.90195503116274
65.31761769046143 232.29853402250737
172.5481084157199 89.84713020023757
75.95065023893402 127.31582741652412
246.04572626321564 219.38364318648365
31.023399536695973 12.509132118860734
140.02623856962458 233.59078581837198
83.63962225976024 201.43615267456684
112.80756611023662 92.58607044065093
17.789871856259133 245.29658701549474
63.44882385769349 214.3498940104873
134.9513277418656 55.59592361692064
136.64546647278522 169.1212020615119
6.704042513149933 18.6914454983933
224.09497086734746 107.47131288279188
32.159419903410175 190.9020911385588
200.24462926410644 230.29571471585135
118.08344839916865 220.28636445698103
208.9143540511606 87.49938539751068
78.39642405075836 164.57283069200363
149.78958821920793 99.52192652681119
19.139619786171597 85.71323133960624
225.93020486295703 30.35967094403605
38.23864095526905 7.3509994617333705
189.77250791405785 141.04009839267275
173.97485565182515 213.84411600036339
88.12334519374562 145.50885274822022
215.68705596296329 18.58950058196823
175.5993529727543 154.57477623677246
249.6061649527918 123.74100685784103
217.95432367097737 63.87316772120211
143.40856781329413 139.8017222357871
111.01368107067682 113.82953848671524
123.60053285128822 202.4791633893487
104.643692830241 181.27844588586117
216.84268353615425 113.78036318761636
187.28884456496263 176.3375820899994
65.81753025694078 226.29964198275798
45.846251382204024 24.835867803022047
27.585493825283276 120.22897042497347
182.48182899821694 149.4794898855624
4.895726732735306 193.64971674039168
195.52865122920667 219.68826089743897
55.2836989915419 199.57870505280223
108.68483438014512 131.162445294766
218.01217040699117 64.89541075490409
180.0540484589174 134.35125311607047
148.98634100385328 128.57134763399262
116.91662304621458 33.64344821173565
138.30841697836516 122.60952024083119
2.10450849680785 150.43146427418637
39.75761453138149 62.82110406044566
135.9370956168743 4.190377175236709
183.46273652506176 76.45247288230142
232.12275403206706 240.77672003629823
124.42205465299736 102.73623853357522
45.46124663220902 107.15314281953623
168.21949117918396 56.24069487880271
80.39300007942346 19.591441311760992
60.350418324378566 39.869274445232
194.71848028170223 112.11815381825527
204.21944411411795 77.34695519046237
32.83366514783118 183.79983572619227
132.59040329012757 55.08474896085197
62.509467164787644 7.12605440604161
221.96150439886668 59.078201073757356
4.151130623553684 175.81419303138614
34.80026908474695 28.264025849451425
144.627882136217 185.99444959516038
249.14224931744874 80.25744497066609
18.69502816903193 143.21073789645862
131.23396835917606 153.97768946211195
112.34495028715696 226.33480887394606
28.04878217482601 82.39908941980373
156.94642355563374 208.55942846012042
202.986183318466 127.08814208179025
48.460481277370235 236.8355879159195
231.73672301542845 115.49607699528974
143.10479492827835 65.5817938737851
47.1572811263998 146.5015706839489
4.657211889584234 247.00841102072386
64.25951832011754 238.0282823346042
51.289248313351074 18.128202196004807
101.03033993016689 210.39069039841507
62.953472279163314 48.26480819563658
144.56411433960642 134.44595866787634
85.35996691083442 3.426869631692697
38.63106009881892 236.55788635626953
206.09000537185162 52.894093564058885
191.23758645634445 35.80130919978655
119.64063159057764 68.4239645991348
72.24955702604922 199.70733792090746
203.7994118882546 176.58225013579738
226.49808219555052 192.60382230911162
230.1737807360586 208.93925355192138
143.8003765272126 130.39608372584922
42.73909158893119 116.4231568501668
224.4448168548902 21.4098238654446
239.51542344203474 62.002216706219386
187.98816202766304 19.605168728140804
191.46772625683357 116.56758639566445
103.04918324120429 143.5358998924278
32.68451949329132 67.48679627570404
161.25958780287428 208.64330852924647
180.9828081238331 234.152375402035
140.2835945009119 39.36341696688489
11.609010118553503 150.83415801100946
221.2628715461734 126.00591897305621
19.056803376103076 216.5414059078451
5.376887490936455 43.62256949083723
154.96491853747946 50.57202156846918
162.07292515548437 26.775090827330317
187.55140947224297 93.43975933480264
155.05023011735827 192.04222916994
101.50938882186317 172.04573871785198
68.70967856348375 99.3500789979169
121.43373233968339 191.86831204994303
70.41566759897214 248.42063535451788
59.53617088859381 17.267200506391493
193.23682446487703 141.22797897455646
201.3876594293359 163.62275734055854
120.27140372148901 177.5238654816579
79.0970949524468 67.75165579353781
76.27462489972473 141.7751135409403
104.36790793628492 204.65029524538497
198.4293042268159 141.8375493449234
42.463085417208255 202.50673916885654
144.14898561315903 178.6885195538255
69.58121195678437 138.8573176435229
225.66474246614825 166.68166480789773
7.853787936957235 145.48280161365986
60.282919990089944 233.04200138464157
2.923303943506733 190.63642302437478
141.83221441076174 67.69309827831223
49.7434633469401 146.65144101472768
9.699890286836627 192.4679575562591
153.0431815656229 60.07728294231304
104.6504510540461 38.737431870000535
227.52230846071305 61.7482078187854
205.7789442058644 21.743277607586016
88.5925036925308 192.85673137746372
69.15038214666366 164.06529227829037
208.35001424459549 191.58146995395705
38.977717454504734 85.74874961527024
24.49454205028534 192.76100429388026
2.4883653083802026 25.57236693117526
248.09937648372764 83.40958629926729
156.16763356691135 82.1167446154151
174.89872687351578 221.41505309338237
246.0762949234345 92.48157173465724
234.77299698171487 11.604888340110309
234.43617216474448 192.75580934780675
249.14828966442468 11.182465590200447
194.81109314331732 217.9754169574826
244.12044646274467 175.27071581645367
27.751841224023714 236.49373981630654
111.86336770663912 238.82270824506045
140.67496145061475 20.90396711610598
164.93615780826664 43.59665877779323
218.43075896763878 169.41774920932178
147.42552731332614 246.2631598115998
210.386092849609 80.2665583736632
104.75730357603385 81.41426406481177
1.225530564006233 53.037027579396266
191.46768707198635 209.38959554197695
163.75802809019825 235.65602109692583
21.463072036990162 171.81728112217652
114.06498202747645 18.367159441521064
249.96300206349815 155.9664632256081
194.15671309944452 133.5444950541772
224.63224038309522 234.19768074748086
49.1356896889103 80.77427876903886
81.23446581815504 248.802543278587
193.0520513307948 68.12013876979395
93.90129992676513 20.863017239194342
150.8167180015349 1.6369753561591427
219.3252140977628 220.46458579068317
176.84870247080076 237.80136605959646
66.10566178586214 211.78834179254298
64.67861293766653 224.00459298299376
176.7941631366289 121.09709819746881
0.8366956220578481 104.82465324262691
165.76650392203123 90.07219596333077
23.90609571058222 49.55580211246072
234.3913970868168 239.00840313232197
228.9203517591011 177.0346768387419
20.069574452215967 131.54961167667116
46.50806468238011 123.21294301675393
229.1363275115232 73.49731596168377
73.8099201806901 202.28666706435598
245.39129328856959 73.81088051185608
175.914816544396 206.0339038563089
224.7595314355007 201.37128009849775
106.79937719356172 150.9968851021963
3.9822389569179606 237.12072345125753
101.38099139045428 81.58394483099168
121.81590678220688 91.9696317635558
1.5169173609022313 214.30311173284454
142.58931651385063 218.1254255074773
212.62987251577468 140.67112275716985
11.526474444869983 76.41868032045154
26.518413269494 232.36954750723152
122.38781655997776 100.06593165275598
17.54454511931805 192.99114354231506
133.75897517348875 172.73261210794033
54.76166638233026 209.52154558776672
147.7432628055438 181.4295128571397
246.27084119654825 229.86358079309767
151.16356106119764 144.45936738310346
38.29457300758602 168.9457193449108
161.0876955899663 105.4045088721074
169.9806764361928 54.589780043010464
143.82791194025546 23.854890571071792
48.499593271755344 109.23116196887145
202.07278904279224 55.31916823111593
174.13758745633305 234.5340842786781
20.443777684266166 134.06034613847427
216.82381823973006 18.77925936349306
60.53717231295844 133.46652759439442
38.54144756137476 125.99701517307568
237.9055580960016 30.504566481443838
53.555375481267376 12.267141524959001
55.85429922424276 133.53276376718583
218.27565830730214 96.77722310815884
5.924045627672014 223.90349866175055
112.1047835138125 109.12677299245773
139.27646139344643 158.30681923971918
143.7063192889058 95.70318611205231
245.39107101792976 4.5706986551726505
84.50713393379594 10.803712904051327
217.97457895672005 119.58476679838226
139.4363398199691 181.0018427214941
26.01936003504049 4.416729472483144
204.00242713132545 75.44802588236571
121.3631748450763 18.8004199546416
191.82901580264735 175.1922802884013
146.9390897910409 217.64132665676738
221.1436792832093 87.44075803157119
158.95831295329293 145.1037456128102
204.82554140716752 30.15500158109677
198.67602407024762 238.7279297099633
222.82424783949378 37.12713375856333
138.96735114106008 179.67518430396422
236.61871240708552 221.5877614548191
177.0964348035637 139.7825663419836
16.389939213319217 107.03169860875319
234.83443135206005 203.83311580221263
243.0144508610154 2.667840591517534
243.9077753190061 191.25868544503993
14.57259026748367 243.41569859341314
83.20559738078926 111.83878862455138
38.419226880560984 236.33460413644738
176.63170902272614 214.8275240345318
195.45096204899085 181.69788760438533
66.71784199052072 37.859546696582896
96.57296968028864 227.87887855229414
239.39958276840935 125.00678310876273
242.8650200672969 169.78107762580936
154.72617915748816 208.522820689365
192.58474596091563 105.78451509351669
23.36990991684859 21.626187210070924
239.3999383211299 195.50246644716054
145.35722289688965 167.53287466356156
127.47802304191036 204.48190824072944
8.83596984676782 184.68557497787685
56.18488545199918 46.626967649100514
208.054460049498 114.02067269177782
178.97794450427554 237.37722994721778
90.92589693867606 42.30830365867722
18.534116870316947 28.085165576863915
239.28188903260812 143.71917664872848
33.545034746631174 248.6979913898087
106.6313587906601 233.69612488959595
5.285733847655655 85.78082160298817
73.26712076635627 109.50172532321153
13.358802627931516 125.36251179469005
124.65198424572546 145.43864915920918
16.693659432705317 42.16954688869035
161.81398977787515 39.956899241447324

226.28854318904374 226.2554230352251
113.5378444349713 44.71304995866399
3.397428667415603 104.94471318377896
10.14088351196457 234.17551500421754
176.5820330672952 49.796367268243436
74.17061794159565 64.6590165217032
11.853338516673778 15.989704438224116
232.12182039120526 33.274165511786194
89.57124037193657 24.55861489443281
227.80511571845625 145.33423453651065
184.86421235036602 171.6829162480658
127.40474980204847 52.76765088257274
205.48425504730122 92.37762351882034
132.5495995118854 69.8738190047417
229.49130587369598 28.07774177538991
50.43497020136123 91.8832942415226
239.7542349670147 121.56352437624065
19.65300305974199 133.25546601151845
161.60581893960244 150.33002660005826
240.34036268053887 186.78160351876826
155.59872790893897 3.970757314991691
143.2670814803035 114.15876472606537
44.05551763127666 139.33899212161467
29.47726022683922 201.2777868984754
67.30341670825854 181.94226088097437
94.31012778298894 124.47954462283298
72.09163090778478 234.3079112055122
128.52644718675086 110.34716247666337
94.44713959747133 102.15110427988635
196.86321247585806 23.31236725139546
67.35611045480397 48.96145255078185
68.20915146671771 90.72001439143268
69.69933929906297 45.906718041655914
12.486082919890757 11.259634668376622
1.7241385812194476 59.695326333450375
24.964464860610075 125.7478533786773
90.62526591580215 140.71373877799437
141.0516309422375 73.93985030727535
34.900518656733965 197.2652103543257
249.42728526924407 222.7056086432899
244.79692494146224 174.21966020606763
157.1789946854455 127.17308122984292
179.82033439405015 155.11127744180214
219.84281773446511 102.31831699306026
24.031098681572992 46.067710736667294
219.56125996494495 95.91481098152491
17.217823293913554 247.28512088445913
215.02414557550165 9.125133767978744
64.66395199385228 102.51418620377534
138.33883315137115 37.36736907700525
5.3651051137051375 104.58404885271247
180.62279741077387 8.578919264104561
70.70244290850796 113.77327588509468
108.70942759409863 181.46656277714993
156.87983616708385 57.307004271801496
207.59336687933316 233.79164975095992
54.375099953788116 157.73170955714895
20.14380133240337 71.10646493013925
15.441874898199037 134.96777961902106
156.06663318693012 40.349242816901416
206.46330697271313 165.13685358972182
211.2066127878996 196.3574832949705
241.4282509279665 136.9348574189626
113.9109774900176 58.84737575452101
94.92086920139394 161.96681589181773
110.66805774328034 191.49818635626158
67.71515148241217 242.4610411665063
7.618423723922158 69.70733970743065
101.36374857698105 54.306398986195966
192.83773619681745 3.950632776946877
73.28041209757033 76.13046111919702
245.7473832412906 125.87781642016535
176.67753485334612 29.501278568679208
55.607010332379694 131.2484889278652
101.56559988553951 25.494360119771436
65.31245832819296 125.15434715402627
128.5372208821604 97.49945685171186
155.0583867578684 49.458153215688085
161.83031453050816 120.04770614020622
233.8472148206757 234.88595577515827
157.4317193681028 234.43074793802973
66.49473920512195 51.59601935565064
237.27260373559955 239.74774786100764
192.35000025321563 186.7093045631345
4.827275755053567 169.50868938531795
175.4162479540704 161.74783078987318
125.10885214721252 157.21909646551103
169.33424718717433 203.7933408546666
193.47717590919854 208.99256778281608
115.58591859776854 128.26546081802215
173.13391845151233 229.68095355017854
105.55900395332765 241.5453264362533
241.65389656543644 126.06272352405406
233.3226450592972 167.54667439092378
155.15015388199228 221.03092404428952
27.67996530990083 160.9397913144605
201.33083550157707 119.73643310775681
155.67672096603758 20.423748749673702
140.6608188884514 194.08292689588143
184.9469436744249 73.56240843732051
135.0936903715676 20.73938234292899
130.51841378300296 36.920645790128134
117.54580154635502 216.81944597569418
63.60593031373796 78.01828682941428
8.412798495814972 129.6189544335781
69.41267756919852 157.48246313693215
146.06993962881396 242.11247056226344
247.4079472148348 7.426257738943787
134.90534403130155 198.56813142018123
30.30779029962019 114.68600450691771
171.97318771241387 239.65739537123804
51.196400281357604 241.4300869919822
18.57717941056722 224.76630219549617
119.49834833336773 60.87045723923626
69.72487406812705 173.93148815414838
205.53613568649521 197.2006522514575
146.4060013824391 182.69587411536313
162.9867075087656 47.92385708671998
140.8567129295291 178.60489245213924
233.78376931444186 200.92398672675483
202.97676844982868 195.29452685371334
45.41126231080664 58.624335384947656
42.44585858703445 23.16122858369299
162.20224891922126 122.71683054634563
187.44851394301077 223.89912858700276
86.47235886448395 177.13142112994845
210.15530033951578 161.56891892818876
84.0230572735036 233.36316486497026
108.68643602384415 34.7492797253248
171.32803975205667 162.80699235441017
176.26905526183631 174.93650042641437
40.12732344755376 68.09968034673273
40.84931592573343 10.946791232875148
135.9508109158182 190.3764294752343
11.086500674296007 169.8700379414384
40.22162474768437 40.27274508452711
12.023741255645481 137.35196921777413
18.207664904390853 180.56622611790806
162.58008557769105 137.27846880631938
232.71905929573865 60.28928286952226
30.439496329922516 236.07907620185216
198.7640805819814 156.54211023647497
97.60503988852528 45.49044032619493
212.08492264778812 122.23216702438022
71.02432893608129 67.72555248863668
25.431501988192966 171.3111856655695
43.88296647363327 89.49355972382716
92.03748744970721 236.78379398793297
52.57679555863906 175.02685856641412
120.56775704707326 56.11089492969551
190.59821549583987 89.38597299031703
97.60099108833126 122.21137082753275
102.27550364174436 122.55126233409663
71.83021137889628 24.922662867888164
114.7269773000521 57.46052562516055
226.2750949601577 9.469758004109485
222.4084471035583 90.95681766733829
107.66606639286009 48.703979350588064
19.472450251857314 91.91338989619688
181.80553113337288 1.873555740833699
224.1906198796919 190.91410526653212
123.96148799606155 239.80166787209257
243.30383901321497 184.51193954568674
222.0345799376364 170.92005795418234
207.759052532517 122.95867010544781
236.31904081384585 59.09027001738734
115.60002785101841 201.76486176017062
228.7645629276712 55.01074994590377
179.56254017791838 203.69464078691115
224.51854181265375 81.38322321473457
93.1919415717154 99.71499756546604
51.712036633649205 167.96686128170427
15.741569344593225 117.24352211973249
110.84396361042349 241.3111383725341
15.197064753243339 60.21878615588799
52.41093876955685 73.27805322785719
197.0180136024191 17.204726665376814
44.81057396246574 196.12841857576595
155.20410465446884 163.0211950546927
49.27515159933163 204.23833727778094
89.11074448983585 56.17385376685793
55.00115300702391 112.64954981183826
50.559294140443214 232.6831880470415
33.921245566844256 121.06283424832759
183.14913033966548 101.23876845172703
22.25253497926369 102.23256883713441
245.0291127504025 31.83602871245966
244.11977163624465 0.2879755559208885
172.62294826562933 31.701535707073543
227.82121394267122 123.56743258662789
159.73089329848614 120.92917009175983
164.88051957716425 129.0008021559027
5.169536854287394 30.725919903477923
139.92396723057732 152.59438098013706
61.51064951724822 103.6852404010454
45.62842196235986 148.80050258940003
23.434477900389744 223.8380343623118
92.91173987852083 92.92511121077749
0.5458070282892413 130.6633182761304
67.07495196721233 209.19406775999363
246.67607421679756 96.864094256084
237.62914889669023 147.06631446889733
49.877785739151804 159.20263842340742
181.94065907696907 243.31404948775634
76.5108088722423 94.81290047755475
179.47066683776123 94.2578017354378
113.59997626894206 8.730895019278151
61.900712079765384 173.14033846848852
86.66605484157245 125.70802093984523
85.60222086258243 106.20273362999066
15.745811855724073 243.40474345238755
10.735474476324308 216.0064782150756
203.0776227407096 209.45577823024806
19.960286612237727 12.4523393885467
190.30182400126463 165.7592532890854
15.179570798929815 94.69718499606125
215.7056255666705 227.19806803260093
76.98835577873825 136.77071866026608
245.067679408095 127.18518721529942
44.43883757618208 144.4967162351511
124.19308934297568 179.16593323859593
29.44250433295964 182.17800201650232
6.926469749214653 2.2236331116508024
49.05374048489822 206.74585684950696
92.99386217325143 2.1686771289476656
236.69780602820643 37.62523754339961
184.11472025764374 198.1783850364891
170.64081203457468 145.63089175465822
55.809832715231934 202.7157923644279
209.63093139787853 236.00946764260422
28.385876252186996 167.57125080800088
77.74361580658953 92.19044142931615
236.64785939580312 150.50981397466674
125.02179347091874 168.17184504677738
89.78087214201913 36.59028904470482
62.54901144054178 218.76796151733885
162.07768254956628 5.516355445143034
174.34240487165533 215.43820418893395
75.60023794065415 100.00887943029072
82.44701275926802 82.1865381519866
181.446385533306 221.24114398897706
40.64201490477631 206.20354284011154
60.405132286724836 12.17191206197532
48.710262209012534 12.585889031562076
48.68060259176055 46.28269934826906
76.34663072079967 74.90022106152786
207.59966274788718 49.253456534748885
155.24447080339797 227.2937448056915
158.98341932748093 3.9071687321148296
155.58944564335053 67.39688552802897
145.98848600804794 70.95697591381825
198.20306362462577 111.19258202678157
133.11817947637255 25.041873706065005
206.9602461312124 22.16479672001506
76.8069597571949 215.59287377842256
63.17672362832169 42.09692274521182
37.84838202653324 198.3543322813279
115.40076107212707 186.95175321515833
32.802808713149055 115.47778555418228
130.37726042461958 145.34533291360407
151.77976393413618 148.69961577106486
164.32150809925608 172.81627069949906
58.08968084362437 72.5424900187918
188.19182197649 114.47699670279543
169.03867556645972 30.43090841679874
132.98943020150722 61.58729248987399
5.138336397271903 11.97868271963387
195.9647906898563 1.5649196199160609
132.54579613013027 144.7629803108748
141.6789298774935 75.68272079448876
246.73284373817071 75.5681693027717
150.24845209373387 242.81839532824884
146.1491086224364 144.26303956304153
113.71513130333427 245.27973844996083
3.3060293778024996 71.7713203962864
105.7585323816832 150.88033307937246
147.12753947837123 125.40145269580039
47.885374390688604 24.412964028115493
190.0706156874284 65.50360165140268
36.50218994510537 123.01971638106146
236.4289250049773 183.03062334770675
75.23584799704771 52.271541179127325
100.5701469385715 31.76377312933204
78.59684896569547 211.00706569372633
34.27903542301036 40.731254486053885
134.44416129400676 58.9275964488041
55.360991859816025 134.10609834314693
68.71369316601606 80.06623246820216
119.91066529129193 78.53304695651853
189.85602737832167 120.34819609005449
205.9235178890251 164.41679541693264
242.36796429905783 152.76406905131032
202.01375626373215 204.6433042055026
101.2644898912351 145.77637796151797
117.24266171840428 88.12176708527383
4.707892492713611 94.06765956473889
66.57708483447026 194.33642606087437
76.79386722386872 40.82896617904982
53.572174324304335 40.6944392536937
29.230635925170915 24.12160746828562
89.1245917771864 89.07102994878683
130.70049266444258 24.050457626192788
22.735582115749274 191.26366550721826
46.44652501729707 167.54888752114937
30.75152366412223 143.1775015630803
58.13075109732796 166.8227148339591
132.3251725200511 226.77806101082092
5.379392420913481 106.67667108275431
171.90707263997524 232.44071586753276
210.9434794144708 247.09108168645
19.636948846284447 203.61633135130083
221.47449650244926 69.52887745874034
24.470082896557997 165.1659084716501
202.1662125323391 75.04776598341236
76.10288896675141 118.4255907210906
220.30333389449805 112.51005288049942
167.04359678282353 5.6097669822718075
202.30921680523412 196.61871124735003
189.79473773614404 122.64909952404496
105.84057289566803 168.2005221417684
11.481288171058923 217.85806512024624
85.40315306657418 65.92150862173693
199.71277900185692 112.82158970668141
23.765203723484063 145.9005693306483
71.13118802060117 117.28765903171772
79.84825553716152 243.0607832833486
244.22928515810491 73.26465483426728
42.739094583619156 169.19489711068837
166.33279745412335 127.24511206211164
214.6601072050172 114.25922542230413
244.21940516040007 80.61637745167707
74.54974122013189 90.96782956149444
215.69795108926743 199.39032512997252
238.13350549604823 80.4054719979555
230.97783577230643 189.00042740184867
53.735680544158335 163.1141789623823
94.63449007095565 221.15987767831632
249.3141235109443 204.83672404807112
11.37079917565384 172.1663485134911
74.52287238022376 102.22764895713432
246.66263300218245 94.11362944951088
102.4487675427371 53.11602358209841
235.29940181710384 85.96774948989483
172.99010551746014 219.006273024598
84.9242378431658 114.78069845986688
151.49115757052792 138.7315609701496
25.914634976275497 38.891845461068414
217.39966446950524 113.27591512790147
88.69112889479806 17.021051330399327
86.0097608648383 65.74826814567136
5.57516197511454 245.50319597580324
85.13676142618867 80.31565818049668
26.64265059813556 219.50004145141668
149.47311047428002 122.86692507853664
140.34018611167656 41.35521414363827
49.35842232818191 40.018458476387245
209.31076748576837 239.37725092206293
247.4265751326565 66.53224758092438
228.43735522794577 192.84089258264072
97.44510389997527 12.306465640280983
101.89489718343489 171.32107143428254
82.53611162110666 59.43334130005265
169.6655983444828 35.13743910567319
134.14560210861893 36.70969483965586
4.774693578613764 127.8613844489806
143.71033115930763 229.9939070560698
105.01380610826372 117.76201384458673
72.49089063799036 170.87213651477057
242.99019978134424 54.86665818690878
190.76752348979971 214.94928601167163
63.89326540569248 167.93447022085215
226.4355358568557 118.65198880676981
43.36354515514235 125.51798120496902
217.1604106821288 31.436472494315886
225.6157680574006 186.31824439586097
149.7418732983847 203.90910234167345
24.360213348558617 66.94369183730018
163.5708822674416 189.18528126119855
17.722947244408317 199.65570895805794
239.16294015796723 126.64853327529445
188.77037381906217 77.0919355654226
100.06192216292526 150.50627127557564
49.76765048285844 176.73167002646792
181.19413940146777 40.30305528218647
225.78104691377857 154.31051466175168
140.43116727926412 71.87110188048348
111.49246633319113 142.4959392921821
61.903077713702515 217.39826643179165
42.005836049850394 7.336023898470046
68.78875354660707 115.02560011687119
29.937208174532547 206.1843302049636
152.0834848432213 20.972337624111216
87.83247711163177 221.56978942664824
14.415017679752006 75.44972493239624
162.0832793164499 78.13897800378122
239.4307448806977 17.17390776330843
46.66170916736018 83.49456865806066
59.996522984557906 40.232544160183956
106.19951832620723 149.82733682243898
103.6556987723316 41.08202348927742
92.3964864714428 170.15336604722822
235.5635701352893 73.35981209115297
212.99519429346657 44.09035654057533
248.96546458671878 148.75300340637318
18.782612347755745 65.92655358611319
219.5417776865967 241.5348530038732
172.58852666506849 44.97727607401511
119.01790807724622 246.92998676024777
88.46978916636516 171.70230575788545
36.283173102617496 183.69430242910244
177.729029874074 199.14156452515348
50.74588198361571 194.96117918788832
175.2302680499275 21.265451111914217
221.73016059885853 167.2253863745971
58.56581631677671 83.24680941531753
50.54010523460714 161.26883658951127
79.04503647325805 204.6017585603423
135.90417880751286 188.33425028717832
208.4790446162638 84.44807143865127
162.8108033887261 222.47820753381234
235.14098142856005 175.50235988155765
76.30999552068299 116.86757349495963
117.77975089391668 72.79961095750339
120.11210479335111 204.75729553846077
13.710803353463946 56.39157120973554
218.11817066047897 18.619154465689597
26.311232766940584 240.6097264877756
49.67732830477037 42.82661461270909
145.4160527593519 170.1847253982794
74.91161940169141 70.11522597373553
38.617839621633316 46.32959863774677
148.33926165994455 178.38984634021895
82.18260666626406 7.137268162388411
61.80686837454466 9.511310581727079
44.64977181587462 75.37869518022359
3.7711595444122614 132.48410085186532
6.710781985444947 248.47849651552949
230.36727225868273 123.51892561918815
90.01263311755478 233.02415145183627
165.21797370203993 48.48579337945785
89.5488356252532 127.53491271493652
79.21647503743223 105.07412889630469
33.94015123624544 196.2529612443987
246.16452842268305 238.93937940926645
96.00590346497975 24.562113311550227
88.89276514867439 91.73749005083407
31.699457729078645 16.431349557532947
117.32128333777165 176.56302276344644
7.166781725593429 45.99485555172125
243.60370873867282 243.0267259044315
183.51937473933432 64.99215913155734
112.5585097067088 94.9026255763262
228.32869442542972 62.49100708777111
142.7564044922046 129.1063927004349
213.29726154386512 194.97462910098736
244.9836603622645 52.37714782503428
99.09960412865101 25.380727882859862
81.94958883030561 139.5157588442129
61.886637747074005 179.55559038126452
16.18851885045092 28.438279685678218
89.08117140587376 16.316494169497155
143.67213585795608 193.94941917491514
13.36093314650938 60.714278445553965
157.83712644438975 98.32287129134527
188.79281057806656 128.60799311038292
241.2137534263468 219.33823218569123
246.2395489923278 35.48139391298499
198.88767729983886 70.48080599996884
16.829357202176322 88.74899540839343
29.585655679436414 16.837012259911717
167.88357907331144 108.5181354336153
4.148538040563365 151.25299016155287
3.71787047133465 204.9739708862788
105.18375331880875 171.9770836673914
104.99907652531209 120.52837305083344
205.9889638150263 158.66076023868678
102.48835367365125 44.59746891463079
156.51606826972434 86.4623797319849
136.53687455126195 206.54341276571185
63.907288331052 145.14443947976275
40.97375100094666 70.75738054535896
178.08700625453625 150.06370856565442
19.762299017309804 208.84900361655508
184.423544887462 46.73215586159496
88.74738982776142 230.24467273231596
39.64611647833571 98.88716302600272
225.0443222587928 124.13817287643639
31.893968773145875 37.31546542363554
198.25741896777103 158.66595303617336
233.7336257741217 88.28774030653457
135.60120668684192 53.244640259840075
153.22271916549764 17.17934338970223
95.2229597484098 132.1524336202455
144.76007653477075 222.3703117000124
245.86409155537132 236.78190791287537
233.70848688334945 107.9945518579847
165.91860265627318 3.6182462683433947
101.9080327223244 238.5533267071783
87.48036266075873 31.479157121408807
234.4222330978888 187.18445988344794
52.011167294490264 124.46504284204335
128.8091573929313 167.47109145942423
87.60696762492545 40.586706106899655
45.2012356719054 145.1435045805364
226.9229166754343 15.923804032908246
232.06606192060093 227.1200335666389
140.1732887532828 132.9204847190444
73.75117583712304 57.36128112583949
164.25648036366977 190.681156987887
180.36856000415688 25.444742354819
99.39859584210964 169.0836721829985
221.5062423286668 225.19366252185853
9.475271049245059 28.771460422925887
215.09301577535427 167.96332554356454
176.82388572928423 148.3477094860499
218.40756610068115 176.3275808865602
193.23710109691424 216.1949606499605
143.8616893889658 96.87557980508421
229.21977549480536 200.80431124873914
8.577924181912945 183.496229101886
192.3933199562887 74.80834764201494
125.69101301182623 89.23196033145419
191.08196914392474 236.67283806837423
96.34241935950999 85.86877218747227
53.294895107751316 227.67400692721677
58.90356390253715 219.9229258840403
15.617585961794965 2.2321930206460063
162.00395005834983 229.37783408253722
157.26102733913964 48.481998891401034
65.84121909699755 244.65395056182624
64.20566626568782 223.75667274573095
37.55612011567752 120.84211818278348
119.72352163709319 238.6065345596085
130.58504244792687 3.8268910744766185
192.4626688913342 136.42653662182684
177.73302993213377 14.295352188841287
11.724253002205032 202.94785551492308
123.15319459639251 15.420834691813711
195.04856902657232 222.25125295698837
215.9100881883573 8.084554703218533
61.55633209919598 180.22094288842288
23.933472244472924 106.88677411674175
20.12421509428447 106.66955482246063
68.98293307230018 164.46928283221857
150.76379491764465 65.15684743738647
219.93952452076027 86.70087295773219
162.56866102992413 127.04963219484463
231.81881333755405 145.0398336202022
134.70461973870596 192.63029966402192
94.13778656980523 203.21646149022175
11.379890760227552 95.66069413168037
27.48754547544599 200.5685678707982
238.46614691044343 136.29447363997312
127.98245178396792 77.7444165024431
73.40074707248951 119.44021795379192
111.39350955094265 130.77469231323832
53.962841061394066 88.11329282789262
24.936644966318504 60.36313628910528
184.93666571941475 226.65363678392282
221.45139200063375 97.91090614775355
45.227851363119214 155.1978844089368
231.04774771500988 247.47675655696628
139.23475141323456 3.3479075156364613
183.3623499915074 91.39421574215267
135.49244932454744 50.38724953756743
196.0178098975021 25.367523241851544
88.73375036091646 223.16316158370387
103.8076072000231 78.51325538089048
105.9823447486461 7.085104869427178
45.92295684551695 82.63936722296492
239.84896561535686 108.3141475054655
239.9836153556884 72.74513619463168
233.9851527805522 10.297226058924359
109.11922018749054 49.4275339601408
7.8639330548996575 22.985778653428547
122.42359829052587 74.18868690929017
131.8127160124129 132.60778412531462
191.2988694444778 125.82757155023732
151.53899500696423 79.94693441562274
118.54210824252628 118.65795637529527
93.83433799112522 166.7226630122496
46.95217610700755 94.86321262515685
68.54899191259086 232.17328865566031
177.64555588621013 7.904681242468653
66.3344232847454 59.50831357849876
226.71429162849023 42.27704304465216
77.83977983314527 125.75123545309322
205.49593770287922 27.621377692964966
229.84966400687927 133.32409668830343
124.58503986588984 228.18447425803032
73.29879562181213 81.84090516533831
224.95673058909048 75.12085419854095
152.47708921195732 177.7504674292448
196.70972020670288 63.33680264729028
152.86426799655553 37.01591978089833
194.1933390053887 123.56317054453103
22.840305866816955 52.10031513482469
0.34566180374309696 118.24024842982772
74.34770622601076 200.99859192449586
70.74800381472492 218.27665769098158
152.47241015296137 48.376026582799796
150.96494709389256 176.00698511034324
174.2428722776668 49.62076720268452
1.5645187200845068 150.44738578794025
109.83062393764814 103.7263801585086
135.6349103094085 24.652591785500416
181.1941553387266 180.1955298354838
139.624437818269 196.96147732471937
218.24262301494528 63.059390748114566
120.77283655982605 108.29005328506253
48.591983961894684 141.19817103673998
122.11815036134597 116.87901598412539
50.509093475489486 28.12457411396352
136.1650093560842 80.94828547884228
52.47868412786158 78.22793529773573
98.18014186845222 38.868397680160285
53.78721589295324 235.98835496257414
86.90794933609929 155.2457954977149
188.2949100791785 214.16828680155334
143.0941390087229 213.49085846208774
137.31960317541035 122.85514609217296
167.59828847263208 244.0723320385267
142.26253036167915 82.16917744420275
1.179423748009445 64.31371316210647
62.11646388739811 66.66967748210023
147.37940384079386 228.81194968049212
241.05526485898113 132.86937770725396
205.50730833054897 105.76136172815225
115.65958870373646 224.41517137592342
129.74699386346865 153.85382265360474
28.49664169526861 55.53033014122363
158.4770612312611 75.31662229317007
86.62059375994998 44.690247940616906
143.26663218008068 6.516238681349929
217.9348195060206 54.345531761087365
143.8625152929836 166.60746168948296
148.9504862955427 133.5866918013653
199.90681008909758 46.981801356762666
243.80796801093837 222.175814821707
247.10110423931965 233.7237352944052
22.149271646787234 142.58943380581246
25.157978948700976 214.56516969790687
237.544600039827 66.28900676575394
98.54008037945968 146.34863969362266
247.93222758292254 20.04901987510871
107.06364288007971 146.17367425216867
205.9337397635933 193.33910806673558
18.875305567745027 136.0880527758582
183.70183691693876 41.44106394245484
217.45289796367737 142.75940617653353
243.08539547372038 135.21265378476144
4.1848508262871125 14.83309049817419
60.8809111595828 212.07964119041648
115.73385518052953 194.5043008991529
224.64396592615972 11.61417318033947
128.88343632382384 25.639291882676414
0.6266058990831436 116.16234484079361
52.88244083281338 32.591362291634226
227.6444282228842 244.90324255659726
137.62579854796215 103.62338831501644
45.827809245994 174.56976391269419
212.4400551317406 180.2479629025721
215.3625983509342 79.70669526729063
138.55127103683554 245.11404311622397
120.5479944685586 195.6689905994505
201.72021441304867 29.782579912301987
38.137592061221525 11.651595231059437
234.10621093493413 193.64099201647488
207.43058685190738 72.85926947328919
136.61013614574708 12.160138836997152
183.9052485935582 247.20605962971177
189.29033899687477 32.698213465036375
204.35973289426113 118.53950260928492
10.99629143383546 59.80199464360558
3.2943365143648373 31.97430697770795
114.25495359633975 143.29694125045364
29.0632320019219 112.24433039765594
100.63589858432492 221.37190512123613
166.17470126495854 90.10431887830936
163.13997855290415 220.86172812104542
173.5387662203779 142.29558554656325
43.15213577988969 179.97513952453247
248.3639083973698 157.34560484775872
2.8127946341306997 73.46095478829523
142.73631406065184 7.134809197262449
246.17502004104728 19.962796571055236
87.37746722025122 32.62248509244786
239.69165891473676 112.91978930709898
98.36062102934778 199.12659108934997
70.71965032503574 39.80230538799265
11.165375157158792 2.4457787570559275
174.2526209927727 38.22110761238001
91.72042160260548 96.80556048780153
60.38957914180681 159.37179602250447
86.94513713717694 139.24035206505224
65.01316530534018 177.48540469153605
169.7235525424057 114.25789847474866
209.4990308892198 8.627245903943981
203.45361233969297 225.33585869243154
48.3874088813139 187.3397370433
236.7131386003513 187.06698701884466
91.25114083799873 219.91836319696574
105.01662171689784 183.5027725226237
179.54596181770967 240.18701910160914
95.43836125906208 25.29796575251045
219.4261451606757 199.3588726154688
165.99023557260836 90.29092835659489
29.222531656889927 213.46342913722674
72.41292801594479 150.41460116188208
177.15557795576092 166.4384518004939
86.98307381304681 188.51309529917756
44.0401690220322 212.6374972954302
235.06761270640868 142.37961838079465
219.19319507079325 128.74567718689156
213.79989584177963 34.896990904575766
184.86185706599855 170.92724402356347
246.08396986217903 65.95781630150188
145.91940818704362 212.68427114557153
91.0882637919416 32.138548445270835
204.15405935926557 164.95419128679865
160.62465850327897 153.11181404993494
208.16404936033746 242.0288140924106
172.13246937324502 59.778942699809654
122.75425471634918 195.23973508959773
191.99814615642887 38.11150744125391
2.9452367914618027 115.29861898843346
156.57669459508125 137.64515812609653
16.318721811415916 6.864500098371417
12.657774245147552 8.104228238506844
130.8020822743358 26.296907878079228
214.62144494716023 81.91657031984207
228.0920085639852 103.36856193761068
120.26201032759951 121.77273544088021
69.84418775818627 89.87571075927006
32.552556892761736 191.56570524512367
83.90348010132071 50.99083183305597
203.11516228106643 203.50376685267045
117.88051739896265 134.23639999383644
133.59792243900858 151.2300436880639
246.76312448337458 143.5208357859016
200.32594944339732 210.30001625132618
173.65602421585933 35.02540701322776
134.62969820329943 182.29076688044026
131.6278318860848 232.9714748274017
29.119490981030783 181.79632358309428
59.44752374614137 120.27077769971228
70.53080056623499 227.52853030414758
172.4712856185438 84.77602590036459
76.73499613780302 126.21877971918805
241.52127178137832 219.59075912509635
35.92702322547206 19.342124487916724
144.06538761332067 240.5267434617084
87.05074563620768 193.84228262439294
114.59891486321746 95.47235681904375
22.507624540214515 244.54805898103575
64.12780162400588 221.27847009295746
134.0478705117803 59.984456999075455
132.0347407588633 162.52952830739594
0.7178344166030859 20.462883236862766
221.24499390237182 111.99727466051957
33.6899347650616 186.7962508879025
202.60801498946236 232.63655510653254
119.98019805614346 222.88221113872666
211.69963406528055 89.88588912501628
84.19823161982801 160.40512377282278
148.4049188229902 104.45692660444745
22.921558645545627 78.83664995202652
218.73131228462054 33.66289491867808
44.95918237455257 3.635744266306445
187.99680603326303 140.90833358889398
172.30527759316388 215.37421562205117
94.96904586070929 147.5520870857879
217.11697624254396 10.949862571384555
171.39335163739108 160.1752146244589
246.60684149571 118.2120121130311
212.51102892084694 65.27135280147873
147.48576387881036 147.05334999167422
107.08816470133011 108.39261164324068
124.6037694127032 206.44690588607136
107.71077499561027 177.23905463332824
215.51573278197708 115.29273516599528
181.83932808502237 170.96953698724528
62.80472112550253 230.09871747739635
47.881568273699024 26.928700457246517
20.489378188818353 119.5297525598422
178.04668430886807 153.59122682985443
8.256854255375783 200.1247534469445
200.46242625735357 221.6636810149594
48.29186980578343 196.47382098960125
109.83050021383065 132.6331652179471
214.84372307178634 72.11322900263455
180.11150388611574 132.75007634606675
141.9211518769646 126.50075896653959
118.76079763193879 26.837057739758087
139.0675358377599 127.32296562041229
2.270713609973302 155.511294022789
46.08792188846797 59.88585692636433
132.20813520008787 1.651206615325973
175.67390965427012 76.81969803382313
228.15679339647866 235.10194160801308
124.4820109308279 95.35461620382829
38.36314848113087 107.84105288776225
172.98160470177834 60.24371433396994
87.4431480831134 24.252449619113158
55.14799332393097 45.40937242492482
200.38379260366239 111.86510724834481
197.35255833802978 74.84771344422094
40.66903449544626 186.75403313922308
134.55616775437394 51.601640561810655
56.381344722365526 6.2558711874957655
219.51963649667053 58.71250511553808
1.8383337807905131 169.54228323627046
28.225944912127822 27.47595746671505
148.67337915811194 184.37401422973016
245.46102315947985 84.89008807540935
20.992194357453226 136.07322300587302
130.62741663091808 154.77160565505528
116.35253365739248 233.61902320765262
29.638568039738217 84.07603614608888
154.70294828145384 215.04905013813632
209.48102259521082 125.77561800234268
51.27935095135078 239.77089493748866
230.97087432003454 121.40374680112379
145.77401399955792 66.842463446993
42.97807969427403 143.41502061257967
10.901358803896505 244.79840782534623
67.02784317701673 241.5668729690094
51.14474574517067 23.185525028458443
96.69771791188731 211.33973302855057
64.66063192843468 55.16277015050133
147.25707304371124 131.60774509748623
88.32652822250311 6.005153024691151
32.67058246983542 242.22295581701667
206.66019196779203 57.859760416044345
184.44073707950272 36.455915657229305
120.77629952311378 65.36604630376073
74.57309321340963 202.1000954863816
206.10066628971336 173.0635177237316
230.6153055682641 188.8607515515937
228.06555173744562 201.26837082893564
141.4259991642699 135.95622607899338
46.88608729971691 111.0902117856597
225.53465754092036 18.95684474751033
235.20258458647436 67.01429274778017
192.40490038199923 24.57545781209211
196.40953681153434 109.83932273970137
102.65560589525793 145.09235119050703
34.88547259884403 70.52002884603183
163.5878212233747 201.78001769653557
185.50137597498735 236.4363094685428
133.09333340335624 38.62105526105278
12.141885480614095 147.21508897347294
217.80981305165238 130.08436434221022
23.703140654104836 223.2462253174771
0.4159388196750269 41.35511874290235
148.5384595195374 47.27626458761233
162.46832764865064 26.71240526018945
190.81346609140923 87.65237618682201
161.5504379069593 196.8560501131381
98.63025309270326 170.09060099895305
63.83122486663956 101.67446436523053
119.4921164537319 184.08485973825069
78.4425025030417 248.28577377800542
53.60418584795712 15.43277678298674
189.97185411976292 145.96190046334914
196.06337565268143 169.18011350667953
126.56319580658112 177.28127621075035
76.448604737407 75.62401694478602
75.47738417574968 148.73354188063726
96.8259749702265 202.60815960314906
203.1053180002199 144.97160684299845
39.60590732355754 195.95957947801875
139.89456025166615 181.09630752200707
67.65422991233372 142.9960445194705
230.03540839261902 159.8577105726588
9.833549150557563 148.26321404433875
61.2369228881722 236.7284849636652
3.6022073385570677 187.4875245595811
138.28099868371194 73.12770193472218
44.93160723290296 152.60594378350794
12.0784222118184 186.8649766044295
149.77341599116136 60.162767798252084
103.84243252379125 31.94835230023915
225.43071932051643 55.57784982883337
208.4720685111956 28.637970820821174
87.77732661723162 199.08785376338284
64.33498018197601 162.70057056943068
212.62685970184955 193.90914694677852
45.09619810455307 87.10643390901032
26.880785022816905 198.84377306258264
5.684535844118432 18.115231259175886
241.81271142038742 78.6470400533372
156.7395683998444 90.36716701559416
170.350002853582 225.66058312120913
246.2734533395316 98.48602912973725
240.44627532711493 6.581046494806203
226.6220303393679 190.50303727044377
245.36585098775456 12.935025430399289
203.10527811433286 216.37865020086858
246.78351090693906 175.52764220839347
26.82085857137925 239.54754842700112
119.36852294475783 239.18890068261243
141.6270225248386 25.061554280232713
168.558809965144 47.65256388862585
220.45943687321085 172.24818446978463
149.14913397403214 241.62895683018084
206.71095256663358 81.8688921039348
106.12943056933 79.94497106700335
6.606850351254301 48.513770488198965
197.2372144247784 211.56149393755703
170.08150376539757 235.501248058969
16.762941151220595 168.75016470498554
111.94265001421414 13.03790892509521
246.7825191290316 155.0194548151462
196.99359972763844 128.32641413739265
230.97368784937672 234.71181706317554
55.63992247698013 77.28837327699014
73.91003136845164 246.27692395751833
201.2971960620169 66.67345012930917
99.95165797486553 22.320104539108627
155.09248776552874 1.0218976105249855
224.75097606099263 218.00362785043677
176.4972829171499 244.58230109202353
69.97294004837606 208.59770699064777
70.09532301963625 218.3824243152451
170.91709504246697 120.68809120734112
0.13165483385782495 103.30060543664187
170.96734392585296 92.99396552691827
19.878056490788165 53.16621065621227
227.46354510937553 236.38811084444396
225.37152967327475 170.73052127223153
13.270227428760384 133.6670582934964
52.96648434901902 122.02760033968607
230.7852213601234 75.42473339483668
73.35219896700693 199.17471022981348
243.59921265960767 76.08478924793569
178.1159120534938 200.8581623578162
228.0044354657561 203.71686951722938
109.2915805878168 153.6497430330772
10.120820480426119 242.84086878461687
103.59949631525345 87.30775836434817
124.69208781036792 92.1577859085459
4.353534209431325 206.60376414963412
148.84743400774457 212.43717676743924
206.18923010956348 145.93280256514538
11.263828146032328 69.44980920238552
22.471074865141492 235.7583546600798
115.53129373565238 98.036367488084
18.44479536184973 185.28573110871037
137.25012097539846 176.038742559793
48.93565413869866 208.86209044098595
149.61021980079286 174.85552408927938
249.51398082935214 223.55727709759842
146.49585252711248 138.81773678985508
36.72086875094563 162.65964151982868
153.95263722688657 101.82845678140923
169.7451544950905 53.77041131308549
151.6715555203435 26.784701007295215
50.087550677449826 112.60685138855764
205.51888704678507 57.41566250632693
178.51798190856343 232.05755159403842
24.771175310667054 133.8617809762797
221.02800489682522 14.734309928465027
63.39894421213405 132.15676228018685
41.36049860276561 121.32729800834751
238.3774531962097 32.55033683213834
53.30707103335994 17.53811994856297
56.38280398837181 136.24264960471916
222.32395799947653 100.16812939223479
7.041107534972752 231.06964207061762
104.76411313448153 110.88406087117431
145.0763439962069 159.50729806230973
139.69027166747279 91.30775081118544
247.24971250332888 3.467041548389477
89.96110049805517 14.56038077901195
218.7114943295783 113.489750036868
147.12103298216965 179.4855623465595
20.301524600436853 9.794633372850997
205.81150338923763 76.92376600589144
124.28966706820718 15.254225154473527
189.94958367318085 176.22313173999385
151.26952222209235 223.94984158651468
224.136596762664 92.92491900308394
165.51571044821634 140.57231194721967
199.3270022288414 30.52276685493735
197.27209121990336 243.3253009478353
225.73362201552175 31.806669579657942
140.8845224849935 179.70812662855334
239.41109606866522 214.69976903629214
181.65484989396887 138.31669382529313
12.424226330284698 105.82042488891524
234.92946225316024 208.90552226322905
247.80423752206917 1.2737483223206059
243.65219977359013 185.46850140956366
16.200040174965626 239.39227039368967
84.11933009535034 117.68818080888809
40.72707621773788 239.76356602170472
179.43314953368056 219.69893096790847
197.79821925191854 185.83313981217012
64.57029419119247 44.8710169727852
103.53788237784615 227.8603122225355
244.06124271591307 121.00648763884588
240.35315721134197 174.59486218196173
151.40202625768805 214.6031761967242
191.4489043242476 109.9674493518046
21.26242822464855 28.313365915063894
241.67437367051213 193.1322574920037
140.64578690091503 162.642421445831
125.7480915807916 202.86566907300997
4.706188911599768 178.53098163250297
50.12817136809824 41.630030841828535
209.21188895127358 109.76815417921395
179.28689331204947 237.8544017636541
89.9402798492543 34.44884921256089
16.713497771470603 30.606900184292073
241.25888270456628 144.8597919879105
26.300504932259965 249.68650596242088
106.89204729843813 228.57547693438488
5.686375396199872 79.35189948834315
75.11404176462996 109.9657979311616
12.155813150157401 119.5533373872289
116.88327271265756 146.15720602126285
13.887280008683723 50.03379876926792
157.23363823990064 40.08058344329232

114.7
103.2
229.4
216.2
229.4
288.2
17.2
144.1
143.4
25.8
108.1
103.2
864.7
68.8
103.2
51.6
576.5
216.2
288.2
432.4
960.8
720.6
68.8
34.4
720.6
17.2
129.0
258.1
286.8
258.1
17.2
51.6
258.1
143.4
68.8
576.5
720.6
1201
216.2
137.6
172.1
864.7
480.4
229.4
17.2
286.8
216.2
600.5
288.2
34.4
172.1
480.4
288.2
720.6
34.4
258.1
229.4
36.0
324.3
864.7
1201
114.7
137.6
576.5
129.0
229.4
17.2
432.4
324.3
144.1
258.1
1080.9
137.6
103.2
288.2
25.8
288.2
34.4
1201
154.9
324.3
34.4
25.8
144.1
34.4
72.1
286.8
143.4
1201
258.1
68.8
324.3
144.1
154.9
260.3
77.4
51.6
540.4
129.0
540.4
1201
68.8
34.4
324.3
51.6
172.1
68.8
216.2
72.1
480.4
172.1
144.1
864.7
86.0
1080.9
86.0
720.6
103.2
288.2
25.8
86.0
432.4
480.4
1201
144.1
960.8
1080.9
144.1
720.6
34.4
229.4
600.5
600.5
288.2
114.7
432.4
1080.9
172.1
260.3
72.1
137.6
480.4
600.5
229.4
129.0
432.4
229.4
154.9
260.3
103.2
144.1
1080.9
144.1
34.4
103.2
68.8
206.5
216.2
600.5
1080.9
144.1
1080.9
17.2
540.4
648.5
960.8
960.8
432.4
77.4
576.5
172.1
288.2
864.7
77.4
8.6
34.4
51.6
288.2
103.2
480.4
216.2
86.0
143.4
108.1
172.1
144.1
648.5
600.5
216.2
286.8
154.9
216.2
258.1
77.4
1201
137.6
129.0
216.2
68.8
114.7
1080.9
17.2
172.1
286.8
258.1
480.4
216.2
144.1
143.4
600.5
51.6
72.1
1080.9
229.4
206.5
432.4
480.4
288.2
432.4
206.5
103.2
103.2
103.2
1080.9
144.1
103.2
1201
1080.9
288.2
864.7
143.4
8.6
286.8
206.5
51.6
229.4
258.1
68.8
1080.9
129.0
432.4
154.9
68.8
86.0
86.0
51.6
72.1
34.4
229.4
288.2
103.2
324.3
216.2
68.8
216.2
17.2
103.2
143.4
34.4
258.1
17.2
432.4
72.1
206.5
288.2
260.3
114.7
324.3
600.5
68.8
144.1
216.2
17.2
68.8
25.8
108.1
103.2
68.8
229.4
8.6
432.4
17.2
960.8
480.4
17.2
720.6
229.4
129.0
960.8
86.0
172.1
324.3
432.4
576.5
103.2
576.5
137.6
103.2
288.2
8.6
600.5
25.8
648.5
86.0
143.4
68.8
1201
17.2
864.7
286.8
144.1
432.4
36.0
51.6
480.4
216.2
1201
286.8
1201
229.4
648.5
1201
34.4
1080.9
34.4
324.3
36.0
432.4
68.8
114.7
72.1
260.3
51.6
172.1
1201
108.1
144.1
51.6
432.4
288.2
960.8
1201
51.6
216.2
432.4
229.4
143.4
103.2
216.2
77.4
172.1
286.8
86.0
17.2
540.4
103.2
216.2
576.5
25.8
260.3
432.4
36.0
68.8
72.1
286.8
216.2
258.1
108.1
229.4
229.4
260.3
432.4
288.2
36.0
600.5
108.1
103.2
36.0
286.8
72.1
288.2
143.4
648.5
137.6
286.8
68.8
324.3
72.1
229.4
540.4
17.2
108.1
1080.9
143.4
129.0
432.4
8.6
72.1
51.6
172.1
432.4
576.5
258.1
17.2
137.6
154.9
34.4
144.1
144.1
143.4
864.7
432.4
51.6
576.5
51.6
288.2
648.5
286.8
34.4
77.4
216.2
540.4
216.2
68.8
77.4
17.2
172.1
206.5
86.0
600.5
114.7
216.2
260.3
229.4
51.6
432.4
51.6
154.9
34.4
17.2
1201
144.1
648.5
960.8
480.4
144.1
103.2
137.6
258.1
229.4
51.6
17.2
1080.9
206.5
17.2
68.8
137.6
288.2
600.5
206.5
103.2
77.4
8.6
17.2
77.4
17.2
286.8
229.4
129.0
1080.9
34.4
720.6
286.8
480.4
51.6
1201
720.6
8.6
129.0
154.9
216.2
540.4
600.5
103.2
108.1
286.8
288.2
1080.9
1201
34.4
17.2
114.7
324.3
432.4
576.5
960.8
540.4
8.6
172.1
260.3
600.5
288.2
129.0
143.4
206.5
17.2
260.3
216.2
86.0
432.4
17.2
144.1
864.7
51.6
432.4
72.1
114.7
288.2
114.7
17.2
324.3
51.6
216.2
68.8
72.1
137.6
576.5
432.4
68.8
258.1
36.0
154.9
143.4
114.7
114.7
68.8
432.4
114.7
432.4
17.2
36.0
108.1
77.4
648.5
103.2
144.1
600.5
86.0
72.1
154.9
206.5
137.6
286.8
540.4
864.7
1080.9
144.1
260.3
229.4
34.4
114.7
103.2
77.4
68.8
68.8
34.4
72.1
432.4
154.9
8.6
103.2
51.6
960.8
144.1
258.1
480.4
143.4
72.1
34.4
103.2
103.2
960.8
86.0
216.2
143.4
216.2
480.4
8.6
286.8
288.2
72.1
108.1
720.6
17.2
72.1
103.2
34.4
8.6
1201
286.8
77.4
34.4
216.2
51.6
72.1
68.8
51.6
864.7
144.1
137.6
288.2
86.0
51.6
960.8
108.1
68.8
1201
260.3
1201
51.6
34.4
36.0
144.1
172.1
720.6
17.2
154.9
34.4
34.4
25.8
324.3
34.4
72.1
51.6
432.4
36.0
108.1
51.6
286.8
1080.9
25.8
286.8
432.4
51.6
103.2
172.1
68.8
114.7
288.2
143.4
25.8
51.6
540.4
137.6
86.0
51.6
324.3
17.2
258.1
540.4
216.2
129.0
216.2
144.1
432.4
51.6
144.1
34.4
960.8
229.4
229.4
288.2
648.5
17.2
72.1
36.0
216.2
720.6
960.8
432.4
260.3
1201
8.6
960.8
1080.9
103.2
36.0
1201
114.7
229.4
8.6
600.5
72.1
86.0
72.1
154.9
72.1
51.6
72.1
286.8
25.8
154.9
960.8
34.4
25.8
34.4
51.6
286.8
144.1
144.1
324.3
72.1
144.1
34.4
68.8
576.5
172.1
1080.9
1201
68.8
144.1
103.2
720.6
480.4
154.9
51.6
86.0
258.1
68.8
86.0
206.5
36.0
86.0
216.2
720.6
432.4
144.1
103.2
260.3
77.4
324.3
206.5
17.2
17.2
86.0
260.3
720.6
260.3
576.5
206.5
51.6
288.2
77.4
960.8
432.4
288.2
324.3
17.2
51.6
480.4
480.4
34.4
432.4
51.6
229.4
648.5
216.2
864.7
72.1
68.8
288.2
288.2
216.2
72.1
86.0
576.5
480.4
864.7
103.2
288.2
51.6
154.9
206.5
258.1
648.5
540.4
1201
576.5
172.1
216.2
432.4
540.4
576.5
34.4
216.2
17.2
144.1
1201
72.1
72.1
72.1
432.4
432.4
258.1
648.5
8.6
17.2
36.0
51.6
51.6
600.5
17.2
72.1
1080.9
216.2
77.4
108.1
206.5
216.2
960.8
144.1
288.2
216.2
86.0
154.9
480.4
68.8
286.8
172.1
600.5
1080.9
77.4
960.8
72.1
17.2
600.5
108.1
216.2
34.4
206.5
17.2
154.9
229.4
288.2
648.5
206.5
34.4
68.8
34.4
600.5
143.4
258.1
144.1
8.6
143.4
540.4
960.8
17.2
260.3
114.7
68.8
216.2
144.1
72.1
216.2
137.6
17.2
324.3
36.0
34.4
1201
864.7
25.8
1080.9
960.8
1080.9
260.3
260.3
129.0
17.2
68.8
324.3
103.2
17.2
648.5
86.0
51.6
172.1
72.1
260.3
720.6
25.8
51.6
206.5
960.8
432.4
143.4
17.2
8.6
286.8
480.4
51.6
1080.9
17.2
103.2
36.0
108.1
206.5
288.2
8.6
216.2
600.5
51.6
864.7
206.5
72.1
229.4
77.4
172.1
154.9
720.6
34.4
206.5
286.8
1201
720.6
154.9
17.2
286.8
108.1
600.5
864.7
1201
25.8
25.8
206.5
432.4
77.4
720.6
229.4
540.4
206.5
432.4
1201
216.2
480.4
103.2
288.2
51.6
1080.9
72.1
68.8
576.5
648.5
144.1
143.4
72.1
258.1
72.1
72.1
114.7
216.2
103.2
25.8
34.4
600.5
206.5
143.4
17.2
288.2
25.8
288.2
154.9
324.3
25.8
68.8
77.4
17.2
8.6
216.2
288.2
129.0
77.4
137.6
206.5
432.4
143.4
229.4
68.8
17.2
288.2
864.7
36.0
34.4
960.8
1080.9
103.2
1080.9
286.8
258.1
34.4
432.4
36.0
51.6
258.1
51.6
258.1
154.9
86.0
286.8
260.3
137.6
432.4
172.1
216.2
1201
25.8
144.1
17.2
540.4
68.8
216.2
137.6
17.2

8.6 17.2 36.0 72.1
17.2 34.4 72.1 144.1
25.8 51.6 108.1 216.2
34.4 68.8 144.1 288.2
51.6 103.2 216.2 432.4
68.8 137.6 288.2 576.5
77.4 154.9 324.3 648.5
86.0 172.1 360.3 720.6
103.2 206.5 432.4 864.7
114.7 229.4 480.4 960.8
129.0 258.1 540.4 1080.9
143.4 286.8 600.5 1201.0

2 5 8 11
5 8 11 14
7 10 13 16
10 13 16 19
14 17 20 23
18 21 24 27
19 22 25 28
20 23 26 29
25 19 31 34
27 30 33 36
30 33 36 39
32 35 38 41

