1024 3.0 0.0 1000.0 3 160 240 100

73.77189461080863 144.7130333884362
91.72244140336363 153.3881829602768
192.4245556369197 49.48778961903155
203.71243702579727 57.81090206027831
170.52836619942767 136.67374053999075
141.61181234179898 190.9399544843814
164.61767214103517 31.131312039811704
176.7410821805036 155.08977230544747
62.55836087938383 23.99453087970785
84.41297035371531 197.63064347422184
38.98387796882577 100.81406179852509
70.41296957473092 239.81138038050733
97.8714282035982 82.99676858946498
48.34385831910762 182.69761014778314
164.07075238404573 0.7367340171490766
120.5677777263354 152.69573713837661
95.80650911808 212.27560281335334
64.79698551012054 10.218956935968304
215.6044498732356 190.41223012268264
233.45720270431897 4.423713959757797
50.85080946444212 141.1897733370492
241.60705682426732 58.936873226355935
161.992909369405 185.04839100272295
189.96127094941184 53.65710987767328
224.32870911859712 242.42950481161571
129.78524308711263 196.53073448151403
83.32523614794196 157.18689270960306
53.31187364884982 192.73799706888667
238.7403195687339 68.02863990679236
70.99517973548834 99.91191300041227
54.87388156540504 163.01458496294427
248.59757179654338 113.5550059157972
137.93716724823102 222.47077700705486
203.09335982502316 43.75905732517171
106.68742769396755 70.28427486479991
146.58163687738045 136.55529714505548
220.5814199884469 173.86543079755816
38.37139361963146 5.081261529442188
215.3257317207816 117.57074385473382
29.950616472449592 42.39971182679797
132.8766996769163 71.77531011183983
93.17495863312902 145.83077825245053
171.95592630865045 219.6791079871613
26.70973111350247 139.811810494771
68.11741271194578 72.69363616490504
93.3097024021981 197.2730462593481
21.398544577062474 210.91617926631568
178.5811345736985 29.813836295787432
142.2033209192838 155.37248849680114
56.769417600396196 201.54873775162767
87.69965947741501 172.9248984798183
19.37966987336176 81.65894250964669
10.684183591277762 210.8631623677329
215.94942089090353 159.04004970457586
95.07671981081073 141.53972374636578
188.2957260917369 149.01677279077933
119.99392209246638 208.51818201281694
151.1181849879908 101.95044928732864
205.81053414627686 172.43586331278453
0.6708032514123052 210.8781586987642
127.35972689715408 77.91436090035664
206.24303282071043 193.4468613849395
56.11564919755832 188.6551556807294
36.72346903769111 57.01859159069345
172.57528196117937 206.69742884051666
209.91295387755568 246.1324824260069
103.23701544363195 48.333277642047314
163.313444794127 94.09258907476878
115.0442055375282 146.20897042470074
208.21120787617264 133.135292668972
99.40272030233743 222.68911504721285
169.09176963091102 171.30350533627893
34.6380557775634 194.5007596994445
51.761106831302 84.18137589082784
44.6864006227678 177.65881295633454
176.38083476620687 245.3189131111851
101.08088516254146 32.66824908874064
243.06494275572283 166.15773659856043
225.15424716034968 63.415632689820534
184.50025080235673 157.30099220214242
189.6768209726271 122.2743695645554
4.538642711198332 162.89805809209767
33.42274648941498 42.7890234135439
169.7453609883562 178.82015835306828
132.3109307874975 33.96760903168014
175.37972330682555 157.28670145196665
127.97870179994055 228.17550975467657
226.40375846368235 139.4838167749879
153.1141548858432 110.93017845235251
48.36675609102534 50.920968482730785
126.40361953418225 69.48096863921849
99.45590367779828 202.8679937852764
92.76610664722257 126.72805975658169
58.08014410296097 115.21816602193954
247.65153234022114 148.60066942301205
111.36347269622048 34.26580037686377
38.59660797785275 159.3642952742109
212.52735697133866 238.28914303662262
100.26853700075856 64.9460208961122
124.62266720193968 13.037832179075199
154.570811072649 178.3172190399919
41.408625455769204 105.37993221039294
3.747149214198109 1.6151918588737657
198.72698849928756 130.5219419918271
7.101155684130167 246.13696672004605
162.94859204870681 61.42275506066744
173.05702449840095 15.551571915149138
164.3103190020468 96.19903258779603
224.08680900687472 86.4571327951665
30.797168658323383 2.634407507667941
121.98323102607105 86.20747114019906
22.30495340813779 103.75591800375774
228.6644612216197 83.23064127900392
150.74323075531566 192.01438817202333
1.745771209311242 153.30426647459234
76.13760131637778 203.14750859595173
120.96029535036811 79.88365823571392
28.95636526071252 161.7519505864986
89.48715989550341 30.505677110095025
146.0970729270466 32.22203193241943
42.833781700310546 214.44093572757083
233.4862683487991 101.67976970115245
190.83672925578696 165.77808422978015
221.7544593771902 104.92260308251647
105.0477633369068 123.36575962900118
40.31774622406387 93.72718536092134
145.7368963629184 70.86729852210597
65.95487911662113 207.3042970930204
234.31145059577875 186.39416965404448
101.04602914749533 50.0375836600245
133.01351171070644 13.773682187271985
176.26003971324369 62.28929694514357
31.46756025434011 29.395630511473815
111.28772686813379 49.00436184304058
51.35924190144378 173.74157279003134
19.97737974078717 67.7255779790891
67.04062492442459 96.56178687503977
48.60803669180044 242.9545221265116
141.82237976926282 63.563817466347814
40.06234204624387 165.26721331132975
175.37872531670652 97.32247986789694
242.94958533800818 229.40693285718604
229.75372958829473 81.61275057783863
249.4732047371273 207.6596733710092
131.11939251886986 127.20719386802092
23.373638375433046 169.23772255658076
210.4828396524253 237.699668579225
137.0326973547365 113.8882913547001
151.6046119138196 18.953063756165843
186.0684415275208 196.47464399317244
51.85407756921664 150.34365355209493
1.8705863025963998 227.41420573546736
135.3326053405845 225.24616272141256
131.82559720515843 19.763386715302893
211.8248849105181 77.18117357712187
90.05565251896594 222.60594408066882
47.788607093879136 35.543314754870465
229.37929877379094 191.94816309052095
89.86134020276498 173.69231060885343
134.14407807390916 147.48315234873652
59.05097467367926 232.1542810601921
24.99955652118549 83.97086441712204
15.460955212262512 76.98653323754273
202.39440478197508 165.89040621911872
152.4867812096059 15.830887187062604
7.9633244894901365 197.2379623246147
73.6678067633949 26.795915288885418
190.0405830890026 127.10756830167577
185.03022639430895 116.83175273917992
186.45254690117685 24.724050751778027
18.605643654153848 65.52605264428884
9.730195923718515 157.57985235585087
249.85160219234757 10.254793936697176
63.46439935942333 173.70167777175496
64.15485609616842 130.01288745907348
137.6091416461848 4.047461588820022
56.11269195318949 163.9915302965849
229.1300427062456 177.7348090163692
163.3398496908997 227.18643268645505
126.44804681856375 157.7483782799228
249.27872133062044 86.52264400354318
172.2523720077816 232.6317134413419
233.02840181315173 60.31399371694235
135.4000183198854 204.19868946301273
186.65455842589492 238.46415634900592
223.52991830137725 4.667438704193866
213.03919794030958 244.48237475699898
112.9050147337475 205.0250436998764
178.02368959716804 80.55466287054064
68.73669759067874 66.8508101275127
235.66951590423201 113.34839484647563
28.68614769115624 170.29926213264017
216.51615823953995 32.221572426188786
11.575330198432487 243.69870341137863
158.79617077767023 48.6025802058335
60.0828433545518 174.5885879762662
11.509626012896707 108.19564246856461
117.34251668558962 193.84892791158157
30.50108659834147 236.60091678039
242.93381894472435 3.352719258854636
219.2260018717689 70.10725360666473
50.278375923592414 242.26448709229882
70.33292170205743 233.61421360462313
130.4189688265996 95.14076146700795
53.315472464281505 39.41003929678552
231.5205457493136 238.82206806284313
168.50321717743736 241.67186607101814
58.21637727211951 54.17525201912962
67.96513958956193 166.59846931059207
90.51294316932169 4.066331550169639
114.7508341295434 143.488429187043
47.86918128187456 235.20039134232584
205.21693358571198 38.3388298426163
109.44788177830398 100.26014130759081
106.47915700276087 89.373686380565
99.66088868601 233.08584946488762
173.35151335223463 241.3631227720484
230.0483434391566 204.60823480756505
170.04814552398585 191.59239665569032
34.974087267783254 101.1272481174856
40.087470295181475 42.932347508762625
223.68382811635627 12.639877826953777
90.95905994676126 75.56821878890673
221.5287039595012 0.6286805084349811
212.43217260975936 18.295907405375537
69.11420407048723 168.11848614980352
212.41140254604733 12.152265774545034
51.15622780407508 4.68774965526228
105.40736946875532 73.64841849587067
19.58437103557678 47.47480736249865
153.10500506942833 100.02567719459392
170.37499727875604 41.5818793566948
169.33143827631173 53.482514916744606
171.0953460613899 133.7805011045541
106.16830807115657 36.71043177216735
76.46416320728333 11.386422299675875
6.382246885450055 47.10114936566453
108.13226815459423 24.9591899099387
113.07189038358487 101.71407945779349
143.0062544772193 168.03808132952207
13.643111415471948 57.341044386711445
177.21925341665357 7.9029410788460375
171.30200217180825 98.57054658586564
146.70713664462002 42.919698054377506
112.32555150686672 158.10560993459424
44.30037524020305 198.83670682344476
149.46191207567557 19.478855182401418
219.17891732886991 212.77644322191958
186.3900759645634 150.38720994368987
149.9015143596559 49.41654566175485
93.30807900435973 85.872157407996
68.38296854848177 132.7525342952805
158.84335496389798 195.89233656422792
45.375462088028755 41.82947846704893
116.14129311276459 27.958769687312255
204.12007034872173 128.06505241119828
105.49391767562139 113.22264768244256
159.829695581095 68.48154793786887
184.56069339588558 111.01520225927578
134.96748657276154 84.83557455593585
112.51098682365301 48.432861937983155
14.178266450809273 99.61356053029849
70.11960969999964 224.41067080712705
98.43062564507254 69.13199996643682
122.06872600226573 74.27708855021089
33.79981665264712 78.14871728360448
243.24007198004387 52.83313582903432
126.77735447129359 103.72080441669324
134.40963886259507 40.71413100090335
155.84616875545024 102.36994413387363
64.66891456428681 157.36874110505656
71.71330603790227 88.61106244796385
215.39664071475215 198.21852673210847
123.3304259716445 113.59820950805779
91.94790765438349 190.57950883074207
216.909736571257 210.09423569968862
42.156615640847605 34.64892396921071
50.13959399244261 101.53718791005828
187.89389599343238 29.465845597088315
125.44419557923133 28.43805217213183
188.82688529559263 6.4286817571744255
230.28730810611628 27.50964400249861
9.367387082160922 185.0268324540406
50.27337488013311 163.18036835180988
229.37910709499712 149.82223745578017
205.75982161402243 213.39599157712854
104.13420331627884 205.44311410835562
175.0660517461465 14.873183549533264
193.83302648907295 224.37184184925187
2.2866019330093357 92.71959963445578
28.715848705405584 59.6539107083128
23.683847500352602 239.19772455196636
235.52461148216193 65.81623824726132
188.29341344060248 140.30196908329185
6.173184162231865 12.762815054569
163.84696459710744 89.14617467707667
143.2765205646318 213.69749582630817
68.57598971104994 87.55443198905508
49.4839423657876 60.554344588498815
57.979698192130726 51.59838539793235
239.5595126877366 204.78419572333584
73.98830122958216 20.10788733328914
10.394187776701507 200.41283422705817
29.586635872663496 65.16197492928566
61.762829050391154 59.38292404238743
119.23461617596826 189.19874663650694
230.20770488229184 105.76500440360392
176.7371039584154 162.5794274948226
36.424751696818774 106.61906998541012
127.66199430618764 63.6026961818362
91.9326738534152 20.414989614925883
89.45238630416713 186.85583045465893
121.23969916585709 171.37317209908505
144.0391245383089 94.20987073922993
1.0598299897861818 91.63314051010668
119.6498118909413 163.60455617365056
73.1072879804182 31.402031345844488
117.17828931549673 150.19989647565984
150.50880005518096 198.7913764845834
34.06887171118214 73.39028908431521
42.49099823131491 129.61877986278907
113.32024246106876 151.96825996599128
61.71805646109177 172.40941211311775
40.011386044009306 120.76620874809166
131.61968011158237 8.60272325839026
154.45084683191595 230.50102058144
181.60666147598073 151.79489045425274
177.76048447187998 241.6771180079013
57.26638799268541 203.80101364985413
199.23281172745612 27.987822250868042
64.42503008668074 157.6912151893144
6.884164407992582 182.2629107359602
160.70773267399787 213.34673231403963
199.76431032889204 140.97545156633933
62.65058239924459 135.00246215745216
114.19696831681294 8.669426849508637
210.32508388417193 109.16184050984718
29.97429410334243 46.11863816209824
171.90584786997943 158.45252218056905
218.7295796931081 164.9990173623945
122.30272814921281 58.29457358167081
118.91282046278471 245.3582433059404
42.73166792471089 135.007625288127
162.315594940602 232.94590039882445
21.817480558869036 189.15474862220884
204.88957032147863 232.34448108708574
228.41484763452343 87.93931362435825
6.196065415878277 88.5363220095575
169.7708442214134 152.0321978818766
203.98422183566785 93.03098895911724
46.16801356895597 41.91357061955065
69.16957784939504 224.41563463997358
163.44002663058265 154.6296127082459
27.153978287737246 214.70915972400022
206.93724658359505 95.51795149787065
180.40248192556223 196.05800070236836
198.92422667858952 227.28816460488548
110.65844069809935 65.36243437145897
188.59013896375495 147.8422446084301
15.606729886957577 100.78885123135659
153.25705280272587 206.50587488071253
94.13777470088597 144.5761657356756
165.69247466174767 51.92208946151786
222.82079149222687 41.01955365629478
146.14549809801605 130.33227923316613
36.46420934258976 170.96619041293582
207.2386357024804 5.3345889040898875
179.7663800415535 144.43721393327274
248.29287343263317 149.9019416934943
10.565694290433886 73.88549326661736
117.40881607029291 47.240635877856235
169.96244726983724 172.31965695364954
177.14305935354997 141.10483588101962
69.99569027900324 202.42247469245407
39.84561043657461 129.0910886794461
54.40435149846334 186.3945874007562
139.92819665505775 186.5735161800698
120.97436634939041 37.56438431535583
228.0972226611905 216.66848548985183
7.049997780508383 28.541751907866647
82.1738719299144 24.7064114457472
229.29600126059808 135.20076730910878
136.24884801417764 225.34369824865195
74.00722797504716 28.693149551414386
189.3487256341017 75.63586139791212
14.447972157094313 69.10844234747302
241.16234907736924 99.99302172021729
187.92373972195378 135.1019808271915
70.24155349945457 58.70786607563025
241.0072990736683 75.36152795327585
4.761340573813305 37.674815743731436
212.0188998988457 58.52287272601875
207.88402506780625 124.73864186108926
222.47340375710615 218.74779428977817
176.12049190781696 125.07193536187766
151.36382210361015 160.25078889043513
105.79462222038791 61.4620462211734
107.09367622191857 142.46714725201898
197.8727510817769 194.79498904039542
234.7439787411937 118.80360143404047
90.29319696009264 151.0155228231444
126.19159971749411 26.71909531652192
150.09697583416678 72.20148344422445
35.496272597657004 233.0498641847552
230.1473731241146 119.60603294077666
176.71897596303486 121.64371593711925
220.48564266352247 143.85179093637174
24.888775418446585 95.3362814938318
30.79728613345492 107.20737468146035
198.6077562616482 67.95150753629164
162.12073213460678 226.85271830289798
179.2279925530675 87.71595246047745
58.61351589264971 85.87888363077836
208.31259107121411 210.06613991488058
151.28602285416713 151.2897379037961
142.40887768317702 117.74131483432198
198.75378326791693 151.8307734779812
74.84538176143116 60.48866754237594
104.43723192920048 141.0725740487464
3.755824858247742 143.32109388513402
234.4493074468506 12.240596099242357
190.6256723481272 239.1561522433354
52.94567489148261 217.8255784545699
212.492962595741 63.56568569704979
156.36705906810155 50.127989383055045
67.32974470456577 231.22123060639365
229.42664040069025 166.00191851933604
56.211959019221794 27.956746226606516
48.682489079884064 114.97666368664039
79.22043065539336 139.95805622640708
43.29577127187345 2.195275713871292
227.2147586240648 157.31785659200617
222.86073813914095 171.3960200571997
236.58020026344863 239.5031396986929
165.13135392434225 58.690471488270695
16.289096525204382 40.64472449974177
91.41975923815399 126.74271651430352
11.904296150661853 74.6977332650381
96.57566497441985 234.49619483324085
22.497675994120698 227.23871103527398
208.70952613809723 233.52388566156003
39.263145252353524 135.3746283971458
39.89319840866767 3.2893856299335553
205.866286266808 144.09376561887677
69.0135894291885 46.71037417822452
244.48052412733568 61.83152449190199
249.97212933783786 91.90036930447431
28.91867749183555 146.17578527730848
237.88779692931834 15.246118535216763
188.03173358683236 240.75012439498894
53.2554168106566 248.3257185252721
187.75760578379618 153.00648728044538
112.91706251334585 92.26010043322574
17.869382677244555 34.00141862773004
55.85328202023887 98.85331229303965
76.60598637343335 82.62414026936729
196.82142916361857 131.70854989593457
131.88538671825725 100.95538336801538
106.53480279918206 69.48698595967487
107.62254716147632 222.38186893237878
210.20892930685403 156.18879843731904
206.61715750817922 233.43339276552047
92.566382076283 249.66225415467633
110.21907076597253 235.07486176993402
247.2645810616666 81.80730223611118
234.73386936575227 118.61216114714243
203.80860956619574 240.6868005144116
155.61513669548697 102.22061468453045
3.2429346761185807 222.6376157601734
43.39068368143989 79.99706478372215
133.54292840172954 188.89564673421427
18.435656912980104 151.26581131659398
217.8139587074982 247.51753738931336
103.41782167006832 198.22175035712863
194.11432662290707 211.57940294400152
190.7189070277563 100.88473742797827
14.292626810905096 119.91226552154546
238.99666941380326 201.96148223200132
246.29028050712327 27.425437247823343
86.20158068468788 133.43973392446335
111.18668132570228 172.5620478606176
3.247984824116368 47.344342223850674
176.67150799441885 184.01209763459664
4.7517429219022524 243.56191179627277
198.12175556897785 18.952699361271197
156.2085211906667 73.38874866758002
79.68529097513604 191.78424888265712
33.79364896039647 54.14764370249448
180.3000569975245 207.9126921694528
123.01339489110194 96.361195556155
12.940724586816026 102.76744676940692
112.52952243553854 188.30066940555454
204.80945714737143 31.25973022523437
204.0727296449528 207.23594495143067
3.967963047847245 51.66321773542773
232.04311215194625 48.294603908427106
203.96690592565383 238.8931478592103
80.48486628585397 50.69417812909258
157.03439557097488 112.03278043910545
2.5843410447140833 225.10772254306676
42.778803322756715 172.19869418022
28.300002482104848 181.6395763487294
186.79029758244351 195.2535288175553
177.68781721688902 38.59576148547353
145.7740755648829 140.23604372309057
36.53752124529996 173.11070818067938
247.5699913583713 104.66135848288712
215.31429398406476 234.5578119636048
50.354438302586736 60.64180134356331
226.40001799771494 9.290559431914147
113.53235425473268 176.7208051795668
64.16842109866985 35.29537180189296
190.46560381660436 79.44277266634664
164.15242298616062 33.22748595101827
118.24334980715942 19.226024752362818
191.771266515716 189.99970015184977
135.26571697988885 48.00580516038769
209.94393869445057 157.40314432102906
64.72012479526052 130.1324278868991
199.239917221632 176.55881129989027
54.80891585345335 147.50303550375804
223.900051983437 13.138851651517014
167.90232758938188 6.347007212953448
63.847838561780804 153.006202498255
87.50303151974775 157.4391768679885
102.56012727236954 161.79652123314125
227.05037403242522 124.01142881871249
162.6701067796715 14.073258328961558
206.6461202229026 82.9122226508401
120.52028328182682 123.99231359470781
178.76827925664898 208.17111473143518
235.41964414245035 128.507521631211
179.64767559122333 181.48351743068196
37.07652529296077 175.055022595104
144.61187447809405 226.64873012351885
91.04729079958632 149.53310071482198
62.306490269522065 233.65941183039013
105.0991966076971 62.13890831556396
64.78144285905336 218.48524385159442
78.3509944190322 8.7609542187623
55.97345676747603 173.62909213637528
143.7734560733466 1.7678240683756674
2.474920631510585 34.21544660820433
163.97508726999735 189.77479564657713
194.4691452205858 217.4680778784083
7.902589429659629 69.97338052132405
121.49135832203348 238.42858229721136
150.7316677086175 64.36227928955878
243.93263961743057 177.90503648254858
84.96465858327709 155.01809169931866
131.26486805850786 38.734972320987715
38.20588872240832 206.64054169465192
31.73624756378396 46.53699307134962
216.6768787474577 106.5198331650548
125.4542415319839 107.44767247738815
246.15953894008558 82.14996646587988
64.88004715920754 68.46997955362069
84.70622133515992 112.79741424845804
188.8585699845949 9.945368861373149
59.79110723628797 218.88205484196678
248.00359790628448 144.39985111192817
38.78954181061625 111.33723152243513
173.09098212765565 32.784249234722786
217.43641340026383 215.42563253992122
168.58464304374314 211.36316337922315
153.0789269187326 65.99349310093395
202.47477772412452 95.19003589150782
211.1228410753449 109.91391776850304
226.06518874535044 93.82916168381597
70.88898256367604 53.74699440803127
61.697265401869124 67.69201012962375
230.47651886804456 147.13275178577126
209.15125244157772 238.83580704141866
213.00510738923185 115.4135426382129
14.452433946101435 113.16194359648438
104.75065617046691 129.0323674501098
158.16779864261224 142.43146368822815
222.35583668197134 56.77646210518431
146.720696632181 237.56486372638702
89.39764554888444 220.55132145361176
114.48942912917632 236.96275724313446
142.13908496587968 82.28663048796605
125.64481985527718 210.7000128577991
216.10454652133316 106.56947978860126
87.68662592660142 206.17117028125955
226.6427218756653 97.78104475809174
136.25164107898925 171.9336345485925
184.96354894297446 0.6846434400939183
128.32868805665007 239.78694955381883
57.905946990149864 55.458887952384295
159.41916192153855 67.58364825539684
196.24367441883228 249.33260602824006
4.320019035749883 183.80308124370075
171.3389316221953 134.73796153299168
192.4065420327025 10.903720771793996
54.56323631250781 194.43445366469425
249.7727522127845 63.2498649572065
18.823361922530452 201.14166039460997
32.27765795016174 180.15670468039372
2.316989128698932 27.949738142414056
13.623007115580844 115.32223842387471
72.66196683546006 224.7135976476824
93.53143185399662 219.80054733771027
143.70359148683855 26.377547280378554
205.07887882686407 210.4057378112384
236.87481694261683 185.1078177079199
80.42822318033774 200.52727432451266
27.070162673508953 31.095326180627296
83.10694266060197 86.23993085137324
163.14653707998445 2.085793347953807
111.09638926791412 14.778965708430626
150.67380644400555 156.20518795287632
244.40218615966344 39.22016857704189
101.53902843978199 207.3890906040241
195.50245988616078 26.73851703679822
177.14714730600414 198.04560379976854
229.32712348035088 130.76233914025508
125.05570131633992 0.8406870288373558
187.2836339004002 58.97942949519822
214.11713267356106 132.10313722654774
137.34987669121017 202.20685665978488
87.47443840196162 79.95878977016241
59.35072672996514 20.820514134627405
37.22577280491993 129.202562778745
62.73223115311388 1.3891514381172698
74.89019580784002 205.47277338199353
124.81366459361453 39.21318012776534
188.11468843714874 168.53564578898553
173.62066852024427 194.84201255250102
135.41445604889626 145.15623801893088
127.07133711507606 213.73871186802108
126.59442817823997 120.44632325364913
137.73175922865514 13.073394128008037
193.82767786846648 221.2522753122824
233.49204682111366 87.38049424039387
170.68003703006192 13.392611749240752
0.27416522535453347 21.88656968139549
177.252537768531 1.5905413525391932
77.2627368279735 246.45449381558538
217.60727154341097 173.76130488501627
152.61724504240323 201.36537169396058
183.59369102734163 13.705359431300801
25.04232314098967 236.51782995700722
203.11136336039687 142.0742453266115
126.90978462654076 186.00156893633707
59.159261583966504 93.6170374373447
239.68669185326488 177.11010131268804
216.80235758719752 86.40781035770145
43.91689961816262 147.7434584732995
134.9220903730268 159.78092070222962
213.57089008444947 219.13378476384688
53.915185397459155 157.17888823424693
100.45555199925072 17.07252492139372
196.6731825007728 11.700005266677776
91.24187119656477 17.844414993201553
3.927459004178596 76.53754875066294
1.6799158870709485 2.6581352226707766
131.81941859509317 15.202478045684975
210.62831448400325 5.808937944767445
6.943067470179642 34.43083399983512
70.9601582031468 3.0063760279197274
75.1553272038161 204.09551454378936
199.45692075073362 104.51970106901673
173.36166616076073 176.98979025002876
43.44765471241549 134.11745757833867
140.09758975468216 105.43737284557872
31.42897112370352 25.705645185877035
206.11843624284145 237.16458906615736
46.81016605459684 10.507922970411531
148.82872306655474 223.16555716336617
127.42402038427836 16.87023315405911
138.09342624518456 94.36681099690058
204.40422077177834 61.831010017094954
175.2606902090606 24.78275404350064
118.21838281752012 20.303533487852967
172.3863881385633 35.99521069909245
191.1181683596435 128.88100031174184
78.50413426444192 228.07622273498626
243.21113159803173 3.463738408005873
62.995640289525866 64.0511203328466
75.7592884203801 81.13124593957744
76.50406966562458 228.7054721970167
55.926356115551634 180.15398069033384
246.99733372089779 27.120886223306968
238.41075092745422 32.9588462438303
248.78136294289433 192.96508770979915
85.00609966033248 36.39296602730322
77.72857062544527 23.036035578115175
150.71327659282989 86.65499936052898
195.08303309794286 162.25975195422654
141.36650933711965 186.51615673180132
20.46701744457968 11.113185581441726
9.540998589349508 133.4553496113335
213.04925953507308 194.0400082684647
14.416226861387576 135.03221310332194
218.98397234206834 48.7218334915657
74.04488006203711 111.73679128226668
64.20858549120278 33.85638530968305
185.9192059282573 33.280812969107096
183.85316136107429 133.37364588048166
22.406348797777586 157.31416400177787
32.993932792465344 237.6192400520247
67.07110852319757 238.92336619696275
163.25444718205668 98.01156813888251
173.30011352256827 167.42920292292075
246.6481168833526 117.47056640053152
241.87192418974675 137.443965333409
50.40824307667335 246.17275941543681
182.8223396155775 46.22037092735381
248.53837688284028 140.26095588192936
207.6651474838433 235.99066261327687
21.21743163709852 53.809296534924
28.03419361954654 212.00742175482748
164.48048130670315 125.92827897495366
188.15632227884197 208.169459144097
176.41152569672246 161.29845125133713
206.37072284088828 22.68707737280526
196.4431592263303 8.079032197173763
197.4481457067875 90.62258440058044
192.58714445696634 161.81383170910968
198.29685941470044 49.85125040134819
29.124440982966043 230.28959147498003
86.65594966534593 118.877144613635
210.51246655066376 144.5597394634683
82.95598991513047 156.4419592789281
98.77031477013954 196.32494941475417
26.55825689602992 96.04961987476932
201.175879433491 240.8960797172665
17.010074947680977 2.4481218924489454
147.93166457068776 222.59036785694698
78.36294568453125 242.05157457005907
225.0866570713573 127.4717301620194
209.92788217894815 151.09217691527104
192.92726538895027 175.38325559373078
234.4244434850961 4.320708293556907
32.86517617868218 165.96969234086146
147.91585503480934 191.56560264288012
50.06225361386532 179.83551500061645
179.2841153828777 91.40511184528447
137.90105262721454 8.195664090694276
187.2970599659547 246.73893302396004
238.2591180397331 212.24960141409267
14.459934945910414 47.76629370612678
216.20827985046193 71.4542815814869
167.234652980181 27.33381440587862
177.5045138957206 215.64202527056338
69.79024902146588 79.12335534171663
87.42705887850735 8.405854738773671
207.79233654562037 181.2080751083467
40.6892972276387 98.92046383818575
151.68771218612974 70.06704935581118
101.2799667263999 107.19523610694459
44.969490191375165 230.16086665204682
6.440721491867057 239.6640792668203
173.85407059804817 151.44437760343098
80.21636590748655 118.74311797547743
210.11999152932887 197.51202197708787
245.77092083755065 33.84309999072402
27.901643920733466 179.3406764783385
150.64058078346588 158.92430937964653
62.807798961243364 2.7353861340700947
16.21097812121805 246.86547045566462
81.71204751943958 203.10342452113042
120.78199917016275 230.37859806987547
93.36958052094394 119.72011172617624
219.49056862855053 131.96327376399086
146.52585433585054 156.0802130571326
175.88960215479202 174.13474252936558
46.0517239105187 175.1644266033817
135.87661628770553 59.07841726373128
70.84275309653346 93.42570682208957
36.97366602223992 148.82880992799068
39.021535356442705 226.8228418636145
246.58898108004146 189.05257579529084
230.98380979948593 59.15286614128182
2.5970669550095247 155.36107083934957
59.05726576496781 102.68588770609108
65.2132090838378 8.166111691353006
189.30424489225334 59.264190795509656
25.67322875116826 211.35057687564503
41.27785484596716 55.79604686951267
161.48133964437565 86.11760890534825
86.58929782874222 17.76248289161353
124.90231085270676 45.58019928509907
155.724919615768 110.52416025586042
9.057521268177048 154.05769307744333
55.051158742437046 5.378759055925608
66.33483408604451 61.72015866227043
193.44201699932353 216.3334686667536
94.49405499032154 59.834846685934615
48.46746745131594 193.8083687415624
160.21627642233588 128.3647867218039
42.4142380567967 93.56006933914202
13.817744817106625 53.74598770492145
92.22735060352214 154.18662603018612
15.203746741359325 93.6873799465433
152.12985888604052 70.86142730728272
15.852030460170502 102.29032823138698
70.92452301683294 52.382512353579656
64.96259080724823 128.38423882284675
170.48091540812695 146.81605272029893
21.425969724948814 102.5376832476775
237.13189630886512 8.656244928808066
77.74590955952159 243.74632494926675
1.8523859769677964 142.52046232845615
137.83480377449706 130.12385680458442
210.2395556076138 146.9158387530349
226.09081181580873 188.15670443156208
247.09445798834014 188.65142255888196
81.58966710982291 68.13541759634009
121.25380057104795 79.16952278682551
115.84257714100374 183.506771718909
249.9773553452651 196.9955712792305
94.86718067047869 33.56580928750874
231.9625236052628 70.82527751683368
91.68727277806768 36.408159564919025
231.80662188248965 136.96559229994668
5.524261114273482 160.05195772033753
26.363470500167548 4.497199343508035
221.4680678753032 85.80139740708506
181.17815872695658 238.86601648871107
101.94704690648751 30.77450188773623
126.34140547181103 151.27107968019098
37.38712324099236 65.56351588038484
113.89903549619545 62.50701368289127
150.1968207450764 177.61165182770807
203.216722138151 53.8553872949244
4.454018904274381 145.45970095975957
92.63694920027532 123.90587501679425
96.47817921647825 118.77392052233174
164.5360550030154 179.7411519304403
77.65066596678972 196.85249326671237
68.70132559367559 212.31410595391776
84.25020911230732 245.42575222170487
232.51267175753244 90.54356341519195
124.71721171646205 200.28198468225042
209.49397553230523 22.753908202723633
230.6530658801988 186.34149235376665
226.88556497595985 180.7041318324217
177.7466709529236 88.42904100883081
198.57936947383908 164.9516233982471
32.53933502303558 117.21992818995355
172.40106423449942 31.335650601269666
139.5354559530695 55.77083659179388
127.66150879351548 83.34295067350448
224.33105363098687 24.353154051765387
44.83465514991847 205.35022795051307
130.61689004344638 85.15533166379747
216.7743773008259 31.572786875825738
58.11342772160144 20.072398127935877
235.46160309508926 41.911213415317114
3.136564937828268 125.6756076817101
9.26446134373246 243.13971602025393
73.94195485749977 90.83297757122813
162.41120746524504 109.94099977688488
0.9452882791681771 211.90106197282913
183.20899625864425 204.83673817685798
171.8481988578347 140.71855076114994
78.27360375424503 189.01117401594001
193.25306543974855 106.5302753960499
248.87112282370782 15.105636925195649
73.80667235968122 171.3823165110404
69.74868872087353 215.4138300785725
133.39824328802607 49.631526723862315
169.10701838601 53.3788166374633
225.54279941551053 214.49786794488062
126.29263204835809 65.57554820288215
124.52042079335767 133.31749816484583
83.02424226062772 63.8619405642856
128.41227103066356 54.056645644656456
237.97094116984806 28.071775106586927
0.48673968947277046 190.85374422709364
33.15271551630311 110.59637041957515
141.4269479505439 88.82075780817294
240.0286142092608 144.54815970646902
130.97354255796947 57.9761743477655
146.13586756188968 35.65621806374433
46.54525589460509 45.26353320899965
153.6732856156873 191.64953282136625
193.076184387717 136.20506144645807
147.737892152047 152.6158436203984
132.11707011500835 114.8905709326634
245.77756118091034 52.846085883897025
159.67057222860805 94.599224764507
53.931947775185144 43.91953313646565
68.00801531852346 55.02928244902808
127.19280965452629 184.92392459335122
138.27805413197825 87.53426417371476
47.84022940428101 118.3642579032416
163.94484333950342 3.5222807756934427
40.720448362537745 20.092567181545952
213.91855383768058 79.32580677102672
176.73816099771577 136.08386285909484
51.86686563008741 146.98042529196024
138.93158043102594 22.08874978923547
119.05962579746878 19.28427128535748
37.176138518978966 220.6510694818092
138.98217701939328 220.77063702799575
67.61504703345652 173.23743977394483
129.57166767497804 235.1923523852499
77.27710711875146 40.242172565408936
95.7055485301006 225.58567885541618
161.4040219823011 233.717196054408
124.61791068777126 124.87433243476123
249.09969596250352 135.37607701204178
43.354228087452206 111.98743138536055
194.1433921691978 235.93988026575855
222.33036685492473 36.06731075650718
4.290773944794768 77.07809711234562
203.448099221275 228.41350095956932
144.86367030619104 136.19498861439843
34.41899785975183 132.16099551900223
139.6014779467731 242.72810994639494
143.42330510163373 181.52485925699494
70.89347815238203 38.55137869162301
159.09773404024995 93.82352589828425
104.11976665683778 153.7383760841743
89.02404173296551 140.9799094037936
108.49834153074625 29.286131314439302
160.01931267834803 180.33216054800917
84.05083298999519 91.18067138814015
113.75569756058194 38.44213154621204
20.128081623281336 52.01202629015808
54.07008294806867 14.366992048462784
71.69931843635588 161.38592970198158
148.81800673743862 122.38036886381487
215.91343837205187 111.62437832619939
64.80066533660373 220.7256205452119
115.6743692223188 54.00919449932831
94.91450721033148 14.254476353066925
249.6309226482541 80.61843019109305
171.94382762634305 152.49865452466506
117.675067030625 11.022334883038775
92.41829886595396 189.13432903890342
69.07673475591555 182.06830663253075
118.8291600809179 100.535491072851
226.69155839363387 206.17623983372658
211.45214032055668 113.86006153282207
167.03574656025236 147.9168008781142
212.04122362111866 184.02977136203543
151.99339337293674 204.08603989271487
180.55414398243244 97.07457763434346
198.22854508096813 199.06073154435282
6.766657481005023 88.03148570311728
31.631779103043822 118.11990582346249
249.2995343198459 23.307807547885446
141.8057257059481 16.49943853214278
229.27866731473767 19.016880932813564
245.10675504717685 73.07320904921654
67.01479090699794 40.49735857831274
93.28233031785524 245.6730899193766
167.40390819937713 205.9531430910211
226.81851632526374 60.485028357264106
225.0160652326331 142.9895218358433
187.7272320579013 90.69332272300828
187.51734394815225 92.62026863393166
154.11947964070154 237.04270524137337
205.89726347164478 159.50943554196803
116.31044636200866 236.5740806781391
184.96127001618754 150.7309980833285
7.525374921016736 57.771798464296396
48.93649929081778 40.3352846805784
150.42861869453387 61.10614390825528
129.60298268629052 230.2259002056955
75.83100197143098 18.669039802705704
61.583924220231594 23.2773412492516
199.23099717100465 75.64954328670214
3.390811552300338 156.1694719881172
142.92535589370928 33.40066023820956
102.9289852727222 5.3648294225306925
91.01804637974728 243.49473127414169
214.89623273067 67.05111791771573
177.42324815114603 220.01015226569717
231.29217621361033 249.02102236165607
122.60244930183111 101.94329964802473
144.16617902085713 192.6246805448077
72.99196002952866 186.73582444410602
138.9707608566794 206.88071615230285
74.57458684487244 105.82009954943139
160.2580571592418 241.08891529254228
69.65021360978076 35.5013687767724
64.33028403105855 94.71817671159802
83.0808766393071 17.689862613171098
112.64217304548144 107.55032066808964
63.096146950007956 159.3342097142993
19.710573693935807 9.717654456557979
164.434159901402 248.5562955893709
102.41477008711192 185.37623796404975
10.046887763249496 247.34160503266165
104.3717290348018 223.3364390233592
236.96114533783117 86.97774752678053
105.73140714963664 126.22678025500791
44.867116612328616 66.0643947605522
20.45249031461971 212.33221567073028
109.84303897529743 62.302269682294074
100.51333446310115 51.97409921268126
44.80095010410104 153.40298809608257
140.13895976182545 92.36616412803961
164.12535702186125 109.50107354220235
43.55972794971008 4.3224505450975
61.33469433400959 126.57943274845815
219.71094156545027 182.61783295569435
155.61173122511397 73.26061364470176
103.4235479763563 22.12326618746824
172.70322216019338 244.46630315230104
225.9422866432036 136.47059848045788
247.02749188455454 2.239340558318592
85.98082022011533 43.34828436193544
143.34926388975595 196.04201911047144
48.405014099678425 6.328893183501771
140.13735448986702 143.7053818904335
34.40819969695696 59.49328061094697
246.30553002643546 120.22382968782972
74.15884453104293 68.64214569030358
90.74505526043944 97.13557577693254
40.24907732356675 98.10600172291848
99.42486485539409 97.31384976256436
12.815080015176756 50.48302509261834
108.8604315325167 111.80547392075788
172.31102470238204 194.2026367064672
193.7286035618463 156.8168308270078
13.856709038511994 143.9801782919741
105.67506116952369 239.07128506414614
238.84619438117014 141.29408410418498

66.01338255134098 146.83305119809816
95.374413885675 155.36966915579129
188.60549623036576 44.49205737201037
208.52758224851308 52.88005955592015
165.72449164426047 130.49913427115968
137.11067821895475 184.34785274136647
169.57671162378307 24.491542346397555
179.7451452791632 150.4722603595119
70.67332111789615 25.064145172664837
89.55674360247163 202.48229108114816
36.19726259477466 99.72665010064249
66.62163278053183 238.05730287966017
97.67006947672071 80.16780499492562
43.78686920376607 184.2662694048913
168.56284688171783 7.546740628338322
116.10284177576443 156.6049854145129
90.41452339323197 216.84526436292447
62.952040859873186 7.692213616790344
210.4358457477312 183.98013138620635
230.52588595327248 6.932978477907331
44.04341972382822 139.4555844074777
239.56419659647395 63.647797465224976
166.56448351331707 185.83871098562616
187.20914814612541 59.24287544142323
222.9809035807232 244.71957403137404
132.95784063010257 197.22655955318942
84.36599362026323 160.76636836066731
57.30678940766978 198.71232741565638
235.14719669708543 64.35778322080424
70.66563589987099 106.81680248663392
48.2491211887138 160.88096836006002
242.0782662372585 118.57253547258392
139.29561020910458 216.81553275704616
199.93156779315822 50.98037433901034
107.8706175993819 64.24672661748868
148.46866403831572 136.4832086909615
226.3659190635077 179.0895171917376
39.44680932330111 9.68716950837939
215.29390578617867 112.53977295379414
32.207515492359725 36.603613129739585
136.20769104521065 71.62843338114688
90.52363088525681 141.953749124504
167.2848638681409 218.16436245036326
34.89552653828584 139.7543514987703
66.65940120522113 69.08224506696762
89.4063056507737 194.287492843075
18.11140009036591 214.1791947237752
171.3736313036627 28.4683402065197
147.44770054960455 151.7044424206126
57.39075628967235 202.78341069206851
89.75389439406062 169.38996264144578
25.464111100160668 77.81074101504696
14.082182326237202 205.85576502141353
221.7972880117248 154.122378014991
86.93834212046667 139.90519582425713
191.9003532851801 141.7513775839459
122.06593616629254 207.00348017967985
148.17162231618997 99.01764730602034
207.2308483913721 172.80696097447378
5.447680112051767 215.11323696666352
122.79891029865698 83.63632321275502
205.624258672265 191.6710832326892
57.28220144072524 184.21767248029548
30.908257970351293 57.61713484630487
174.52493547145144 212.7703648477695
210.21990865344668 246.91690060594786
100.48289163760028 47.571774679414645
158.45189386088143 100.93869452625975
117.11560230454498 151.09563303334133
204.00960620957406 128.23700226937154
104.7418798555264 224.43194317773813
171.24732975361425 177.01760946633155
32.04619272533818 198.1738555140865
49.58011126362843 85.04896211320145
44.219309198302106 175.19522557888362
171.30446830876343 245.9588257647832
96.10846223736819 36.517476619844444
243.75409183207043 168.51710822536904
227.08665590721841 55.63573140045211
187.30759384851285 155.04946939524814
192.20676009696587 126.08113674480411
2.5059043437229143 163.01981612809521
36.32821643752496 39.057661873979136
165.33156473848845 183.10684142066606
140.09476142088445 36.34433039112711
172.81410055996224 154.88118095737406
129.9181056426403 221.34168657125497
228.46416582994206 133.22669191496774
154.6574887227017 108.62225401328057
49.111567465181864 46.49750388093549
120.95076713484515 72.0572279091184
99.02955378240256 197.70775639453552
85.81884159772038 123.32351744412138
55.51318161279436 107.8190542967544
240.2659388554121 152.0551827165857
104.92567939176836 38.39643997684036
40.828470535795745 167.2694790594972
215.08680054225556 239.02304364732578
101.18494370917885 59.62746687237333
120.27808926557421 6.311434316333131
152.1963955066217 183.77582053879775
42.47731321003659 101.64441665062057
7.35646925311817 7.866446863963899
202.12999294115767 129.92402747793543
3.913305468074779 241.58242009338045
165.62387905207228 59.78870278537271
173.79914585717933 15.454803741338285
159.63712229215153 94.41756136476187
223.29737982426988 94.60155148768881
35.3551802514982 6.092053487199017
125.89045828993866 79.91261458328383
25.245028679989375 100.90165987785923
233.8845839269362 76.83448649411918
150.23044776722412 185.64594714296322
7.8311843193454305 154.14600102286516
68.46176668697535 200.60298262544438
119.23321065251515 74.38169168983657
21.36936289427338 158.09132871037133
92.11090540841735 22.786226932349997
150.4555648065814 29.102975756784527
45.10274543258772 219.3059623390487
236.12963462767857 108.1599252745115
184.79533696936932 170.5509405770603
229.2459408943281 103.92467787378365
98.73303102586023 123.84770325465777
47.99421471907001 93.74088998162058
150.1527749776386 74.73751241916108
60.53757329697484 204.90905433613958
231.6011393195511 179.88527795798421
105.00585890777606 52.531297178393416
125.92536327847023 9.407311651326522
171.97116986733505 67.02119123247458
27.241727575386427 35.09211994297587
107.73578123648552 48.08222154999686
49.3321363873577 179.70881215708278
23.571604136975647 66.6016916869937
69.62446826279303 96.46528467635454
45.44302125988858 240.8615721504738
145.6261280699079 60.163845314098936
35.22235825079542 171.74931708099314
180.53748730884752 96.92252550392921
239.28870288903448 224.10229213484345
231.25264936196325 74.14799226004068
245.474633481921 205.9638614668658
127.1976787240407 134.6298929126308
23.656599342792877 168.57818031507617
208.41187846965906 233.92659943315996
141.21768148403365 106.72246988348019
145.02842948210278 22.273388386654908
180.2976244621972 200.40008786165754
44.16477813474068 152.26452916370354
3.9663935427098895 234.64393139089978
131.81245521325783 229.62573048624793
127.3268624655907 13.0009992724035
209.05419611873668 78.31825670563217
86.181606769709 225.38129645573326
43.845445383481504 34.645548801809255
235.2335894475088 191.8854135696832
85.12338313080473 168.8362395125319
128.65099985972816 146.8122199540799
58.82294502220911 228.75302934572855
26.30394239963771 80.99642984564964
22.98924045136652 73.17781866512985
201.24900941294703 167.42979625546945
156.79837496141693 21.673372934216978
9.370116110066634 193.08664844433204
80.54197590483541 26.88941302728709
192.82028320875975 124.40749772133312
182.28666694057793 112.97218297689199
183.33396246764227 22.68376035922487
15.165931007710077 71.45819048356583
9.731882810846248 150.18064336670068
248.16896075733325 13.31379929188084
57.32428058506267 169.9428751865988
67.79059621916764 135.4738259844227
132.63088850559834 0.021859966958248656
49.291010284602116 166.13578439858534
236.42103490278004 182.05436003909233
158.52655041041126 229.67823091201657
119.8973338672888 162.31353466173744
245.73181546315746 91.99257956924353
169.30093505169805 235.14062983869945
240.54620741480025 62.507889226836724
134.41822749235962 197.59309431646955
188.06893412997093 243.22785657849138
226.84581683924247 5.166495817589128
220.34072416442336 240.44916653557536
112.08538527227455 197.03836557776006
182.5384602109604 75.269427072718
63.74373127238881 64.02030370462828
230.2005632613812 118.6670808926944
26.8096713934472 168.04151674696956
210.0970378497348 31.109421133024366
14.088370538031914 246.03649059321296
164.58055758337946 45.67653483258549
64.37894588911034 173.09214714263658
11.18267846820331 108.68588048555142
120.9720635014003 198.46914184786004
34.99729992393688 238.52650649209758
236.16313577414104 8.375706031914815
215.459290953143 66.749231086211
43.10923068943759 238.70129454093885
64.81334629612667 232.41794935589434
130.53529670722568 102.30152077164558
51.84374446851792 35.470889036089886
236.15644773243534 243.58632524680007
162.82266034760866 243.5265980696092
51.497050538585 49.18568274349927
65.46702094054524 165.49714817086974
82.3308806278272 4.2606917212826
120.05237373378641 138.21185319614884
50.98077545937604 238.28491914756927
204.59390682250398 43.81913313211
113.78867878560153 95.15972055027977
113.44807132840093 85.22016650955399
105.0221293518114 232.03846094757967
175.0884322503511 242.82041261698782
229.00218159206332 200.0071986541215
177.3414731633866 195.64823351741387
30.71757736812136 106.76702646555073
35.05084378630824 42.924964266332715
222.17736598498806 4.5508096922219075
91.83847731893106 69.15594898431814
222.13151333280456 8.344728130445954
208.68772524080964 24.755472072247457
68.68496270438173 173.82131132556665
208.81951031802473 16.799254089602062
47.67438723921632 8.491596250039757
109.73828985753093 71.71750778323324
18.255056435534765 43.87908699405657
151.59590694664843 105.74813505135432
168.9349120250486 47.64294086009222
172.5781284173621 47.56203144312529
170.51980204622424 139.3838488936616
110.17235922145622 35.75072511391003
78.94329287599483 9.431522638366413
1.7242997410118754 41.857479034532325
108.15256823240257 23.469739025272997
108.07563347348473 101.68837139223116
136.4764181218244 164.3955561091979
8.403050447160831 61.60472215620533
182.18090612753392 9.237806289992406
166.98218582906063 101.79072903199851
144.53106374475763 42.46431236767892
115.10243908578995 161.57642923478363
47.2833787301766 204.14215079434302
155.0272278872063 16.79286053539697
222.50462921520395 220.09596364408716
193.80684890840922 147.8020730499794
148.9617465915605 56.800884903248
97.53301646915172 79.64891189159174
68.5133021430526 126.23345814336886
158.27336817732575 189.5807502834265
37.69578259246922 40.981135591989236
112.80184816468719 35.10429164353368
204.94323374934092 124.3786377271083
110.88371121928073 113.8881542425707
153.40873066603405 73.18180647995504
183.6136778530076 105.3415214417976
127.37784230783001 86.2993427257131
109.10256428028359 49.663302091613126
18.797660899100315 93.99128837142284
74.1740793599335 224.49048863215455
96.52192859938036 75.70007306091964
116.00899167557726 73.08142149151664
28.077148846243905 83.57925909744124
239.53984030501093 57.382998251285564
124.3701935278379 102.24865767181657
135.44367792532918 42.30097685020512
153.17830091111733 107.8128762505437
65.92166919418011 159.55948491199132
72.84113222830813 92.93434082678625
217.1335356800267 196.1754745826616
117.77028342169002 111.82042046128049
94.63103536258468 189.64032516190483
210.77098900294797 204.99244050298412
40.47882465393929 36.98016628871134
52.430122808552916 98.22094422485745
188.07999551125397 36.07492671764428
133.39691808159878 29.56650327880894
184.05857273999257 13.376006871883755
229.19809532645763 22.493334750886607
11.58341402347937 186.16347661577333
46.26924080773315 165.39054413770944
232.01042292389351 152.74239038568425
199.94372114940336 211.06701924650042
110.04837298183855 199.8180400819415
174.19165337205368 22.45615872395082
196.30227306880104 219.2416983603582
3.0558754191005733 96.74700736282385
27.88018586277724 63.87654047767977
22.10387398801711 237.3290210191266
231.95393711738274 64.97855223563879
194.0060603998254 140.73887070883566
14.436573250169339 13.230991213656534
160.2266735335944 85.82351121870389
145.57680821774196 214.8360159669444
66.59642169544838 95.59619158599934
48.034306370125016 60.13716788787305
58.016134071947974 43.346928200564875
236.03573003287545 211.15329215805332
73.21052671668 22.57346993677209
15.00076607515058 195.9937342290442
22.728142833373543 69.48378044762326
61.056594293809276 62.06918650379858
113.76018742606469 188.04942764349462
234.722809492731 107.06496685813651
177.67499071823 161.87701325611738
41.31301859182759 109.42099627334828
123.99806038070679 66.89695126630824
93.23326230401749 26.12657221145076
95.9695994739918 182.13537528872988
122.64496659311733 172.2911914201786
145.75254840020114 88.06075857731321
6.969486497923977 94.75218217447876
126.36672046352729 160.5688755739996
68.61659669051845 36.532448313567414
123.60393746220718 155.15579014709243
143.21588197791436 202.3558319623746
38.690235954016494 76.17038850011059
37.03065736144709 127.80205357981208
120.71449265163811 154.21988844577763
62.60917717292977 168.9685437650041
39.72842329905263 119.58017175727956
130.4714856348156 8.403550665959742
146.8296831362159 229.22299920354868
178.87113574913036 146.262973943579
179.66592642227135 248.67444377787513
62.971455227295415 198.8086378712136
198.90320936681547 20.868079273721722
70.34945376462059 163.6170544278532
9.273709144433068 175.85522865647204
167.88205447958893 210.07907063148767
199.854517237416 137.79747327265628
63.583559461274724 140.53754276377208
111.24257957854306 11.73848824692575
203.9222548881565 105.9650602646211
35.184943031590784 47.05116263027564
171.17123597987577 155.02239903700982
226.3247453635288 164.12809409618393
115.04334801706251 61.69183924340466
114.81274564694341 248.1685564146056
44.03875355721459 137.41108003519864
162.51997229694962 229.5787904692915
23.991049927313075 188.94161821589154
206.75207973535936 240.44620331325535
226.41473461741364 91.85664915711713
10.679928784486343 89.13880222875432
175.1977267166294 156.60849481897836
210.30710646779625 89.97746418481937
46.96962059277745 40.095067712110605
65.66400579486334 225.15693507477923
165.50432374802213 156.11358220128977
25.65221178677954 214.57555542594974
211.53193332943835 88.75435356459211
177.345808833609 190.8523748666117
197.2246901602223 220.38211616928498
105.60802059176552 69.08149505589905
187.62940323873084 153.67536412370174
12.304358830853262 98.73556675717418
147.09952723781737 211.4262706642949
99.25473998697346 149.76700315229746
162.38155861884735 58.53544588648152
220.516056135411 38.94845527443655
147.70372717757405 132.37420923681853
33.65906525960574 167.90735244053784
208.4096529974773 2.679008239073327
181.58052395919924 139.69742597673448
244.08378132912426 144.0490807523213
15.791692310600153 75.91399325014659
114.64721416498672 47.67374367203389
170.53642675363483 178.26292107818304
171.39945905364337 137.33680931083725
65.4137467637334 207.5686610860427
34.13185123159598 130.9866300497079
49.587294693642505 186.46402705820657
140.56128981556705 183.56432778939742
119.74070113546226 37.48243550044231
224.46169403890036 215.31996662091913
2.4780636957751345 24.292539692115227
88.17667931561274 27.86446577426571
233.2263568260095 130.6994297283153
137.72343019812382 228.75434263636782
73.89402047370686 24.660169625622036
188.72861221811044 77.05135908989283
11.382423621569076 64.14474623207802
241.66244381020235 108.20150038240398
191.4974763281502 128.25870528125253
71.66232226261133 56.00279145763126
248.61016075868528 73.70367231130085
1.7907559671792306 42.6125923942465
213.41033048461117 51.579378945321665
206.04362048580356 122.31837893967193
226.25599112466153 216.92550763355243
180.7296707935423 121.47215048883217
148.45595900848363 163.1503220212643
99.30270978727451 60.58396238854935
105.588683623687 139.73991137837913
194.55999401534453 200.0869104241888
239.38031286694735 118.34540215436937
93.42064772591898 147.7370665532036
127.38123069280441 25.724457464024713
149.87777543916116 73.21331586728542
37.35009084180297 239.53028617966152
235.04690062891027 121.67324059993953
184.83573562910775 121.23146823142528
217.98773960464263 141.40730663098296
17.754529317964757 94.72829756636847
34.79104255343227 109.46626251243549
202.0735551973251 64.18104102504971
156.61963921319844 222.9202863804677
176.44719451075952 84.07991903959822
62.809577188301105 81.14151819390241
209.57107405814585 206.8442178110102
153.71524453070802 150.9006097852449
138.26246729393992 121.93908945233198
193.11364796896297 156.01691507476255
75.8379031854432 62.895015487482695
104.08193670838736 148.68514204271636
3.9611250254196206 135.41590460488996
239.5273194606961 15.25340020142979
191.84719771663754 232.1108558664958
58.928658487779536 221.34092215879897
219.40183652762406 66.9540273801592
148.27706209753978 47.694539069411206
64.78674162529555 226.6965962642381
231.31194585504429 172.94686169234103
60.204035512452734 29.721366497170692
51.59884853606286 112.65309469639148
83.91308321988488 134.59245719471016
46.339984265086066 2.4951552623558304
232.93750671606216 159.76382749676543
228.5712826651553 170.8817468493647
231.30871494321195 243.91492346742785
162.9272870502192 57.41845432945525
15.33392623581012 47.20175469544519
91.78054936926955 124.67972645583671
9.220250992429014 74.44120870019044
97.65365510820206 241.00093005353054
20.64412555196993 229.01057974397784
211.2109529049266 236.50873508266335
41.62426202075423 132.28356351472527
33.34931559474197 2.310518626263136
208.09643424661866 143.15432986172718
72.05499971922264 43.60310886485941
246.98033693459885 58.55635898515621
245.37268690857078 95.04279890238979
26.731283027834866 152.3051962265918
230.4491545957439 12.868366721970892
182.92092432840758 243.49845568733116
56.01427052566488 246.5062081450249
184.20701569849618 153.1128310148161
110.15477572431726 88.48638749249854
10.833037289770836 31.938887428191286
60.578648440252515 93.17375627412646
70.82834104696403 84.70925116015255
189.87282128640072 128.8333278903017
138.25732019564725 100.32856646056798
108.5415939688126 70.2803030139895
105.00852735152047 219.27149834219307
206.69929035057774 159.56531616036898
207.99896533626261 226.89377171024728
85.44234214656349 247.83159304674462
111.06794509420567 242.9794889249766
240.71013691586825 76.56350232028217
234.53591095172268 121.5074841145229
201.18260578902849 246.2919922994328
153.44871788288066 98.95719518755719
1.3843088808752069 224.8719450346526
41.42399981577719 75.8400252787165
134.13674644675018 195.87107767752417
20.06567044492097 147.2264190799388
211.07734118755224 244.33311729690172
105.50568106560826 197.05226310569938
196.17491691718246 206.06678734339908
193.1122320320096 108.45162888881401
20.36300767518981 116.42234873997856
242.10539576334185 195.91607949136147
241.0140534053892 25.440174239456464
89.57076620473786 136.3626683912101
116.75778027972599 173.72298381037842
3.3367035659835342 45.3789178826694
179.07956785705164 189.9132466490603
8.257809000657145 247.49675781121854
201.47896795918692 12.076039950298295
154.10410367123467 77.66309480549721
84.85567423111911 197.52813567544732
34.030919425103946 51.99685719501995
178.40210276940562 202.69355050302997
121.61977798747564 93.46685138578637
6.148176376634868 107.78193688924956
107.63678919146105 187.4752449636149
200.63899692354366 34.807179863965196
210.45729882822937 212.770989894661
1.332002509316088 56.03862119993547
224.2883211341793 45.016881486468044
196.90250265177247 241.1622800362821
77.74724803094232 57.892734938077396
152.85719483275628 116.1359018741579
5.160216613904284 231.73444745044844
41.77700940749774 180.07057803476212
28.94156700609199 176.07120872093367
186.3115822448747 189.9530850943119
184.23062924735942 36.78463958865452
150.93085480933686 139.47820018887072
34.889258488784044 179.03284072150984
248.22399250372806 106.07358839943748
210.81314112767654 228.08965925010133
43.443740921353665 60.98170290497987
225.54561540420795 2.5566528309142464
113.57099582928545 179.14479958003898
62.58888897213616 29.99847399985564
194.18536213242356 84.10214266283417
168.45304492773573 36.89624134984221
111.80590652206412 24.237904556366598
199.14584052206231 191.63550017823877
132.99303892836713 49.77690998290088
209.68241440371986 160.16409045150638
72.09263177686529 127.92213830037214
197.32612956952443 174.48926790523416
51.751431004778304 147.41905152848375
226.56821797726812 12.724160303317438
161.18985604573567 5.534799844621907
64.49890015337637 150.49120590178157
92.6941520559235 154.63761883232422
96.9058749410904 155.97480455499414
226.502082695005 121.43517156406614
157.73217105000853 13.646372633695947
203.2474125819446 88.46043890862529
114.66696411414732 124.31662221502322
177.79227256702953 205.3195906562728
243.8562176449184 128.20552498868113
171.73630237991438 180.76218476002052
30.34257698960907 171.50632152867584
145.02201540077237 229.01448284013773
89.15462292928083 145.30635562458002
66.31235790004872 228.51730445307817
102.23854785367837 61.369280533577374
65.13771077921143 212.29009779575563
72.52871051406883 3.0635362658155696
52.67321958960855 173.8596847585052
149.0747316231691 0.3505934502002206
7.335305518946789 33.73918646235227
168.83575764163837 195.6227027841086
192.9841753599331 221.04798806668177
5.425246569078057 66.34778908474951
121.54683880831368 235.70543282935202
152.7225586702878 64.4947595319101
237.67746373689857 179.60866474438862
84.15358269041693 146.93505699587556
127.5163513193101 43.705926110342965
34.887165086892544 204.7774139959156
31.759131064277803 51.02174189696676
211.923215185447 111.60803405240254
125.2681263910154 103.11048790757852
244.83420574677814 86.44936218669456
64.08134911933197 75.140836035619
86.02953488989601 111.2801734601932
183.07614742301772 14.181996015942278
59.30671160387227 213.3257139985401
248.43746767907575 145.8032814256332
39.12257403799044 114.69702026092656
179.9185877163673 37.62007524955091
213.90164786298075 208.12764633554784
173.16435478598746 212.64064383546426
153.84064890115278 73.11035314672424
200.2295985583677 90.7315698158427
213.18798591757982 110.51028110808551
228.63134488221868 88.09392005003627
63.31199475989038 53.347033178487266
64.60480928680629 66.4924563753459
228.5081205876072 141.01657826838496
210.8070924793595 232.77536419237654
212.23325301269145 117.12477604751328
15.061226362204804 115.56227008198609
105.66957491783776 126.2072347023879
153.58170383667525 145.01435129300003
223.77848382339204 62.46092811990575
148.43596620874047 239.34056140422905
87.88263011637873 215.80371996602383
119.11804857203998 230.06414340647802
148.5496675656097 84.32885707374909
128.8450425534391 209.76638223674817
213.58829139815833 113.59651942199243
90.87869655491626 209.2852277894016
233.78835952041453 98.21836463570438
143.50529971836744 173.99192470228533
179.64481466995102 4.7367564530424735
134.81648908043513 234.71678642189778
65.29815804990993 57.94744336185204
163.32965553422002 69.15156153509089
198.54772911477107 241.88561080537966
1.5548745784279838 183.88627727595568
164.79060737172463 139.71694729811054
187.87331896887838 16.316758401030945
49.88934476955992 200.1695767851465
247.54843539448706 69.68584903463493
14.7499912267037 201.23927408511054
36.636051299816394 180.82154621400483
5.9705959394360795 25.805958994818052
12.491642159553285 114.42588742908241
75.49019787983538 224.73494629360053
88.10090774720652 216.24382086706586
146.35859740123578 30.601957584973473
201.82567123915587 204.37234440550066
233.9150999250418 184.07996594422556
88.11863311448745 197.71942018994812
27.15908794368238 34.185945290905764
80.67498284451274 86.89840962773226
171.3148504496663 3.5120785371382803
106.39252497589605 19.540409769211344
156.03509603980532 159.14053026021108
241.55776429842646 34.89368318376468
109.03398526696226 203.72058998856753
188.7907687902146 23.547293401413537
173.80154414668283 194.50572243892032
226.91933140907716 133.41395899085393
122.8289657468625 3.8367404788575143
193.94166846599663 56.04592505597999
218.1880703270378 126.05768572802262
138.29663289765662 210.259875635963
81.91296149610766 86.16355605053155
62.8223504604517 14.67177745110182
33.42167658039188 133.70711572609991
57.776608212027405 5.294471716139642
72.20208840276027 207.96450669948533
128.09698719145206 41.611027994084395
192.8252143701335 173.47188116873977
177.68463451968324 188.36167922002605
141.15447330922038 138.92650122528698
129.60658546485575 221.53089511342617
123.35117173273086 126.21039948951405
140.51378585613998 6.835933244353942
201.98761668297905 223.3524280023909
229.75565106897483 82.14459595188467
171.63987414576314 6.9049340443184395
1.3469224609232722 26.46884874570002
177.8144104537534 1.2638704607525753
75.17440215691515 240.37623745464876
218.13366468508252 176.07709497122127
152.2648698404392 195.06302664451601
186.2409155986626 6.3175313607736205
26.580630167648167 228.58181956885727
201.79699579486154 147.41330654271457
125.28600928060885 189.49199371437555
55.132019377548055 96.10510435780168
235.2236476857288 174.83527743754627
217.2148451774552 83.38045983731956
45.86199252086176 146.8467612648922
140.57201593952368 163.88790059526045
215.5613251866406 211.31534814657857
46.43253104660297 159.01419335825048
99.58434557672425 23.75861137134494
194.99657200658206 16.15718086775414
88.88818936212154 19.85902896432562
4.319764464472742 79.64209718008978
9.280574391807212 1.7527771676674464
133.40627343821953 9.73309658835153
215.51072715874045 2.015512691227017
10.203999225042255 38.74479540513134
68.50190530790124 9.942673347507508
71.21919788177699 204.21644829070075
201.9155965143948 108.6607463680557
178.89572186544706 171.63977650240105
36.81642752560682 129.5573305056664
140.1743977432756 104.93785643443657
32.62763007928923 32.691172529264065
205.80067640234125 231.7147620354222
42.85599866139236 10.228665044506425
155.55413190324836 228.0925456344575
133.52828641968117 16.34314534345993
144.19288041703504 93.61811056570136
197.66952305506547 65.82242751744771
176.4965605774301 29.465328088485204
117.73331700623358 26.61209656190966
177.83911353531218 40.67181015736088
185.54044867121135 128.01503006825592
79.49711195050749 233.95547191033455
240.24079910587028 4.56558720732575
70.26651937424927 62.531076973794676
74.26476224283348 75.54852785724925
82.12130279052649 230.67603499776388
50.503321576361145 180.5747616498217
246.76728420645594 22.140900394567343
243.63148689279447 31.416682943393255
240.91684633116753 193.9550798500992
87.86194024700607 31.33174083062307
85.05969441135531 26.728330466811943
148.49765789321054 80.75260527802516
195.50782805019685 167.4309495517679
146.5371641627341 191.48498106157868
21.093590394841822 8.655811150765192
17.249261293635744 132.2701693671353
206.00735505634336 190.07380162738244
15.230249737800156 141.13433789670484
215.33849938121134 51.201091502757784
81.55273466013763 113.14280126152718
66.74687724578868 26.910197786505496
183.60187960868456 33.055697876936684
182.03006142852172 125.71877818675297
18.889178373470816 162.245145966754
37.71810038110138 232.98743497159177
70.0812556544109 235.19283003810446
169.14431521858586 95.4358747855914
170.8892097559797 174.23858476564976
242.96819851982121 122.37989999574388
236.91198883715978 134.68120987681814
51.04005911470322 242.81382729125423
185.32327418538372 41.85283934918768
245.06130875074012 135.71391545756128
204.06237096027783 230.09552980217507
25.324912445757906 51.42934797347648
29.147273921276334 212.51797047180764
163.54387475067824 130.2276210507803
185.9550924239172 207.2789675274794
175.01280931250093 169.44889712556818
207.0404540488797 28.395121144148966
190.623704385138 3.4414368280009935
191.3054252304268 87.74291193282846
187.39138789503892 159.20508193127793
192.43013415051175 53.92097088208758
32.27724910453339 235.76273010379043
91.94688454518649 114.56705119707381
212.81583018776513 140.9542283935035
81.14093928376053 149.76043007852988
105.62957384689098 191.83054024408193
28.862110603473685 92.16925814090504
205.72911347525218 243.33889058787162
16.512257549884364 5.733903331802015
143.00955427819125 219.50044699481006
80.14433415424655 243.7732569874529
225.31157203772057 126.83672297827749
215.13099221199658 148.79751468722642
189.91758292339483 173.19345597590828
234.70098121215887 12.754191910945151
32.80051683711799 161.83402583062897
153.14458950964578 191.72388852990332
53.2593244181157 175.73565302313767
180.7948320604102 94.59492178032511
136.19034432099073 13.206297327701206
195.20486553920276 246.29983022110738
236.86699548418514 206.02247389570311
8.640742395855161 45.09760613315553
216.94936028575404 74.76043419604112
163.72598277293096 29.29810137506872
181.93210968376965 212.86903299398392
74.67072265883678 83.94831624146005
91.91023743343044 13.670470569644877
202.5567766625578 184.4763992636293
45.03952616446627 101.7073912694928
153.71256686438875 71.00736122443452
93.26329894633187 104.6019244372208
42.19278845636276 232.1414691640867
6.343477218881787 245.44708843983733
175.56580716394083 149.91331984948394
77.31796379701028 122.56051088844666
209.32480743794443 202.3499123836185
244.88498794014674 32.436317747559286
30.801296398020707 180.8078411580236
152.20577427772744 155.49792476612967
63.821410987015796 3.313815103221429
24.240954552049665 247.93342344933225
86.1898501294585 210.11699820501389
116.59028640847474 225.33515171334182
90.4534726103853 119.88826928388451
211.7772730464109 132.8011081049974
145.30229148838117 163.32114246983537
171.76151240907745 181.3565109646002
45.06179727607351 171.64848282595645
136.97211831449223 51.786982125262085
75.01489264657934 89.89381710229321
36.13860742183855 146.7886032871759
34.560147620967484 232.79732292929324
247.8073442053167 183.38865902675715
237.5951993400675 55.40974842335108
1.3086190517994922 152.3200804617326
61.397615643212475 107.43933921939185
72.73423793498645 10.960498349260689
197.03447810393294 59.912118877417406
19.188560635859414 206.74927356484568
35.366869093153454 56.41492684501129
168.14826490995245 82.49735421055455
85.84393780749686 12.099716260792926
133.15820148696145 45.6881541565709
155.913830669362 103.36268961957856
4.372703322071486 147.2528277713447
51.416105858413715 11.30329637752539
65.61746631054885 69.9269241431138
199.94076388026926 219.6308930168884
89.30746445641991 57.88446119488441
43.71265938101854 188.30238847602925
153.89053600316075 124.59410428409831
47.110158310917996 88.54490959284847
7.870855852487035 49.44240002060507
86.26483089767609 159.11599289229162
14.625337117094045 92.13611392297425
145.39009625178454 67.11713793873788
14.235601630686268 96.74094929851626
68.07058746775648 50.17735931447137
69.89835233382158 128.54947882592916
170.6808692784618 151.69185674648216
20.836275627313604 108.45566100884014
240.19230261267862 14.935802032176039
75.54446399484397 242.7826432941947
6.2562056475087005 135.50868188230484
144.66748988514846 128.4502632441758
204.33111451513165 143.60415480761083
223.03288329962703 192.29942424611093
248.62982852139766 196.67675706606067
73.3593668834986 67.05507624004575
126.1664574051963 72.99647687702173
108.01919740486859 185.1533367626037
245.94471846228188 189.884785712985
99.07557473622111 30.196494040030775
228.7538801923064 68.98575728068232
86.75858369556875 43.084863396371716
239.2458014718742 134.0477186088966
7.406617343019256 158.50298422221175
27.268019727763242 9.076553998000335
222.40278136381778 85.80161361629038
178.01919722427027 246.47856981647348
106.2671022077266 36.1328130695818
134.65803892168 152.2416354797743
30.918467594323594 67.32631911824879
114.34600340546768 57.9094774821452
144.9280668933844 173.40862454079206
207.35091533259856 47.540449210679434
7.199165588147316 148.97874139448777
95.18962216583398 116.66336602605759
95.23983318951035 113.64981042328826
169.82354113678716 175.04833553997952
76.21907488427019 200.13004689918606
72.14102916302151 218.64628687353303
77.84212503866279 243.95582358744883
237.09338038955076 85.02067693729006
129.8482045762779 201.72599268910062
212.62021550710713 29.9997653116805
234.89795141219403 191.96667456087405
229.09505117617385 182.96277468769807
170.84840879485012 89.49552153026532
204.66208590084014 159.8450177476663
32.838453586625235 122.65068579294314
172.99096911342144 29.217182512753624
137.2331063273766 53.57965826805261
126.30787362342699 79.79910897298772
222.3455027181207 23.86506966487706
42.07162721635071 205.884023440784
132.9780042424525 93.28409867857121
213.77656235650764 33.837838330570776
52.82160469708616 22.454987338750453
230.52103960215632 46.55487978638048
5.368330662803455 128.96740968625093
3.2832255501622223 241.75800604460576
68.31112934618913 93.40310727294226
165.78133857690543 116.20709458329029
1.8166923318769512 212.72385437016928
180.5180065780189 199.24495104468997
172.48226051201377 136.8784818189357
84.5831437302196 192.53933296962623
189.92685944155676 110.23697970201937
249.81060980940103 7.378730930646088
77.42162503711408 172.31760432668347
65.45164865849215 220.20675167509722
134.584985098673 44.891295840189194
167.78989931243763 51.41770879946888
226.63883911497018 219.90526382704354
122.65517675866758 71.8845367585769
128.57089948571658 135.54718072211844
80.48891588351944 65.74832360749222
122.93327010572503 49.66623113172494
237.68868814642533 23.77939261497511
6.880681300459907 189.58280330722707
27.207456325044678 112.31793196981496
135.61091601664515 93.2699927509597
238.89536883653884 147.9366791764836
124.4870778518166 60.18991094601381
146.2535939863067 31.26612764811909
43.431169712985664 45.22102911147646
159.45849738115496 195.546642945083
192.9521193220407 133.82902142734773
147.24395432192935 144.2887992647186
132.63901761224088 123.31922500153891
248.05218708275177 57.77992124354392
163.22014668643715 97.04343080416758
53.59848779865201 43.46510689134953
59.88388223467545 55.316422385010526
121.41708441970303 182.50317815711412
145.2814332248422 83.76275243700381
50.777131190580775 123.77143378742674
155.67880770065653 2.692605028061623
43.187553487085836 15.794668174661325
207.17952026667777 75.63441452973274
183.26867867769803 139.89635413743719
47.606858120634755 145.99374308492347
139.0820001998466 18.78477815493304
114.20081169160804 18.203064565044695
37.88227880467249 223.4670563220703
136.07815425485902 225.965602630251
67.34169023069467 174.21248964828106
131.77479281772452 240.9689368778268
75.62253858272022 37.11317027542518
90.10103016511417 231.30066663164487
168.8425057743222 233.34123580305157
123.58577958647362 122.95886878818432
246.62608787104946 133.10625957717636
37.95844195093248 116.2689072293037
196.8525339944363 230.66033429560764
221.59274534213233 30.789726879184993
8.064680141623704 80.94139170639922
202.33617761542814 226.48376004410113
147.08139219918806 137.838090306472
33.55526634524097 139.5453961791561
143.9475468237908 243.6081954956097
138.3210143426521 188.15822528255086
63.52878418665225 37.37657692999563
157.6581003518353 92.3038383650201
104.57378255343147 149.6658102393558
89.78703203125215 135.32502861696364
109.36120677796757 31.96887386751246
163.90322263850385 175.28644379593658
84.80291009408916 93.15915099367234
117.59391829266715 36.807323068118066
14.68663031914874 58.22210486348797
47.15236197242281 14.272282448656693
75.36789471112851 157.3772333866324
145.5350952477352 120.89917379408257
212.60927030179107 112.53537024056462
62.49120546292139 223.81043685391273
112.07998691768644 56.10764997941583
97.45961290429442 17.1497720694658
246.4678899486936 73.93344195968027
166.5547621677167 158.91243109506456
117.29340100665311 19.159441141643335
99.64071417341965 188.2644481288285
67.39931716814601 187.24277572730705
113.61529026146505 104.92922174962982
230.52065773345106 199.89280882749978
211.93346244574803 110.12008142883222
164.23385581633167 146.3401157623591
209.5092344012088 181.93224704634991
152.57330529655448 209.6682015398633
182.2120758484391 98.03344847246795
201.4593227570038 198.76414227769513
1.5773495941185378 93.0248614689807
28.078557455824715 120.01806141767374
248.20711609860066 25.021481730052532
142.0184733697223 23.90922089843389
223.95584894622334 13.57948147643534
243.02515758542887 66.21745887464309
60.757092308492325 39.30513061621882
85.601044353033 244.58975306246262
160.72436886051148 203.42400466088404
228.0522135737677 57.560322643931876
221.60058583650826 140.44560131559152
180.88506216486186 86.9033837647158
185.95821349210829 86.02644117936087
148.61601829833555 237.61213638705073
205.29172294652622 159.20717963588243
114.4883220856297 240.01218268180418
183.52778850559145 153.93704904384384
10.807442054631661 53.74363312177039
43.73849587733844 42.566095875876535
157.4476450908676 57.54806760892298
131.71365460800817 235.2740169788752
74.95925814866521 17.98682145140651
65.60444901593226 18.118362100791096
198.23277724609113 77.94782961247037
4.946797372871098 148.33151406104028
137.52611499179662 38.41990371308526
106.29752228913478 13.096326444617501
96.96673744126844 246.76381433705885
218.46509236022956 68.32648270379524
180.47217399138864 223.7946211426675
226.9577831237019 244.39855164035924
127.31079458348493 96.96977295141288
150.9823627474997 190.5154778729007
67.54914344190242 188.72883195705913
136.14440893307727 209.37087662720634
73.34106237760321 110.98942239568682
165.16811750750531 246.87059571929817
64.48904441440656 42.18183198093392
71.8515724773349 95.75007494060861
85.08896782761461 13.270745776845756
106.60232146461216 103.54512248299005
62.28037240973377 160.8780315981415
16.664610001390884 5.081035377729109
161.03905159889842 248.3326202198733
100.15477488850219 191.34717218441986
3.5167218202973025 243.51119377430388
97.03890376782881 223.37219356390446
237.38524289649285 94.71131737766117
104.19012172940134 122.27935193704226
44.215716201700005 61.537495808416054
19.77845752438398 218.2961070315374
105.81179945092589 55.466029302417034
98.65991277332314 59.74790230043314
45.99128879817302 154.11481311361987
133.26437453648987 96.47193231102804
166.2787783434735 101.61414942984423
35.831654672377425 4.6231413333150675
65.98003501817237 122.3705158513923
218.27016715020883 187.39361465551784
150.32191620612613 69.88174103332919
108.26443509253065 22.761998110878423
177.600745318355 242.11360474566212
224.65947536691937 141.09657611397103
244.16619495840297 5.566806143825042
81.53827824794668 46.726284641796845
146.75794960937404 192.90167437439533
43.298620585744466 4.573786574021021
144.454712214116 147.89356699717348
31.20371721296411 60.64258069218717
244.7130355238481 126.12841917454412
75.2578428097138 67.48758721466663
97.4147037715363 92.17810278387162
42.36565633832654 90.75260321749742
97.09118606994623 94.96714625395788
19.69435280577056 47.22282486115614
110.30718304044312 112.59149807416094
171.59034359555193 196.94651640835372
198.9624138875616 152.0532941160856
17.46316189314223 149.50127479347915
102.66835867247065 240.47747378004414
236.59571291276106 142.49270439627372

864.7
288.2
206.5
960.8
600.5
143.4
720.6
154.9
960.8
77.4
480.4
216.2
960.8
34.4
36.0
480.4
72.1
68.8
648.5
17.2
286.8
68.8
114.7
103.2
129.0
8.6
288.2
432.4
648.5
129.0
25.8
72.1
260.3
1201
86.0
34.4
103.2
144.1
288.2
77.4
648.5
540.4
72.1
77.4
51.6
540.4
216.2
216.2
86.0
144.1
86.0
432.4
432.4
86.0
216.2
1080.9
51.6
51.6
143.4
17.2
258.1
86.0
103.2
960.8
137.6
36.0
288.2
229.4
103.2
1201
68.8
51.6
258.1
68.8
154.9
720.6
324.3
960.8
864.7
144.1
216.2
432.4
137.6
960.8
68.8
960.8
260.3
480.4
68.8
286.8
144.1
103.2
143.4
72.1
86.0
432.4
576.5
216.2
108.1
154.9
1080.9
103.2
103.2
288.2
34.4
36.0
206.5
77.4
68.8
144.1
216.2
206.5
77.4
288.2
34.4
51.6
68.8
324.3
648.5
288.2
68.8
8.6
72.1
960.8
103.2
576.5
129.0
432.4
288.2
77.4
68.8
114.7
86.0
144.1
172.1
864.7
51.6
51.6
17.2
432.4
51.6
648.5
540.4
576.5
114.7
216.2
1201
17.2
17.2
108.1
172.1
144.1
260.3
8.6
103.2
34.4
25.8
34.4
68.8
480.4
143.4
216.2
25.8
864.7
36.0
17.2
68.8
216.2
108.1
540.4
144.1
103.2
229.4
288.2
172.1
17.2
480.4
480.4
864.7
114.7
72.1
25.8
432.4
540.4
288.2
864.7
72.1
216.2
72.1
864.7
258.1
17.2
229.4
324.3
576.5
114.7
258.1
324.3
17.2
77.4
1201
540.4
258.1
143.4
129.0
34.4
129.0
432.4
288.2
34.4
143.4
143.4
229.4
216.2
72.1
86.0
960.8
288.2
648.5
86.0
108.1
72.1
540.4
576.5
324.3
576.5
172.1
216.2
324.3
286.8
68.8
288.2
432.4
1080.9
960.8
600.5
600.5
72.1
36.0
17.2
720.6
216.2
68.8
216.2
216.2
103.2
17.2
72.1
8.6
172.1
1080.9
143.4
34.4
600.5
36.0
540.4
576.5
17.2
648.5
103.2
576.5
68.8
77.4
600.5
114.7
129.0
143.4
68.8
432.4
72.1
144.1
108.1
108.1
143.4
137.6
36.0
17.2
36.0
1201
34.4
1080.9
68.8
1080.9
17.2
480.4
114.7
144.1
114.7
144.1
216.2
864.7
286.8
103.2
129.0
432.4
960.8
600.5
600.5
258.1
288.2
114.7
51.6
51.6
34.4
25.8
103.2
576.5
324.3
17.2
86.0
864.7
8.6
1201
960.8
34.4
25.8
432.4
34.4
260.3
288.2
432.4
8.6
51.6
600.5
51.6
34.4
216.2
1080.9
36.0
260.3
600.5
480.4
600.5
77.4
576.5
108.1
432.4
648.5
72.1
8.6
86.0
960.8
144.1
206.5
576.5
258.1
260.3
129.0
229.4
51.6
103.2
324.3
144.1
144.1
114.7
432.4
864.7
77.4
68.8
720.6
25.8
432.4
36.0
51.6
324.3
34.4
288.2
260.3
576.5
137.6
600.5
17.2
25.8
432.4
480.4
36.0
480.4
286.8
72.1
648.5
229.4
480.4
576.5
137.6
172.1
103.2
51.6
143.4
103.2
144.1
77.4
720.6
172.1
1201
34.4
864.7
8.6
72.1
258.1
154.9
480.4
68.8
51.6
288.2
960.8
137.6
103.2
72.1
960.8
108.1
154.9
51.6
34.4
129.0
229.4
960.8
103.2
17.2
72.1
260.3
648.5
51.6
432.4
108.1
288.2
137.6
216.2
8.6
25.8
288.2
72.1
144.1
114.7
1201
172.1
34.4
576.5
36.0
8.6
216.2
51.6
258.1
51.6
600.5
114.7
600.5
77.4
216.2
25.8
17.2
68.8
72.1
864.7
114.7
77.4
17.2
286.8
68.8
144.1
72.1
8.6
51.6
51.6
260.3
216.2
432.4
960.8
229.4
143.4
576.5
34.4
129.0
137.6
288.2
864.7
864.7
154.9
600.5
216.2
600.5
108.1
480.4
480.4
324.3
1201
137.6
36.0
288.2
258.1
216.2
286.8
260.3
258.1
86.0
258.1
17.2
576.5
206.5
77.4
114.7
720.6
108.1
72.1
143.4
17.2
1080.9
206.5
172.1
51.6
72.1
25.8
143.4
25.8
432.4
324.3
68.8
648.5
648.5
1080.9
480.4
25.8
17.2
1201
154.9
72.1
144.1
143.4
77.4
72.1
143.4
288.2
51.6
17.2
864.7
432.4
154.9
68.8
480.4
216.2
25.8
51.6
77.4
1201
648.5
144.1
720.6
286.8
103.2
68.8
17.2
286.8
172.1
86.0
143.4
229.4
1201
576.5
206.5
216.2
51.6
1201
51.6
17.2
260.3
77.4
960.8
137.6
480.4
540.4
36.0
260.3
258.1
286.8
324.3
260.3
51.6
1201
960.8
25.8
480.4
137.6
288.2
137.6
576.5
432.4
480.4
144.1
17.2
34.4
576.5
720.6
17.2
72.1
36.0
34.4
103.2
260.3
600.5
77.4
68.8
36.0
600.5
34.4
229.4
258.1
114.7
288.2
68.8
34.4
1080.9
480.4
103.2
25.8
72.1
172.1
144.1
648.5
77.4
108.1
540.4
51.6
154.9
144.1
143.4
1080.9
229.4
137.6
286.8
480.4
324.3
129.0
1080.9
17.2
72.1
51.6
480.4
540.4
154.9
144.1
137.6
25.8
137.6
108.1
480.4
72.1
72.1
34.4
480.4
51.6
103.2
229.4
8.6
77.4
154.9
34.4
17.2
143.4
17.2
576.5
172.1
108.1
206.5
34.4
288.2
51.6
576.5
1080.9
258.1
129.0
540.4
288.2
17.2
600.5
576.5
960.8
172.1
600.5
432.4
17.2
154.9
103.2
648.5
144.1
68.8
229.4
137.6
432.4
229.4
68.8
51.6
68.8
288.2
720.6
68.8
103.2
324.3
34.4
86.0
77.4
68.8
144.1
144.1
72.1
25.8
720.6
648.5
143.4
51.6
103.2
51.6
108.1
260.3
68.8
17.2
103.2
103.2
103.2
720.6
8.6
960.8
288.2
286.8
288.2
432.4
480.4
72.1
68.8
960.8
864.7
432.4
103.2
68.8
216.2
108.1
68.8
1201
480.4
143.4
288.2
77.4
1080.9
114.7
8.6
144.1
114.7
17.2
68.8
51.6
258.1
143.4
1201
34.4
288.2
648.5
114.7
576.5
1080.9
206.5
68.8
480.4
17.2
288.2
68.8
34.4
720.6
34.4
540.4
129.0
144.1
260.3
114.7
1201
286.8
108.1
72.1
960.8
864.7
216.2
720.6
17.2
68.8
114.7
432.4
17.2
25.8
34.4
51.6
25.8
216.2
103.2
25.8
108.1
25.8
260.3
143.4
432.4
72.1
600.5
51.6
51.6
480.4
648.5
72.1
51.6
143.4
229.4
103.2
68.8
576.5
143.4
8.6
648.5
129.0
260.3
540.4
216.2
432.4
216.2
143.4
68.8
1201
17.2
17.2
68.8
17.2
1201
960.8
576.5
258.1
960.8
36.0
86.0
17.2
51.6
172.1
432.4
324.3
720.6
51.6
216.2
432.4
720.6
288.2
540.4
72.1
600.5
260.3
51.6
432.4
144.1
324.3
103.2
1201
36.0
960.8
86.0
432.4
143.4
86.0
17.2
288.2
154.9
68.8
86.0
324.3
540.4
72.1
8.6
144.1
72.1
260.3
114.7
86.0
17.2
288.2
34.4
154.9
260.3
72.1
17.2
864.7
129.0
648.5
144.1
154.9
258.1
143.4
144.1
216.2
129.0
86.0
540.4
1080.9
17.2
324.3
68.8
648.5
137.6
432.4
206.5
77.4
137.6
25.8
286.8
576.5
108.1
540.4
77.4
137.6
72.1
129.0
1080.9
216.2
129.0
51.6
143.4
25.8
114.7
51.6
51.6
286.8
143.4
34.4
8.6
129.0
540.4
864.7
206.5
68.8
68.8
36.0
17.2
864.7
540.4
34.4
1080.9
17.2
288.2
286.8
17.2
137.6
600.5
51.6
216.2
72.1
34.4
36.0
129.0
51.6
17.2
172.1
540.4
72.1
432.4
172.1
480.4
216.2
144.1
260.3
1080.9
103.2
17.2
86.0
68.8
480.4
108.1
1201
288.2
77.4
576.5
576.5
114.7
480.4
960.8
229.4
288.2
216.2
72.1
103.2
229.4
108.1
864.7
432.4
154.9
129.0
143.4
1201
648.5
720.6
260.3
480.4
68.8
103.2
25.8
114.7
1080.9
260.3
172.1
600.5
172.1
17.2
172.1
216.2
103.2
600.5
25.8
216.2
144.1
8.6
540.4
86.0
17.2
51.6
216.2
288.2
103.2
960.8
51.6
720.6
114.7
432.4
540.4
260.3
103.2

8.6 17.2 36.0 72.1
17.2 34.4 72.1 144.1
25.8 51.6 108.1 216.2
34.4 68.8 144.1 288.2
51.6 103.2 216.2 432.4
68.8 137.6 288.2 576.5
77.4 154.9 324.3 648.5
86.0 172.1 360.3 720.6
103.2 206.5 432.4 864.7
114.7 229.4 480.4 960.8
129.0 258.1 540.4 1080.9
143.4 286.8 600.5 1201.0

2 5 8 11
5 8 11 14
7 10 13 16
10 13 16 19
14 17 20 23
18 21 24 27
19 22 25 28
20 23 26 29
25 19 31 34
27 30 33 36
30 33 36 39
32 35 38 41

