64 3.0 0.0 1000.0 3 160 240 100

65.46198035321882 193.3850336383235
187.05178875330705 119.80924213207415
30.45614287978285 58.92711436096815
104.85511160587072 46.766357781366814
219.19074370193098 101.90425613009285
36.44151052630776 212.9738165927565
144.17583910376263 79.66058743676552
145.55616363421618 200.89120548551966
100.90474373330824 120.15121107990853
231.47799760823153 249.44453568368235
166.466985159821 134.2010452196196
115.01795987064695 25.530291138852775
51.823512541971205 127.656583677482
119.05909778169877 160.85151107413665
28.954029270935543 17.407616033349367
240.06439985392456 156.6857466743645
195.21451259845398 80.16985794565248
126.27594915118048 103.83217970734835
177.1916567115722 233.92732383189343
167.48617432222508 158.29409662502763
69.3228747814548 218.57444740469947
217.84407173806255 147.53889321895966
52.76811696314299 201.0876841732285
158.9769371817065 37.357137308778015
244.31651554008226 148.79588590537412
100.74084173807398 118.73375194757968
220.66711264175106 34.50541582320801
166.62280936292532 10.48320070096484
27.46048426279185 248.6893184177324
43.81540310542967 185.81317312534014
155.35924324977506 210.01649971004514
2.4146456264946545 95.88495878817285
0.02966689733074901 213.07994749669123
57.41899002861134 60.12457473434718
188.97490585691497 173.40494580811333
242.51301833288684 228.46756472794826
75.23500994085622 32.59579169575069
103.04168511444486 170.5092791064414
141.326615343391 102.82865523782725
205.86834283501963 184.320239870703
109.72472817485765 82.46506052448602
142.12347453134242 95.88946078519781
133.96575378769717 65.12284802459698
232.64418735543774 185.8472055854265
100.81168574776959 197.59033352372987
120.52548483348549 225.26733261209125
91.54757740269525 123.71658237982882
235.7694510567231 137.44452623064694
189.9682030899428 130.69970920465585
86.49684874643899 105.47374168107035
130.01070541017864 42.91801240149123
28.820916398924506 72.83366903490224
49.36822307212016 72.42421534402882
121.38339006444929 85.05152083029591
119.63881801053228 55.7869211760301
55.94256304532283 63.93679256026238
27.149703753006044 77.15175123522839
41.78545663887468 197.3289074835487
107.7807313515694 28.518722696712018
113.73554360588994 190.99507628519382
183.08488822943698 26.729901715889486
104.93362934457221 212.74343042561117
165.1325082101899 212.26165459510807
84.63895832129046 236.30401928542392

70.81877001130452 197.29748800810242
188.2866316990366 113.14939230034263
36.25297171000377 54.77333259786468
100.65014736839254 49.43659176985513
224.02524706201777 103.79385197872487
30.83843527645233 206.76940487138157
139.23279141430783 84.6059720753595
139.66980349784328 204.4496315175272
108.32449975882147 118.06257873286616
226.80134265709356 245.57796073743444
163.4604272401595 138.53507928008636
111.02484908104366 30.219735047325504
50.768765073917365 126.60058606389279
112.63897677470533 156.98952727103912
30.387147086566312 20.8906382523823
237.7662146571165 150.97768926850222
195.04593897284158 87.00364956387163
122.5585829828412 107.8573677448941
180.61448151159075 227.399395117847
168.65180779294516 164.71141676200062
66.02638389260362 224.3369595227514
217.75304475422212 142.73844787964944
55.23827498747719 205.41693255559537
162.9921520384962 32.34047324805028
239.71584899579395 144.89419493913903
101.32736413232921 110.94846557409102
223.54121663124226 28.533812232829774
159.3636413750671 11.826213894573195
20.691392870267443 248.54690389027482
36.57422956499812 190.0916603378601
159.93203620868886 207.74856090392643
4.830105773271836 101.13374054356494
2.3847559342272397 216.95254471212846
49.29888177664274 61.48924766879899
187.89262365539423 171.97022039004395
245.80182374813987 233.52749263761208
68.67859208841995 35.12492952227922
105.23947982649645 171.2109251233854
140.34429847775627 105.4262038211271
200.19172034249618 187.52482350243187
105.87787168348198 83.09165755316813
144.05044786706915 102.81219949549936
128.5501238837353 60.839705693242294
239.25396597835885 189.1911630367476
101.23669615862386 198.15825878499865
122.85434705451127 217.43615989501149
85.92259581636655 119.62645138432632
241.68325470607385 142.63568126482193
193.63533607296188 124.5546923025376
84.32611281655511 105.54649665319928
128.2717645886745 43.26819110051178
27.604539074977563 69.29953934204383
45.835971626687396 72.59062745308356
128.24788297215406 84.27352003266186
118.31977204658168 54.25796590597795
54.49672807430381 59.927096846085384
27.36535514831476 81.0030678804374
40.48820415352131 199.3184843758051
104.53622071368856 22.27933452757122
121.17264021503918 193.88474424541306
178.8518260886635 33.785903761886146
111.7728706231857 216.47902378484596
164.740178553882 216.03014033656842
81.4459602650854 239.2970032635246

216.2
34.4
144.1
206.5
216.2
103.2
1201
216.2
288.2
432.4
34.4
143.4
34.4
144.1
154.9
864.7
258.1
1201
258.1
600.5
960.8
260.3
600.5
77.4
172.1
432.4
68.8
17.2
86.0
108.1
324.3
108.1
51.6
432.4
1201
36.0
260.3
137.6
324.3
51.6
72.1
286.8
68.8
960.8
68.8
154.9
216.2
260.3
864.7
258.1
154.9
143.4
51.6
432.4
480.4
36.0
72.1
288.2
103.2
432.4
144.1
36.0
17.2
216.2

8.6 17.2 36.0 72.1
17.2 34.4 72.1 144.1
25.8 51.6 108.1 216.2
34.4 68.8 144.1 288.2
51.6 103.2 216.2 432.4
68.8 137.6 288.2 576.5
77.4 154.9 324.3 648.5
86.0 172.1 360.3 720.6
103.2 206.5 432.4 864.7
114.7 229.4 480.4 960.8
129.0 258.1 540.4 1080.9
143.4 286.8 600.5 1201.0

2 5 8 11
5 8 11 14
7 10 13 16
10 13 16 19
14 17 20 23
18 21 24 27
19 22 25 28
20 23 26 29
25 19 31 34
27 30 33 36
30 33 36 39
32 35 38 41

