64 3.0 0.0 1000.0 3 160 240 100

206.92997996281636 19.987128071686232
78.37102190352307 133.22550797751572
20.16770941849133 136.7634255628144
195.12361286632066 17.745904403591194
207.89113330225734 47.92252896709154
100.63441527981313 123.9299801298203
135.02754480474312 117.45205374242524
18.87403773104604 107.46077746425561
121.03140795332543 164.7313850854357
170.21602369793737 246.7991420993401
129.59027702377804 48.8178650854057
21.762436625672564 81.73762362468989
70.71615183354949 188.38019855078988
45.72662084900847 23.524619082728627
92.19077516398767 139.6265443899716
227.95657137377717 79.21613659887069
177.26702734149967 128.46239342424843
223.7475812890971 169.52709534178263
46.3031436210308 52.21422430904746
246.43295454291166 127.10034566126136
112.36432226970747 200.7651252814106
42.57619405698495 249.97186712468618
43.04822663717553 142.24151882631708
13.553677077984217 162.63420900792073
166.8959962633508 22.856703374934035
88.69880632007835 69.97198584228987
72.01566867022774 233.29777446393916
236.80015043142404 71.23575687312189
244.92841014936096 23.851185119679265
166.5613187713734 133.2412449574175
97.21153200803035 210.29008593781143
199.99026159075416 73.21129679663186
31.764327098465746 93.3995358007348
236.80796545851578 137.6174684709689
95.50459259254835 227.62038640961134
98.60636121140776 168.260693903514
111.76057039638435 104.2596584008132
72.5191019129778 22.891363396733006
92.05028789498212 193.3060677616654
3.785914994971884 141.13501167766145
163.1698050291717 131.12753798353197
91.77104581396459 161.6087933706355
26.889405320455307 204.48139213256314
239.76757952110978 152.15521479319048
146.886772097162 211.7281876277885
155.83602949940155 228.70678249845483
194.79947980099485 176.10548721788268
28.368709448340855 25.817134092814666
45.55290204323753 17.78963259403385
98.94398735213908 131.0719295438781
161.17425119537984 116.56223604673858
216.38373665454836 47.32950138895703
89.66220296983587 210.05385159361077
249.52403671956847 10.645110565264071
53.76131796165268 175.88462270146925
62.25444202918837 66.72792674609535
78.41539662593433 122.2294824172194
95.72571380019524 81.81273624523341
133.21896440984258 223.9311928188885
12.404556754726793 152.29592188680832
111.56965940946134 236.22063371138316
29.653797680084054 112.20115167956251
128.40618178633122 89.83190190194732
9.416247530913774 53.146257514034204

208.29293734284616 28.11042721726861
75.49262101261803 140.24679307727342
19.326126599352982 134.79955110300432
197.07433499063808 18.38392941327549
206.02287134707115 42.347576492648585
92.31893830681179 123.86367481299574
137.92640376033765 109.54143202648773
21.73727405661602 104.33870078749513
123.89580365257707 166.5357023641842
178.15260349745913 247.86096478401657
133.75513087762886 44.637736498113284
20.191725857331118 75.26571620665331
73.16251694524797 183.14049760027396
40.459155422282514 17.958096616182917
89.40235887891201 132.04291084528666
230.82903492658954 84.67568040977383
181.91626636284755 122.29499938149822
228.49494633260943 176.11650894085932
45.93166667875842 46.919501526548835
245.95037643943726 120.88444907962825
115.27032776969426 207.85120829556948
42.38585006954143 244.57334922073636
49.34352142337845 139.9621229041775
11.561697009069144 158.83979183176064
169.14903751362317 14.738248353312333
82.24651165431871 73.08863081713082
66.74743744230177 237.74737318251096
232.97586900016103 78.1323764706015
238.90071464710343 21.145941612543933
168.75553082346534 140.16950182876045
94.91309512918359 205.22388167949188
203.88443749695983 66.07122484968328
31.142088921677054 84.98977195888521
237.12731514681448 129.38779708024177
100.8924721160854 228.9589386375868
95.17336587742301 163.35409919151192
114.8580278099324 110.56071138833897
73.83249144948626 17.28090906089755
97.58082661568757 197.3414926929198
3.897482447739853 137.2131219984169
163.37957271416772 125.87609931017826
96.72303061249757 164.37809387850206
24.707829358943474 202.59532295055473
238.82309995310578 154.45863538132556
150.71919197357988 209.30202385010412
152.59676259695973 227.02919870536311
191.79343833193292 178.3621268230054
23.873992064545046 25.254040259678508
44.53917680910832 17.153752286778484
103.70350742445777 131.24752786982782
166.25981272847199 120.64325015980454
215.71733760135476 52.31050538269749
90.17210015105815 218.0221992410561
247.46677725255708 13.461870694661176
54.23509649629047 177.52281172590924
60.324347553412565 59.06630262516241
79.10063835469569 121.35230128608069
103.20457398116473 81.84813588558656
132.11017323994744 216.76527822078472
5.07587574433277 156.52728133992846
103.56505527772103 233.73546800659972
29.22270062067403 118.57259320768576
128.6748646534648 82.79391656574798
6.955600438336873 60.77601676537747

172.1
103.2
25.8
114.7
108.1
72.1
25.8
17.2
68.8
17.2
648.5
144.1
129.0
17.2
72.1
86.0
720.6
1201
540.4
480.4
72.1
68.8
103.2
144.1
129.0
72.1
206.5
103.2
286.8
17.2
288.2
36.0
172.1
143.4
172.1
286.8
1201
103.2
960.8
25.8
229.4
114.7
17.2
720.6
480.4
86.0
86.0
137.6
864.7
68.8
8.6
720.6
286.8
600.5
108.1
68.8
720.6
288.2
36.0
137.6
143.4
216.2
72.1
432.4

8.6 17.2 36.0 72.1
17.2 34.4 72.1 144.1
25.8 51.6 108.1 216.2
34.4 68.8 144.1 288.2
51.6 103.2 216.2 432.4
68.8 137.6 288.2 576.5
77.4 154.9 324.3 648.5
86.0 172.1 360.3 720.6
103.2 206.5 432.4 864.7
114.7 229.4 480.4 960.8
129.0 258.1 540.4 1080.9
143.4 286.8 600.5 1201.0

2 5 8 11
5 8 11 14
7 10 13 16
10 13 16 19
14 17 20 23
18 21 24 27
19 22 25 28
20 23 26 29
25 19 31 34
27 30 33 36
30 33 36 39
32 35 38 41

