64 3.0 0.0 1000.0 3 160 240 100

89.50933177091838 213.89677101979774
128.50402371476932 43.157434649754464
94.11585756853069 215.7381660361373
198.4527540866671 65.00963552071867
100.49685511316316 36.27247060140226
87.26298642013683 236.72466814805819
159.7228273332293 229.44249108352625
220.42335846331505 18.20224778015847
230.6827706324217 200.31725612743884
80.35007193113586 21.805057788781863
227.34199446135304 101.99359045538989
45.49696545735332 171.0344941176111
54.89084071929212 39.76378560607477
239.98175661425915 85.44579339379568
30.599454600642506 44.61421948776115
32.62908391172103 139.5478135689613
49.55928457070807 32.52738184673529
60.09448359803179 62.10742472357761
216.61325010705715 108.34214747877269
247.1903576271929 206.18304002013645
181.52202334052942 196.02214933848387
30.55349083135159 61.39706616080817
134.65807318849428 61.690966684076834
75.2520270118688 142.81934992505776
7.80356078510358 160.62872637691993
70.29836512322832 107.58014190781623
103.5112432157271 212.21729660415892
35.275495685052896 210.67662041909904
114.10618069763856 161.73364955493378
75.63286307113098 174.61445996667797
32.67554685133997 244.7016697573271
92.6485606613881 47.536630654214875
149.45138354028572 223.65408890073377
230.31484032086934 154.73245281557658
210.1853781421384 214.80097340259553
83.39568852326457 33.51684010448241
65.66069501304081 143.21049171057993
14.638275375494503 53.21917563518808
107.02295431341923 72.80541839902638
89.08350443542578 66.3304449561869
148.52625467486916 42.91103514948061
165.98401486722466 184.01554901027586
59.17949892245461 143.70208873330608
174.3949223697571 220.56520576511917
46.59878024827224 87.19955253099087
30.742331351822305 118.81537675577577
22.185489242022932 23.7172134397613
29.789766380872273 214.03614219704542
139.95316022507103 28.422109557436876
97.93257193022251 45.96954189846233
175.7106910035315 50.61618971112916
219.39546333922524 83.09516746122564
47.96648603532363 129.36524817421915
179.45781851366112 13.053111083086682
13.989049927301044 48.08094852644501
54.26579383347699 242.5619424204595
61.61925995035106 153.07773261694751
235.88835714815352 244.2501663023384
15.967661936861944 58.34842615486391
88.27630946351847 202.98967382016093
138.9777401653633 218.326570028464
37.43635214590776 221.150728128458
140.56362014262768 95.22391255414803
185.10124022149475 23.609782525512074

93.66846561357453 214.0889853998126
128.00207313886793 37.79235587644034
88.14592554428319 211.88367421291292
195.16104325233624 64.63986915422956
101.75950410927071 33.6248576846884
91.2839025946279 231.97970479550048
157.25339578874383 225.03683086593824
227.62795827714464 14.934032185385332
235.33121675938278 204.9269259128797
88.15145854770137 19.93610451315683
232.58695877685844 103.26951719273278
47.638865161722336 169.20677841011872
55.25654920343903 43.408533749513396
235.9889887443113 82.41550405991632
26.298807658007295 42.074522169368464
35.741332559208416 132.03647957537916
51.34955997274743 25.421835868360915
63.24579049357762 55.98775911219822
216.50639621653795 106.44087705653068
243.56328285312637 204.25158096456116
179.8472178461615 201.34484299172684
24.013819573290323 59.08245153589631
139.18137493330252 61.67338710978756
71.70784487699378 135.9869675438993
14.575513680830987 165.47996866070582
63.92839497763436 107.19593235783506
107.67654135272522 217.17373422615677
35.03743558573086 216.35517260789135
116.9013191636343 153.93277406894043
80.96141357553405 176.6352313003882
32.58731515560959 244.87323252697152
96.07748349676926 53.03683055791114
155.7827759791411 218.30609527150185
230.59981809667485 158.72900041639443
212.08816659309096 220.75225051968295
81.83325263477207 36.577557855409005
60.693548784168634 146.2346647980264
10.066632455401404 46.995963738121645
99.36173737175297 74.45816891302664
89.71883833492733 58.33501690957377
148.36732975922493 37.84802315895489
167.5914124122316 185.83365624660235
53.27318398777581 149.31372091846762
170.5431975723817 217.97120707518263
46.140889071087905 78.99606454923239
27.070501706664807 116.02428093032024
21.715920939133937 28.962456022958715
34.39400280455582 207.8113480755765
143.4263766133969 29.83796340496364
104.03418021980393 50.97756235949325
178.3904901203619 54.89980040752126
217.35584376745746 81.80749077137838
42.651199772634655 124.97003635494735
182.12483695090876 8.211606458269156
13.793733677744168 43.20325985326842
58.14810880136342 247.07676823175356
58.69097848141131 155.7718733435431
230.13272713582356 244.85474212253575
20.30954540485494 54.52332348783398
85.07432165128007 208.600555854399
131.92433957088954 219.86760166988444
36.870467043740334 222.0218179301711
136.71827281353717 101.35988729257852
191.6742346661487 26.30307236077764

720.6
77.4
17.2
34.4
72.1
720.6
103.2
34.4
114.7
432.4
77.4
25.8
1080.9
576.5
25.8
172.1
103.2
77.4
144.1
288.2
34.4
72.1
288.2
286.8
540.4
480.4
68.8
286.8
216.2
129.0
206.5
540.4
103.2
34.4
216.2
36.0
576.5
86.0
258.1
432.4
68.8
1080.9
258.1
288.2
103.2
129.0
36.0
1080.9
288.2
77.4
36.0
260.3
324.3
72.1
103.2
108.1
72.1
72.1
432.4
1080.9
143.4
288.2
51.6
258.1

8.6 17.2 36.0 72.1
17.2 34.4 72.1 144.1
25.8 51.6 108.1 216.2
34.4 68.8 144.1 288.2
51.6 103.2 216.2 432.4
68.8 137.6 288.2 576.5
77.4 154.9 324.3 648.5
86.0 172.1 360.3 720.6
103.2 206.5 432.4 864.7
114.7 229.4 480.4 960.8
129.0 258.1 540.4 1080.9
143.4 286.8 600.5 1201.0

2 5 8 11
5 8 11 14
7 10 13 16
10 13 16 19
14 17 20 23
18 21 24 27
19 22 25 28
20 23 26 29
25 19 31 34
27 30 33 36
30 33 36 39
32 35 38 41

