64 3.0 0.0 1000.0 3 160 240 100

202.68642346124062 138.59377281842475
211.90920926935027 47.969144434838576
47.42954395205445 172.39860206723935
129.18381030243702 4.8335665263525565
209.13908299051988 40.700794523517295
221.51388647184615 74.33248202159038
159.1736891716628 6.6957700616760985
34.236188831866826 118.77850465636331
220.8457284146656 173.23950102863267
209.96994103911754 248.30161814682296
15.655278715115879 184.9589298271757
220.1159964372139 3.676568401351832
88.47340744277248 214.86032912798188
79.6254592603598 70.62606896309478
56.94489972819519 10.926283609493659
54.022563971986074 236.1772010278069
217.83645223362032 86.45881761425441
171.5232117736338 110.72359522056516
30.161140610662997 45.32765863360305
87.52797763125217 65.67266916149944
44.015800872857255 157.5872908340289
89.3502034702813 149.35076500181995
103.98645855924865 4.106912642792032
78.70420782415849 107.99894163684255
73.11259310559315 15.363068941545599
76.3492011668104 102.08502409905506
10.393783817897074 44.06695423983903
108.60680584954743 200.40290283584878
123.77492140343233 201.44617068527648
128.9849285848287 226.77727352958425
36.72662629821835 5.385520084381285
192.0430002968901 7.989431303570354
141.0210269124102 116.80867384540966
211.35923073204611 94.29693733740064
72.16528957404597 141.7744668761559
23.581284272941733 144.0875327374035
94.19398708062305 143.11861899164825
222.16953276162474 226.31655275951022
93.88746796933705 105.25175725599492
91.10415787195969 98.86766982934245
159.8144179196646 22.427082571311708
87.39064107905902 118.70061535805462
59.35107322665639 220.6818146511872
121.03181909816102 17.470257197325896
241.33987572968834 89.71421868859473
142.14609879254812 3.5134667417437426
82.0391482349703 111.29192367048934
67.86941551272238 20.958266166731022
248.1452056278441 167.6568738281873
46.64249651198507 89.99610549660497
228.94347471813776 19.890090924398944
68.2136053878008 58.53946670965998
38.68348621207815 154.5432715503818
199.96134551422753 232.40027507468594
137.43515282068648 175.61500866508257
216.05332274176166 240.77415072834614
117.23427235264857 92.28207097735577
108.71088515056712 229.05904981129729
96.80921396098302 245.8858995019128
103.32450974703913 133.88140390502426
190.2698861790955 242.2804533105631
194.80053797129528 138.7644221151579
180.26693470853073 130.78179771911718
58.49492951410598 119.26558695956679

200.09225971542756 133.175671605647
205.7978110599678 50.686361825782875
42.54785037902728 176.7453836950166
128.0783376689615 8.628761873587576
213.6939707538332 46.3683176868902
228.8728431549525 77.61554286162412
161.23061933157962 4.682520659844758
38.729918660067085 124.56539322727944
227.18079115390626 174.22608650697282
211.325198943892 247.9801468495282
9.740391222479383 189.58491460774115
217.09023247108485 7.27380268413011
88.30747917991799 220.57924196369356
82.22071871656647 70.93397611615663
60.513742761823444 9.990764993297956
55.96355922608043 238.19703706559366
223.1517767974554 84.90669704380113
167.0357117666632 117.24003461531548
31.80558059844904 49.06531130511821
83.76186585060988 63.622598772148905
50.090298268566094 152.85621472047293
82.80777970901057 154.22541219318026
103.15599671983044 10.344932613929519
85.84785867219364 105.25548773363883
75.77633606350167 13.701615325056121
75.21946081779882 95.05511558453367
6.086305464949343 43.49258171763451
104.99967282026124 201.40728547626378
127.59766877835283 195.3566423862756
128.89410638751386 228.14531116188707
33.81057910052149 4.931384810794609
193.1899714098318 0.24144400740805372
139.21804477419633 122.53748859930563
209.3962112920225 94.32158755909114
72.39105872283197 149.96133176741
20.266259116936858 143.1309500744144
87.48201301623915 142.95583988333593
215.36889245574477 221.70369361544064
90.76249090019395 104.15312597131063
94.12476750704174 96.13216934610975
152.9414097475414 24.207708155921715
83.64079952389424 115.26035033106078
59.375279573924686 218.66555604020652
129.16411152223745 18.440037960572948
235.2413990270691 84.16188511995593
143.99380648283864 8.371097849626864
74.38974792503409 113.1920121420861
69.74717024623028 27.54383675134317
245.35913053893952 163.48662242980654
53.20772991907843 86.88950395979874
226.3503663924324 27.388262217634075
65.300725212498 58.15823764889769
42.3704306712471 154.19487065703635
202.4921103130109 237.67432395751808
132.93815802860524 170.2693404712768
222.05501344094748 244.55417976903473
118.2073357450012 94.4997512246162
111.60331670584661 233.26799328840386
101.97225376881974 242.40146846914894
100.94666064186549 126.58971840801644
186.4932598749253 234.78784178052368
197.50392881238275 142.3751772834642
179.36167733512588 133.2992795457953
52.61538062535801 113.62716002686754

216.2
108.1
286.8
216.2
25.8
154.9
432.4
216.2
229.4
324.3
68.8
72.1
68.8
216.2
86.0
51.6
288.2
34.4
143.4
258.1
258.1
51.6
34.4
432.4
144.1
34.4
258.1
1201
17.2
576.5
144.1
144.1
216.2
216.2
648.5
864.7
432.4
576.5
576.5
86.0
286.8
432.4
154.9
154.9
576.5
258.1
324.3
77.4
129.0
432.4
206.5
34.4
172.1
216.2
86.0
51.6
144.1
129.0
432.4
154.9
129.0
172.1
229.4
36.0

8.6 17.2 36.0 72.1
17.2 34.4 72.1 144.1
25.8 51.6 108.1 216.2
34.4 68.8 144.1 288.2
51.6 103.2 216.2 432.4
68.8 137.6 288.2 576.5
77.4 154.9 324.3 648.5
86.0 172.1 360.3 720.6
103.2 206.5 432.4 864.7
114.7 229.4 480.4 960.8
129.0 258.1 540.4 1080.9
143.4 286.8 600.5 1201.0

2 5 8 11
5 8 11 14
7 10 13 16
10 13 16 19
14 17 20 23
18 21 24 27
19 22 25 28
20 23 26 29
25 19 31 34
27 30 33 36
30 33 36 39
32 35 38 41

