64 3.0 0.0 1000.0 3 160 240 100

99.56579918025018 151.3008773476627
246.74977146738442 229.10228469472432
228.30067020640774 188.84900008757518
221.31097997583464 55.465081139732085
163.41210362040383 131.00616500795374
32.69562191791689 199.8085718270196
239.12037315253053 248.81680589319856
23.284468879925218 9.325031208868934
75.1712685605147 201.0885000957065
169.99192985541237 77.39504100677946
65.97661183621179 134.77598517189577
242.19977181062384 177.94439797553918
137.92798666895914 166.26410465320066
22.417290756045148 20.593002434042717
54.38144799286057 123.2125692169845
2.61505478760618 184.07667442523385
200.3937851225108 190.2140491758899
27.158885207062916 220.68981165907044
145.536642824296 154.91849844599724
77.94186548517631 130.45267959550733
182.1135111786546 6.551925269465741
69.44662118117536 206.68289636637752
140.2052466082232 93.2789345926382
126.93901899859623 214.13336617055884
165.28988142416495 224.85182627153534
125.5629558286723 114.57186730362662
53.2326963233358 213.18303526442352
164.99534117017177 144.37767715981147
221.07116345535567 182.69904249195818
49.66795424098225 245.41520085816205
113.13772702921868 212.2325535315107
195.8698935890436 237.42150474368466
183.50087556720635 40.19740678833394
76.32600188051347 81.40938669450726
249.30240924517588 100.77028113915884
113.38619904578631 133.7767766886798
12.320702880556366 38.1654235902206
45.859616940055304 43.211730675458774
171.0143199765567 168.87892895106071
129.8373856891757 181.7406921476624
86.8330203142847 149.35982194602187
198.8752532807353 30.72435375445501
32.34049667998995 225.9995125618811
245.7063830379609 11.49457148431346
108.38946327442837 140.31160998115385
235.54303793792383 202.29577833131847
187.47332520235432 51.59867970038825
104.76016266204627 232.9415096303981
121.08363780039788 98.40473741587097
187.63746643023757 136.7695772058197
141.1393322142704 182.12211933423316
52.26242996852745 179.07347898353862
164.8104044151158 92.63978578767168
160.09463142047665 33.1017963435756
229.0075908390914 14.374193970538073
149.50137571125592 176.24688923762525
97.72610459273804 52.89641006051671
41.76374491598162 71.91330068014223
56.126409208114765 156.13654164482392
40.88885670111994 119.42286587143772
71.14402452673593 27.97881682268266
11.785603144871898 122.4886763572157
228.15228028018606 92.85809743468238
176.3605264947041 67.91849552645549

102.82804139015767 149.11992146738461
248.01805670905236 224.56757179792206
220.9507606911111 186.70411787739764
223.30082629675488 61.94057468696298
166.69598967846915 127.45827556580039
28.917110058724106 204.6927105274137
241.0608778559149 241.20595668227978
25.569346338542076 2.9416123751575265
70.18108501772765 195.83569021394922
172.05410698458005 78.28955613103014
69.69014249165761 139.6107031568826
249.21993769729394 174.77034820113263
135.9555283632712 160.6666021262576
19.014490483906826 14.929858930494005
60.57039567353445 119.58920500951709
3.3359411101884504 191.84858838857235
204.19188992146678 190.54291142848695
24.806256106027963 215.4130317075962
145.3974654011566 147.398727297309
71.72009140834341 127.76806400992677
187.2900367174017 1.7738290527148926
73.79761535356072 209.67317446793558
142.48609845491097 94.88001884900373
130.36634910275768 221.5710579326309
163.97015444611395 228.44264382725518
128.34583043688164 115.89328800855883
49.18213440906552 212.7464450358645
166.98854041879815 146.10141094759234
219.25447295200112 188.93060321315699
42.34198812939935 242.74172750950797
110.68761938691979 215.08854716200716
199.8735652817888 236.66162324167678
185.03755543140227 33.80615588093214
68.13543138035152 81.69669454010403
248.10690344231284 95.05834682295757
116.35865581067593 134.77553694703715
10.19473816370281 36.30517863683891
49.92568194274363 44.80399320086284
174.29315971904734 166.17373945941154
134.49472377357733 181.25032347392664
85.36919142469118 150.0404003893821
203.9605815291895 32.51611711528169
30.186253479379697 222.2030304666451
244.52028553510377 7.4413489680407725
105.58183048930883 133.72207282319482
231.66366762342568 201.17448748797665
184.90892774709982 46.079410031165864
103.17809171501239 238.06439856114002
123.74776597175374 98.06981047832366
189.2347108726339 140.12509083313182
135.61196958834643 185.25337923249987
52.69373959560139 181.77344441593786
168.13414104763322 99.76630678651041
161.02438941871472 31.521907787374403
233.40765955335232 20.973942950721636
154.87928480088758 181.51427635470608
98.78070308114614 51.49243726736113
37.90593527387659 66.06198169278554
64.01254005379099 154.2857482028403
44.234101304812704 117.09625815471699
70.24438815352782 32.20047363664308
11.248091580982889 130.6502894541354
225.16148367570406 85.57187229185182
178.76769183646394 66.32115044017581

229.4
36.0
216.2
143.4
144.1
103.2
324.3
25.8
216.2
1201
206.5
258.1
260.3
216.2
17.2
288.2
432.4
114.7
137.6
17.2
576.5
540.4
129.0
1080.9
154.9
77.4
324.3
36.0
432.4
432.4
432.4
648.5
144.1
129.0
864.7
72.1
68.8
154.9
206.5
216.2
129.0
72.1
17.2
324.3
129.0
72.1
108.1
206.5
17.2
229.4
17.2
144.1
72.1
68.8
216.2
34.4
51.6
17.2
36.0
103.2
72.1
8.6
86.0
960.8

8.6 17.2 36.0 72.1
17.2 34.4 72.1 144.1
25.8 51.6 108.1 216.2
34.4 68.8 144.1 288.2
51.6 103.2 216.2 432.4
68.8 137.6 288.2 576.5
77.4 154.9 324.3 648.5
86.0 172.1 360.3 720.6
103.2 206.5 432.4 864.7
114.7 229.4 480.4 960.8
129.0 258.1 540.4 1080.9
143.4 286.8 600.5 1201.0

2 5 8 11
5 8 11 14
7 10 13 16
10 13 16 19
14 17 20 23
18 21 24 27
19 22 25 28
20 23 26 29
25 19 31 34
27 30 33 36
30 33 36 39
32 35 38 41

