64 3.0 0.0 1000.0 3 160 240 100

44.571632773178685 41.31902562654566
133.69149924470835 214.34339695196437
188.39562651870725 146.4248392006379
98.93696446571487 43.000616652892425
128.8451015378101 72.85976387649465
229.7649941182678 23.516767764298674
158.15391399375167 238.3039787099745
142.07623305005302 118.8957511690902
108.93096303029834 31.334576248450595
58.42473081868629 134.19977224385173
203.5556347454557 170.36503745535774
212.02790818469722 42.54745043423871
199.85864227917614 108.44800329411063
22.316318904131936 198.61376201431793
48.76310629136246 65.78889431961396
224.42630988502174 91.26670143268697
53.66161303264999 170.5768315138208
128.89321609362378 183.1381082560212
78.28217968080817 21.76462195768486
90.84973365483309 240.87384826972868
154.42364920646483 162.83607992079948
65.36148894276583 90.74110383774497
184.11999706336337 52.12736216827807
43.443387309176515 173.84361428229002
232.36382109023816 61.703713328407076
130.44087119735812 151.54509697468464
211.12038587173288 166.24309488588
12.306510486852162 246.47702878032513
128.57606927938113 43.75036688928019
196.2922017280195 210.58752066215965
16.406962691263878 146.88308613562913
70.72119163448087 56.99239188387018
133.30183858158512 140.4179573339861
137.11442056802488 129.25843632567592
90.55628222345769 22.328767346275203
109.9689193807985 177.94184087083642
71.64956998216135 186.97663216432653
239.02335794721432 141.25683597755824
140.23540586675966 114.67147394905952
12.558344942864563 227.54204795261586
57.56290194354122 161.66520108807669
212.92430992899 160.11068354546208
215.94258297906484 227.01860357443732
50.680855052112314 36.22213188437276
245.8442514656461 36.935856303640186
204.17324763152706 226.3777571157069
205.3199856620508 32.06058496389211
224.42223466668938 64.18065685513113
205.28887554001165 206.26270643975138
93.70728288003843 157.50929041959466
132.44349819561754 151.967133446595
246.34604031431772 173.3009193313228
85.19584600310831 229.2817889603171
231.47948634797302 164.25216325273544
11.279565737207648 72.01065792114919
75.71347447331145 212.18075662905204
39.29472780766091 11.980506475417263
77.33314952781123 32.426908094737946
14.587457554477822 8.746383058779644
95.97130170296609 156.66608537291407
96.55613486954104 218.89900660593634
223.39601115970476 187.7805505953887
150.81840631969482 42.61042705360865
184.62020971792592 72.09519584999485

45.79896039416767 36.67171368347055
133.46525364673386 211.46295105891102
181.39126978731517 142.77534829559264
94.42507213592977 43.042163658882274
132.68742630705282 69.76492288281442
226.57378294195772 20.88161954454809
162.77294983416385 241.06838139928902
142.79100095356145 118.52352224179674
111.80854311697905 23.915463334768628
61.7209151715758 134.26344245723956
200.11167891355166 169.9681105574553
209.87196805935602 43.187030031105714
206.81842204874323 112.01731410524928
16.05856501968003 204.00762527219672
54.47580186756884 62.14594256780007
220.59771166212838 91.02115592711762
49.12913882661485 169.11676206058797
135.17514026991097 182.2160897194205
74.64711120025844 24.243045046112076
92.05442001108507 233.3840357277762
161.25798208087906 158.82261665518064
72.09098673054874 95.10850558118436
177.04871831955407 53.26946161376672
41.14157535110194 179.6604113243417
232.92030783690302 56.0802503685123
122.6112082914915 151.59928723913748
206.36306478031668 168.04343224994807
16.21743409058199 242.59773455071272
127.3851700598006 46.36119367030175
191.94711714317654 213.2837035836344
14.870793031275308 144.8925074170948
68.56354522513745 54.118407786120706
131.12778016203117 141.75871413030973
130.35476172553678 133.91359950354519
94.35250788687549 25.312299954016403
107.2864133319309 184.0058692306815
64.964548959456 183.25600764288146
236.88279836196858 143.16053641432012
138.20878938918472 107.42044529156561
9.676518964548714 223.63088443399346
59.639964087044525 163.68008723052014
212.25027933635127 155.8333433770305
213.3117439562839 232.0787603299478
49.46524521961468 29.592712204794342
249.61251507902378 41.10741957831377
198.71925267035263 231.3569522828583
212.74502032238345 33.41716345568246
225.30950724473567 58.90415258194215
204.4830564102336 206.77875858039886
101.48810256247934 155.37368266992206
135.65155305527904 157.62019962742468
246.28555394532358 173.22107219978807
81.01584420855238 235.8368202030293
238.69283588276585 166.75197943877336
18.371354367298835 75.49284609686299
77.65700721107119 214.3875280090368
41.10978413761202 18.913885916137602
82.65663044129745 26.834059701114242
8.969838148532027 4.707427855408786
101.80504306676546 156.40087989539862
103.67857352736831 214.59167955461845
222.80627816347445 183.93476022245517
156.80514417632293 45.69417176692714
181.2612197892993 66.97417781839776

36.0
1201
144.1
77.4
172.1
36.0
1201
72.1
432.4
17.2
540.4
216.2
72.1
144.1
72.1
229.4
114.7
480.4
216.2
103.2
480.4
34.4
17.2
432.4
648.5
68.8
144.1
36.0
600.5
144.1
144.1
576.5
258.1
103.2
51.6
144.1
154.9
72.1
864.7
68.8
129.0
77.4
51.6
288.2
137.6
137.6
648.5
960.8
1201
51.6
600.5
1201
34.4
432.4
600.5
960.8
34.4
114.7
36.0
1201
648.5
137.6
51.6
288.2

8.6 17.2 36.0 72.1
17.2 34.4 72.1 144.1
25.8 51.6 108.1 216.2
34.4 68.8 144.1 288.2
51.6 103.2 216.2 432.4
68.8 137.6 288.2 576.5
77.4 154.9 324.3 648.5
86.0 172.1 360.3 720.6
103.2 206.5 432.4 864.7
114.7 229.4 480.4 960.8
129.0 258.1 540.4 1080.9
143.4 286.8 600.5 1201.0

2 5 8 11
5 8 11 14
7 10 13 16
10 13 16 19
14 17 20 23
18 21 24 27
19 22 25 28
20 23 26 29
25 19 31 34
27 30 33 36
30 33 36 39
32 35 38 41

