512 3.0 0.0 1000.0 3 3 160 240 100

49.9077686900265 90.86329582370567
64.59777926647833 214.32252032990306
84.75984359984557 249.76034953869205
179.73980350788491 181.179839875576
0.03233919903936067 111.40195984503887
22.550008503903594 201.59435104953278
225.71872895910118 84.78380098590746
175.65462296554017 149.7218751033846
168.97808057063895 167.52046770205496
69.17098365368868 236.64226572779268
222.04936931619025 24.794971593183725
240.4351920324678 65.9341048168357
1.4032427411848625 71.22001145514187
89.87979745967428 71.44817189041727
104.36188195107013 120.38560200119514
91.48505395266731 90.59845327678043
144.2894159125406 216.08027266764373
101.99854397761096 228.46933181688843
191.07681225588962 189.96710676772932
123.17126538715517 134.8723744242071
194.3139122134329 220.94606207138486
20.051126412329978 120.2366759322063
193.88950875562364 23.066845910563462
130.8013895743603 208.2163970130703
70.4796811067305 48.30299811485031
209.36689223012326 85.45309118192054
213.4060032780622 62.93806244580616
91.43011187120706 8.274954124442486
4.1029235833426325 121.49628674370183
55.66064208108196 121.18417184679673
154.46794622476858 175.2638825972337
218.7269456787631 117.7274200167734
205.35881627947848 238.39203353015336
174.00889380028485 190.04641457264282
221.68738009734847 176.14783808760384
29.798177655880025 192.88325813727846
68.9002982024664 164.6043299581673
30.498654003278308 139.76198669346726
144.14252586923928 245.98205001444651
21.992619961185124 86.0615936783129
194.9633321692509 173.4816912554769
207.99294228633084 80.5323561813643
85.93128640421219 205.9402607480758
213.7294375067125 170.52704202788664
144.4318982573996 162.51844216962178
7.912799887865973 178.46174994407676
230.07820292877997 182.29172456046842
217.1177392672843 140.55980643353405
192.55901483888158 113.76748465912917
3.341793288378081 107.31390841544655
133.26987325238446 9.198138400271617
48.72550225282279 112.18626082933308
75.0809517429514 4.755559515549567
230.63552262581058 72.68252586169748
145.4263852957912 234.70286770779964
182.5678419691713 160.256354228996
8.152325715125613 58.536797304440505
220.860494793626 212.8876368459807
69.84933797730369 182.69340592556546
121.83988006966823 126.4680642160777
203.55422161015358 27.254303222963127
13.725019747078292 53.38398503392081
184.747521106373 90.1842800195053
171.63087962771428 164.27697709411652
248.45477311287917 228.77803816746854
131.55879040672312 190.28665512567085
207.89755524800103 159.79005508476047
170.49141356786615 168.31827354880906
42.824319875101104 74.62303952841611
76.00554463824218 197.7679084408499
223.25768791091664 64.86027192885915
46.171910153920166 216.37042113592918
240.2456334368253 47.281409209427196
125.37472396549288 87.43171600710711
100.07515495988109 235.02351270527015
178.6699752970397 213.86262670160602
39.773263841035686 122.39372114542476
240.76036963708168 213.79591176946818
18.67335342803103 38.06386587560742
46.755425333502885 197.2264246519866
71.34519274302254 118.37446016617392
64.25170190153045 124.51473421205245
146.77798615258845 163.1219041577874
37.83064370058217 189.33356272282995
37.22702197737618 189.4977104247784
149.19324442529944 202.51021647979258
119.16080800934355 101.60377914174987
46.667314875875746 242.7739048589051
164.5267053306978 170.06939405588506
29.06197865885382 211.3362151142798
234.00468528165888 236.45538483741421
143.99323475840436 151.440519903516
180.12683636689903 21.98535034172469
213.49529903899062 10.590254712897707
160.28573313714853 169.4746945582348
134.69007102790155 248.63822104274854
18.465998782085798 103.9999024678103
193.6568992988297 39.278727694626035
122.9942246117785 156.20673286666127
238.59662285401507 76.3777134623079
227.9044570577629 53.38530683225046
65.05145646778637 92.25188616052709
27.668539062563863 185.62843216297338
103.95302915655249 75.48143914935251
209.35351274696833 68.11627684234942
218.1548424296621 247.41688727435363
218.5190195696332 157.3645256840464
84.72662324112565 209.0205455069012
162.83674962346217 109.12498803630216
99.64899661671814 245.56814835850787
9.707458534245344 177.83568800441014
44.64385038493848 239.6945427568623
57.01075245799933 243.0258500698929
104.76594086729055 238.66005598137528
98.57683703928727 159.9198056221786
115.70831198299663 20.91553144177105
49.038074290955194 6.211632651537652
156.189431201843 189.21174882710233
87.82544566092623 197.04211018172958
138.33624626525096 46.5122987511751
47.017110992305014 68.49592297573997
103.4054242025402 249.1606331323476
55.056786496572975 199.69961033341514
65.86219238656967 197.21741120048634
2.234016123566218 5.754404435996813
195.45768616174232 94.20743098139678
141.07366921568382 211.732885289138
82.92810488155101 207.13739045073808
211.7994011904821 113.9929172622376
134.55650989898524 3.508763746861432
41.511931056849555 88.03774165538297
67.99114813747764 20.120624057680807
190.98837397058236 58.51717212041837
203.90306234603452 27.168518279068408
224.20711942757944 179.7740081357335
6.15601548875877 135.2951477556047
29.2490471485832 108.72315487362482
168.2472578249266 106.19022856635691
100.47950284977819 40.97374898261899
139.36461145545164 69.16999119731166
150.37258531010795 30.748836150987085
8.210865939800138 46.95778529192274
95.65894103011414 86.05398949965284
172.23668875400975 63.70054012702472
178.75098968597777 40.197483094043555
37.750106595824256 34.19873163329054
64.99618960454309 58.66198961638841
217.35854604405299 99.4378921256797
36.254572495276555 79.99604416504883
105.86025765022272 90.98935530854268
32.61264524939148 90.19102521018787
117.06986131713116 52.683838677576674
30.706976333636447 50.79641632570914
154.97946812559135 72.48381519152328
63.02516439378172 162.0223521420514
73.15004564595482 190.19871122375693
100.08868628189715 12.550081514695776
146.3760263236619 158.65109949243538
121.71239037589068 185.61694158240533
19.64135291132374 11.696138452007343
50.12440055131409 81.2105980567305
75.2555005600799 200.227986435061
212.67272750483895 86.9139756387122
23.847308395224783 147.93702937154862
235.60023482859842 126.6558154453791
54.99028750301832 29.975412712132442
160.4557921251117 4.897723441309454
216.8497808295695 217.36932020056918
203.05093347329728 87.49204763461826
184.28389794685648 168.4070317493388
168.22864964525215 17.492551718450184
145.89399174448292 107.31726475137901
114.26084043749368 50.52081640244274
97.61587715169276 93.14098298861347
152.81455617479114 193.6014506708919
191.83132121087456 62.44896062220045
86.75583679959966 194.5717600464226
147.17194340126534 59.03400921819729
126.34478526742357 206.10258826009272
94.8680186547129 215.87817641162846
245.2531988284214 23.910123651618516
184.3262103457026 140.92868598193783
213.51711710911206 18.22151671740005
160.1358277128512 169.08073266672574
86.09429769909654 125.95009437160195
58.07186974489142 11.167093508998027
94.57113422885955 142.16993378799654
102.78517418621786 184.07944201699874
125.53645812473945 107.9045380620333
114.13446050817727 191.0424184556631
186.74384532302955 172.35975188389617
236.67977478306892 127.79848246659468
106.12901645702216 7.578212579997801
17.702732784816515 85.93760730970232
150.45252085076325 70.88492819331779
125.0379061677968 249.91757310782882
81.10321752166094 196.37752660232053
139.95593853425382 122.97532990918722
52.72340044101556 126.68895630100837
90.99040553826427 70.07128234885191
43.34177882477333 185.13314035067884
28.02264262470003 58.44398939484155
167.10505082863185 229.80266459626188
88.53423860232904 241.19277147146178
205.61305149016886 27.73057234466511
131.19362734157193 9.933324407527532
171.0819904345953 155.14746287563113
241.27792093070383 92.15020657279216
176.8864947645558 112.41528072767065
69.21777317038375 27.76120585269351
4.563693056408691 114.10084197199937
173.4967769782558 75.9484264607439
179.08301266921043 240.44723777381338
226.99281668732226 33.42772554553064
111.60127074968266 33.89806463360922
226.14253619495986 128.22638526096583
58.84074215633678 140.49802885474324
223.1865896948459 168.05550537788938
33.020508110749525 199.21057557713686
105.39532457819512 130.3136727911163
34.35586937751223 154.2250459428566
55.7402079287706 52.694460553076695
166.47265529261844 22.16958065807831
53.20944015075227 130.09771727905456
90.55164167232304 199.18616929261856
132.32569696943983 146.60610540677962
146.06229695994372 45.09614804070045
245.7079630796 185.91962368460858
125.36464881887451 103.91664487684385
131.8203140673333 141.07734826154734
238.02879155500818 19.293925717782713
93.47582868326073 156.047410090878
103.8079758349183 112.28767359310629
194.6377628253378 159.46642812702933
184.19024377512284 60.75197158925119
203.38393401945265 97.48880536434487
19.131580032223898 17.253771377892914
82.9765398054273 140.770079732292
191.72714012436654 109.51617967560479
96.0525705016478 222.5917712642048
218.32530648474113 66.64360287770343
145.16370433540823 138.9683952231016
96.71451582182858 161.65364755808372
188.74811500239957 25.476311919682608
231.0882859319317 192.52968765960028
170.4188724285058 186.2263173768049
33.418725357920785 138.95537472622598
173.37465154628217 239.54093016954178
175.45743321742736 228.12842900431247
191.34395866318218 221.7577801819252
211.2133192785356 196.66375444223075
151.1933453000061 119.40583240861335
45.16551888385731 183.2513020006766
80.07421177651334 200.05862399210454
58.90104987694822 200.94168449907818
97.72045900384185 81.60407718503143
85.80288984163187 33.027812985245845
137.39532772873494 212.13349654567267
13.815523845382815 82.13734505417075
176.03936719760347 74.22110184639338
232.78681698502115 185.6231858256911
106.63830914391498 76.7866184271892
193.3170368461385 184.2078335950169
24.511351366967997 41.13196451889279
64.67171564410121 0.5938959225536
204.4070199587181 43.648900127059854
175.12542082990018 92.18130159021229
158.1635538600951 149.425410068195
90.98646515621573 86.61835929436961
148.65086468774223 59.71685109671998
26.318463248929973 245.34905309863782
70.60603649481487 180.87139240016847
123.63361967470341 74.58041820791908
60.3089103356442 147.79918309030043
218.22064997523702 32.95837963012718
190.37348531311264 44.870065761009855
2.140723233703623 127.04739183754862
42.341167648956066 154.1522653051914
65.54414422831475 118.03580750447642
71.60083011967485 38.594984374703266
209.90784915557177 83.61722942320185
180.40123250358812 8.321395007194726
239.79869457643164 159.47816370359055
238.06255674154045 1.430489520099304
199.64563109160412 109.9628255776658
197.7498950852053 62.72533915410902
90.00294340189954 212.2358413279768
130.30831837203078 15.659417196548592
62.152797713916016 72.98888218237012
56.30127097253745 16.54958877464216
103.19534266597574 128.85873634562327
96.71170274758612 174.84091250182973
88.17876985729362 29.90469872112905
218.3558009004559 117.17823367875404
241.81435618259349 180.23863234071771
42.7071682279187 72.10259694148944
119.01448537116794 22.646799994267692
83.44741322551874 50.55360845079313
88.480124367393 126.73783287994664
103.34712220942424 0.6274490994269133
3.200418747625805 62.0383624017739
175.14775138702078 128.0321707269196
226.68279494798946 116.39649904981437
235.327568482709 145.75133061573223
172.89845630013212 16.77373857470943
234.96201785777657 182.0641860451222
145.7136992305775 69.16747124956551
84.33082439490883 12.795065195703476
245.01501161071292 232.79534097136528
173.163331801841 22.6593391076903
152.75509192682537 81.29675647719262
164.34359815812084 184.25422266314754
82.05174041880584 135.2167738233222
93.28485915476625 108.60721328943043
73.03012830136282 0.719388766350415
114.64049861018702 8.364214419906396
126.50724385025708 196.616777282611
97.0805757104498 131.7144056507522
100.88312828875092 137.18322738137337
135.81910733315016 226.72845057811801
16.69991663020648 180.46233254359674
59.03754003076828 214.04994305228146
193.0053053561552 98.3758403087179
205.4615525209073 58.009315004425524
211.70392094008008 14.698069964749289
79.77671489196797 170.86451762441644
205.30374222283544 112.91355997334865
104.19686731486763 222.98053833118382
84.37120046020452 156.62821198457883
177.99969701824313 114.11145923915927
17.444177725332604 134.8722683537545
75.4256368863222 33.72698149412187
129.98604219267955 69.25872635566091
4.686409582105588 16.76045040202509
40.71380548677222 32.81340462242463
72.21034560453396 137.93154330535833
119.864385124679 114.80097133398345
249.16171072003283 108.31422740476398
108.50596584778796 132.04638709355342
240.69398480592574 92.99153818089889
58.85691061184842 154.06959732486726
104.57731139902532 34.09267670927285
26.232319886574345 45.17687127066425
218.34808625873484 222.2871725085222
8.626873024630722 130.36937871916106
141.5002670396845 44.44636838815885
148.03984655453425 8.74506529884761
107.59106549484937 228.9256777192176
111.29858607307264 154.38636244567698
115.4902447675085 238.95487626105253
43.47792033450093 172.72877278044382
131.14935019202295 65.73055790950153
19.147479945263253 38.36728514772031
8.409388390930307 184.1114176470206
63.203182743896384 247.32446186261913
213.64853566730565 192.4307155265866
103.42444140117843 17.554653582319833
74.71551134087609 46.0479537974689
129.52920437526106 149.82415016613157
40.25811645617253 215.7369797262974
59.97689992890157 158.38599195128512
155.3451996991727 30.468055497564873
169.33514659652653 109.59143972043164
53.353396193195344 182.47774327054742
148.1040207566301 46.20618104351182
5.340034121265186 8.14690476293145
111.67235540286222 209.41096305788716
22.013774927283293 244.51687575334125
8.424840168626602 145.031177164556
8.153094705948966 195.06951680464746
17.682677751576254 156.45493588154002
200.52244618403904 99.91806542221698
163.10306100245927 29.756089273271584
94.36092106761043 231.4295791980846
86.9895700342404 178.92294764648696
23.552451678327618 190.71673531057678
224.31861277002017 188.61344663361191
135.53012141365363 94.55999493244107
49.405061586303425 102.07318964442571
75.63837916179716 69.65441843986187
218.7034928666222 107.94909615040483
208.53696860443398 166.74686897469815
82.61539795429366 116.19508627609387
232.31289186831302 95.322658885173
86.263092972827 141.93932025924727
195.6996006550092 145.3557968796446
193.45582547093568 86.1882503495453
100.25460567578432 199.81906099376312
203.901591516337 38.9929226060462
61.75751058344833 192.39189575802098
178.80241813581392 3.0346320680059433
230.45764939695928 213.7827390623723
131.89946222504665 64.90562858920876
39.05902885142012 79.76794702430561
237.96051497918762 19.473648048811743
40.51961687422775 142.3377185579277
88.50321603290074 167.24663250079394
49.0309498327845 81.03156204481147
204.14950628480324 4.682424754205384
62.7128209552249 118.14702650903556
180.3469683267657 169.0815115936518
6.280678522291527 123.62009575758407
144.12658553118484 87.24011451078314
100.74814695732731 198.11852951507097
122.80199837872543 93.1028967554939
194.17347687630703 242.45746237737225
80.89150149377458 124.33696704359704
123.6171487381612 123.34117031899075
20.55535393814692 5.843103131858207
5.793041612489336 91.91423923581421
155.85262519702783 135.21067223945573
88.83254779826625 23.74909828303101
77.91161128304184 79.81523383012198
227.49571828915128 97.07430513805588
80.09140592933913 8.248637149835009
110.27695073885913 142.55172527503495
192.25316961872852 12.367020995327577
90.12862521529358 128.62499685678105
95.16691137675501 169.1695854126199
224.89280211983157 235.4096181518987
180.4223246668266 190.17337456840104
120.00774136695999 76.30789808965613
5.541274851609323 216.70406099394174
189.03593756109672 217.73686494396395
230.39852615538453 201.65304742040377
190.74221794034804 122.60041545590919
156.14665918718433 55.788257828861184
42.810392912050965 177.69967829939378
224.33600199171153 26.56827004766113
228.15438837967227 84.89631003164422
42.39912379452035 178.77869458319907
210.7549010945763 92.83266082854472
145.03874226719915 130.56999505757048
243.76040373161186 244.97000768523262
247.5451314775346 115.2100383345808
177.9765781611065 132.34617637059955
127.21354029966345 185.7320733620063
73.19671756611761 76.45609149162385
117.6110486003455 224.21113369915406
27.223335863781838 223.9524428211668
95.47202968480562 238.96195357817444
169.63694743700756 217.71889309603233
141.76069080702806 77.58190172122693
156.61669021860644 232.13344898787173
27.49328782249785 40.99207186672702
67.03300014168742 8.636622654528331
107.39156714485321 49.144309842545255
114.23727959959149 86.88134111645881
97.1012382426408 238.33822620079454
6.868401226740595 193.3895921716399
126.55132084155547 0.6904649345888525
112.1244642899268 142.75709250944956
130.07450415110918 60.728321811536205
186.67813011825226 31.070277075119694
168.2865379355816 41.1183372107285
40.7828850804198 212.575131890435
231.1189040112866 207.10844746503892
116.18667805222648 133.0770304958626
94.42252218493016 58.935958856795814
129.660381425418 152.85595499722504
70.07806079021748 64.21582988415433
164.48863993487754 146.3082694850477
114.65905635909407 7.500815038741032
130.13803345934875 121.75621577355558
85.42680340308611 117.65188018220898
24.318816040805686 47.9245755971332
39.983137757863524 38.03387657879146
122.27226954997913 231.085390146809
67.77707206145017 74.1705519557744
27.89650422512116 72.65889282094892
182.63579721944959 49.437490012776195
78.46060767962376 20.732399637131916
11.838866336057796 206.81209471609517
174.24828180611175 245.8426349223634
34.94837407216808 185.42672882847748
120.90827383652942 27.148578328750006
123.64384902930817 212.77866661051374
203.82364912479903 95.81847284113121
26.69602247389363 113.12031019436614
32.85002157697822 170.21248840273228
103.35491691785734 248.8249796564044
132.43055478046233 81.81473525278224
35.82299618656798 183.36084270108373
61.1314978571241 186.16962928404038
31.096426394290834 207.72005052667723
50.23006506525488 87.48482467062313
236.14502492948853 94.56965358952485
196.77818445668328 236.28042253480902
90.84646212346007 31.974776477096956
247.44317758228112 47.00647066838126
74.41272250872186 94.32377717641738
207.25053195523222 82.32410073244992
4.195683718120069 185.03591919168443
46.25716808989286 155.7237825645011
238.7919814617222 120.54692915331786
139.65138733375204 156.06177110768107
211.60299221096236 172.3523805603718
83.04709125739568 165.98403695470395
137.9712984784072 235.27458616310574
92.83681762604095 206.65853808048234
119.23095129990172 55.11906131382482
30.76913314908661 139.33592610296438
59.91664729335094 3.7829501287597878
193.8325166958232 183.3176192429825
154.07902982170796 6.422289789731445
61.04005252389722 237.50395558401877
65.52078936427955 190.32040558689755
184.29248120159966 159.5138777646612
23.850088404065104 37.241432146425915
117.67161892081063 35.225243348056736
14.850113234817691 104.3650768924673
51.2122448192538 143.03467063165894

47.46480632721953 98.3359910007077
70.54375903458654 218.87426406690597
79.83364382251324 246.56464532678896
180.9859040851546 188.47409499258472
0.37930099335220513 114.80690792538509
26.534221052804423 208.69050566084817
224.8425781374686 81.49308257085
167.51900849204895 151.4246318799606
172.1840086131175 160.63162029756865
66.41881123165672 244.4932395526339
222.7416439702079 25.65652124297521
237.62351472612778 58.5536457988973
8.808897605938476 71.14389004795832
82.43067699333164 72.42153631848703
107.87429534750703 119.69294135097613
94.6019733894805 91.52250035362616
147.61144588949838 211.61071389269517
102.44648988636423 229.18466008163512
193.39521520618547 182.22838968965547
126.18622739002316 134.73685770029198
200.5028228138872 219.36510807478805
24.62939109199061 115.46677625780141
194.23559650310855 24.51066766197463
124.85716309389505 209.70777056800608
64.24289814260803 46.881488281371844
209.38271143946528 92.13746512924153
206.77957328539586 65.26629148426996
99.65374302046548 10.046430813215101
7.97921654772546 126.08739648832929
52.48708838543009 116.24210923193255
157.53776090261937 176.36642898207282
220.68258108518393 120.79586726036867
201.90871854389357 237.91142736143178
173.83715715017064 195.91181135662245
218.52351630319123 173.14634425392882
25.157206384961494 197.35974614616254
61.536201452732506 162.08382783847892
36.31228159634606 134.95734136746975
145.31922964238186 248.69531960222247
15.547515309210336 91.00137534010663
188.31397588565994 171.1400140698874
203.98876316253453 82.88234417435983
80.4470883867521 210.07080868239626
221.843306489142 170.0698647275694
143.72328021154428 160.9015149911995
8.295592296099219 174.99331281712466
236.51517696297697 181.02397946656814
217.05725424107794 137.60035764170004
194.3286126700909 119.67956139355374
2.2914463132775453 105.91650394252372
135.671470825434 12.210248246411926
45.206260886190755 112.8741717261744
71.6213375936661 1.787619202427343
233.88314304540953 79.90793041726008
145.8854738388099 241.7090212408095
184.83140170410292 163.72081255883523
12.618498343965667 64.04736764014609
214.131889622124 208.83761975991973
66.65560321547065 185.05906281893988
116.12459992678568 123.25753909743611
201.99375340897217 34.742986490446214
16.129589158759643 56.889006180743024
177.67370107821844 91.51119855482928
169.85817421157853 158.2169353899658
242.8497455269592 233.889461476513
123.87052585607248 190.97991977343153
203.14060273261774 162.36933747650926
172.9843350855971 169.3023511374128
39.82386318156789 81.36242849415312
78.49526578284328 203.54005087813616
220.64072549101277 56.79992692000771
49.77967009884968 222.96338607485393
239.78472232280524 39.37258703485566
133.0384087645406 84.68342635012036
98.07768478493273 228.3911627332939
178.92264834814748 215.52693154724125
39.76428278096847 130.81847709326414
244.42112242558613 217.13961238758745
18.64196925826428 33.83329328110718
43.04392929156112 194.86703123534528
64.3515933640047 114.43149821872773
68.79126828403147 126.20248819379134
153.8717687029351 161.78927773550524
35.05657253775688 193.7142166000681
40.93193937196532 189.6603316492387
155.36159287981187 196.9569284786795
115.29202541325836 102.69894940854948
49.04131719730345 245.7907965852697
162.87258716999773 177.9799724017062
24.98834643388559 204.2902431106577
239.7724638083664 237.2142021664011
141.5844813124627 147.20988175501148
173.25525820272782 17.27261957963974
210.62958493281235 18.515858797261643
154.41453704109557 168.43753228202607
139.6752248524735 248.18347115191284
20.086730738003823 98.11205510635118
191.3951966603784 42.75136899598847
119.50782483712926 149.99339253999588
245.27870973352142 75.6001109388181
227.42729677626764 50.164969216082596
65.34632082074629 95.60505935259891
34.05702165401034 188.5262885794286
106.59576359234735 75.34003303180947
203.26173890981772 65.48985137614963
221.94651327029104 240.34981864991937
214.04557546742285 150.1795176776289
91.58286867652077 208.93441452979036
170.2503199588234 113.20540108444973
97.56251493391144 242.6142971559848
10.462742073195002 184.4628003766179
38.2581531897554 241.14868657228004
61.190055283087794 247.33453661534438
97.00783456492556 237.44233026811435
97.32124301184017 161.34185592101403
117.42136360269411 19.14793349193486
50.49871238629364 9.230036953172927
161.0936126231712 194.21186210331894
84.65537186114518 204.47367190313355
136.65292415616716 44.01938806552438
43.10547510303947 69.51735779425493
99.43070549383992 249.6092820972486
48.700280644870226 202.47488521893573
69.21792695816329 192.36066357431497
6.272042651952859 0.019586805272697738
195.27838749414244 99.2229994529433
145.3571291656326 210.11071137655765
86.27566662887901 213.88891962596074
208.348461978654 119.57820892356708
132.53803142646763 2.6655385555252042
34.73013996979485 91.08994845681931
67.90443217366604 20.156961467745038
190.12167049658544 60.16917089038734
203.4529122761881 21.6974931396908
216.65702314822283 182.87046295021892
2.2739438032143564 130.10453648670693
27.56948560053224 105.05357714457514
173.77964369035018 103.840425779754
101.330454448701 42.049332938444984
146.60004162537425 66.33641381218669
154.35915854554716 32.2023805511335
7.168474643578449 43.56480141663591
93.51662666706225 90.74255823545221
173.74815232740434 60.092638500518575
175.80753669348005 42.243646338244126
40.95968036388042 26.43681862234376
67.71577527437525 61.64811788153493
218.8291322969858 105.97642781244068
37.74328110149042 84.22409809270897
101.23301254819744 88.10837037326135
37.229849250640186 90.17449614098646
111.51739762989982 53.382261305865654
32.223698865016914 58.1831991157
152.13635898247594 77.867550675776
65.91419188730885 159.9600196041375
70.3943339656431 195.5704813356962
96.42992075593088 18.707000048388295
151.22185794046075 158.66235706758616
122.09640986466594 188.88728448699987
15.639571748951141 9.342520569001117
44.41341537675961 82.9838513201945
81.0873262527968 200.1011838881304
218.01441334894363 86.3989925604538
19.01425874551965 154.11799926539834
242.195347060639 125.25668374289023
57.06569267627484 31.479302617520965
160.5218018549276 5.736745654004088
216.21936865742518 215.21937068340526
210.411548756791 86.57167809152902
185.50853265202963 162.95286547585428
172.73798092863356 19.975980685517786
152.36579251613932 111.3826596755168
117.38443828583247 47.72394428952392
99.36623523862795 96.51137279585039
156.3155620980856 192.52495791972348
186.25224778662474 57.862692755535015
84.96807608132997 194.43957597625985
152.67083502554624 62.37815593991941
126.12529079230079 201.34358985145883
94.57456904117214 210.29778491328196
249.80117030964007 27.628561972912387
181.9703930697182 143.57152520342828
215.85274133545866 25.105073714077776
154.33212500887058 167.02201357005123
89.91041960328744 128.7501423048477
58.31445432471552 11.130326467520296
89.14613793906418 146.50874167386374
100.80931316030455 185.21535595044983
130.4276353621733 111.0875407367884
119.26073310556767 196.04130188970086
193.17411541669122 170.86205905965684
243.87644134948238 124.79744085494369
107.41819091400629 12.98947823765989
19.710216383443225 79.10379165278042
145.45627758110618 71.82175851858611
130.05938417813917 245.0930760261878
75.88286939135105 196.40794078289548
147.25036541790595 121.05259212518851
55.55406047706465 134.6230567284712
95.74397878262653 63.78585562173431
41.68229340336016 180.29480682653758
26.500121913932666 61.85867691978728
170.3450844947476 223.1797010303887
88.89133333521113 238.8291051129091
204.12965907955547 19.48208270162244
125.82696011933423 12.975165956310846
169.3021215828864 157.18318086935489
235.19822150732963 97.76338444319377
181.49177823593863 119.0349727582429
66.6868891089466 21.953516153975645
8.208397855470395 110.79634592659218
167.2034416651023 79.46306582993506
182.38234774979196 236.58269577021127
233.84454139743286 28.442423947422636
108.2520564724374 27.67543533705935
234.12093446484883 130.98001946968648
65.74174870291114 136.72360545201022
222.84837162674052 170.11689384670467
25.316185469993453 198.02204596731357
101.09430646016365 130.0795483739532
36.731699310973696 147.6242469015095
56.213353372059935 56.72852852401073
163.52004751232306 25.9632926265424
55.29656556346352 138.05986267542923
84.49087036404917 203.7277475414549
136.68657186477577 143.69573452459645
142.6183857503499 45.72075648419208
240.02588189603713 190.521023805637
132.12504871247805 102.10887639723778
129.36994250190986 136.61359614673404
237.91224926588598 14.529464642478034
94.37423642393922 158.12154884799654
102.61559057799552 113.09095844137934
197.05960435774563 153.7462109595449
186.61127918421974 57.816225699202946
207.22742876266943 91.61824055307804
15.925995044551694 11.472401646222707
76.67676198324014 140.0751200663955
189.8304077262354 113.99318347259485
99.21985327365759 227.2751022620254
213.92226641174105 60.60998273557125
141.41340074435024 140.65226561763615
102.96140420223254 160.91163980045388
183.53350161209008 24.56326687493901
236.01933356923757 195.25062606912297
166.43016435604423 185.5183133982859
29.05999283212185 140.87994274327056
175.6804544278812 243.6675656884104
182.4149387853422 228.19234949958832
185.08380153567484 223.09595916045862
207.6571664982593 191.24095101655365
155.47684322223233 122.02040140294746
42.85353984883758 181.9963655291499
84.97140391563482 200.72763059666602
53.571708890364334 203.3246553608447
93.27180007524177 83.24851953242282
89.75278621217173 39.40698384111918
144.37146776214794 213.09525184123567
9.68155102976817 82.64426297521693
170.0346302265557 73.11682075424461
240.77724030070596 182.953319355046
107.1484128524593 84.69846827626132
193.60465926777277 184.49043884979204
25.635056309914113 36.40313286970312
60.53881348925697 1.5380673894385133
206.79838921252983 50.29014245946564
167.68059023927842 90.41604506306406
156.19925705759644 144.5347740492554
88.5157259480685 84.89010558115467
148.94622046583035 58.469781136916254
29.253661653337705 247.7614142288557
76.96685689831895 175.71652667762874
119.21484408533006 70.35778386554603
62.50278100565193 139.72631249676743
221.44083278247896 32.62665486189051
190.2044650434256 38.00900238689297
5.647155993063036 131.56813853522007
46.789529980462454 158.21702215540742
66.60705344032658 112.8557758572275
73.49842259889041 40.478331355885935
207.8793702007771 78.79680443086644
177.07865779393924 7.808836677705044
244.69277719245 157.91053780163264
238.30863147930773 3.039741139779367
200.51775566285824 115.03338129539492
197.95889941886105 58.37721149106531
88.83546551860184 204.25259339266512
131.1629409264596 23.505664105824692
65.19896825955924 72.97626677426209
61.24745495982428 19.408420593675146
110.37828121679134 132.77272998175465
95.77159187418768 172.02596769649855
86.6812085165968 28.361832412646947
220.1369571021159 120.68509412885983
236.93253918554285 176.80893727708417
43.320496548162005 74.00362372305212
119.75339468435179 15.52188684651304
77.4005243558939 56.16208606871323
80.97127797266332 127.83515569557674
104.09178246095124 0.6730651859688797
11.205720621090403 61.99677402994572
178.6948446806311 127.25496246403719
231.73955938140804 119.50276508989946
229.2815629569307 144.35397000283723
171.40785615098625 16.32347908728238
230.6350638404559 182.06163225206234
141.56154701546464 66.36987537148242
83.93736772783907 10.320038013659937
246.16030342493374 238.8511365139154
177.1779247767704 17.126019793368307
158.66064905703837 75.43922102575718
171.74084974541597 188.28957361656512
83.32835452811655 130.8368916901656
90.22071382475887 114.02580881744181
72.3126125283412 4.897944562703483
117.34519366109627 11.268446333322746
125.90716306802504 191.25731236601965
90.777332002746 127.85757296657813
100.60214554202487 140.25480541041867
133.47422076707286 230.61001707735815
15.67815537437403 177.87502489753342
51.34943963050848 211.61177397929248
195.25528929785858 104.95762414447896
205.33856251808584 62.59514390991555
209.4103633040089 9.984003494823035
78.76642823691802 178.94621895453966
198.94295834663006 109.96242053324943
100.89489098070514 217.43161242502634
84.22921100725212 155.70291127650844
172.14445874315717 111.70884073230256
16.091020028597054 137.84812923969687
70.06693770613226 35.18288038561282
124.24873989018539 63.01819932596481
6.567656986067039 24.55083691941376
47.082091184411006 27.61983014322339
68.26438333674598 131.56120856187067
119.1550928629915 119.59985339956036
249.51448490145088 106.02294393187894
106.61529706148401 132.22140293105232
240.81533958211574 97.07229415625321
55.68701415787447 161.08501974604528
109.20617480461178 39.666415009887686
30.711861458909667 51.04775191868974
216.48466888770574 215.29295381344895
14.337474892677783 132.74809346874343
146.69318670976324 39.40347902161634
149.12316661160628 8.930999708941956
104.02245336745239 229.7188171125084
111.01603010636596 158.89064608867437
121.40068329328138 235.7694529659644
49.9166289014841 172.85013699977685
126.47091024535806 66.36053855687294
15.487569154604891 32.02822046726536
7.88375884908385 185.28803032306627
64.9056224422786 246.73023053235346
211.25538070337385 187.6812650982839
105.48227414203367 23.111890671407064
81.8264295841907 46.90074166150668
131.84325644037128 142.88175059797666
36.58757218702893 209.91450108768433
52.16474440080565 160.2075695737709
149.55259614613377 34.259292335612564
166.03936501104744 109.20026132100894
52.46324563058422 175.59589027187005
151.1154873247917 40.879291047859894
8.98831638307307 1.8730461649937302
110.07492524908503 203.58383851951515
21.94604185597021 237.83585286863266
5.265936663390231 146.3678230078761
9.057944592503503 203.06400440525724
21.765673828212094 149.0214311405675
195.9791638729119 101.16202943973553
162.14618088175519 31.396660930724323
91.0077302122444 230.47167622322362
83.16889910847972 174.51218209979564
22.72979850502027 187.40749003148989
226.8592374613576 193.83169612154308
141.58291515950006 95.48758689501666
48.20379868672758 108.70027485378408
70.36042742053061 68.74330638174087
212.65536090160148 107.96662585090796
216.00128204484545 163.67621628926838
83.88084628985543 118.7554442367198
228.79660651404214 98.43822504778626
89.02775025550919 134.16496903375625
200.49976687496005 143.2148375366517
186.0880443500274 85.6743682914697
97.06663614800782 202.26584659787696
198.43329165892072 37.319638522417684
66.4534455507784 185.98936768883144
175.64700201127957 8.111278607969702
227.7058482438328 217.59698338190532
138.41178459815026 67.78180540579157
33.05556447049279 83.38766031322925
233.9672564450424 17.055484286653183
37.47530051022782 146.95622149866284
91.28390541619791 159.31403792430734
50.436727227072375 86.33431986435208
208.09868692231458 1.6474851190605988
58.843401398239905 125.20077822758039
178.40826249938482 175.4591306412853
5.220453149655524 123.32562131802082
143.97329269987236 91.68411861620609
101.56868331102604 203.81762304742043
121.46076014786644 90.54005318155994
202.28712928726773 244.10906742912826
75.0217969026632 118.29473745149863
127.99313305763305 126.62453924231113
23.697769912852163 5.083944832917103
12.196083183455746 96.13734818310476
161.8558889601388 135.62916974520272
82.22972529523975 25.920929101121203
76.81083649728288 80.69967485248372
228.41359355303038 93.84726135791921
86.21970724088854 3.398863257328993
108.53829907420135 137.51677720473452
188.0142219814446 7.846570951150433
91.74064762378093 128.25250931340602
88.94439498752647 173.933599654381
230.56087734652218 230.98124637324668
187.854228410495 186.11708626444442
127.86063391922647 77.5346078496259
5.3250822198448455 220.0112508465087
190.34324531793948 214.4419649626618
233.6624122673784 208.36034068176613
184.82583042870445 123.25374068677209
160.1974424281364 53.56768437248535
41.55581405556577 181.0066918106524
231.01182345301032 22.938725367556227
220.93544754849887 87.21813065898549
38.6818428885313 184.56507524865523
212.96285453954894 94.4796370400407
151.52807697838145 129.3636831416487
247.85965490419005 241.89555079606617
246.3796622564076 113.50877891244451
170.98739363982344 127.92599896729936
125.75499508565424 190.1097537998761
76.08924809867229 84.03836200151751
123.88216716056318 218.78618760772133
21.965442035630332 229.73763601784864
90.02723460848938 232.99147724672136
166.46258918415833 209.85590864778345
142.10976886476365 79.09661698091497
150.67091321614942 232.02804886905258
34.46448701386895 39.25795648537617
63.0132941926243 6.697117552573379
108.4567445094562 56.74045054684765
109.39197909636792 90.49203560825642
93.56440851503409 245.5382700999191
6.274410672569896 195.08214661066737
132.5257919765834 3.8078099163495196
113.08014938632233 142.77976789242717
123.52212801015098 59.447938415638085
185.47105141711918 31.980524224511225
160.96654612352626 40.158909382005724
36.03677093933658 210.3780007846699
229.75982309874155 203.617814037053
120.76299171466954 125.96223657237567
100.4751888659629 64.04869852443895
131.19231991052482 145.46922610589155
67.36412688838719 59.30240307903551
169.80368722303203 144.2612553952677
119.03807073411113 4.203001139532036
136.3640460618035 123.36995126573413
87.51315765178639 123.6280022581276
29.607206122965856 46.54898473363669
39.4457646888274 39.954066225187965
123.71460760525912 237.11972564671117
62.23163734088141 77.87303781430688
20.42758902762623 76.11671769191177
182.24979617715377 48.87315798933606
83.33198452241191 19.91247909782143
11.505607957748577 213.43587229797907
172.2648567899087 248.49969680606227
34.548393794797235 193.1108807286055
119.68080999503444 20.212742708013405
115.91025255714074 214.60726444521046
206.81356312323976 95.47376543582331
27.976836595746374 118.19937095303229
32.64153495886352 164.31789958637694
98.33691982257534 247.07580198005502
129.3302680428131 85.64910541590501
34.96478476112724 187.59858548277305
63.548663607350505 181.62431144727796
30.073656928498615 214.94811466187625
54.68375443566778 80.44319132940112
242.7724117216433 92.2551327383766
196.83161956650332 229.81227569840573
85.98710894175996 27.51313651823997
248.20117261634738 42.9072522489643
75.03315228504614 98.58132378102152
208.9025540223602 78.5935248379172
6.911925867320257 178.43283968482066
43.59274864910978 154.07227855762028
238.90364825431146 126.64049237279417
136.9604869838087 161.76405706386564
205.33448976747982 170.9346127941669
88.41188667108288 172.53322100341197
146.0128923311412 235.77841315322695
87.72513448330005 201.48808532222893
113.05598905448905 56.121397301404194
33.462008375985505 137.6069469857115
67.17855756611047 5.419383769570602
200.0386926759986 184.07205555984342
161.6325074124718 4.483102849231146
59.433221990735056 235.3529627786372
71.70202254576827 192.51783007839103
187.17343337079134 153.65772414195604
24.246844939102978 29.694041221598273
119.765831657801 40.651480124931695
8.01806572594499 106.29975796164446
51.61308288469579 148.03025943697196

8.6 17.2 36.0 72.1
17.2 34.4 72.1 144.1
25.8 51.6 108.1 216.2
34.4 68.8 144.1 288.2
51.6 103.2 216.2 432.4
68.8 137.6 288.2 576.5
77.4 154.9 324.3 648.5
86.0 172.1 360.3 720.6
103.2 206.5 432.4 864.7
114.7 229.4 480.4 960.8
129.0 258.1 540.4 1080.9
143.4 286.8 600.5 1201.0

2 5 8 11
5 8 11 14
7 10 13 16
10 13 16 19
14 17 20 23
18 21 24 27
19 22 25 28
20 23 26 29
25 19 31 34
27 30 33 36
30 33 36 39
32 35 38 41

