512 3.0 0.0 1000.0 187.70431105894443 3 160 240 100

0.48518825939108945 143.0915156212504
248.36892155222043 47.77038053923785
52.72252730578314 111.26355975182473
105.6225692209359 104.57398393176867
50.189660354625964 147.8098942164952
182.59216849326197 42.52168898742964
125.21949241670634 28.17665092581048
81.06045456294319 97.85055750452165
9.840894933690558 49.917957480001604
22.803608794971534 235.93602514610092
130.5295684567291 184.37926995527252
168.95716484680136 247.13822289672262
168.64595940547585 179.36363315452462
126.58616982798806 234.5296665205415
138.34728980224793 221.04317963936313
193.53775442728696 140.83378175154152
11.934049247820738 177.7412736676391
54.99064820610206 161.808468475196
92.87041037166347 163.75572689006742
53.58760401463289 222.92468839901622
226.9372485279084 184.80301589509955
51.37050612780955 137.70711492080056
123.94555558960849 161.67556818516107
214.57739518402852 156.3909889118392
145.74520454996747 147.17509515389065
119.28191064131974 30.41308987280639
98.7766821054133 69.08933878014653
118.39101781921177 246.14738675059388
34.531695167030755 79.1178662857803
134.91416909869693 156.9155370625015
132.83867711576798 137.05281137214072
102.89926754628961 11.458179047263844
44.15226102998848 159.99440069268857
45.60520107903693 32.71922558651569
154.27727563959638 45.29777408628188
145.6196278705549 108.11646990434032
220.67780372429178 180.86198371327774
202.2763654825096 197.1957666271999
113.38696042448201 93.45922781038415
194.85184816832586 226.48310390814328
232.7587723691763 141.84178249612117
189.1446183903404 27.359574253455975
35.43057468207639 93.79476451635901
27.550629234970454 134.3286308611137
156.80790404807496 29.04735894811472
203.48427537900108 242.63245269152986
124.22311966510068 137.63503410295183
21.536789205104352 235.0234944584264
210.3396643652522 107.7322117623691
209.43154456275136 95.71942278906157
36.19722399439648 162.04184869485042
74.11885478833321 24.052275081130087
45.903356296642855 129.01475480446885
211.52887368894417 55.149149483067205
17.38936458246171 249.59697496173587
134.81785082472595 165.35348190348705
197.5752132156646 103.71025098935804
90.54491131536437 144.32882213228547
126.87643859314606 50.25962980375184
211.1984915728827 106.52588360376427
216.44871317338922 135.56739520095456
91.63894045568055 103.3597297528992
22.228308716734258 26.865559188245765
134.41850428577322 28.118178384531152
204.38973223263517 79.29902951854037
74.56849230170093 244.97228596628668
79.93141543688232 227.4592339728784
37.67191933343986 5.196042972913956
95.79209611163219 32.40086928630734
178.77967813125298 208.05520297128248
171.06678419819252 187.7934973999403
109.86165300490127 137.72070773923198
213.2684070584325 104.83508503181693
91.38879600223476 222.20314275889643
80.41803986792547 148.8809011573663
99.35669588470425 1.315805998459707
180.53507389887005 230.26414030560258
122.80997869289672 178.9418426887623
47.88164639983783 221.2732807498056
64.36877102012085 42.30108794349655
175.60017648173186 27.989163736416412
62.97737432610384 154.8849978977591
93.60128488594083 184.17338726033742
169.02181598908948 12.561993133532152
45.90934639064662 85.85885927182512
208.75604102206432 154.64241385306678
98.00108325423537 73.86371105512252
46.392414365509225 204.27817605691502
88.05786134484786 239.3479671023088
220.56874920489278 195.4746264645095
142.32400391862322 66.18009046523748
244.12014586228068 37.78208908403313
109.13467389290618 178.5570574105503
44.805436578872175 185.64044353012008
48.05667906821104 67.65330637160774
193.89221514019727 137.0433825309029
80.357166443158 88.68538496409903
193.9249067596038 219.97751328414432
158.73077145356757 16.882613870404377
0.1486074154334327 173.4707183399751
178.33275877969706 114.92202600788961
214.40821432735873 33.6069130952367
131.41396495251539 170.72090325345826
140.13911050923446 28.590017965483938
185.62038367698446 143.88842716283708
210.0133206852334 3.6732919105119386
103.77039682504163 23.21861749511833
171.13399541656733 27.10925667217237
140.96224057088722 166.51041921041636
42.406066065165724 59.137152017503915
30.229812552008546 233.64203966588056
21.14684466941355 167.90111956027235
130.84008047349235 149.3171378914737
247.97834250380734 177.8439995134228
42.87872055639089 226.8426602855316
242.42012636187425 32.05861016290459
180.92645785147974 10.070270305481522
28.853429531215973 12.820876134821829
157.89974743733484 167.75181358077103
20.03110933315813 239.83615919931233
238.38634556708612 178.98633742191353
109.64150637533726 7.235785054384741
120.49111965309977 132.03246580870137
210.4483718148254 239.14527961198633
225.61158147162234 32.20204072209212
70.49810440720091 56.834176786807106
203.44520420345142 36.54280117662842
101.82941350708774 106.98911230493482
218.62745366466564 42.931941905997306
72.4342917596956 164.109415262669
101.90701513104028 17.272746967665952
158.82506260613965 102.33176771876737
216.8963513957391 119.72351457658797
182.0802686573755 113.37090405687886
207.77206323797438 80.75459089965211
162.72888834681444 197.6608942611613
69.84076681942459 33.107793836823
129.62582692788857 168.01612796094687
226.35226505106516 241.913560156406
202.97225407451432 105.79694463472103
23.296299964941173 221.74789386276447
216.95383338560572 146.06647671146223
168.96350750738927 185.65399392734128
55.38040503226213 183.13331322531508
72.68135744068896 143.01167543489376
65.47575810400654 160.86255380219532
10.281233453846268 196.07012760297525
118.58171597849262 18.917480549630746
232.17136530400774 107.93302238982095
108.55023174465936 104.21025342208782
59.310459217134294 110.07483150282948
162.01550903097376 111.83482844129655
133.1942123782738 128.49043261297604
151.40799076728968 228.17360694233506
154.014845424847 134.21052933389777
249.53582894373292 51.6508820149103
143.70080803589823 40.33729033008737
153.2574780474184 90.33274302037151
0.8538092023777089 40.323506685077895
86.31496282604719 190.50622390936553
166.5007308344101 178.15363455189862
115.19085206579585 228.7615521515509
209.0757462162023 54.35897906896287
214.7766039940048 161.56840679566372
100.66464341806486 44.438458065644866
82.81342518260983 137.40258811275694
210.0111367129469 129.33747282691928
187.3800971825578 53.838315639333224
236.92703589754504 231.33627952845856
146.5353641924395 71.32292698283685
157.07136213663821 106.35396976825545
156.2681849401438 244.32844790495616
4.275162877642846 135.33518332367228
94.01761743198855 126.16526634597334
134.7543051192229 24.810452969708713
90.15379976239821 226.629679822908
37.657333834282575 68.97913348851544
177.51537388722906 81.67362484990583
247.8949473334761 91.0161911959871
13.675106200229436 37.73243085117217
223.8484152448597 222.1482119058943
26.366797037311095 2.2536418654937327
51.60217607052869 150.68376059251705
124.11295795326977 201.3842626506224
235.19870424319865 182.048961306864
23.899173939692957 97.09115166596443
217.58800809520443 121.88316346921252
62.52090572960592 244.16886593549944
98.16676561370771 219.65506221469403
202.69643485220251 155.24840058151815
110.10913718560845 101.91221611094662
84.25163428723239 168.69143975940287
156.39606306288746 183.3014193525698
172.55899312273732 193.40148660909787
131.27246709351795 130.9322044402704
0.6994970111955934 152.40940562458175
73.37705299639391 61.74587692000155
65.2211177973239 171.54647094583592
84.94135363403421 224.4859373172321
175.95508737155106 64.95684711831767
178.42493479046192 217.9505060388641
217.14650267154943 155.208784408423
72.72085299281184 232.1291651973529
179.00059405603693 183.91576714011728
115.88452110829992 191.8095602279457
61.626522214283746 19.16470226211761
132.2043222889588 175.04038906735437
47.47578981827516 142.23265583760679
225.59528073383728 109.33687056796526
208.16313502574704 73.06719115437139
222.2262390184068 29.973919209738355
74.1355029481582 141.72379385108735
146.08112874726834 27.170384937667215
51.999887263910445 141.75030599227938
105.95249150959171 27.439016387871913
42.23774318048101 55.871393120825395
233.9308104053883 16.083194846554267
121.87410956506196 15.276513158587523
43.3287909294813 46.17461453510111
13.933853805482427 1.75740582223885
54.95917557717292 85.94530255276584
246.75903134423498 60.44851329664255
131.9420260800844 112.08255043851736
50.53819780353297 56.658519512505336
52.59928719676432 32.1118562535766
245.3126038821409 86.02258053694106
163.45907362586541 10.797481215968268
135.56520156075175 197.13659609290275
87.09315122243194 207.34398499782327
130.149342352637 101.78810112876741
6.128353403908882 207.31163769739044
230.26904779371804 59.535627040531416
9.828285648501383 107.05036095818288
33.186539787086076 188.3654037244203
175.1993074270037 137.20156687827333
194.69820852377052 138.11156600723422
137.8745714355535 228.62193040411228
187.12724345907245 8.34945475195581
119.82818769963049 48.183172374133584
216.0599396120453 148.2396195335698
230.25308036920893 105.71788790878884
144.27814403929625 84.93502529865258
150.11953238765372 100.02426032480535
150.60848259825306 42.06403122095817
58.73186203190425 6.987347535147431
61.28015904427234 68.7560278031781
81.66896886284755 15.837982181592242
40.10309712065843 52.65817263991926
105.72606911569274 112.0069907348889
198.17521119726996 73.05234410002548
180.21273962727759 235.23953908136352
122.50834099945426 79.97828613984883
140.4403802393891 91.1085330480358
134.44271935922 67.12566831693043
9.910200346701814 34.42119310125435
30.079303925450496 217.11240303821918
94.41796945428729 209.84238703282878
83.20508504319615 34.85842610938486
187.62836163388857 216.15618172793324
22.685007096991978 207.3977943090518
90.26358987746755 209.42604843470644
37.294077344902284 188.47782054257436
177.44578329274134 0.275295076602039
75.83156247186895 206.6649660418396
0.175060980100894 166.23778678883286
45.4718254574013 92.22340374969384
170.69567829685406 232.10673595477135
204.3652853908695 0.6224091493362005
170.2498656409789 240.68409803193043
4.138538619834459 41.83226133148629
90.52578125011554 243.0558312369992
207.7133467710307 150.6474332720893
199.0920337384909 8.20093912411049
49.46086495202251 234.14669267739936
61.722039778632194 77.29369000097702
127.68532190292065 219.00618370722037
179.6113750307034 125.11689980685541
144.12516102838143 30.96013475819179
128.26335650309576 244.2600747796238
244.5974217240321 170.49168535314627
152.2769097553426 87.14873307733991
221.32782070859042 67.02242375368687
151.74056780540212 147.73608164664537
160.7904678336249 148.46629470392094
198.58749116982574 78.88867069805342
198.94522264415903 127.43501303876378
181.2878865265689 228.59689786637296
198.51655593899818 230.14679225647438
149.83713776462568 182.87534726872826
232.9384454331649 217.29714821782468
232.55410796527386 28.186866306849467
200.27160051690913 189.07409721836024
43.96625645825905 241.77823738306833
78.02890475384567 28.55496219764045
82.1589974440666 13.734268047832899
249.562054550206 7.534358007995484
222.86279292343033 244.06881242731572
2.92182989927256 9.147001897144873
192.9227103241069 116.02746988105245
121.29262245054475 138.2305271971911
197.84057061935755 40.00437011614838
75.90993194858753 159.7080870745212
131.97219318213394 248.56046234150656
32.02559382185605 89.84108899439822
198.47554204529504 238.97508334092961
204.23336444226382 209.68067235871732
225.96345519010416 141.6883736033959
225.60420987455794 84.10520385109909
220.503507094194 6.528533151071408
46.62835334955803 84.66877943957843
124.95123661762725 165.4626852080472
65.11704924327513 43.614313891362166
17.80216187108988 218.83793007631002
26.6203045249403 0.9222200183316709
30.92204754732461 195.0148434340611
82.54763607624538 138.75989717047653
146.25507549839926 145.37297331551935
7.110496775890985 180.98375579373587
75.55125079394112 249.93722354090863
161.2262939141196 199.39915231616408
170.76243376027438 42.67703182221202
33.56776744912052 209.2024021334009
229.9208808276419 112.3648141767809
116.86811329874926 239.58099733251677
14.67193743133602 187.78766646078648
217.37284309631656 113.94159526326939
175.93484025788982 52.65120878793933
209.44297223965592 111.20286362406998
92.90359897544842 56.1526072501351
199.5897886284168 236.90922338656264
51.83115618423298 237.2106427514633
97.03590336381201 77.50426357465565
199.26159551695486 30.494924907348732
217.61895760237653 176.89791798093285
161.06580644375236 175.38456297893265
230.45605430219786 190.76568551891052
67.24479726186114 186.01802568855683
174.65432446580198 60.74458235078206
38.92917531158638 248.0473478316113
62.933671592112574 194.49860718306726
9.340366087971397 116.66914880883633
101.54931632379399 150.3067898572188
99.50756790756043 240.80803811299276
190.7166408034445 174.80769010670426
13.032409388580774 199.52533359023298
245.41127015570854 63.47032446756273
12.375399245342644 209.03653717420045
62.40263685373698 137.46257707211012
113.93516055051617 69.95339338630704
164.98121648556085 194.43003725814776
156.0455636582802 104.55607616111284
13.063166393935038 112.30785446750951
226.60588452436681 137.72511607013524
141.5845666780929 248.24209127421744
113.02612536556936 142.84668764394613
55.01857338857719 161.0903063103864
84.2611545696049 187.75500654837018
212.25386450373676 242.51876897031332
208.16566672126936 62.437922078655866
81.4042057357286 169.15610084814202
163.16184490730578 69.61733888702872
144.83359331215524 167.11700539011673
192.28399497407418 224.58911892132275
33.43364666035545 238.88785611312687
3.5639670404700174 231.69627925525077
73.60510940210835 236.1288805885542
132.43024168509433 229.92854106528014
81.16097699941346 49.62589193858069
246.03255381374356 216.14235954855542
223.96305302305987 42.16402132766894
90.62173710409394 187.72556533982714
215.32689540043143 104.46390282230695
199.2549336334451 206.3469714028113
127.98652015841067 91.43151887975608
55.24150331539707 153.75449303787843
7.1549954677413705 31.907360784295097
9.641054756795581 119.3308591288357
162.62305481937287 25.282056522714452
175.26962533992977 85.48437896888878
165.33416476742582 13.43781509802222
162.74882541502419 75.94266469291195
216.59087433836268 17.100665511541184
64.23578389028778 10.22662534478319
177.37821427389616 241.50578510803464
9.608073248507349 43.81428937971912
146.56596383682898 90.23942413266869
136.26359290382752 171.81869451026043
1.2964386578688814 54.451851763291174
158.11095769074618 15.3608324640227
23.145850423849783 31.794665610354905
243.90152685632475 249.20835008330977
163.63713362483145 227.85106594285364
31.106986489322946 33.112829260737634
244.41513231271608 67.33841371558105
179.03172205050458 166.7928261736412
36.33143472813211 243.0540963720568
21.896593127882223 218.19402289658433
6.6238047039556545 206.68258633349296
93.80979499826745 165.7729662118406
69.87658814513276 217.6379637626394
138.2624967590097 121.09006513892889
128.77182771426646 197.07911517092907
18.163867782613586 122.16667423474532
121.41440303849099 169.1145277494126
146.47026151281491 22.809170363291553
166.09116661748706 230.50840425321468
53.24092985433496 82.89862008561596
183.92375203044182 28.43138467755485
94.35497637951826 56.576666339334224
239.1917732861194 77.1987332927766
107.55040010400413 111.09802737586202
178.11726345612416 145.55028558555972
67.31648183245336 63.0106859939305
87.00222584182221 193.92396727415448
102.72402923231886 176.00021961800164
13.998611588369625 139.48253139254436
3.2906128369499243 75.05859076776028
125.61295829737304 156.93876304978875
168.50054578428657 96.60385403797117
197.22203889376863 182.84477453997582
187.36218091915552 215.37265884053429
211.51804748152117 54.71034635333905
76.46240265327553 123.40899922611021
55.824352233786485 129.65561094626307
24.332085486657885 220.72706178144526
138.37434142782416 8.892108802620063
72.193326322961 66.50817615654114
67.33898225094043 116.54502431014613
181.26851203137917 103.36337420328842
5.087212635186466 217.4196478017209
229.15727257241525 0.6823565624088646
43.942069393010236 112.47309176880036
148.34288182223614 41.81978334126049
175.38748500739948 9.731560143259044
213.5773726616397 173.50683925718297
124.75397225780219 189.826793093908
148.14070120670544 158.348512896853
134.30574362094382 121.59050510395068
75.87115371487224 67.63823266330202
236.05599867423217 58.600255833212515
233.5920903511065 51.386993383960245
227.7980774523342 197.21441131653486
201.42891932190682 202.7266886098149
171.86155789070975 213.71094111996933
210.25393554153507 1.247123362594832
100.32222735755484 153.91217438348053
59.53138047572645 169.03222092667508
171.9849503456803 247.0191254357999
123.02776979494423 127.12432073652302
25.264237950352264 190.23365442862146
11.507243202612177 201.89481236828667
31.79511813654898 196.2656229961456
119.52685705825868 224.76359514571072
22.76707472701575 74.68582046035688
224.818695523693 244.57564182785478
206.3592016505666 214.62974445620642
171.6520299812152 151.65194559154173
201.32892372246303 26.72902091786755
185.12404620792205 79.47926266198513
28.600557317990855 68.55843668159389
114.79382512377734 247.11996049795727
48.9772289653827 105.7380030460463
26.796477028657616 102.72546748275413
54.805856319576186 179.95411632050795
124.40382892167618 249.99032691757554
77.680557109399 30.36151798567552
218.7962071656876 128.90814809353327
171.72906959619675 162.4120525977775
119.98157212600779 181.51561111975286
179.47116606690466 209.2032149234681
38.76441538840047 239.98508531088507
223.9867715739389 152.63527202234084
118.63292772451753 37.620636228948925
122.55791414343834 143.78986832925463
76.60981183754498 90.574322564768
223.4057153454623 247.04768905767673
103.72575111478302 36.63334041638536
53.8665485657554 76.9211374836479
85.13554701256948 182.32042884542292
5.391448955071404 74.88598769667654
78.076248019365 138.8513721966809
4.308508556407825 120.21832444704333
71.38884729779929 158.84111858456157
72.70784771515903 53.30522257473391
119.20948125216222 90.63217134461343
249.95853038326345 4.173042742401295
64.58627404378895 130.93031195495303
221.55724832035804 79.52814461802532
177.06700142799056 235.9185137487787
36.057185234842166 187.3061201022916
3.10430567047662 144.93148226052034
155.9707118216047 73.5185461060647
61.38174544622327 235.69782114655493
19.276885250259003 240.9367106335724
72.5025316086558 158.52547817132498
171.89038591741107 78.67986346194256
9.451436833159216 184.42664755656307
161.8472851431096 136.36982593295744
65.23801130969883 232.79929149061684
177.8712304488196 146.3506046535269
60.56745513631873 226.51668175745579
68.87011270753737 44.81933906888847
51.79594939070109 176.18336199670532
207.77750821808328 242.71832720439647
46.16073504919474 102.10552299638329
230.05659044203026 152.6172036974921
68.09822026379258 145.29375428273144
197.6810712387387 213.01694913679555
223.52960805814945 241.08181890395394
87.09340266398219 64.99817705040952
144.7217210070846 62.33506749229831
244.0968148702339 168.33850960619293

4.396775164267231 143.41550456401285
245.23792718536976 48.22849669611143
48.81795212718551 104.70703748312744
102.80473064708889 103.45025858577675
57.707723421886485 145.2922494828502
183.34986683027628 49.88364164948653
127.2607468027242 24.244756180135994
79.75536226789367 93.60067280163284
9.49851216530781 54.544774568658
25.067831418382703 235.571891305712
135.62145046004278 179.7257513864103
161.48073553011827 246.94505136421895
171.3412893630513 186.5196814231693
128.08072381282514 233.19335115109752
139.5362819002291 219.3394375220215
198.24229120953575 135.20308191509338
8.347403037931523 183.28516448717608
59.24088139177625 156.55075306029372
88.68163405355186 167.6640618111301
45.76659996213339 222.15830962872755
222.05826678099248 185.00834327738622
49.976108599830816 135.88866206222372
117.55317221799427 165.6483171017252
219.15485161743388 150.49861745556962
144.58518650920578 148.45615309203887
117.85822283453953 30.60156638539782
94.04434324767081 63.12938212337438
123.12199819455702 242.02275607297167
37.12739443091889 83.52005311707869
128.89256983449565 153.3176621136419
131.28798819182128 144.16345397844864
103.7081485226754 17.749153801065233
46.569111440793954 167.41303099399184
46.93374179489496 33.53908034633765
153.18598810974635 43.96179817822643
140.02569732954262 101.76628108708633
215.08797958828313 183.6796035742571
202.03025868934301 202.71307684620174
112.17977018303887 94.05986436329589
188.2736282427979 223.30051570717126
230.36509433820038 143.44433937949094
189.11327501719092 19.740015989704958
35.206584573573394 88.65750173826147
24.277269152545077 128.0396610027622
156.76164497965152 23.74915647894879
199.75074242563264 242.8537366314792
118.38778097058817 137.8245586904675
17.448300593257944 232.65243754901397
205.7075761991225 102.43560065113921
204.876859410644 97.37562727139026
36.75576498334377 157.7610352574883
72.70687227740608 28.367940040087774
48.721868587366046 125.96342222642934
209.62312783829938 61.807704818851285
10.01737209472564 245.66142577126112
135.07573948173257 157.78211494926543
202.06724340565 105.06670773914783
87.61906630260383 139.68881416447334
123.2831398944052 51.6627139006261
214.92373600917153 104.17835439422599
210.67737738864284 140.15101941722412
94.5564348813617 108.08315673390386
19.728426761768446 22.160358724519657
138.2299503141472 22.421209029227757
199.79533921404308 80.88330169185787
66.61867721941437 243.39948581660897
87.98988389811852 227.80248476118297
44.24828175196352 0.017593886784322832
92.02187694715077 26.818571318525773
181.11376513055973 212.62034599022107
178.5561520922451 187.6954942771804
116.40007420914009 139.54113696677484
211.236552738128 100.69628093470939
93.04771626119337 227.3651044235316
79.92687525325401 156.95791079566476
99.05109008656174 8.930313651092037
183.83070521288107 228.59521258341195
116.75247679239803 173.74670403022284
51.12666490443757 220.54833358427103
64.3541324230541 36.50777432006214
175.06180626714823 27.825582108354425
61.57736104731001 147.97460296395226
99.32705378867607 183.98246525096997
169.9483823264068 4.775932146845685
46.478331321590545 91.61298913847155
207.17844656598075 158.96457561293536
99.68115515328651 73.59343244637972
51.453636560314514 209.4159598023595
92.187513894959 240.03602217556644
212.81002889818876 197.5737744344094
149.0213734437972 68.13826460283212
245.37721505376106 34.11763503620283
109.0408847969459 173.62792571636086
42.50178978944333 185.9283525204195
44.54480412401382 69.16443578179681
192.57291591541008 144.80744807125933
84.04463862401903 94.89914048105011
200.48888766815858 215.1061036337906
153.86932405192732 21.920565667529228
4.766502810482659 173.481418782027
185.10030740211505 114.89653069827355
216.5559484120359 32.28205985946306
124.49250895393124 171.383483281575
147.97130889825135 27.213716212376642
186.4823925646684 148.93771896475963
211.8658168285826 5.546992520315791
104.62225816831416 17.593273926171605
168.0721072670629 26.249591951516354
142.133693867047 167.05052638201013
41.80012312430545 51.44203311721479
22.66226055441217 234.5960486225856
23.961579329273953 174.91512429440286
133.16555320153697 150.6507896398652
246.6417300226197 171.85550401366282
36.96639211471933 231.69324213752083
241.118166809421 24.628355136666002
174.62800729388488 8.193238775124234
21.753439250763062 10.363565724719859
150.53662781267312 166.09489572433785
15.32648204672926 235.98930681231008
245.9939244786552 181.2685597914906
105.74102992015563 11.297722705176344
122.01087176153902 138.97658595611728
210.86607039149905 240.0925237738454
226.1045042651766 29.331726395639997
67.94525288359596 52.851926748679084
200.78598191634904 30.640885833584235
101.19453411078824 99.8807743006182
217.44483893222915 42.60202422282855
70.27950365530067 166.24428470401574
101.08159512772264 14.81925347311125
158.1583282226808 106.76265118939051
209.9785970510882 118.54635717994367
185.74861306371835 117.10353563027809
206.42858564209286 81.90131511678223
159.3203360430827 190.27030428382082
67.93426436424163 35.61247488758504
123.76068582794522 173.33045733417305
228.90588975121906 236.5387758125591
205.41660158101334 100.51393301605569
23.68762716513989 219.80204504923424
219.49833977477385 144.2843259579779
165.36738985083431 184.45002042047568
53.56418298467658 187.68246746196084
69.54814904309659 142.05806904968836
63.88487902950168 169.16767880205873
10.413568364686709 196.622858184905
118.8173734541786 26.719106215002952
226.91271100285033 101.63127987403969
112.44575609085489 102.46668643556373
61.34975983614363 102.55618861385071
162.5935856129612 116.44497183459482
137.5604545186883 126.92026823672865
156.00757254751576 232.19565653463596
149.6025480271149 131.66632928033837
243.14356348806623 50.60532342325447
139.65431321308915 47.32408901150273
157.68528885270868 88.48904369980364
6.860438888225517 41.721679108976616
92.7262679063863 195.39654742912384
171.39944836215076 183.76385063523637
113.86009590703655 228.04518944589117
207.03249917032434 46.451670679026776
211.90332787954918 166.89599580061835
98.01052562422153 49.47072682890227
82.46226065935913 136.89372743791964
210.05516428632043 132.39300588450317
183.464016435821 54.857898842997244
235.7953126271533 228.1429826424198
147.97140721627454 70.27783100797225
164.16026537189725 101.95009930500176
162.30382504830564 243.66905513911266
2.7751338023497274 134.2823467813813
91.29755528453948 119.52483169948286
130.95253629809463 19.87634730493687
85.43475584559494 224.0068608166096
41.006737973917154 65.15276086160846
176.57413051014547 87.89513529704394
245.49240914765886 94.77629124653919
10.066092032968932 42.73446636102663
230.31763204464986 226.23828525880197
27.492990774088234 4.638087267479163
55.26097164276864 145.11819227987652
120.17651084410052 194.74206174618453
240.9588020733912 182.26013156997755
29.182141054219567 100.9467188789494
212.85864345789116 123.52089018526918
66.9592347199517 239.63924905773405
94.39783555816805 216.92058955590485
202.50927409523416 148.46315679312494
108.36131662367457 109.01547361226443
78.06276657027841 170.01062569593788
152.39147658176267 180.91318790810084
176.44594019447823 189.57930563562917
135.50476412792713 133.8543857419184
2.863403008820209 149.9508545641614
75.09207687260219 67.60386598190851
68.2221879264675 167.21349248806305
83.12510894847544 232.34729208872045
171.70949661257362 61.72685149150209
173.73206612941055 212.15112211720654
217.6860010033104 159.04140312257246
78.4246853072964 234.89340065842316
178.183364103216 175.7772512641664
115.69429774727253 196.5637276798021
61.44093432298736 14.165756467287792
135.7798855314312 177.70633524835355
50.49541300841112 137.69835692924713
231.78576405108979 115.09755516415606
208.06612470839275 73.95949960134207
219.0161249819845 30.054429519323023
76.47474249942307 147.3224192278253
148.4258298928882 21.72090001885546
45.88203912938707 144.7499116350104
103.94490335077461 28.438272317918734
35.964829985486304 55.20670565064975
227.90922801157365 18.433175489769027
124.32527509972059 18.49743523104547
49.27847222155635 45.715780008656004
7.469759867460818 4.3564168876067395
49.452899735021234 91.8420909942417
243.14304415334794 53.55339690549732
132.34061691282798 109.83178211787865
57.36810217407842 52.964493209506166
56.47201972607799 37.19956316012843
238.64366382996545 86.28914685371383
158.6194306079338 11.10347137447587
138.80191249023204 198.6060138191873
89.47474215636656 211.7569251691991
137.73450524752792 104.59360681792337
10.544538643357832 206.19098305135768
222.48332612247148 61.98405436604276
14.600441902381883 113.1175321013991
27.44003821390609 185.3332433781265
183.23784245683848 137.221732764007
191.2167327104827 133.48425953125306
144.3263363861297 228.34054153332204
191.16389342780772 1.374797697159258
118.42482904667362 43.30786192275365
221.35443278765038 142.00815484732448
224.563390912151 106.79139557229975
142.80839630724756 89.18094797832794
148.9011451794727 92.20653910129067
145.815494834909 35.60864976959208
60.45838220931054 12.18909208219518
59.07842745466879 74.2874659134567
86.36603854223091 15.096902578853877
40.183016460304614 44.743587460583015
105.28881221874329 106.21382434257329
192.60896126417353 72.08338585687929
177.0256906629968 231.9136642273568
120.0738928662802 76.64193742587405
141.9096387794268 92.0985768207948
140.00011475552967 62.583356718733995
1.6458676229640368 32.72553515648147
21.76531967408221 218.7723037722404
97.12445788319643 204.99129640491324
79.4632186858148 32.22030931602812
182.76022801125316 214.95526316391837
17.006289038817567 202.5056012053857
83.33272058813098 212.81826593495924
32.95090844205975 191.39665153939117
175.9959817587549 8.2705163906511
79.35624144871686 208.60966662894086
0.07446333172525521 170.0446319362129
45.60727538247259 96.07787920242858
172.04889917209258 228.76573747213095
202.45447842649685 1.7673214380263258
163.6063770524699 242.8888077819268
3.4170514344509795 47.43631641190199
94.32235687042431 246.99351239822428
209.8462516914645 146.17031404120146
194.78836825613556 5.682895291750755
46.73337093843058 231.19374983315254
69.73718505036955 77.45312215639744
124.67000845314973 225.2321321110711
180.99412369291773 123.96474909147842
148.56316258971685 26.170552295436355
126.03621567933682 240.03531468819887
241.82218001738937 163.89685142637302
156.27250550919035 80.1364586115931
217.65924973680637 65.62684077341174
151.10535347274322 152.54364777746642
156.16858297383777 146.28904228753098
206.86690437804432 77.15443548227174
191.80205789242868 128.61216115808614
186.7095306316892 231.99228690837919
205.20852425594163 232.66812854809876
153.45900236614102 183.55275197600776
237.74531591225576 220.84743314825604
233.42703043298428 24.785701626288127
202.94967461517865 193.61535010252518
44.26077505950832 246.63758770956963
77.64371496859252 30.398874354374385
87.74681352136297 8.351100161946679
247.5172724814838 6.738384965295719
228.68895456639316 241.73733109778544
3.280017386725509 6.939929963666463
198.26790964753147 114.6621549729299
127.08396374061654 135.0385843309976
205.66343677782632 37.80066746388061
72.03496259931252 158.60137289861032
134.54294716079463 248.225192096087
34.000273535298994 97.29762476368542
200.25108164760238 245.20628267765434
202.66212380279742 208.22624008601267
231.01420636547923 139.3027856674492
224.48145497884144 76.83464331119913
220.63178067163398 10.600067879213803
43.13335115381886 81.31048413044384
119.42306213743615 165.17582911656075
60.34691877072903 43.34915177911938
13.531536611473244 220.3668783897632
26.84179481111698 4.735878671307869
33.929863667611414 190.25419929986174
90.10258216313358 140.240093976903
139.0540463549749 146.37063258066135
0.9670787805775849 180.62643238196333
75.41928248856253 247.92304021792788
165.00545385227903 200.84792936376923
163.23954426934569 41.05066835729257
34.5263595982222 210.84193816162178
232.71885850445716 118.40645939641428
124.81812752192329 241.18963740062622
16.809780025871273 193.18900530851775
219.7867214311211 110.26535916378627
180.1588801468791 57.64282599917259
202.74266526498639 113.87252611731225
98.85685802342975 57.82496248575017
203.1917474351533 237.2181912845561
56.6757030862293 243.3906284098686
103.40226911067654 80.97702667332291
203.20808971555786 37.07260702276402
224.80151330977216 180.98946501290254
167.9209545660645 178.54276706599666
227.33522327823079 187.0992393609659
65.18846756051127 185.50704517816723
168.8554282131345 55.3686912701101
39.525297888670096 248.92521498756832
63.78715218093889 199.59346971516328
17.5722085031223 116.97817080261814
105.14663933663421 154.94726142374915
103.26760832430674 237.5552039626565
189.47330417009286 177.37298952537645
9.952871673530122 199.72216167427467
241.08298957769944 58.906241968243094
12.113095537137381 205.3823648746382
60.92961931472479 145.64882134671035
117.68431279698788 64.3768597066037
168.41559976493687 194.44215190101073
162.49930600059676 109.21564661892636
14.51318652090361 106.04912068785171
219.08971090001214 140.7422342990286
148.58170635620058 245.9665806733931
110.03061272759071 148.33025450816132
50.01138416588388 161.1418827476527
82.12681319815695 189.36529669185234
208.85533024384628 242.53284277429762
214.2685807420303 67.65485156179294
84.94691583336278 173.17825013198086
170.3978574835138 73.12655642732452
137.64934507599136 170.1336884440161
195.36054332969022 222.06728485935724
33.43228207456991 235.1355616192477
1.2058075624979125 229.9820935152791
77.20189043574088 235.01885100322409
131.55886307296305 227.5500658494535
81.59379952307899 49.29871963711424
243.01870245738277 212.96640672967015
225.7049556464348 42.74335790963835
94.04531631851154 189.77072238302804
212.46992193126218 111.4961566811388
200.1479448344505 199.47984385058223
122.93108304601047 92.97277701495169
57.35582679227333 152.38470051849524
6.183650699647991 35.53764718990182
11.616480224969001 116.32655988795715
159.01884015612117 30.905386346883724
178.94617677623756 77.91502893812793
162.1066076969472 8.34746997600605
166.2064093232671 70.02276315240918
211.3040633624368 12.51139182170935
63.31189598333914 5.832759934002563
179.79102816282364 237.00126579766481
8.796325745661527 37.65227183850359
138.8082367394324 91.00980114061505
134.62152158963912 179.24903258158201
4.959893625368805 59.0886178227022
156.71697904887077 21.430752180631174
24.527931178699642 28.842037660797708
238.84184460457135 248.6795451911535
161.0416094156888 225.09477397782715
37.35430549604443 37.43380632632151
247.41659719652336 74.46142402967033
180.79667127546603 159.36550651089047
33.60384296932853 243.72151401208959
22.090430697842166 211.4382674058771
1.4778703534767679 204.6338642335329
100.81446612092026 163.44696382665967
76.26573212488441 218.8766802446547
131.771205418335 126.0410928815432
127.07304589208334 195.13990555344643
18.97061870610234 128.65849904571604
128.4206773004134 165.65248687624364
150.07849802622863 23.164405518499464
168.1187686751228 233.3633469008422
47.9140503200029 88.45647947843786
185.66242439440845 22.119918916723325
93.65893276671567 59.53710211484153
241.6620684204485 78.13062115040361
112.42209987043175 106.38797710228812
173.95092463620148 145.41147173134954
63.54755248737256 64.08381431042012
90.36591655159127 191.47621201400565
102.55028392948587 168.0476389101526
16.84933996329599 138.5129813117385
3.3253505501877614 68.91947525082989
125.08426146083599 151.07100348610982
163.08575489084217 101.22597519337076
200.8355161465936 186.6409001338309
190.91772506433628 217.560380108736
215.19794084769651 61.76732407052213
81.94685399977314 128.40736612618073
54.222204260405945 129.91977030057618
18.279219853335693 223.39289226890833
138.72339855001542 17.365056455808798
77.1472064546044 71.97189623693812
68.47171024600487 118.00620814725704
183.9080762496019 111.2790257801356
8.062426424737284 216.03747692463907
224.57964550681498 3.950956530653027
44.41154001145703 107.94494514190836
142.801644645078 47.477944907108466
167.2617634930797 8.718764782907007
208.94877256443627 178.61387996260484
117.65011462429916 192.7766245835135
145.04648755059915 165.20205338917083
131.4521079851445 128.22927429239525
81.3191843389244 69.8931960421817
234.1200804916473 50.68174691879251
227.7788293491059 49.08573446133638
231.30610910922914 198.9524126237484
204.42838817154706 197.1653750180182
168.94075917904465 220.7163425351737
217.80598769321833 3.0014148645176872
102.37970273159011 154.20000894730342
53.95416450164495 170.60680964157973
170.7114012563123 239.72284875230773
114.98399676395091 129.0135337609089
23.787717335909424 190.69879841796455
7.992620314651367 200.10710408741068
25.183505540499002 201.13866386438755
121.92653219438537 231.67869765034715
24.44806361524049 81.98438983058013
219.22699513974166 249.56245763163724
210.85854793514775 215.38135234040755
170.51325201134506 159.33814475929242
206.57523762479224 25.350140332954492
190.19610029173973 86.05394384255375
30.63105743537564 76.66381381778412
118.1779998107351 241.08376177237594
53.922383710095886 107.74771561400847
29.119134666199198 106.04105823332355
61.78051673589646 182.0377628889339
122.02539713517918 246.9213360171596
84.10985162763745 31.22333385485837
212.09185439457474 130.78325405195136
172.50916498330596 166.22372738368216
113.93223062138502 181.27821948884687
177.26759415018705 214.96708165671703
38.44234065226973 234.9725038770841
223.2724297142476 157.167775123071
118.55751848229889 33.01848143356862
126.04429161152464 142.41518908721386
68.89721087438654 91.90750198050252
215.20444913102827 245.73864386588576
99.09781155264224 33.180490164593735
52.31030865056757 74.27140126664113
85.40365010219276 174.9479668492457
8.806497894578186 77.32859576900405
85.18515921015619 141.72802341605973
2.9753089311239656 116.51599748482036
77.25451771368915 156.55731648090884
72.93543971433206 53.70372417430993
119.30345172149734 96.26324135803821
249.08829761020408 0.7494606638527579
59.659881396524256 126.89386571438737
224.3441956005758 72.1046334152908
177.76608850421812 230.4875468012531
31.00514048088396 186.35617456557856
1.2484018611961245 149.13221978301945
164.20436846806416 74.56844278379509
62.23207254078053 243.64891574926796
17.42990340887754 249.15868288174454
75.1810829437583 157.9109065773529
175.12710825833688 76.39208705935994
16.045908153832944 186.54332330008418
158.04796601794726 130.36020209592658
61.044762909756436 237.57323544675134
179.29480827082364 153.65763032178938
52.944511341560755 227.11166207961546
73.40245865262455 38.811760510706975
55.01031810974058 175.12149293411892
213.78996104006072 240.36566385909953
50.75356728123456 100.68994793756225
232.09181319012683 148.41124668374584
69.4838649059423 151.6657930139985
202.8768458159148 216.4447432383789
217.3815959806338 239.26219393889136
86.19395630856496 65.98749210663627
137.51391171978523 61.46001884346042
237.51864556803883 173.48147686253984

8.6 17.2 36.0 72.1
17.2 34.4 72.1 144.1
25.8 51.6 108.1 216.2
34.4 68.8 144.1 288.2
51.6 103.2 216.2 432.4
68.8 137.6 288.2 576.5
77.4 154.9 324.3 648.5
86.0 172.1 360.3 720.6
103.2 206.5 432.4 864.7
114.7 229.4 480.4 960.8
129.0 258.1 540.4 1080.9
143.4 286.8 600.5 1201.0

2 5 8 11
5 8 11 14
7 10 13 16
10 13 16 19
14 17 20 23
18 21 24 27
19 22 25 28
20 23 26 29
25 19 31 34
27 30 33 36
30 33 36 39
32 35 38 41

