512 3.0 0.0 1000.0 342.5666968835243 3 160 240 100

224.68844823586304 15.39077995418381
105.5057584887715 43.25653997562357
132.2518905470178 129.76846651635242
170.72791271652068 123.49243424114786
188.7522952584723 83.4895269728864
183.5093843347704 62.73615755436218
135.09934105942327 106.83992915269904
120.78149769547225 240.38054584569957
123.89441475411498 98.44677118619354
153.22865431945687 87.08466605568846
47.9990539151145 225.2003740547868
51.176875440781615 212.031871860872
200.8955726845481 56.84474914203388
85.68964533160222 157.3659397740225
191.39058867755617 16.967235513807328
106.60250406894146 72.88887777797676
194.0811047625923 46.492090370311296
248.32754035102496 206.44654846568199
93.92486334320884 61.68553699583898
39.98063034613097 109.42775973497329
143.0560683247152 183.00396612274304
1.7528902802865232 58.10929908799684
7.322762046994641 189.68075139019373
4.080409629891951 152.16196595476848
23.92814074433458 28.6582774518494
176.19769103901774 75.44259993231786
233.82215879369994 86.03181687272694
173.26001853704014 128.49679781793495
213.31912442853567 232.14086665421698
109.30100435001158 19.452699803476275
94.48335729305735 123.37641511270273
86.80651156660552 130.5138164118473
240.75944826702923 170.4110789959185
165.56239750519438 159.97552207410112
78.6012781949539 54.74607546973365
238.557603008617 161.10292275045947
168.34088961240414 237.15684126641955
189.90899719080446 121.25641244894037
94.67158541255117 112.85919339757847
208.7447191415058 29.84571339512476
192.88507405325393 233.99712570799016
186.43175393583894 147.5368902113604
119.73830278620737 52.2217898610374
56.836791252419225 87.6841010957814
219.0499065266006 25.45709815843264
227.0493456201029 192.14383962452678
120.29380491243208 130.62488843405416
170.88217924302515 159.4342050487058
106.10112050528208 212.19422342445552
148.07491961891947 225.74218517790752
246.82225435161047 185.4102642216285
196.12515343967834 71.09068032394683
72.30692201076494 30.514744078910944
69.52272256358047 115.20325604969896
164.38492009871928 248.48439916768322
46.84040161690861 223.27383939320924
131.0177552086762 88.92020501701047
4.711705095375468 62.97922012532456
228.57261930574793 199.036872747668
128.9899581003471 57.8135437220865
27.494891397966263 1.3404382694384154
134.16313975474299 107.52808134760494
139.73169060386925 43.66753119622654
206.83237911348309 209.88473672882097
230.21276505350494 35.9044751804361
106.9399143083912 19.113418880511627
176.32937280552656 184.0697958400283
167.5054181027386 249.64869013818975
224.3696165925289 99.19311270979777
198.50472832743353 177.65255040408312
132.40676367550026 57.74371143356646
105.98206657402035 203.76212142339458
175.19376237151198 21.014579707550663
34.626030409055765 78.8328884485449
141.43241245749985 12.795078519384607
204.37535595376934 186.37426224595333
238.51509260946085 226.41054996289392
41.300832377251794 75.21702974522826
213.30352785081067 177.2430342102663
129.63673237789743 181.33920652444942
79.82116708492778 49.73734496699495
169.07550254566553 11.525753169735198
205.73806947918115 64.15615201966438
104.27018356408479 50.104109927119666
10.725778582476059 190.7264106572282
126.47088441544655 44.93310073954726
141.3976878418099 10.454928361904841
202.20176627767984 190.50895497651098
210.33276470827767 11.163326769071558
105.05598468441515 224.60216782435015
91.08460311668692 80.23058822022236
245.00373603928332 11.159413126976576
189.50521305060659 234.51929117716182
4.413837810298804 56.56499529628989
133.6400742028339 234.73884513864726
127.8635240685555 110.23047404234806
139.5722224381295 99.48623198692339
155.27969943672838 216.68737298788503
83.41425450690257 214.19203290982043
61.627670264754684 63.131670034301365
62.37264182161706 112.8375022568328
62.96277501928019 167.40574672609506
123.95090540894039 113.90930764772523
5.043628566035574 15.603627561490724
150.49925032452555 220.54864858326488
199.89704217405753 2.837729104378517
115.77449374076879 32.67336162144075
82.22525890104244 17.094779069656173
60.95331455854475 227.720895181066
228.95449719823532 50.80660686685054
166.9801240118425 177.40315543432047
249.95107486690935 240.674815921686
47.907201359208756 179.29159190203075
129.48151806185163 109.46140494883596
173.79466536463423 11.392312008129068
233.9611136207385 168.23402918289963
106.20830638436485 233.4986089557383
164.15318600734176 111.77857251676701
205.1603209101805 231.37131974102826
191.51083318727518 87.58630104025997
208.61335205944306 1.4503662207711598
8.903979833661202 183.29882666331994
191.1527701258716 39.74521607988626
233.80118686503968 118.7861673449879
133.94836144618887 39.826544794061114
63.10953192755589 200.89800799491152
135.13479343086385 103.15531567534053
1.1964180555197323 152.92224259817567
68.47088451957 174.50550146592258
162.69816754611142 225.79372140001283
101.66283353154692 56.61600733923453
53.18078125572101 22.497887918257327
99.10347081120938 229.45515172725806
82.71068666197162 54.055992948379874
3.8114220055830983 188.4449232398047
19.915072329594746 163.33207197757838
75.16980946103851 200.32946602464975
201.03294799837786 192.68255428461612
87.3394043478595 215.62169803150863
73.02731548996036 245.62951493552663
134.8128230370276 114.67167341802137
160.22136454265237 176.48987842921758
110.96047798574286 246.16456753597467
240.83455002819355 44.88850555691285
70.50761279280401 22.897944594885367
58.6862727482503 182.23896180135608
240.9873618276258 70.56243748240549
4.34177750103118 137.67064839648398
48.8856307044703 228.22373026797305
106.15162590872845 198.32595650576363
73.58810561561346 164.06188443665616
198.5173795077942 143.97845890527876
29.911493584573623 224.6073559066815
5.598677537201752 248.04644718981703
232.5783966385422 72.22512817797255
193.71395090970913 221.89178954088737
0.9367535165573648 249.22887850791608
94.5658461800048 49.32437927204717
234.49112687768337 159.1716373127165
66.9400544573164 144.89907350418827
201.9823261222607 138.04573692303137
187.52297163151283 154.96249782204794
169.734598951921 5.362709894719653
101.78932829045247 224.55910761461357
148.43182204517453 188.6878553759872
204.25323630874664 246.94850641086853
35.47996401401077 190.35938824900012
166.30278641041915 177.8591949912448
137.89653138186546 11.198417397115106
154.6618893596153 94.87644197725994
115.23460254454068 98.9501038631172
19.48319436751822 245.5464151850366
208.00436527059662 75.84376120551991
113.15629602470145 244.83623353176046
29.901300627156736 53.01345517731984
154.42609436254887 131.5708391577722
59.5218953700348 192.5851421653473
101.76320005393177 83.73115804457484
144.66634283594726 171.82990352631765
219.64389936617144 144.2148175196738
223.01449583959717 199.0435634458145
239.202109619498 151.97820676377643
152.3477098420525 1.8263786501180324
234.7524835210475 80.32850779988998
245.88656798928014 167.67701014192002
18.403697585070322 96.13348842471478
147.20401632298973 192.51825992790566
74.518094491407 244.57083472211573
3.1611793263300605 223.8169119169221
14.504397669191398 69.08499927916873
5.752130858730997 19.381804778921403
110.78153203318966 151.4664231313549
165.45739632246523 197.05038383664893
67.33792154631429 95.83861202226107
7.92700506225838 162.1067948145241
238.22193567995478 116.6547606305531
35.7785606019361 47.376979427309145
32.6775165706141 154.6618093648224
156.4539736051965 144.22850829919665
142.27359633322385 84.33771425862263
63.568855131196976 178.91646541479895
98.12026091677298 19.148402291130296
197.2380737725714 10.621303188942942
52.49500379814895 16.182621747681342
28.828539891499 174.25018531071458
248.6289792526753 145.55259328635108
184.810290947798 170.77856787267856
113.55100389671746 111.07543988324318
10.073966860071614 106.44587531234298
155.69179743536606 242.17065634072114
42.31122333121887 53.74831279629247
88.99076363026582 126.01553150435905
162.14135863843623 49.60583455599279
67.64921511153449 18.471380516230262
171.59556355833433 70.35253971994221
188.25084430297832 129.09804366365555
69.95695339734567 209.32765676319653
68.53396509618823 208.83983676066842
151.56877263176594 90.00648792862567
51.843891976857904 211.79891743806687
200.25449560898576 12.699066010896626
3.224585360794868 127.38110766475533
58.40773911377711 135.25432325468955
87.7353341216964 199.81648042561727
74.2344395782792 132.32126193528606
77.0575953243584 121.43868797416275
232.75520490836035 240.41964087347472
33.67763505200194 248.2363964933618
66.76275245805161 162.91895008935515
26.52271458626945 136.1721157853589
42.50027973182979 247.77765523508225
155.3093758619522 77.83183192871557
230.18699200313617 60.54818841339671
131.29680093486755 239.96756382849375
9.068100864103313 135.11773630957777
180.31951776425632 199.82405978945854
122.24545331551772 76.66838653345894
71.25852450569181 45.58383181145639
185.51828297392797 74.8946978301524
95.69116554183884 174.15303745511338
125.12853009750452 173.9214538932847
56.60136108357269 30.297180578470723
145.60150117460628 39.693174330052734
217.8602270109039 198.41347151521526
69.29989575311521 201.95398841315253
8.128875860981433 119.02663196013296
29.806694914852578 51.183319285171116
87.77880578878167 214.71035440171445
139.86340935024577 3.192275203698136
231.38572802514838 75.66290296088168
76.61554167783649 21.21959415306393
13.56074064555915 177.44853312609334
121.54401013158162 65.3418637820787
200.74581670742805 14.160472870489881
85.2976689916852 124.32233991841143
139.9079800624591 32.97112919255607
217.34603123068203 102.76636073672432
35.878747830244805 194.62828371625523
22.359497336635474 168.57826569632599
28.75678186944822 46.61521847339339
147.68943684927638 139.68894142687589
188.03720692336813 222.81122512515256
237.87622731412887 50.925705913280495
4.961751717562995 32.88660465453305
238.3684474992615 108.61219525300369
114.8251186579686 204.00006156051177
139.38135193990183 208.78831639189917
99.61426967680754 53.21047604943702
199.45395816121348 94.33243035063629
40.6917807885058 101.9251546650057
231.89547583347843 96.42307504043649
28.857512426722327 184.27675214414214
244.33595566581067 101.54627119301828
178.1260169182481 87.52657241620524
55.39107859775047 67.51056094441584
68.87153821117684 165.21435811408458
206.67342575799904 216.48168404646844
47.25206973182278 92.33394308158557
194.7824192959432 100.41940912883412
234.23917565416224 93.79538738684232
112.46694006262325 29.925075452514992
118.01960249007112 115.99805488334333
28.14250930813858 149.0072362951523
135.25255720864774 71.90664789397155
151.36080924488388 46.75305585209092
187.28254958727484 104.93680351658335
84.97695598803045 197.5206843709138
177.81878879678595 115.15405052866481
135.67455068711124 57.601600112629214
40.58715715298739 77.69070834677194
156.5287340839067 133.18782827427614
34.19004971039466 26.10160084343327
106.88701864262629 36.901815091938985
76.66825637621108 201.69169672031572
114.96707123151754 14.212452902212208
78.02215099040835 105.57358008611651
17.13307920421453 238.66338482436407
236.22880353398227 66.96137676922193
238.54408737128622 16.108252046026948
1.6302010539368528 103.23320444107215
48.749530044773 38.195550587095646
152.88149476280992 240.1041272309764
213.1558028387166 9.869454398005573
74.3995497715115 168.00074108992897
85.16940239089021 85.99769138826952
172.03680103410662 224.94982220270967
94.54564738554657 205.51612271012164
68.03191660863061 170.88280765818652
32.0965859106023 194.0690727810805
10.83275206242712 127.11554417693682
141.66737701185568 83.61625626435085
27.54879819145578 238.9860347096992
144.1983342472801 157.7171671729271
155.64425713531787 143.63434610867435
88.61642652426097 14.899535389870433
71.82238000546477 238.93131195750397
13.059942714372635 119.32969487832831
159.92096488135797 86.9607354488128
249.0946483544157 131.8670433149578
18.268383066353948 137.9476632192978
27.573869789373816 35.49092810922816
22.451403615792813 190.11293642325853
63.71296616006325 231.8432839460952
27.596653014902355 79.06446891968457
198.35684156976265 155.98175556273353
107.28707743981802 206.2691128638064
91.2746039784943 55.81767034775589
73.19857180295777 166.78633583651427
1.0833055739057074 195.96808323852983
126.25920306192268 1.2197471021082873
171.93704786991992 144.2806115130481
147.44969887850604 115.7402946812662
44.975902706085705 95.94850291345513
212.7937718614079 104.00857458332314
1.3743951403346055 78.97558537610816
209.18607604745873 7.393480730679109
159.58952288251618 7.797466593195912
55.313170461805036 131.25448541419732
146.93078851874398 238.56196160656725
240.58007963271893 13.25778473067951
26.31572661602974 103.46632907126751
55.23276454377265 77.16285861182395
239.07618697029295 168.3477954275724
237.1202694376337 62.773732670346114
212.50210657356192 161.45619230172446
9.185676469019965 142.9269390467547
204.9450422735274 135.2405748294845
66.64086651066035 25.472225440056175
209.381133783924 213.76641434177725
33.5904722529094 90.52347951724715
93.40499116112963 100.42865872417676
170.48741692806493 80.57953928058511
223.80019670160445 10.797510409973816
1.313065513867756 63.431995150119796
96.2500128731883 94.69451969087237
222.55819714122634 104.01144046398663
95.82051190093463 246.97487556154545
167.86589166063203 184.03417200756897
170.09624436867594 132.34478110312799
62.92854704796563 27.150084352627918
186.41099196954784 231.07400378789308
113.04484239919074 8.704904903964056
105.9338385185428 171.35138692228034
218.47346265565906 184.3699199553943
66.78510221471537 73.29814343836144
211.16253505390446 45.569283653646735
117.90598149984032 4.044535818096106
26.026077574582114 56.02380719454375
48.045226948460055 76.92911450860343
196.84376265606727 174.4733831391341
132.92549246957702 159.85627181731044
204.53400441013594 168.65232218834015
6.046207993784774 53.944956428390505
103.47592782441623 238.2300198140124
66.96959572739442 24.63032692368611
129.49952277904865 136.37851468939064
249.8305954558011 71.30773592898659
107.69917979389155 103.02744947621734
142.3917591663724 195.854326246141
214.67820798613 245.60684212040113
127.98507885407193 103.94491163380712
117.45651003590599 105.8778683008592
249.65214397160258 30.675765785986048
147.58212211104404 67.7559716243579
99.10379873955577 228.4408777758062
118.82335524436539 178.43255422746836
99.18856676958984 184.83572968010048
223.56515601876575 134.52637599341216
202.88558755422721 91.42292269409405
71.11200833303977 188.49823489938046
16.903200558523178 44.49322332170666
86.49320041735908 115.29169906220862
188.3353584373081 0.9630498283841327
192.09760690441806 28.798818752425877
92.42283398269736 216.27315254712312
37.03795550777056 35.925413111683376
241.84433707422752 245.95562311520402
105.85397878566289 29.817327996143256
102.52228343850366 179.15483084766387
170.06745556913276 144.3526430537674
123.94184855729412 194.10790710641558
108.55162298415551 241.63310936353963
169.76556744933026 128.3356080190123
143.84988511486256 61.76709605065281
45.57885247348089 236.4425908912288
81.54251518187044 227.0883408618927
225.9181130420039 85.18745395744936
206.51562843543562 71.5831875657382
160.1311656111377 52.608146259011306
135.66822452617947 234.18537676832486
175.72776074009965 103.77988639206583
211.75332882660118 29.679167227160658
195.40256132078835 62.155801928855475
175.88451088305558 50.26172822581501
21.313129516121965 73.6577758789362
153.68787523157224 218.76911389838293
128.85426212722436 120.86195293949648
26.420391240454034 44.29598965623588
45.05379202888032 177.59649047210644
10.270552834639401 209.1290131285955
194.16184845501996 226.1538632781382
24.653485071090444 208.26935473942083
206.9873610670649 105.45685417960163
115.2390277358058 12.666692772962506
93.06805516122103 120.12412170236239
56.23989105188029 206.3494310681566
40.54754876146321 232.98513604790492
133.57712497201203 1.4388460891217314
53.67713794488019 60.122397663650936
230.27447649605986 211.73532256491782
7.627763214416827 22.077770893760174
8.676924146729824 47.46284509297316
129.52943785853253 174.43232229984517
215.10272327452597 31.424216385292663
55.282669816083626 222.33243319590002
199.91765555464036 175.81189055443298
162.60324655521188 79.82378873242185
236.90168920846315 112.49957123344623
179.36887107177546 89.0066279731711
95.05520020771355 246.58746102405303
194.48272383809228 116.11150030070819
236.22912030790073 61.143067490380396
241.9870325565687 17.024014229658295
172.75159919861173 232.9030623234397
170.0580729830692 218.35718765565468
203.63850671447383 149.93815271722912
172.1533265422981 17.993196798994028
87.0755049853075 102.70851463083153
44.66226507190385 222.6163878522792
115.11172880372914 4.814450602845216
149.5388416648848 88.72299765321357
154.9611179713096 12.891547549723576
86.20782917490041 218.78281769865717
50.45717281269063 173.89484258982736
12.387751742003628 204.81961861508398
107.38957345418545 30.427925278969038
161.21783905007922 149.24560358677317
194.94009673661134 191.15532465054721
14.43135587001873 144.9748877415544
12.891265060021 59.363441981923756
0.12363856074695811 55.37933718641042
61.19887834906429 29.791687847972398
186.88449862560745 102.75765027247424
123.77408595455938 216.58727562819726
0.38677513687215836 245.65150249228506
11.21581007892461 169.79535817589198
218.23371641845512 151.00361336715832
198.30973028596458 96.56134363033408
17.8135908349277 84.25111801438744
121.24998208453572 177.22445615502212
207.9793845668949 229.36110759696487
89.21405554465852 147.8147101628186
35.50306045766338 139.01059873203337
209.17626074766787 79.53677271272805
36.486038744645676 53.10481127854902
170.26911010140384 0.2734307966948957
164.95333096809554 105.80151855787209
51.68553125155151 178.66006678847478
46.28706632614985 239.61999486507128
26.19747342629411 145.5902823227753
11.466214569204741 24.8249744711459
21.740540062516356 116.55255681781753
194.77568425938205 175.15620157233826
221.7390695329007 236.8755174359004
9.493104210128333 3.0145336696553446
193.8140261255793 214.94781836457184
85.66596967712758 32.5410375863622
143.71226493512756 159.87492098275698
23.88132172681978 217.69924638809664
147.55827822435438 72.78498377055223
25.42572664423154 165.42513276617603
1.7763886825316877 8.048204388407587
61.99635018089736 225.7473699841527
189.58572561601358 145.15695691572782
49.72645911344883 105.45764047742313
140.92861479665518 151.44302479371714
195.0669841421957 142.79943807335687
76.54810665501427 94.19940546310076
150.55307361662778 152.13349619968807
105.78264130557771 87.92077096322895
226.78113705216583 216.29802593639815
209.33703634693777 19.403612085114514
73.82193020137193 78.61549802500964
196.3502241361888 60.11660677739472
229.07715884273412 178.91579641247725
119.34047324978758 198.25083137340218
62.022406434247166 180.46287176742436
27.73718297486119 218.17390153482242
176.2737118784835 82.19941158201111
81.15365211364822 114.04343410098578
130.1872260797802 34.9832197849613
199.81315397263577 117.44469471973915

218.9130454417349 18.921917206874166
105.13835160647395 35.12046365238841
139.0804720301782 128.59419312691145
174.74080792118303 116.58909347798976
187.66870035221615 79.16699964314894
177.36049147754795 60.93647627389423
140.91186196674204 103.0686191745217
117.77194871875326 239.43136211560392
126.5927820465568 103.17411587659137
153.94284023554874 93.39471203486713
40.45006123166087 222.80294520094242
50.87885721371405 206.0017778842191
207.3825474059823 60.701575537761286
89.5585940773141 162.4525572156046
195.26227806968512 10.44817112492305
114.00873665513475 76.95097192339689
192.8832465674873 38.39267518985842
249.1226418291078 198.79149566547287
98.88328981453725 58.86244308669142
35.36296348301391 103.0825277099266
145.24239202413352 183.1710318750913
6.580826440225785 58.25154792372564
14.771756217905718 191.31757712158688
7.581464316888137 156.86085183044685
28.500462700516703 35.69225790711836
173.32205027596683 76.40596598772301
237.0056450930961 93.04042696588243
166.4776752062848 124.17670245572148
218.64767237984236 228.87710627724564
107.34650005433166 19.87895138610174
97.0639812841286 115.84177589727737
93.24794208086476 128.46342716139975
235.55215176570871 168.17028782135176
164.39573289649258 165.36591361052044
87.02517363641101 54.06226209416998
245.60357037580394 157.30121731752342
174.90335582870793 240.29194080021978
192.82601440970623 125.70502646237547
87.29270246208206 116.87247557399463
207.04655151593772 30.789892059056275
197.4068151405874 237.90982978635313
191.2674238277606 154.0033412393969
115.80070353005334 56.00385334757088
62.69487158629269 85.15126285779748
218.85244269569165 29.1839019912033
231.511810663006 196.95969650859487
125.0198406383523 126.70080736014353
170.26587989199177 165.55104977005473
103.94397700991873 208.7829899733906
149.23499055412918 222.31861651097154
243.73502006022824 184.02196872780308
201.67385920144804 71.20654779146172
73.08065617735909 25.976459869225003
72.3256979145685 118.97041429361002
167.04343846320734 243.8976280931754
40.66234756553946 217.4691971963778
124.15869646182495 86.66667984666799
10.694519616933047 57.050103487087306
226.50796419715215 206.01591946037166
130.897735693616 56.35645090516178
31.008623956272157 2.9781244063314394
138.9166002899482 102.69506563417613
141.46908452383215 40.98743909938088
201.7232709327374 210.44377353319723
232.5032279139574 30.86255468915744
100.66297702169183 21.238785054264657
176.46203323940682 188.1070193810686
166.0299851469586 241.67345335943915
221.01065059057387 97.37030948978864
204.22772359055293 173.3702459254462
130.77743455362085 61.129468255084916
108.77823172895393 200.8150891769978
168.20881868513402 18.959907204640107
34.61338462133223 80.68334633768528
137.35399443054146 9.69237886843899
206.1277925849047 190.2557134898398
238.1606818659986 226.4935817787881
46.054989013011806 77.01355003763813
213.70425958177532 173.7809646705049
134.6495397015439 182.36099062403906
79.82445301510643 51.294145699945894
166.33551145626186 7.903710328059504
198.54277789970604 60.32198919467341
100.73125536793823 42.48660853586944
6.924456469753482 191.0751374592026
131.93424908125948 39.04881601887081
134.93083443843457 13.402749523926394
210.28090772231752 192.31471982004143
205.87040288471033 15.56185383516545
107.0848416929205 216.90165174146898
93.60183322080029 87.24262544550892
237.8276089318548 14.124320437951226
186.98057261885967 237.53824732243848
8.111266040577963 49.41304651710135
139.21574081483928 241.03300306277663
133.25937606021398 115.01871244987463
133.0700770913813 96.84032508873224
154.6963050170404 208.24619096935467
85.89465453210553 209.43369586720746
62.6096366744737 55.83796799408594
68.33672154877124 113.54247445380328
65.34430104672148 163.83291842024275
119.48158786433014 107.54441170210075
10.676439583484216 10.323835353201305
156.01554108287633 214.45212128058327
193.2998766996 5.652417361708018
110.74833904903578 39.085142814545115
85.74445772877013 14.574669017106078
63.09792196448116 219.53999184815424
232.81528491849943 49.60323294339736
164.4981750981906 185.26968800846666
244.78415952587855 247.36360306080852
44.54570564434912 186.1747196786683
123.7211521754264 104.01078947330966
176.592536482642 7.809791127863091
233.42725966446014 170.42360967313462
109.90611773210671 236.237978721365
161.67700964964126 115.17285149191764
199.39206340070237 229.30713318718165
193.07375190037615 84.44412144293074
203.58096936366456 2.531931512766372
15.106183078169439 177.57711108872212
191.72640989644634 38.51388861534283
235.8296148453799 122.05590843360675
134.87073383460466 39.22303606226304
66.2133251402554 206.82692069846098
128.53686136192985 107.85917163768305
4.507027930497676 150.57453754737176
65.09101855716804 167.7923566551752
161.49347793077723 218.98851441988336
97.58645741092745 51.25671467261919
49.29901202932518 25.338033788150362
96.09257648681266 227.1391764728643
89.49329001946619 55.43542565239912
4.208198413038378 185.55954647012263
19.410680835606765 170.48083898827278
75.0055857005807 203.51010139305055
198.91641645647854 184.71867117337433
94.58739720876034 218.37495865487298
77.09653514092777 244.8793010884795
131.1378563053698 111.98785849391594
167.4934196599703 172.9058475216279
117.60236762973392 243.86694113542114
247.10160965063443 47.252974972189335
64.49034623626324 25.23458728921102
61.71811689922713 184.12482901299757
245.92856808922215 77.13041398752871
4.648841125135389 144.60466266743114
51.52034814853279 231.76251745427413
106.64902230348858 194.72964825970098
67.37741526800953 163.0291879749801
202.1985643736076 137.07270855257914
32.76951576332854 221.65851828069145
9.787317854394267 249.85833343533832
234.13217226882423 77.45394703754391
195.01618163053558 223.3124249167282
4.17860545315904 243.54698790722446
91.80503929249825 48.25353333333213
235.80198703464296 153.6388493950063
69.75071253641931 144.21820778519134
205.34914813908054 137.00759942078747
188.09738695977958 146.91951467571798
172.14518990187577 9.918170012814365
99.43152599102193 221.28680633025226
156.48159730624175 190.52723982039248
203.5060435381853 246.90568084275554
37.78000649360477 188.57679266914528
170.51716195880624 176.31129321628907
140.86484447542 10.653300449869146
150.3120314829927 100.27929964707427
107.86592240058232 101.08270780751877
12.500893409184782 241.94509392174692
201.87059264575137 72.70981079708058
114.27979623635109 237.67531402111607
24.777299587398133 47.77608313351117
150.354278790304 134.6876473099046
63.2556232482859 190.8589451408074
98.77689854227714 78.91420995083917
144.22243715004277 175.737224254407
214.81207202330415 137.39563278927596
224.72531729723912 202.8194010714681
236.23881588106272 154.33117553103136
154.26265421927945 0.19461198011958003
231.9809499131915 83.6335391588473
241.78568023615807 173.8834357840128
18.208261598836096 97.09018150113369
149.12931978556713 190.31805409444092
69.51565100090824 243.51870540412355
2.9671297183527234 231.28580852585614
12.114952748806889 72.18221996434418
2.4386040846641475 27.04278210027833
107.91814084109103 158.0416736459843
160.06953861010845 202.24967123146428
71.22602057459432 94.49523249712192
3.076005338035981 162.849450677525
240.36832567060046 119.09571117838239
34.15132117747247 49.924156267997176
27.70121429247435 152.24259167409747
160.61489800060718 147.5758145209633
139.55989330789853 91.86957439622894
67.45613968357101 173.02839639603621
95.79487806358122 15.000527477503134
193.719986325412 11.696381129974343
50.194636022851874 9.819118363454809
30.047909935477012 173.8569058578259
246.6209869589492 149.07741591834355
182.64483920207755 170.46147217907256
113.23458901385544 103.42697530440198
14.069387833837988 107.91022238039707
161.5044557187727 239.23322921900098
40.78594396299643 51.99255947090792
89.09149860874096 129.8971363394025
163.0839979766503 49.94178117917955
63.58251963658704 21.379810338136686
174.47309605198376 72.13821737546361
181.76157112131634 129.79248775896303
69.69728470676642 214.7036704834447
75.31175543783866 207.76418012542834
155.61829850111852 93.41792395669785
57.37757419900491 212.43284548575133
195.02545389744344 17.56139236628615
10.524839350104703 124.84927690498459
60.347179323555736 140.190470754902
91.48206380939669 196.5873097969689
79.6530977321403 127.43485911325078
79.94200493903145 119.05511291640833
233.77836620258842 243.75518092472532
25.523112671686054 248.91543500116947
60.423830281539495 164.21267377263538
24.153577964237005 141.03096541078136
48.15331116489366 245.49448123888726
151.72818673261762 82.34051357224179
228.71230846574034 55.50587832288525
130.27753999879536 244.1036463439652
10.188723084579966 138.20362268668413
172.87264383722302 200.6507475686435
121.97692907494506 81.2783070753258
65.49202522962172 49.520369180571926
180.5932367163516 75.37638709559333
94.71897478207303 173.5998831414191
122.2800350723694 167.77022498460957
52.210809495691315 34.96769311749498
142.591911036265 37.68955530781895
214.36594002752454 193.98250678538352
67.34269090621328 201.95449392080369
12.70435409902615 122.74818946184249
27.904486289173967 47.79630352041014
90.61733832338095 208.81264052722523
138.57728279595702 10.280234851367476
223.8401693702778 74.69362089261958
71.19942508263452 18.44424214787252
14.189576824351402 176.29920417029388
120.57467103209663 69.53036620025016
206.81127229783627 11.35320151463534
84.07541473714613 132.3931077500487
139.9659154996332 31.441679842560134
224.08557703396826 99.61205690242662
32.601519549128014 191.80876987338291
23.178655660085116 163.0601477693504
23.52220332804761 50.81507822062037
152.66294633644432 134.61326485659941
182.86393223756892 222.57425215396273
236.62208080606726 52.453067017666164
4.619351556469614 36.58862314704614
233.43136932203507 114.14561743542923
117.03199701149158 201.60301873005517
137.49508391993828 210.93314137979027
99.54605697328289 55.54256839303473
196.24999056596914 90.9310243920316
33.049573099440096 102.44649727124688
233.71947961583535 99.86804273649864
31.247519494254085 177.98331631012454
240.2000558568931 106.84789295300254
173.01416173259656 83.10629113539689
58.735238671578955 64.20907030405856
63.45686554861224 164.30497979861056
203.10714124040936 220.31817761611953
40.101086737816985 87.87821953405533
195.3492953372528 107.09553589831283
233.89141562160776 101.30740276234698
113.75445138327197 33.71250484267052
115.08063823747722 108.66608112197295
25.513541938595285 155.55024181034824
132.8390583753476 70.7248044574292
155.92592785061112 41.400836089945074
194.92099152077333 105.47336643879429
84.6769534898068 189.2137087060398
174.47752989240763 120.4856767164425
141.76418586478093 61.455359435215264
42.31744615411628 72.33091895490173
153.0239164673303 136.65566095180944
38.69512898635424 29.300376941432255
108.3519318629144 43.515669515866605
71.41227319475246 207.7574578984134
115.55243132101103 14.82902145970877
80.25250098921474 99.48171102651645
13.786891201631013 231.60834400110258
237.08147314094728 60.10653204524538
235.65422607698892 18.367466056644606
7.625907275851107 99.61017360296107
49.47083873995545 38.74935546726863
154.2211221765983 243.69236059983706
216.81624294288343 9.28841934693475
73.83165497892502 174.90508556559843
92.20518171129984 86.65857321432027
179.4152515529136 225.91599375447427
98.78290057214828 199.42452721667235
67.33087180937117 167.41120207451658
36.18867896838024 194.8745389714137
15.641841237768045 122.23380350850704
149.4917728691635 81.35425514870978
24.75918449232112 233.180573036857
140.01390344086997 161.06171768853676
152.9606097257594 136.47394071072165
95.67406956519648 19.19632793642784
74.79266670403986 245.43088810494461
14.647227882938152 124.31407823180527
159.6521020309088 93.18954685949846
247.0951841013411 138.36325234962305
15.223157408948806 133.67426298452008
31.264906363724975 31.310712466751433
25.813417111852505 192.9264564199233
67.1546667618344 234.13291854096417
26.041042427960377 71.18098597615224
194.03400954731936 155.47246080617242
104.84321651440573 206.36406248896
93.56637050319935 51.61604742650816
73.93693850306917 161.29164723164345
8.633398792998626 195.45309446541103
123.40755022067026 8.727432597699703
169.76266127059571 149.79003205075844
144.0028743511738 120.16643746016118
52.63786460094863 98.35843366332772
217.7812230148577 106.04909475723751
0.4010859099930486 71.08941571458546
205.5900860666254 6.281985428941455
166.6030043636171 3.2825750282285684
58.416774305739494 137.65807352647454
143.8428049152616 232.2537184333538
238.8958953792272 8.758212244360964
26.35868546808526 110.61414960387798
48.0373418651801 78.10303901678562
241.03342021597533 173.06958020218855
243.41916707233165 59.23768911750982
213.54036610969925 153.13798519924953
9.219212268847338 149.1975929018019
202.3663566607339 130.02024347156433
68.41823926217327 30.563168326423945
214.28522449608744 217.51446307643795
32.62504905533575 95.4605805959868
84.97013039630704 100.2309569347922
178.20735992866705 79.01572237958923
222.4436651401909 18.78715201759157
4.9511473381021185 68.32735602684944
98.58969537533355 86.63121538807644
218.6213505338871 98.14523922688548
92.91628335353045 243.89954406709927
169.589320053982 180.31193794634845
166.91617074578727 130.19669160170056
61.34642744453844 29.946447334028072
191.19550926601255 230.57126406650045
116.52507553920802 11.526410537856858
103.14315885129638 168.30654672318704
222.64215884392135 181.12774524272132
72.45677301274108 75.02895641657025
208.7370085759049 47.44600647344663
116.89410766245464 10.587498043487853
24.026144833810797 63.11306134103176
50.66916158093354 76.52346906084392
198.10272479621455 167.2395358957455
127.12644240462944 163.5063221730887
201.13588727583414 161.85492123374752
9.561722892591135 56.26664248772717
100.46049939298021 232.52337105651188
71.03960864162289 29.585636306870388
126.14011829646817 130.75706758788547
243.96800428350483 76.49849786178497
108.41215335102412 103.90958462266936
143.03278699053084 188.99843161361875
208.8516345689256 246.64057414606194
129.5996085242609 109.07869947419388
113.38806372482819 106.60739271588537
246.5304240339762 37.11072331113483
151.81602217008754 69.52896286368382
93.02412196233293 228.48794547992807
121.33222380041155 172.47490626366329
97.23384804493926 190.04631359952165
228.4022617488582 138.40048647977426
196.67757528510973 86.88031027235523
64.84037414799838 182.86892405713073
12.46160869694221 47.82230273572641
89.88865215878266 108.852636858143
181.88367149659825 0.8532410495963594
190.52390497267743 32.068572045185846
88.1346289787377 223.58529378789117
35.07392265481146 29.188677460798008
242.5372614572824 242.67778178778403
107.67969392191826 21.895883747818782
108.62162455181931 177.4237896390461
165.96076337916583 138.67921868970743
119.32153874201657 195.49179604378136
111.65977072380606 247.51321757551975
169.20521736983358 127.42184488920053
142.37156439827365 65.7547043883852
47.89676400353884 243.10796002913472
87.15278723905124 229.4717901602314
219.93605184255244 81.49994541989211
202.17647091211893 71.46084333940667
162.24151166136 47.33283711432748
135.8161970537264 240.16458334088097
172.0033231929746 111.38465927672061
205.51323229330583 24.989041588160926
193.0003295604653 67.09875232853562
180.75843561003447 54.67861410975955
20.71713895411903 66.84031735066412
154.10434365903964 224.31619264042564
127.71945827518874 119.02354893269133
22.35846567649083 48.880488252138505
51.645908821931016 177.56997346863983
12.318921244418412 207.14584607789413
190.43363844723885 224.72311792498553
24.86441838819875 200.261122821999
214.60135523880086 102.68811326708959
113.16624549090662 20.260813893253708
96.25947538836185 122.6650536498174
57.99943646840608 209.60025434593337
44.125971556292136 240.1953651510535
127.69097852735767 1.609327936294369
50.82066667335089 54.226868061561184
234.62897834654802 215.4064748352526
2.299940368868741 19.439116800317652
16.043881342436173 43.945042714684995
133.82867909020945 172.50117907531452
214.94422324227844 34.33969216994331
63.46947223542562 221.3224819465338
198.3944711066128 175.97270370828448
163.28746808974958 86.4774663753621
228.84016521192862 110.36941696899457
174.97668057713443 86.1571674613148
100.84151298284321 248.7735140329552
192.12503460850073 116.77246685424986
231.12378280141286 64.07444246759201
239.19440978196363 20.19802991141928
173.04103158944545 232.3645883056609
168.34286221530894 219.5025184428346
207.2355865568786 155.36327833670444
173.80884250512565 16.704438392937366
93.00048892343457 106.9479859280324
39.57204008936352 225.56205665847997
116.97946619840707 3.2318557052554153
144.22368017799224 86.56398135118373
151.57262416305605 11.419639525629021
82.43212110520484 222.95837995821645
45.450248565308435 173.01553290925312
16.686155675140313 205.56047659104712
106.55573199636606 31.382291837040775
159.15917494133916 148.67505593885812
198.13407947005751 198.28613553646133
13.65464266288513 143.89566420523687
7.702724533450778 62.9866906551062
5.571614040527917 60.504064551581166
58.81513026429419 26.315901840550882
188.94394642798954 100.4959169847483
124.09766051631802 221.6038091797129
7.814531075710562 249.3502957858305
14.838067573505892 172.98786664778794
212.48451253207713 154.13258646466906
191.41948792601997 92.61794217033811
22.977793796473385 84.3673874091575
117.65939493127416 173.82580118651524
211.94040354240047 228.30306961206074
82.36948701208784 147.4566964049746
28.377958187561752 142.85613562879806
217.07096681803054 82.12305244271512
42.34422567016957 50.95228914073871
174.9019718616671 1.171228113463263
163.2409275055732 97.57929625272061
57.01618169245742 179.19316724576018
47.062412705058705 239.29769505071746
30.669755245791215 152.1305969833476
18.908647299803267 26.521274135359402
24.943578390689837 112.42338527112165
190.45530667754227 182.125830978811
222.1225575070987 237.81770722967278
4.280176615306192 0.5375539505122207
186.9089858896044 211.0039322506001
86.80116456079429 35.27379182235982
145.90047158999192 160.38755399788235
19.653205142871943 221.6765775286986
145.37644924660728 78.11760228048115
18.752423388060073 167.70567142848094
1.8044420882024903 16.236802260782333
63.682965138739974 219.63398258552897
185.57051214293153 151.69843911717447
53.82218996672969 109.95898132749821
133.78990365432773 155.6419778443973
196.9499617447364 139.07500958113465
75.94670448759256 97.00364097380113
156.94695776143945 153.29556093977456
101.04578388775789 81.3200614100494
221.2835469161697 213.66820763026277
212.7993064823729 24.01045858728004
80.32419533095164 73.30174007759646
193.173923556608 62.49230428610633
233.6277916423697 185.89900882829542
126.27825299430542 199.4451365778459
59.64362077998545 186.86901685247165
28.564322978768846 216.29316028403488
180.15317330112111 77.5104732060351
88.88631231085698 115.78565549997397
126.58446536069792 28.771240085220555
202.44373886397514 113.87634361736451

8.6 17.2 36.0 72.1
17.2 34.4 72.1 144.1
25.8 51.6 108.1 216.2
34.4 68.8 144.1 288.2
51.6 103.2 216.2 432.4
68.8 137.6 288.2 576.5
77.4 154.9 324.3 648.5
86.0 172.1 360.3 720.6
103.2 206.5 432.4 864.7
114.7 229.4 480.4 960.8
129.0 258.1 540.4 1080.9
143.4 286.8 600.5 1201.0

2 5 8 11
5 8 11 14
7 10 13 16
10 13 16 19
14 17 20 23
18 21 24 27
19 22 25 28
20 23 26 29
25 19 31 34
27 30 33 36
30 33 36 39
32 35 38 41

