512 3.0 0.0 1000.0 3 3 160 240 100

205.83872265400888 72.2050329633466
133.8569981194493 41.05013760125362
39.16099122665914 30.303872569880845
190.49697856085515 53.01929238342909
140.59920695674074 216.33010827366365
109.59862571431661 53.79607847941581
196.49399958508312 228.27676007331812
4.913085314416171 105.03686127690796
86.30438034271931 30.152225462587918
32.09934905420156 83.93222559589425
106.5604316470941 110.93281472971614
190.29281297649055 137.9662100258337
147.0507661674211 223.42183454011698
143.79346896374372 150.75735343396525
175.28354231942816 79.1818065834205
219.2275755525864 151.54846297261497
84.35511421797273 155.95173709258847
249.72466809529357 84.17947719899504
45.671734670953036 12.502820309087475
34.877323401057815 201.9106576574688
204.52246808998083 231.28980823234642
117.89314369515938 160.26479711243175
133.79656361193508 149.1029169437715
228.34881941144914 94.81194482979049
149.25317033359244 142.08594207584332
184.96801224656525 182.60838526061866
0.921439352523229 49.99185329775913
130.45634013374936 28.605668977421367
217.5073686346751 97.71137182673606
220.25263205695916 206.30046156792636
24.154224615739047 100.26516341869143
114.6256015607768 102.11517855660281
1.3076673618810375 183.15643390399475
112.69155598645439 37.37494965952201
24.296014891486195 67.93298722109562
185.26388281646308 206.67536463867177
72.01524938493264 143.7017906438796
24.827800710415985 218.2267637148633
138.15019430139148 67.8745242572368
226.41226180216304 101.31096451293261
7.3630472212014855 208.8080810406204
93.27773367526571 1.8363158179877936
187.80563749257016 170.79985135755913
215.8415865430457 28.54810415906353
37.97153574186057 65.35424860707003
85.66529038954477 205.33979323310575
71.01302381343808 241.22990518844108
110.99726874991792 41.61664074080909
47.90790106780254 162.93535830565972
130.52543854157213 99.2007243274757
103.5706182139566 13.870843329370802
49.82250568176102 74.67443979087862
239.599197922261 37.75881411107193
115.79094637355122 139.9926893245349
7.982006623560883 216.56142369616776
130.37323652131843 33.757281099624
142.21599631236714 43.23228661138279
92.15056354682083 6.548845535711195
45.51474668378383 79.88524614043452
131.2926981030129 232.0604608394626
8.138281902956207 62.826932819903675
46.51787605680688 38.72463666148318
32.20310409741198 216.95432954145068
34.44239203835553 178.36491041871795
43.73009623054255 83.09316992716295
174.8087575917127 13.078501109771047
138.59236903436476 196.87285394009172
71.48238219505609 178.92910823766715
232.22483898079696 175.65846461298773
78.59222142796374 48.69331350329082
50.16230717845968 133.94135334986132
25.544700547659062 94.94534085128414
85.80233085663167 229.73368731365133
63.188215614508714 198.0962914731631
63.28561365700358 138.2712818086473
199.68145897453107 18.00730659450564
184.41047475371158 244.14933820385392
222.31865022164223 123.12021255895577
174.88383618965807 147.63231483457054
186.55411293117044 22.09618785811987
98.66585429497471 53.10643380479513
62.35588132350961 29.506983935610297
107.63258448455638 184.93044383417802
181.13512128187918 21.515043989133424
59.5763483009166 189.90360699158293
10.041816905210442 13.473663699700932
237.18786014185892 71.20336407421246
202.05463830870977 63.814125811504226
170.00435081967657 221.05869083704522
184.4825796073897 187.2104391234453
17.085500073341116 35.278693039391854
202.56219467228235 124.11198719679706
2.0264591190334857 11.523893086948373
100.43608837871581 243.26447137151135
206.3689565634059 227.2217268310082
133.32841207780424 160.88454458734503
172.59474978445616 70.654754475378
60.56457851583738 235.99546474965013
71.9077136915936 46.2982933133147
32.44397052927098 8.854263736619183
148.14074012413337 119.00626380910892
113.27472334294863 189.8132723742314
55.24249581230911 244.1894841816881
173.15029779860106 176.80392333857895
191.71916834857106 56.85932102202515
118.24062485638615 182.4151172622461
155.76320131789416 226.05115876815825
173.33331408808633 125.32271738350786
187.80357075764837 81.8348895315851
58.52039185691077 67.55295295028205
103.74497788962006 187.56841813620557
12.43244392767917 169.36982356667284
245.93548617676717 103.12845234489862
140.98340425788803 26.97494570149145
224.91269358528245 64.11997476363862
1.3411770842048087 167.77824089880409
228.55901742073624 248.17496913130137
234.5593117516168 148.45538279188077
36.92955173146534 79.58618344668648
237.8369150828959 192.01613166046232
2.245467835467779 160.11846229736838
239.99942301722646 173.5302895068501
153.08781875839026 229.50532773158082
24.64310370807951 38.791029718533295
1.6178674152131922 98.38624167552281
91.65810288486759 55.89681018542614
23.546570618423385 28.93661654257998
216.6057150869691 230.51230707857277
210.25961490731274 129.84109109197357
197.7455538613535 203.9141199559212
167.28419033991048 163.32918053974788
150.4334831529592 25.00029471295323
157.41976350400296 196.17886491531254
90.79939601839452 4.829139258713422
1.8431412629816568 113.2128532040144
233.85184156570347 101.8794963831102
64.48969203083895 86.69777831051162
234.70840340444477 70.06916240868111
68.83387504608233 198.86528101633215
180.59110493991253 181.6013394179549
224.91485270341 197.72549311274204
200.54741069582266 103.63504079655675
222.09594341873893 117.21502520280464
183.44715525809298 82.95597185995004
187.96749114208492 89.0705271041049
53.41453402819041 103.56686525198744
10.162473893285535 147.62921071815163
75.46596170880646 227.179276736725
59.51137627658051 242.7227926704271
28.657528925044335 115.56643657291323
138.227656916367 109.97408809987849
136.29534254936775 231.590767592696
219.76593857188482 167.1025876667668
237.61231170025275 200.15495670221128
16.738099600534518 7.993034267997162
25.391269799438593 36.993739039591354
138.31778928876537 1.9407234007064456
35.94530174003044 185.61317750678685
35.16458480915094 45.189591752985756
150.1242458369741 146.80439322472205
91.7063880793543 141.43198772990118
147.71734558890043 92.35649078965868
166.90019790847035 234.07650971136152
32.4184373755669 136.95897792923202
80.15394215407045 148.5909721658517
150.96356997375594 38.467100401326256
102.60986067789099 49.43261015477668
60.39954275068232 198.77987474775026
86.95372808711998 11.68337502281458
77.50133604095655 37.313161901122854
147.8734199700039 19.788513149641556
3.8890320010259716 15.629176957919322
248.41808241433856 131.90316266705725
28.78997311778042 43.93110779844267
151.58123793055145 65.72580246860451
141.11073944046115 113.8312296397207
13.565136759343483 160.081142962192
213.97021796661224 215.71709702754444
113.85211338447962 223.4549828496569
75.07685530158675 171.86778888436058
194.99503909133477 127.68478647884774
4.976365811583783 95.50887844070144
224.3082962064402 237.07096646976305
132.36936133774012 225.449649147412
194.2038185801039 239.57872306539764
119.28801738817272 133.33586698291893
86.14557832548178 94.17353382977656
35.42266070035571 86.34621736497924
37.71761719707728 193.24967484467783
116.79721293166229 1.4997522547436082
40.18978293571773 245.16448404441442
43.50400283456823 103.5337675943687
137.0482488509395 127.09083863650838
247.82564444986832 119.90404704068813
188.1520903802633 172.01485743742327
149.1102150895931 232.39125836983075
13.056538304127924 160.01775583223005
212.82909429802814 225.37956167996487
36.98027264866141 181.28298893537516
180.76868824177245 205.28845217671628
147.37422074384696 123.87257632957449
54.33525925182953 25.02993417830052
111.38429996323437 172.2963859146419
155.68706209558476 102.9674548307377
72.63650982870928 224.2726385976504
226.01089773167698 14.470465197447435
169.78583163864917 55.82352080543232
37.49743335847056 209.15134888250498
144.8533798574003 247.82791410927203
32.26980789167278 84.27216907268473
109.08326811650959 49.88279866897785
124.87611044505006 95.99645007005428
180.52969905662948 236.22683037064775
95.92422095914985 238.66358083985733
118.3189051229326 27.472405388345805
68.79807740261305 231.1686942438477
72.66805186967149 124.77246472862744
90.10758378788317 33.39415119956171
180.91889988742625 69.93133966150158
228.42919823717392 173.90281841398777
186.02366927556096 185.90336279442695
248.30540910672622 139.45627367682653
69.7032155200353 138.49745208131074
132.097867332777 228.40925657194222
80.97817031549634 30.046897793693685
44.29812225126575 23.532464331623927
245.88448736440026 155.387426935932
175.96300320730913 40.18631169185069
40.857963975056975 17.18036797183753
83.934982501371 212.97948292390814
84.93967090515031 45.94332370662804
191.0992196424087 160.59498927528443
21.130550732116838 223.38043655655176
118.14896413262043 27.52969281627335
179.1410121117557 101.5998574379667
24.75498920115951 0.4662907358052859
164.99361112805002 85.19806520300466
51.41892201960274 76.02387647570474
163.98389304281778 166.05936251141358
41.8086460214101 68.71795601476255
197.21077670888934 201.84061385713886
164.64649350285106 103.72798715163417
238.10527152932863 244.58735254271068
107.65784207126741 56.86790950385609
114.19121551861095 147.30459061717409
124.0061267302531 208.52216960901677
247.00477863972927 117.56743195106051
87.84018105099975 27.814902565034355
129.02220483396934 113.57890486117114
198.51718505233896 43.25474153521277
172.22910519821755 82.03941827856353
53.556002989771756 93.23744923018859
79.346972754564 182.77218512411525
68.79435639810383 57.47428077007924
61.62115917660402 61.43176722286245
59.14500785856114 198.74376914067125
21.80319493332411 101.40212343165001
123.21233129179393 74.51031968980554
142.92027838552846 3.181219516349559
208.65855366210585 29.6645481549071
68.99099360641434 216.85780502590356
116.71823806148332 216.87963043780147
160.36401455237407 104.57006354165837
12.793241210493356 181.94539590343575
9.915279729206416 139.5825384697943
166.12057221062017 238.03962790717702
21.078686984869645 148.3522360176062
0.9326852063761271 149.64369691698556
240.22149581875382 177.73322075340002
129.08620891637318 28.728469170603706
92.77825943826102 31.154486091187124
43.81461866127834 225.8960133524519
121.89152002645709 111.74040548400622
174.32385791582175 7.577980360896825
249.36953000107601 126.39309939520504
74.1776208741672 220.38699913535004
7.696332353604313 93.62043346678745
190.92794169262814 62.82552610800715
172.06025730863618 20.67417208864336
3.285286044922703 162.38466531594855
159.37801736918337 194.84643695260775
61.538194976912095 245.80321810633106
118.19843629231222 199.50028960337954
34.2113394948409 162.66860745469546
65.4205137214145 27.395550367833145
82.395071590626 118.82814931795293
177.14908843242486 27.6046078687584
136.3244543832801 164.5172992279981
108.26493624160616 2.6538026549948466
204.83339560128226 82.88468535019786
141.45084815925168 181.54736610168678
81.07572071263563 121.86377715835347
183.2538879736276 155.7299485984914
28.530939617784938 125.44168943727749
166.44883151469122 19.188515279739665
18.099387437050833 103.59416056113166
201.0964497242482 141.54648544088136
243.88661356389036 149.11589665997204
147.26033371403187 167.39382249876346
64.79054408213808 50.68805040061711
164.05628024789806 214.61833494310414
104.08871157289121 141.3466881906719
168.09255028043785 79.16228511997211
58.418402413507984 75.68486770917856
127.76885396553706 22.213965111297195
180.5175679484182 33.98633561282552
93.88679887710511 154.07900576432806
91.30355987805183 225.69922720941634
193.95179757402147 79.41139669649044
176.73834686548537 2.012703121458265
218.48213284342677 241.38344501799986
202.62411827485334 162.8929602265048
100.48080833909003 145.5747946651273
184.39343262109932 135.7934173186057
243.45404196439532 84.81477364826334
85.25577377876098 25.614534269559368
117.81935440171026 68.97703477695283
101.65042505282435 39.056346235891965
147.18039982984575 41.66083042164048
106.61043885387292 169.72780435727708
21.48349913057651 146.72717272114107
167.94248733581426 89.6455158377125
82.02097383540233 147.97221455808508
7.5041261455905115 161.59334764674736
175.8521967117119 107.87323802374002
181.01391902708252 48.9776386232974
206.13538336351903 65.5753373323815
83.98748208018894 146.25116115568207
93.09228835913628 118.40476342485248
218.55594620765433 33.99394328904209
21.184343091167012 149.43432711451902
42.216878040182344 181.6799253890374
105.52681236641354 181.90312358517176
95.23363602433024 125.21546157940688
0.45572025193330035 1.4078127896203774
177.36378015241715 39.898475625310766
170.75115184196667 233.90095795465317
26.328309018228413 4.417769774410246
138.24198700701405 210.64127256432806
205.83006627338386 22.600366181007526
233.78217877465215 28.068016196919064
208.16509072537627 201.22867894658074
116.96035326823251 48.44268341683036
70.34443152713554 187.13887994389742
90.25310571693565 218.8788764180724
180.42127155417046 121.23463410898283
7.707137981100037 76.25982732183104
230.95315123007205 26.493010108290747
99.82516022981811 32.18299471956543
67.05388349046271 134.34131978916946
91.49560146387815 162.12705111527322
35.22593438380045 91.41403531246823
115.69567866703434 217.24520349721303
37.262733245204096 13.433185101988155
129.07032243679095 196.25941374638302
58.36466993915554 180.3980268873085
117.3230207127594 81.0601173869181
47.02398655882881 122.0971147630488
127.39564820464744 134.37749650626645
80.10896199692074 83.4271948136861
48.90005736421637 79.03441842014192
165.4764695939661 134.84530116441343
52.03534788966008 129.68159093164522
66.22493333265322 128.8695505307992
220.1683058033372 6.630139661043782
207.102213526817 27.463805147647097
164.5755693124719 59.92347619152566
66.34792461719968 185.63498121114117
49.09445055246431 82.9747497221947
71.58791455730004 174.64882956909028
19.3453683564882 160.2111343168518
153.40730118909974 165.4585894004226
55.7180970313517 46.95040025479749
17.212175283632504 221.72528309518577
99.93533642843822 68.72298736416805
208.75069586998387 135.72738180280436
225.293539173792 162.36776926446723
233.15909168550525 226.0527844811068
71.70818744470603 127.34429078428283
187.18929723938862 0.8294221882117481
134.94034546289643 217.168139769075
112.55012900119881 47.66858756950912
207.03228117817505 13.385542846124753
224.90109480849128 29.95136629654421
177.0920207470139 243.18442410991534
37.588418448290476 36.71625216992039
186.66559298256826 204.82186319452
74.7194688014211 162.97542120759428
88.53700789019256 73.99725872120855
175.5483625352194 107.74226276974474
195.24178439919112 142.53581035462864
204.05267956217483 152.07158040647138
40.06063868386222 23.766192397586096
186.77196460547964 224.01772486212815
151.1051362482267 66.05836754947639
13.819507750934212 214.93096116422765
97.5216116829675 195.75428144869406
196.37485044546565 198.09071628241762
209.46670481498552 191.24166490162628
42.26196824813114 190.1817158538566
195.66783515248858 173.74836134488424
228.71144498278963 205.01651788048557
141.59717076119625 32.27639359571102
18.562145339701964 219.83447717286685
189.61797911892276 153.79032878900557
247.88938681790907 229.95911361087786
126.53804322439449 127.1774377664302
101.90543096894389 140.04730704266126
5.294855945062099 14.504472298280419
77.75442208718611 245.2960745408763
156.75895153026707 180.62303777559592
203.61331211145966 174.8804640115045
120.77018386679481 187.90900745930568
122.75424184262002 6.638923782706807
103.5761545421958 199.6179511307898
227.39504743215025 105.91500754570471
182.8213817353156 15.763893624583968
84.95854822832682 128.78122518755362
35.25822647073015 238.46992655324135
49.973578348403656 119.0104878151537
145.36497105865672 185.78034782610393
246.65264461058567 124.40478315711012
15.62560565377119 214.6524025191598
152.6926448641034 116.96078627083051
8.730492319066252 192.77261335663513
87.41870089683823 89.9428231895684
109.0461583040945 34.88798364168119
63.569617029295365 163.3110710948743
50.68651849443348 79.64492350392865
161.1129001825579 69.8727184166647
175.31000665311976 113.39065241228153
159.30369856174775 44.404339769913285
34.28129249956888 80.27903193188571
220.8029136639355 106.49830075270533
91.75034713126779 78.58468305285035
123.67691013838247 163.81267730663907
81.82662166058549 240.30924873459614
108.80167915724776 30.627164977781757
92.38727310961883 199.08974112902774
39.96841868596229 136.69771771558445
1.149070656557366 184.95404835594812
183.55815317235687 230.80225006185213
134.63899072379152 239.92341590724413
115.20815783842272 112.95728928552909
160.22189770714684 6.708812463154495
127.86584967079814 209.88280720330815
88.03812048110309 133.2217361665453
232.02732365986125 227.33578608569738
203.53510851990694 196.93678701521546
115.910608440071 59.45843733487219
53.98385206921708 41.63321430266531
66.99264352554007 170.78201278719436
165.56436618917502 175.371795682941
222.50991094659244 4.168730627997413
243.74986651197602 117.50539061237086
239.86287230442574 158.85565045742288
233.20926544437287 196.38568656211754
139.37808010552155 179.08038998482226
125.56892262018607 230.78408944472227
36.963495267482436 221.38702775541222
198.83516187595586 169.1162301853949
240.9157768361292 69.84066535950373
225.86870166606508 83.12076809574471
122.02835550575844 148.8811556726736
194.12401245947174 218.57421901951227
200.09785988587 102.99635918125178
91.52821597350375 239.49797603882277
86.08343970007657 20.854273593930188
46.331586584462485 89.83920247220541
148.37375986934407 205.52244299913002
178.79333333530033 125.27150245430308
185.9731438647723 100.04444975581106
241.1143128751089 57.36864714754533
28.870337129440927 224.28045732462695
128.20367633695693 201.7058757999816
203.64555935349992 194.23136243726393
0.7709464818696776 103.82049826432745
91.80093445366877 197.79836262746977
77.78824134111534 218.8956569320344
171.4677117502677 223.1309312366169
79.33765500101985 126.22653599856204
165.60682307960985 151.60904728409724
69.79490010359704 15.320955514224522
37.743806163524766 141.42235992620402
218.4478456189174 180.79848594321476
62.763680033073896 133.9820261253881
54.747461516750974 125.61769814805265
162.20750827169732 215.65361446104842
153.60215274700383 131.899486866886
54.64442327061855 31.416423715285053
84.69110189194717 93.69428540260782
169.2113644203314 189.55071999774108
193.61301617079107 125.19107537857957
19.713660700729775 62.36310406008955
97.57369266804814 194.91586923253644
164.73428479201624 218.66793885367383
173.2619304790198 96.67742486417949
185.03049315235634 74.97726538000096
43.87088166935399 165.4484123339566
147.18619542754934 212.1427524395106
54.507129316140436 97.12142932018361
152.6519237285891 124.21123110034918
22.751274549718094 28.022743991167275
77.0751013935689 88.13004834850099
27.63088174233755 11.974135345949433
27.447518465346487 199.7635447094071
69.38415326947145 181.9390438832778
8.607455901383648 202.0772175279074
75.60842528845937 204.92644747865643
10.912839531851375 199.57660722931095
37.07480984792527 239.90657622358685
248.27002335818688 206.98900134509609

200.913232209225 74.88808821140039
136.07752085036043 41.7578464823759
40.021044384355356 32.024282575781825
191.97378188539636 46.15048959005197
140.5107039038408 211.32885913954138
112.42893456825156 58.05585843229768
204.27261732603048 231.66317808570005
7.160175375760497 104.01657575361075
80.94723104278175 32.64630196440857
36.9554313921068 78.10770002706816
100.98457671334864 112.37746776076804
188.49942435060802 138.89217140483927
142.13586387889796 223.46980694751846
142.92963397466622 152.57879213346803
178.1015878940512 80.10911817537242
223.05036264253158 157.1316008745
85.2698357262841 152.88397337108438
242.81643678824335 80.19284624779455
46.98500022382224 8.313257330885337
39.06338057633013 203.98995326163376
208.81257966492723 232.76388551426652
114.2162429784328 161.20200987554975
139.23887443612125 146.133460875926
235.58424286326132 92.10583896717168
150.50571941499217 139.75619401445027
190.47466464412463 187.02114002537957
4.763749655096156 49.65209156266773
129.63738893272236 33.685986915203664
220.02463164381098 91.13516133236837
216.97846288517675 210.38775435522416
28.262305005617215 101.23841830305139
119.90189658167549 104.09412423731884
8.186488387932844 179.7614651312132
111.4523447598759 40.279230517554
16.211464323797387 69.27135393149503
186.19755996636897 211.49948725439617
70.2817987317251 140.53946743934955
21.809487380673314 219.20702660261628
141.5076621908527 68.63144811224042
222.04820675611276 97.58565681360892
13.764182529722307 206.7362524114672
92.74526649819268 8.52365831581467
181.10042592519827 166.3011462804593
221.1658610707008 28.40268901691531
34.640617313691365 63.29488623485874
87.95695242311311 210.23358230315816
66.63354406545108 237.20357036363833
112.75722293285212 35.255526606403215
45.13698296329863 162.60086014200297
127.66411866683016 100.16161430422716
105.60552424991384 16.538463229567146
54.590655138878425 75.6771614583699
244.40632263644386 37.922758024616144
109.32624743054554 138.97941224825064
4.475395919245978 219.2072229453095
127.76617970389634 28.778797885268187
139.71771697280994 36.34894410968481
90.0233406977726 11.82557029534778
48.65389406107126 75.34475793601095
128.1491449406848 234.91814208973338
9.434258955748815 54.631215071240746
42.26412378359931 43.41577776030709
34.50742380530866 223.5601879825191
34.22858687029567 176.0968964992737
35.58847570468501 81.5204613793864
175.29597104211743 20.22747472478384
138.91463963757073 195.93018409541938
71.65644437495291 172.76425780317118
236.26289251305346 170.8505285737919
77.66075393450367 46.29563919569746
54.82207525540617 129.44132283935565
22.075291552456495 90.52188864466643
81.16552210112857 223.80728814859967
67.70988887997295 201.6512573415386
61.74142082314088 131.8816882488681
195.88175658246453 11.66695649219579
183.97606896277344 237.90754743430756
217.11810021498954 119.26676914552512
176.90259994972126 148.19086521332946
183.95381356499342 30.099280591265654
93.66081957283353 52.51609972318103
59.957447461046755 24.91649036551194
103.28672599932928 181.9559851650361
186.6476622857528 19.633922760425527
64.51286417969759 186.9014384934249
15.563070271151252 18.255147916520333
244.9170283622435 73.84671451461807
206.57899823669177 57.168757743527976
163.71428752268818 217.24690732796037
181.73769107214025 193.8071134167733
19.345732991083388 29.50093316988578
204.39608448940007 116.11608303665614
7.7418758648374055 8.196920673623847
95.50111267143102 241.18874576422468
200.55925740920742 223.30497282301417
130.11145336720546 157.2470483461336
170.84332608756375 69.21559191816453
68.10378280557846 233.45182371244476
71.88971108763964 46.04448496988886
25.713457085487416 13.572287225811664
154.9255813702528 121.94530806714465
109.94324213732112 183.26869663095934
56.64103805336856 248.49282995019084
166.08838928127176 179.89899391634856
199.51585786165117 56.195033368421356
118.78797349124143 189.19994255484826
161.56662510119827 228.41760674224426
167.255859750208 131.03695067181766
189.5363411306605 77.80143705402953
58.1408828043449 61.27850456144696
108.28210672683473 190.3930411557366
11.35295190816174 177.20145931758407
239.2497760986281 105.18012827339234
138.57428217748063 26.668110252420163
230.2131660730279 66.16043707828145
0.6313135405287551 164.35241855222733
224.0227076969946 248.0544728796062
239.8011809237367 154.94643874295886
35.67727059804271 74.87964427734103
243.11725771242266 191.77386317922708
8.93696580664205 155.19438191071214
239.71322012426572 171.49819349712186
149.48370430150547 234.28842405029667
29.605885018193725 44.17290695562309
0.21161380327136547 99.99429536032414
96.40892875122026 51.46820315210851
15.684458395682416 29.664411559576497
219.82338354000834 236.24966281788508
202.08638073740576 129.26848995292374
199.4706768022438 212.1452192653018
171.73322086986153 165.93842584386184
147.60190913055612 22.256930332103963
157.73703112749865 196.80798087378307
95.84885101641866 0.23427214229782
9.279487721069263 112.15062521498231
232.23477069521635 105.69068538136672
57.5878204376159 84.83546059164082
242.96872889686318 71.5880663746234
70.64993339612816 206.9686794331796
175.82619079056795 177.76873107789262
221.82898215162456 190.71185842196363
206.28791825365988 101.90367998231181
221.1033079835397 125.35558867847521
190.23099728190505 80.13455571066694
184.2302816548496 87.21412597760079
51.93078245460325 98.10450026697882
16.166723195776083 145.39434212962644
74.11591637067869 227.5335747143097
57.01395289914557 240.5788064096334
31.665635486404664 110.19886866935522
136.55905102370699 103.94862645507072
142.43359420129488 232.58007472705174
220.41254622983226 174.70165737167275
234.93205352538683 200.11499671330336
15.728946447012227 9.88280781518694
20.410310921713084 36.96906778446288
142.36605425607092 5.527829669764617
38.60787621640427 185.2083579871422
39.963114463674096 49.976818530293954
147.31701107014425 143.26974841113883
88.91914925184363 141.41696926644022
147.08650922531638 91.02718053181505
170.14806819353382 238.84244456702635
36.19995640154988 133.07565607330352
78.82700587583622 142.80648532965498
146.3291253667562 33.316092891534005
106.95360830153588 49.897141019504154
64.60469637200603 206.14726881320718
91.41318101423951 15.215526295260906
70.96196963496274 38.195763513930444
147.8099681256221 24.840772129969853
2.8306520978665928 21.03795341277273
248.83381345619136 136.07366548268112
29.850172868451985 50.25881875150692
153.29055055193578 59.225619618851034
144.8267680920755 113.97768795218957
11.163864441518651 166.19230873311366
211.20667515793417 208.4009882727756
108.71499319996408 220.09177198673123
82.1354946884336 173.02483636495796
197.82230836918518 132.23348624726532
5.295301150757492 89.76139760795499
230.89591398484458 233.30770281343266
133.07550688073025 219.83415582740545
199.02133747034586 238.47570624363038
121.41668062313843 133.55173859030904
90.67348638574602 99.75537507073601
42.11312054811245 83.22320499799562
44.563571497758055 196.76544199054857
108.67119168150496 3.850582918310308
42.09658498066429 245.0860869521
40.12018075106061 102.01112573020127
136.53079037852697 135.03658028889703
241.35486341667934 121.37178792294957
188.04115204469065 174.2763975030449
142.45024110691588 232.7821953463765
8.9979600189109 158.44892154509043
213.99267329627475 224.95432900544094
32.82589242398603 179.29615963290973
182.3240838717862 210.70703116804881
144.49053322612912 117.64592666131892
48.71028780848646 22.22122375358887
116.41109121708205 167.07059319018396
153.71826858675385 107.26954226138852
69.36789821607874 219.28150034216625
219.3628900720139 11.15198333507908
166.8152368940034 49.810564591358656
33.6293260093741 215.0649728457793
138.48569136254895 242.9441328942684
35.7783708823734 77.0204153028276
107.71248233747993 53.12732178270366
124.49947811814546 103.97579003793459
175.370134348228 236.66810442365042
88.89648482758116 238.64113410571971
116.39066971040205 28.06872239090724
70.19489221066274 226.69631168870953
78.41428222329935 122.60969733009827
93.8111318017556 32.25730790393141
180.25510884932353 73.49237843444806
233.54987378555913 173.1964526517199
182.0137611500056 181.56695284956243
249.67316944297474 141.94339533518055
68.13437223569913 143.39015749690017
138.81536503410774 224.66122128815337
79.07903044247259 23.912904533866186
38.68332061489954 26.569097634569438
247.9732498623069 161.21875977979033
178.98845899237187 41.05301123415634
41.02201092184254 16.605234725995565
76.05684990614658 214.36831369224075
89.60627745199936 51.34193857518923
189.45904031757715 161.7575761263461
19.461538349399927 230.61503668895196
115.48597488982715 35.317740311701925
181.19478362947987 106.01765512577771
23.830330657981623 0.23431850593702563
169.60382054604824 81.6290194487635
52.283864160593744 80.97037009070456
166.5543822657392 165.07567255413198
45.77469031941519 72.09714440066747
195.16233638474415 205.6491705234849
168.4940523168305 106.48999903013303
245.5367945042832 241.5399570552654
101.61071080420581 54.639971349789235
110.59588517262189 149.7230600060405
126.56039300997884 215.1250437659406
248.13693080177214 112.136253823484
83.43002030586396 27.23109214368144
135.45374934125962 111.0205203176372
193.08867701002575 38.33695730833014
172.54881558338172 83.94357916293096
58.04200560580553 96.80764415449933
77.48561998286682 174.71832691275014
62.36318490098513 59.50364906174288
55.92061614490246 58.13265896534375
56.255288718168316 195.13904358000605
20.370349165685724 99.52718770928223
117.93116984657482 77.480950738681
139.3549113296128 3.494905537656412
210.12803983724424 28.09151498776499
73.97085345236601 217.22727040851953
124.94952189036562 215.86672850509973
156.29811428273146 110.93640870678614
10.729961577650105 180.9706341827395
5.672022454622782 145.07716150695973
161.79450459016869 236.13150889996763
21.08466799561809 151.46399317239238
2.724275782773594 145.98195794833956
240.88078885778017 169.98161641099182
130.0635139781549 32.99484539521291
99.13375252684448 25.939282421353848
44.14544405975684 230.52616629434624
117.74726034579331 114.0978327441024
176.7211072940372 4.263673449073025
249.19107123957306 123.04463951543282
73.56261367980466 214.86020045142206
10.614825699525793 88.52638093615687
193.71279436998157 69.81626832137566
165.8008160304303 17.60588112590633
3.204808468468628 155.44986934385167
156.77271740016485 197.17351225683046
65.79897183437802 247.62240418658118
114.35311992757924 198.9023380247861
35.62237555991829 156.93259539619928
71.10553963345161 27.78862553275635
77.97286557857284 118.0148643983141
174.07945723589742 22.5200197952857
141.88015070630118 167.92323100889914
110.13285830815866 6.322589124388905
201.33969648015542 77.16670656077157
138.99674971917622 183.05772602847156
81.20552362670333 126.33033107223696
185.4099914063655 161.4951028772407
24.55285862462564 121.14941234200407
163.04273211586084 26.62527791780661
23.076316100999556 103.98122098906227
197.6538910545935 147.70362110501898
247.17034105193738 154.0105414027153
143.34845898809886 162.28971363538724
63.44805876521168 42.721265413381836
164.52946519196107 218.31146397407196
101.30574466469156 145.08153782903986
172.938465381201 83.53157436363747
63.63567845582082 72.86372325662091
134.2795357128761 25.354963081132915
184.36188368226277 40.21542615147949
97.10906752933917 147.88723632895125
91.20307312703719 221.54849128560554
194.47685639343678 77.15311124721069
180.882303017106 7.910886016884749
218.36306549459974 241.8197237297177
200.7033605458013 155.5598491240611
99.0881990958411 142.53494120392932
177.42451069251726 139.8202685989696
244.85982255660147 85.80653306638241
85.43749485781879 30.29415416228695
119.97596599370047 76.35361234233154
97.70506630565234 41.18811774010098
154.34562957345514 39.71924936504795
110.02952486816447 171.83084142771483
27.666670510246767 151.34715503541807
164.19127217922758 94.03989317793035
81.92001902234455 152.69405672464384
14.24198125778578 160.21457962283807
171.1293232569546 109.79934467624827
181.80074138669698 42.82179803971253
209.29167745839686 63.94990268251011
89.43283854204232 151.79115406013304
90.90638265360401 110.44616327099548
220.97990756881504 37.85141511027751
20.763822629556866 142.49672470676055
43.64342104975233 174.6806884262531
99.71820976687815 175.8362278840913
103.24825654671915 125.53026140146889
4.954516457116642 5.604484117565728
172.0726564353466 36.75754899870184
176.10262761782906 238.5189317285097
23.864022262659933 9.962485350725775
130.2985146163111 209.185258159975
210.2798932584311 18.88338883934043
237.45676506101276 34.47347204926629
211.05843083798217 199.95465353555184
111.44598884351376 48.266204782151654
71.52256106184457 187.53965852372465
90.53935980404029 223.06456803591422
185.09923234249052 117.20672542798091
1.3365185533872337 74.41665594316191
232.53420303052414 23.967307974347012
96.98931492578555 33.3307828406032
63.760938156494696 129.6385580109766
87.50881376582123 159.78531710413623
31.051655352712178 90.02928324419615
119.11836724017527 222.80103320990864
31.90440681556264 6.883748117659905
127.68446199768516 201.43988909717848
64.39851524553714 179.93964473841868
113.68740310905098 86.59866276016196
49.04663531592629 124.89902371368689
123.25196111802367 130.32755300473008
79.9625413301368 75.67601709620342
54.210545327293524 78.14341227244579
162.92790219105768 139.53381704606875
51.281795102116945 122.66278981286425
63.473398450917315 123.35498462211991
216.17611330004004 3.770479361077883
202.51748898468324 30.84510222306522
159.61572481147067 53.25932643320785
58.71896829758641 185.42605700413935
57.10512178191815 85.5639098909155
78.14817813282457 170.6776913128086
16.500984723953366 156.96893966640263
148.97044741553788 168.63661112512222
52.416465468204166 44.65126667581823
19.443713899299773 214.29065779949963
107.26968607793563 68.6202331230496
213.95110624848823 132.93911003554027
228.61604961 164.17821307680214
226.34553918131365 230.82120224124958
73.13270226373832 130.4991487769098
190.50534202084097 2.011261620374322
135.9447072732612 211.2654043871462
110.54125421166552 43.4018465276087
206.64289587844652 8.607333615681668
229.3882126184271 25.438693284848462
173.94738639599876 243.40568063183522
40.62243859542913 40.60723764045166
186.55076766903736 211.65416075675398
68.16978766073126 160.60524256203325
87.38839515160848 81.38724517831525
173.16221401204865 99.95152216984302
201.2161101536142 140.9338611602203
207.94979066879856 146.43519010020333
37.60116472677599 26.639336779295725
187.5580133106466 217.64660403935608
146.87752172147367 65.44559948886763
13.160240883517972 217.7342678282302
95.34732346600383 190.7551540620608
195.01680455771663 196.2797638239575
207.63012280630574 197.08279230583432
40.17448677013197 190.06902563184337
192.2811216148189 174.31539887257776
230.73894714440922 200.03908344827798
135.51050468924063 37.570671099622864
12.258231604801411 225.12920962247705
182.9369334794821 157.9059720569998
240.50652751414458 234.06653263160314
127.98610385798153 134.66276135805194
94.98181533564825 139.08284292793292
11.563185173542934 17.526259078529392
70.02604970517568 245.57076167237778
152.8490230565739 173.30129275419543
197.87044539683347 174.0924935243639
112.89798590054875 185.50879232107977
123.16801226632387 13.270503862444938
106.00268547132136 197.70010821137103
228.04225424740983 99.6799389788704
189.17749135985744 19.593753350763908
86.5049562785899 134.65535441666995
27.769665665606126 239.15600097857356
57.04336645906477 121.89699603177121
143.68914588202958 179.5397145394687
244.8141316532513 129.1292483209955
10.073492302860865 211.97728362748683
154.0144822444594 115.78138825626327
12.885413456318522 199.96701808713445
85.5253221083038 88.4868615286872
108.57026437153466 40.6120195436363
60.60698833117659 166.02850875436226
47.113507232357605 80.91817194313913
157.9126474036072 73.05045028630222
172.67495740013217 114.84914539552419
161.42834822302262 49.29477520292283
27.33062014589685 84.80623626533021
218.56464133277092 101.93569969830679
88.0653009087872 82.33311384432676
124.09515494752524 164.0843109810195
80.75328970419596 237.59144419705794
112.17500275968159 36.238299716733316
92.79710958187817 194.3806691457562
34.73615925421106 131.09703131310272
4.568972956610268 179.08568107939084
177.26548968050213 235.09473237527482
126.55422279351599 238.62934495054202
117.26499363403231 107.7000997330045
160.71527424530467 8.287893453150868
121.16730971489537 204.78437993687672
94.19364406193303 132.233749646358
233.67635519181084 230.54743131195593
210.1072738241978 195.74446150844912
111.76215571483466 54.86854779504957
61.1492850013442 41.999084363508494
61.585615987587275 174.98408505598823
171.29620532923687 177.9977492697699
216.5201086756991 3.111877124200607
248.30956281058926 117.3428149783524
236.08855358910913 157.07182597311237
240.47568409403118 200.43229530351178
133.2142656500375 181.3420497390034
120.28442919973956 237.27793643403868
34.67710814248012 219.0649817553466
202.5137754526127 172.38990081084444
238.4010697337558 74.23301418825889
222.17591429096993 77.9142403671163
115.83447570043148 145.80405078682662
194.17265959751913 220.33399298441978
198.99721212400317 109.02554090057653
90.66212892223562 235.91467903893778
86.16809772590415 27.539693722425984
50.02885385945305 87.23465352602037
150.34590594331533 200.74885977810848
181.28212836174134 129.74662381972496
188.3213239141714 108.16818225220848
237.13314353867665 54.62954489344202
35.21452228915156 222.27696087139248
131.5695896833468 204.7788834845786
199.71863956153095 199.71074204433592
3.242834749312001 98.47640569646681
93.80617897619359 193.97209155551118
79.06299783469615 227.0561916408446
173.81279271970195 216.11007314384136
82.03973790474234 120.66133244022176
168.31414693115346 152.75661120543003
71.02330209246536 17.082548616316778
36.69492775854949 136.44870132062258
217.41612832991186 174.461001128419
64.39848287094694 127.9353675802841
62.227454017507426 128.15451760652132
164.81550170426974 213.54351607698223
152.53968331204678 130.97505258956727
60.24519985332174 27.738487535447774
83.1892965335938 85.88716370650948
171.25142859388507 191.7895746489822
192.14433563831545 124.18811303925598
15.715171534547794 60.928822855512685
92.61644767261035 194.77778680528397
164.21540042719246 225.30866862782406
177.3025805599555 100.59552655096144
187.30043685576786 67.96750832377613
35.58222816535475 167.1055893904529
140.64959433284182 209.814685549543
58.383822153441926 97.20289236544014
157.25032899137508 123.42616057466365
21.81669310562534 32.00921729203399
73.8372205849124 82.56121523700793
27.510811399929587 3.815697413172975
30.52494831008945 199.49476780630948
73.00707838600084 175.82074005151543
7.338151542954197 195.41955772928813
77.00169262679033 207.9905365161617
7.435528475994463 192.86176065307302
37.6421050345391 231.94933812129335
249.97059329733463 202.24671417892014

8.6 17.2 36.0 72.1
17.2 34.4 72.1 144.1
25.8 51.6 108.1 216.2
34.4 68.8 144.1 288.2
51.6 103.2 216.2 432.4
68.8 137.6 288.2 576.5
77.4 154.9 324.3 648.5
86.0 172.1 360.3 720.6
103.2 206.5 432.4 864.7
114.7 229.4 480.4 960.8
129.0 258.1 540.4 1080.9
143.4 286.8 600.5 1201.0

2 5 8 11
5 8 11 14
7 10 13 16
10 13 16 19
14 17 20 23
18 21 24 27
19 22 25 28
20 23 26 29
25 19 31 34
27 30 33 36
30 33 36 39
32 35 38 41

