512 3.0 0.0 1000.0 705.5357384631169 3 160 240 100

170.57777441906097 16.053567982441784
176.76981824839035 152.73858245854186
162.4131573991566 196.2466554646149
249.66233069168553 181.8551992219162
106.15099723201531 91.38615598032837
34.32465391048706 210.53485312718246
242.8185395039696 8.865049288348414
249.97341773765288 38.02444148232628
225.19868163594427 174.0861145767356
203.64158930751526 226.61913337996273
188.13989031661845 211.33323588907265
218.8813662132806 15.556980896849481
84.34026371443201 138.0131339409305
178.17661761580436 26.81503551886935
64.52169921683426 2.8174434081880975
188.74543740679565 152.41923151122856
72.56399954235351 234.3680538955327
236.98420285202863 213.43127341250892
11.666680641752913 172.313722227336
116.06631716995302 169.3770999118865
222.4225388480816 194.60328800454147
178.05041152702174 200.72244878021226
76.92017503848714 222.76117273106067
218.40393888178312 34.13091038061747
139.98427386156473 72.26230516760798
115.88224954069814 123.32658951041947
226.22913042812007 76.33898461388033
122.46704116164084 234.20416171021827
53.26298240506264 128.40203594306465
170.88147934911782 18.435177453346135
124.95504063616484 8.529697795391506
191.6966734443817 243.60226737459269
159.224690997857 175.21789342953713
37.63500186603353 23.26328366086966
226.7599066128372 23.618143952371636
182.302047139865 16.9284991592836
9.813344411769842 44.48867258172087
249.36615862365122 145.54361687822671
109.01046663200157 175.28060631529218
208.51107622884376 163.20379431637238
185.57502215618814 144.78852927744265
193.26276610847034 174.16509647971034
144.8309109914489 142.72044830824785
0.48909369021588045 188.1539940506365
166.12238422265168 15.970485808122298
7.421534319793449 89.02948471020473
8.197516171823988 207.8074721996511
90.53946918811364 13.631522954428515
215.84606680966618 180.61821716112038
19.388071190953482 113.91853551534243
86.70059050151919 154.32552973457058
128.298456339229 180.85280477249714
135.30324644792927 214.88057999348473
108.71689812787189 163.23923336592992
77.12228625794926 195.25646664474954
94.03863380221864 221.91513038203573
8.308161639723616 152.11435473857884
99.81715278958694 202.30658947034618
85.12573269400345 22.442779568867895
215.08458034537426 129.38874010641555
125.43141218760093 70.80718130132807
204.2343611631449 93.9831835491449
97.69036343271028 100.97181971415584
238.10395245914225 53.78423640933194
130.160652218545 30.18032513986618
168.98667955094535 197.9224933489075
7.293423819217271 81.6848930661761
52.912522811261184 202.78481644389996
4.259805740224665 153.13721433333578
115.987418268023 57.98545844924191
228.3783828648076 166.97220905764073
184.38387021117768 209.358479654323
35.20430919230083 37.55850166039939
66.6676099029602 113.12700331328752
12.787508583719436 45.040622702924665
177.45843189158768 205.3242789336997
42.69857602544164 130.928309644592
127.38979550213844 8.80534039997663
40.23225000713771 153.76227788207967
199.57711522568977 249.58038167068887
217.01154622007238 217.2553009557957
20.114791273405487 223.75309425741114
16.606339302564333 61.01873039730143
199.8548590487578 219.6328276748523
90.52954804971544 233.3060497023191
71.5805508335114 38.63763439915355
11.19982114940335 175.6477564639008
242.08097932911977 95.97833567532938
174.3307326713651 183.0803632282196
202.73528701054462 145.19638535820684
108.37702056121599 201.92421388394666
58.478282277570905 108.90438442847736
113.62123370136543 163.8832794259658
216.94732088191242 36.74768326285546
219.2122676844701 217.72667368058396
162.2264775812333 48.256221221206985
58.838859062008474 73.39278913907665
173.12716510253185 51.637494510218126
46.44117221702862 172.33538823153214
187.96179567881705 206.44694187796125
113.47622915804197 125.80944964867727
58.60591218641653 233.41318254437977
140.826966780147 212.79025034307264
233.74625969715242 35.391899648196556
107.03964328179488 193.27543398108668
195.79708673106455 38.94535202168417
139.43613721189666 120.61833737085162
233.5634788013241 8.632007974103267
102.58869987395128 95.89784757783521
79.58145672273747 84.14165854416503
187.10708134008732 116.27123482220794
216.33258233398215 176.85145300012198
202.29190766078702 35.20769923535913
111.1049262563511 133.4830696211759
172.17372408644377 49.30021452441777
56.299086076757845 77.85519023299598
63.088661879222904 234.2235487008116
46.05246175390901 83.48471933722989
50.35749599774536 61.89024991987566
164.4463940387695 66.74470490100352
60.03502407573325 172.91793399100945
155.74004120574742 170.36172795063038
181.92951984724712 31.50600403276846
5.595040948419477 118.36761865846191
100.88798836950097 97.31868601471335
105.35910343212393 195.13519532410217
208.03160322373202 204.78832049782645
127.91592044048333 38.5338763313195
9.031461191821716 109.00398332676087
4.337644228123078 61.05157162918823
136.53240924029672 240.44822105569418
79.54554161739979 166.9507102501204
63.12376518747778 78.81182594765195
35.004170695351554 73.5238756845937
102.08870278016771 12.222330512110469
158.1330874570618 123.79658952469852
25.928637234210488 112.65637424917504
82.01505211976607 36.887790945309696
50.86070259010184 12.201563301509788
166.460592220743 21.592188272330116
205.4042301439327 121.88802419820918
110.99369067344512 129.24392314011237
231.440576988746 34.81227483050492
2.6672412318911043 20.5666642521794
92.82319082970957 42.53006986856528
190.56426214681466 16.631223839481123
89.49470987120814 240.6170849173136
188.43440803401407 99.91568391112357
146.45951892824968 144.6124853875518
218.49049840249947 234.28396426499143
245.7568086250797 148.45443796516355
155.71420931796857 134.3070886367552
149.55548202427752 79.41991720094352
79.05786927672965 244.355469705758
216.09544770100953 85.12790628652617
29.545363313092516 32.64121962793218
40.617253129603185 225.10199621242026
129.72045591976797 26.956938247806093
33.5154067674191 14.305585693421358
215.84689532358672 57.29433504494089
44.75635901097513 221.81161303364445
192.71610860957688 77.63408493905696
33.50014133207585 170.52694219725234
218.7337374093372 154.82569292235695
18.63951782442605 89.7088183124069
67.93495097000543 184.00024747260397
80.80202188063181 79.3667269626175
96.38296319798769 208.2602292780444
119.46650649627603 178.98801486759345
126.34755598032069 246.05187529976251
243.6759885876311 12.541886820427283
59.087601967409945 196.59559150948084
127.61536958628697 73.54090947079226
127.50605855739589 56.69897618666408
102.87051917714615 5.153097399681811
178.93027702558285 214.5458830062198
60.69172465200096 189.1123874084902
49.93839067237044 132.1533119337409
130.22340342965222 40.53469686468256
120.02229458848198 217.1662016127633
38.745775637102184 219.09695769929218
193.41033232760788 209.4189595939323
25.748158576750168 25.19039886599997
81.34069293307026 140.14645022033918
65.66729673391353 192.77130720652713
245.10631780276137 14.11799241023956
94.32317326795226 90.55700125264457
126.89879064196194 84.61013948033708
85.16812997846307 120.38063488688297
149.26165770960068 81.4246959257221
168.7405477321987 170.71897006767045
173.15033549491903 57.987391689478
3.142651280274078 47.083572479559244
153.77066451641545 204.66921942311365
46.953030562238176 249.40823775118818
23.224016420335392 175.47416730091274
237.8290687107375 133.598508982239
194.5430207627257 117.42065971308423
73.24233878602959 218.486116679432
232.701437634878 167.30466614711008
85.59610553180902 241.4232324045786
12.518968906131578 69.28142739945656
195.31927913088933 220.30207858407104
191.39534095935494 3.409034341262107
16.90555080713649 232.20637951182783
122.29433545092039 70.82606992061677
183.62573808220444 127.20139916666257
215.1371808963196 130.83183899611177
215.45404665740585 175.26060529106542
129.18665569601458 2.379335071067301
152.19266824021003 229.15205563703316
137.59171809055837 243.26840125201284
17.625449437554064 164.06505280242285
3.742936551545534 201.3425591002414
143.772436902437 9.521531168368625
90.03808811692893 68.60105122478386
43.21122591865404 139.81706870828998
45.33479886649825 145.07266180139572
173.26272058854124 221.64093244485855
132.8136712649385 117.00391624259312
224.76795444124625 118.20411555729024
116.51192820018649 189.55568967629708
71.74635263738644 61.75847576893151
69.2094705962715 62.301365597756146
71.27668407065477 181.85740166160403
133.03763784873738 187.65179780822695
4.950735821096869 92.96458951526625
180.04883629628281 247.775303919325
36.836391542080264 208.26731905305135
249.05122305150744 116.93857149901149
123.15407298790595 125.84274537939879
225.59178540189467 114.81419774340745
76.15723808681207 14.811149463186595
26.584231357132726 155.7519172502579
73.97238793153369 50.60963111222277
178.86163735937103 102.33909468631289
153.50794582009095 141.30646374115307
230.38094777898067 8.567536947097304
125.33750793365525 37.489347562259326
114.62048406462971 132.0060684995562
137.97763144567884 73.56534526476163
30.704131396821516 79.68687357726716
167.0533143444448 3.7357361173202817
26.758018187802573 155.9142976395452
219.97659080243494 154.62591460130773
147.32427895514903 88.55494162918743
201.4099538855113 13.46516703379036
213.95287914194125 4.550343446435178
2.9286918707167597 183.55085295653626
144.30653924523241 113.66755120481254
169.17344979170994 205.43417649114767
90.1767699918169 44.246589312851555
66.34826286981976 202.38633949352797
132.89849880512577 122.78147747559842
78.02334484603027 146.54142822797968
226.04213469882603 227.36652973046122
220.83843159984994 158.62550062756492
74.77505678534021 79.36977065068434
115.91779696247353 117.14952640593035
28.393671730909816 227.42510400573082
201.7319782948093 156.38353064813248
3.437046569215285 239.11760731083638
55.2406842944759 155.53628454229437
77.81844612209898 238.82297093694828
110.114664208845 231.3835549860234
148.46256453169508 7.830560909737744
48.17608833080334 35.11494176705388
76.7678102581601 171.83598657270664
45.716963254920806 29.381038947371042
210.37039915346935 151.70816313794776
81.95132173320243 124.0330476100579
81.44938617792138 95.6045103633049
75.08932665093792 13.445409124738905
23.798467575434245 61.485396666128764
221.97199495463082 241.20736507670867
244.91242663953014 162.88845652596154
116.31464276953307 36.653477356194564
156.58089683356417 91.07061038772527
101.1996989861644 97.00555756307699
177.02785337158494 141.72626464497407
118.6411528954262 44.99237988080765
215.86510565935907 89.33674201465195
133.4589365774102 112.17397040937563
171.6140042934738 97.66274907066408
174.26706226827213 181.89815049291008
61.564661154249464 49.12703682561087
11.192982777172011 228.13432962497595
248.71569445541786 89.4990482827245
21.549188923201847 96.71828073969269
190.10605858850045 23.170041786745728
12.861079994972712 123.71450026467512
246.81432805123248 129.9184500934864
53.659060104011225 40.781075105723986
130.3455034420814 21.102927095064867
133.1341262688372 159.74977946500607
67.81240191246744 235.42943723447516
26.124085511068458 28.087574959224316
33.929994807997964 51.564257035276505
80.94139997616966 216.73857771647093
178.02438441577948 70.2497335639762
173.03528206801337 5.3450654533583055
57.1819232800615 13.610902268600816
61.45333109970411 183.0257031126022
113.33722027232338 199.98387779977534
161.25062621950926 56.363641505501995
120.52662316834797 126.91905245213475
164.31556946143039 231.32928942915183
91.84651881649164 39.131860910594675
55.261191061644844 248.31358708637921
17.384845706590713 132.27583464635904
224.47388624254037 132.9991102143289
85.13975972377524 35.54084948497904
68.8788702215719 152.5082319056376
188.43870704415264 103.99659886517703
87.58579869666406 137.13608556087868
116.34542036967022 123.46687450270025
139.33409528333814 242.12081423056085
152.403366130841 4.3249809296329325
220.44768410355957 119.1228747894621
68.35065037350338 114.83954190904095
189.37599525136704 225.10190459491443
23.411104657496907 147.8798270894289
118.46832984280204 239.13526804659114
88.21893451668721 198.75464352007802
245.24511441580657 126.10010796507865
209.11229100201172 156.8821819157741
25.66958463337013 162.8593509190202
88.23124106554678 79.95723112476539
163.91061273767897 27.495771704080184
227.39923203164685 204.74987303560482
140.99309761160302 240.63330213216489
90.8502752963081 53.44493899524772
216.93708715749776 76.82378095088946
218.2264459343065 3.663698995836989
128.84991830045612 26.129195568678405
118.48557188877687 162.84235196089708
229.5754138643005 84.13663803863439
59.60107110102072 36.3835868539758
78.25811697409257 155.29908807244436
47.79887463186022 213.7073546351887
94.90053817205224 211.55792177509622
127.09217514517046 87.66544113367503
159.64271702797626 96.92175177403495
70.70915856711407 119.36188791146937
234.06088976956295 169.76249325663824
212.20325477808947 177.18641905659717
234.84222173335144 123.51562923347336
167.59755228015925 225.18622424003988
152.8080106593137 232.58807065313323
53.638299843943834 146.7744923599953
115.00961138172472 183.74355650359732
103.47982715230731 111.26657127493839
51.548583745367694 128.88999996670574
230.9009192727548 213.45644538762855
172.2734106012221 51.704396736001385
51.14485101582255 87.96954250150102
84.25763591485972 240.32868077051856
203.63084927037337 43.86409957600954
244.05603334153375 93.07469320367353
161.28283582781492 133.63166009103588
210.20939099172074 30.34029389180082
121.87647118115483 175.07985409219063
144.37166664763114 133.8261291738023
216.2695652177525 188.6745478575122
92.96736705016632 178.57450171441602
160.35234995005825 187.59327200010677
89.01537166689721 34.355890738212466
198.21580931893786 227.9964529434325
11.18582876370694 31.82754826407372
73.54678978598994 86.59447785789298
79.08550404143541 71.85840169823837
179.58790682667254 218.0263222385048
240.6312932239055 238.6735615790903
234.03208787371386 12.86166501286562
225.91876676836438 143.94439073275012
202.98871776527375 168.23832459787326
118.46121138169808 102.15994322309483
132.53585779771305 208.5652707659434
81.67514966793829 248.37925270477587
241.1431561891466 249.50156578384463
134.6351541899106 209.50838095340208
74.02297786726811 28.519571459541815
158.67590678216456 120.73621354714773
14.594019613935693 47.133396911903965
236.92814655578184 32.621668995067495
238.63862313431395 166.48009302204966
26.87310329988887 51.33896103167271
33.69116132834071 177.814829633464
148.03379345367267 74.46059274914899
216.2248008269902 195.1742820408495
106.5857847408129 98.2407602095241
221.24485507498434 173.62443561211407
48.65098980561072 177.4295942501227
219.10855571653448 160.61207387476114
120.72832551533 240.71568709930432
128.97793725612522 20.53316092796284
54.12649757984669 40.293006801148586
16.613870640883267 68.8652079348716
218.3202135150945 23.43456842250849
139.45460778478244 188.0164778703708
53.814019806159465 148.73072284720885
3.301706254761949 189.96533374591476
226.40275277767577 203.2799043254236
111.82585466385453 138.90510833816944
153.1270461944869 134.73560300058807
50.257560709827956 195.60593431503634
142.64162606662927 93.96528609566471
6.728479129727516 93.55185539020444
151.5016623045352 61.14534592575416
146.96971947532649 237.36912236380073
101.27145923803441 168.6986250564792
71.28245120674035 121.06962111571632
48.28208360880287 58.93204888115397
4.070091775528583 217.529784246709
100.98218656630628 244.351403404865
115.95182889109473 220.005740006309
101.68977918770591 26.07767416843479
177.3828020665571 237.33041059811003
220.84974032026184 157.39348161002644
45.40893952581052 97.24715787238588
78.58958071163346 190.61822666104183
145.2002210476613 102.45630431157893
67.04679012983131 46.14509978280154
105.71204223850411 107.41550730981305
201.39069760383813 2.1830387270938276
187.66293784367193 223.41401776410964
71.88491149497133 92.33382179107046
181.71904144286276 152.44668243479305
191.83972297772524 101.22860214709328
43.034716326286166 41.60124006757337
222.65496512939083 5.008639694451866
221.42597351596802 34.78331270888188
218.75558580036582 46.85990555679109
141.84493248590837 247.8668514524315
52.17100859868407 171.63328891173148
161.05357216159746 69.28773671530233
227.1480393071551 211.1335455959117
210.2483683402369 194.6223273485703
91.98580767618984 182.59029740952195
126.37071430920116 158.69529899591384
159.7318535345111 229.5773994610874
58.69492211428429 187.12223750583507
78.21694938922103 105.44100487205996
6.192480664143574 34.54467531930633
8.93843662627211 122.41298565252961
160.4119776745453 80.04969861789802
31.13620994604854 236.4553675169748
239.855910355806 131.34974720168017
124.37143514220992 237.0352329734559
164.55661576607878 81.06590277541734
10.328825799614554 108.20706321083142
157.63334273358032 213.3367413633983
10.507018978188842 218.02032380196005
72.90813382514594 179.41707141159065
153.28992694490947 67.1019392971428
219.03411111805758 98.36306134650214
153.13739996595046 227.32282716560928
11.265285727362407 187.5195149695914
77.52711507755674 216.36627727654786
122.39764308872137 18.40776110981909
32.728202529241415 196.54650979319234
83.54888915933373 92.1527722431594
184.74561343838818 223.8525245213598
102.44826420849498 243.43477844194229
230.13334251363318 163.77184736373573
150.63416238822592 117.39259195435972
196.25026775242333 12.063390382803629
200.12606927612558 186.5002033228694
44.02819759901577 132.62464566417398
174.03850984478464 108.60877757862319
208.7194619837842 4.608009115326467
26.34320595516823 53.39530878888796
245.66385175213574 3.7216054463656834
138.77661418186202 110.80070055496302
108.10078171548706 151.0315765476048
52.22505186413542 232.6752941776569
205.478154196897 38.47312390344898
227.92341185353183 1.2560658243291056
248.32491300065368 71.94422659978719
91.36725998362697 12.041154162924727
196.8756694604554 26.68059800615266
224.43715803998535 116.44795827821724
133.44255782078164 155.99131996232694
108.6483699581537 79.76091881839092
44.56467004565231 4.4397492922632615
30.5521807532983 198.65273978411884
245.07574792581636 140.77843287919342
40.048854662759844 137.42866245820605
23.169055337739884 68.29521003887021
86.75639074833371 124.09707482503482
77.79106594781155 216.1364011556058
205.6414866541407 98.49668375489085
154.23816752990155 169.05093078156267
232.1655883510338 114.78200906666946
176.4167774734287 103.23319147625074
103.65490273974271 62.21337179116693
4.709657584725385 25.775663210709066
48.92846954543239 245.31938337688504
154.48394138908705 158.68406959922868
136.1002121213742 160.6041850245686
136.5410924607304 8.879609622849728
204.90304735531348 207.51183813012938
23.689739376917956 114.7888669534041
202.32589772419414 150.6423667668734
187.04791335252162 52.394772973617606
223.05011371368496 38.550946557933976
241.17880052084743 153.68129072260703
1.259034482985255 40.240229645732455
141.3623067181924 43.20429067253012
120.44277787463997 203.9596411676689
218.25795602547112 39.1315993139926
80.30354639956622 69.26405988615484

170.81048843849965 8.877508596269902
174.61340922430924 146.97445859137162
157.66412400415732 202.44440393449716
246.96726578594587 181.67270524208774
102.43771313095785 94.51050379635048
35.679989843484414 209.3998516915928
249.56569465495193 9.324113814374174
246.98473770429257 44.70845191505257
223.34745655080383 174.6121687344561
209.61409607504888 229.28046579295264
180.06162961092272 210.80635427159092
217.1128088294054 23.418258892660525
78.6771158918416 136.86197837467498
174.50911729246775 22.840590470591142
62.31647215285246 2.6216428765235555
193.888109174082 154.9811760445709
72.57354760934808 241.48735285853155
240.88371364984263 211.64261466249948
17.045860308873145 178.56789978990346
116.71010001680415 161.09233717785224
223.26282308548005 198.5400828575177
173.38045070883467 194.2411797081687
81.65981360709226 221.9640461683591
214.15248678286844 31.439255372024412
141.07049273521514 78.84519049729211
112.29332092514441 122.10463504486033
229.2454764688682 77.45943178434025
118.53788661242615 229.62101356997428
52.12659190864563 129.8216759872034
171.56494222528198 24.028773175277962
131.77075248475748 5.978815063957338
196.0296389927411 240.1468179320276
155.27895517866196 175.7062488551028
34.169983759631315 27.749094908151445
222.91713576693772 23.287252663290513
181.5552829613907 8.613460385113846
14.493469543647775 46.82665042949241
245.87290264547755 143.95299844011154
105.2952919104366 177.71527102519875
207.96837795056575 163.11116535176401
177.6092095697845 145.15514037642612
186.69065269562645 175.81123694908962
141.57517830057313 149.8630466648831
3.337630564430066 185.3381310522279
169.10332000965968 23.59246491612399
8.505328665521949 90.40214424164358
1.0403879468085797 203.78290771189137
85.40526963842976 16.95833493152343
213.3075458110594 181.52831329749853
16.518943974583006 108.76591070860037
85.68831648875424 149.40894762708788
131.77365687505056 176.70678585247876
137.48187279922928 213.75116725644358
116.51493935382165 160.17375497618622
68.98433185312925 195.15718589284708
100.83717082346277 225.91144565533645
2.2018326799248253 155.9996339644733
98.2363853719816 201.97940133838128
86.48873965286069 27.463516650742452
207.09200329660706 130.0548709354616
122.56291136719297 71.85216252150825
206.1186731802175 96.46061258970168
94.76645740247616 104.87997266607141
233.76089242382727 47.609060625112775
132.4922934968769 28.660452407956033
163.80730579431543 193.7454413223609
3.5429014752722257 82.57003179418018
51.668930943877285 202.17922754101326
4.339336706464164 160.82792510663796
108.75847227575896 55.287622156343005
232.58343759914726 165.78180479434675
192.16219598430519 210.70533784719157
30.68407210949034 44.64508026018898
62.862860045074214 105.84443999887621
5.528090416978992 41.4066808214302
176.54056811864908 207.84437268144438
38.378063193886895 129.77443797209017
132.27451275673798 12.90891244063397
44.153127657992144 160.65368269678785
200.14190277753522 246.56229443461243
215.25522740654256 223.62913411780846
24.373305965081528 221.1107778053122
21.918426967658416 61.18786935067671
197.62341020780033 211.56947879463894
88.51407908198603 239.70947225632474
65.5733393025425 42.220067882931225
17.081032939875758 180.13739603951882
237.4900313490438 93.8359040285593
173.9723831707089 183.43465023426506
202.7610551671474 151.95193347313273
100.7453096005573 199.94603559926145
63.4327272622994 109.99210200356616
112.887723410446 169.30000882960235
210.7349348049699 33.15175009977614
213.01894780174467 218.52271206380206
158.187786269036 50.84243652648221
63.3664310678046 71.52397254669621
171.16596378626608 51.05009520180345
46.13908291549917 168.75631572058083
190.6488597615615 207.12591819392316
105.39083768251706 126.22196868131003
56.90485066226289 236.93512500420445
135.4951809129507 206.4713054011192
235.01387319008833 37.95319801688582
109.2624075945113 188.96548438520736
202.68360351089217 39.518870488832206
139.75415303381848 118.1354913048262
237.35366191576446 13.710276871317568
107.45537116094589 91.44875190344071
78.38497615660451 90.00725970593793
188.11108514183553 115.52601648885333
218.066187985212 169.1144130029507
202.08356499158137 30.82912148862707
108.31129837078315 132.25437461145216
171.40649713426637 47.68146839434612
62.13160259461928 73.5153983085296
62.96218597979017 240.85509085084726
49.84737302614492 86.2769871520602
56.01195584446386 60.68920727583141
158.70259385218273 72.08689293384255
64.83919335116755 175.4680783483926
163.76747364331393 170.61249505270197
179.18432015409684 29.90757034894065
5.8431936650654155 118.10686544918134
104.38729775652789 91.81991534312326
109.11303539606557 190.11777121817025
206.4587796530119 205.18959475926204
134.93153935660735 42.8451850594859
14.218055398147467 102.78517433196785
3.0058087363827033 53.0241803495114
138.1163879616922 238.31885738816817
82.5000399531019 164.98850409204564
70.76751660375943 79.72785384811313
41.29937811845921 72.40488467303194
98.84734803012776 18.62027153907786
156.47689753193535 120.79401271356011
17.89704405288636 111.0210252961473
84.59815934885414 33.99279570029551
52.60917591674258 18.499063141839024
158.73528421320088 24.079656580855897
206.89656440150034 114.86154179322774
113.78981413648556 122.7801357656931
233.26354474503222 33.217420733835404
1.6797412333986461 19.02975640036861
85.7449034499686 45.63048164106101
198.3162532274048 16.14609375939943
83.83480175836397 234.6133438161931
185.71307316827512 92.9764723866526
143.83465171665725 143.04989734610848
224.98526606172584 232.66958614165017
247.0584491057814 150.14733960630073
151.53057022430468 128.28465081212977
150.77994796285714 86.50930282391161
84.90195422917218 246.87420495155803
211.0390108088726 91.27057529120044
24.935607112805652 35.43374282665152
40.15030321710475 228.0352814736926
131.10558360394262 26.326536202444906
36.052940177069196 12.65003233373152
215.48100426122625 54.911892655268886
46.092477540104646 216.95784452383546
193.3221887752684 70.9699457696577
27.87819646343953 172.07141730205635
215.72782740982262 149.10730819418322
19.857920706656234 85.75348600243602
68.75958536152035 181.56362741518765
86.4958363047158 78.03766455157849
93.0142150508712 211.0686567206779
120.22505833301872 181.42331016732322
118.61440937962745 242.80864357324552
242.14170471331767 8.624213774159395
64.4451601090372 198.23631336082434
125.60390879042066 67.33115772299053
127.86016613188 54.74499191432797
100.99919986026498 1.1555235085344007
175.47574969748695 220.38668078935456
63.94053503570543 187.97094111435862
51.25416382958084 124.22634085163104
134.58688749471327 36.077003832357875
121.63060526061659 213.69608503767518
40.22664302447676 215.0190327215088
190.46447612853186 206.32163733256382
23.690090147674812 33.07034110464241
87.35195648218333 137.84125672766294
67.77198619494636 196.10188466816433
247.05482022602405 19.035077514093363
95.18332954117193 89.63903909885893
127.42171501930264 76.16929843035958
84.15945686360723 124.17752742243293
143.94548339553816 75.10286448494458
167.36287531755843 173.0199205051711
177.70224299346654 65.14162752166932
1.9646927695635696 41.585904923256756
156.06531905446434 196.89911817322297
48.2049791686007 243.04998992586687
27.43140845257158 174.11709264128424
236.56822714810414 139.40078194266675
198.996305664567 117.25329707462414
70.41464373954149 212.7922017010872
229.09482781096148 170.14546460196803
79.86716965489532 246.36210678382346
15.661682797815214 70.52214152231274
200.13568547117623 225.49371950887607
195.63026951664173 4.339353069289508
21.436006175183014 225.4644476721362
124.11443789715418 75.96020017773714
181.25536337014606 126.6539626262036
214.31247687676958 138.7770434681575
208.63707518001814 170.78249627369024
123.37098901549862 3.388179366224431
148.61159424242462 226.1703223703696
136.34224319764212 249.48457613190394
17.994337638765483 162.11518878205985
4.6671188984635235 195.6887810484319
142.04876919357534 3.268398907617293
95.8446171340217 63.134663941601694
49.604806329451996 144.93199758993427
42.12926108205234 146.1720557658914
169.1225290070417 225.83306705661124
140.49620826918488 113.72175597300362
223.30577252705052 123.05841397484316
113.1294107075436 186.1136318691574
78.18197975045166 57.14942231587314
65.85202187053704 62.514768327271845
72.94996299062356 189.19279668946683
137.30160091359184 184.52204405213982
4.280846496654362 92.87009242355393
179.6104747249621 244.14307539711982
40.56512772636664 207.34590390217642
248.32379019344404 115.32967614821949
126.84956770001527 127.80541860470579
227.14926037961945 108.03633669384627
81.98460338445624 10.35828722825402
29.010783640739778 162.38735219381118
71.46935377929972 51.866651970370356
171.29636664296513 104.91078961088915
156.48322443728924 143.03015535511867
228.89242348044382 8.944808111831515
122.22341890747596 43.20804943891996
113.13957755786039 137.61947100819913
136.8501867935026 72.35247819485099
23.19190151571224 79.50207440653176
164.15781835032715 10.687481519792152
28.8760357655444 159.9279028583281
225.53349207086114 159.8791725741737
140.274094843913 86.05209647447768
201.74765775004295 10.347497165760029
211.55320413174405 9.308012809224053
2.3341752663428306 183.24760064497116
145.6587537424377 120.6671984887854
170.61927673453056 199.26877993959334
86.63193253784407 37.260463662600216
65.5546328920921 200.7075630063201
127.29704002688375 117.0762773188753
80.98870485529366 145.73664634522697
231.84814424204473 228.61197950392003
213.27228465217144 155.20871336376496
73.38512788866011 82.62471555710113
112.66206787564361 123.20971799780936
24.72976193884427 234.93857148779438
196.50072192413748 154.28812796220868
5.2542677257411965 245.56608482232355
59.75680646729028 148.7506794839318
77.64049071245852 233.89485398178186
108.74215948396177 234.86968838856072
142.10686991370815 6.0073601172346835
47.65165265413673 37.170375813145974
73.22441383454337 173.30865788177422
44.159050251582926 32.74467024959227
214.359495135037 147.24843311361914
79.37940386805697 131.6854171482022
85.14416248642581 92.69596299465857
75.8538126715152 13.218329541780815
27.63272083253546 57.32043970594963
216.16682206971544 243.94867865814228
244.28466023782053 166.07752904169675
112.18716211195887 40.67207886378754
149.85339705283468 91.8578094899421
94.801482134688 101.0580694767306
182.9649781175646 143.07526177525122
122.39620796952136 46.917102317331704
214.368687913951 83.70979852755569
136.5827765523168 116.17220180848759
168.1907228422419 92.20268974028417
166.76401837301194 184.3479083020073
55.28406633835486 49.919708946761816
7.112842867748825 233.35407116102698
247.97473504342696 90.12996989826274
27.31980619739163 100.32546544942423
188.694982647163 25.65084705272655
10.086163631157607 125.91001450445144
242.60008756739464 130.39512136016816
60.03295438693382 37.35605684035362
132.46283031384658 25.72752042750234
138.21990462822342 166.27245065912527
69.64081469440502 238.07187764260132
22.561432867542695 26.259523562598837
38.01967473421955 54.46047223736747
84.17778857681854 215.48097171101637
182.1480887577623 72.68512098967145
171.8617070571282 3.3581924755766988
58.21734155340374 21.694799404602534
60.73106585997434 182.9026926015283
117.56182211962934 200.3667720783306
167.00679769606433 61.19389024470842
116.42867839572304 130.15803482725303
164.51074042452228 231.10640964533388
96.76721577517253 41.94060128004695
49.95510583805299 248.60341097797775
13.029047628783458 129.68606810896623
225.88036466034308 124.77924063098352
92.68205579457869 36.72909062367477
73.95105753508282 156.90006596830685
184.0983700517349 103.10264351304188
79.21438371371784 136.0713215499883
108.41083844276838 122.94064095850138
147.58083106063637 243.1017623638287
159.13368846267767 1.5900570192675934
228.88119337246127 118.68041104855523
63.046147696066924 113.07538717974752
187.15636612815683 222.85467329474773
27.390026938536817 154.36170538547262
116.07482199524863 232.85440556461415
86.62817859311808 197.69507361255518
245.3011725008004 127.05146992332253
215.84737509032848 152.55526753803113
33.674367829305105 162.30315662756837
92.18382635887417 75.2833456465205
164.36500337906935 21.128908402824916
223.08938931746727 204.21364198977824
148.49815434576024 238.83619727157262
94.2924827927309 52.53700267426187
220.8877659719792 82.07458005131565
220.9298899264146 9.657615757272142
129.85803531699347 33.07943236560487
125.5332187122793 161.22850122111603
223.45546234382803 89.95747227140174
53.67228931226992 37.17780247354916
77.12612062957952 160.0003149047078
49.428561413331515 218.44847998493276
93.77202528442474 204.47417977558044
134.71593269724764 88.79817498372097
158.30340566534943 100.08436730198808
66.82348063561166 117.85320177578254
234.98458538458283 163.71047978362935
206.13739645512953 177.70691362189683
240.41818221027174 126.13913910078716
165.60874166145135 222.69910457726724
158.4567728346416 233.80605078790535
51.77234127319449 140.29482528448844
111.38582747419623 183.87510920069636
104.56417781878191 114.67566584030197
53.62496567448241 121.34551912945912
233.3631891474381 211.15453385233172
175.70299036595742 55.8187006138208
55.25249073841551 90.68284232969975
79.19741477320588 241.4503746056318
206.60756866907025 37.63815372312032
241.34770025204458 96.73654449545855
167.12147648572662 135.49083182189383
212.96921992397492 33.95606760501452
116.37761802859475 177.9205565632471
140.36116511333404 128.8331990695403
219.7945072317096 193.54884942093332
91.32276775406886 182.80421642324603
153.19117152332268 189.3878602774981
82.43814902817535 31.29844207382654
200.59443477577946 231.9379325074512
5.713812434470639 36.09665758047251
71.74628256612937 80.80389489652545
80.37617130628519 78.05690185520497
184.56008714662522 224.2049630063266
235.4825562542318 236.6501895720183
233.46132064749898 4.940261263643802
228.74556775755275 149.80315864788554
204.92874909673043 171.17366819279778
112.50920468638753 104.17994031712038
140.25321814747224 208.5826766725608
82.78685742041623 243.4238391032505
241.16883492931697 246.4415047481882
130.63480130385452 208.0434075845954
75.59347578427045 30.57143581502933
161.4197463636685 126.76560292536468
15.115204571202161 39.07173270017786
240.14873231936457 29.668411861668297
231.46908037740513 165.63444608138423
27.965800438893684 53.41558769802807
35.10021440699879 174.631186830133
141.37354272282866 70.90486222759621
224.40500564437392 196.1494680426048
103.86601799160667 95.03138278005736
214.97781075952045 175.14970615313706
51.685308641162194 181.50669895340297
216.52783548755005 166.70546412761422
122.40494172907745 244.7978431265828
127.79356176063226 16.34493777794596
62.15181999177741 38.392620238655695
14.457064367478845 66.33850082734699
225.44747598159412 19.014864093303718
143.97820579336062 181.70259709922732
50.59155345743074 156.56862821799425
8.622191202622837 191.13933164857363
230.87294815251576 209.37533333794605
119.60388651273296 137.1275459301973
160.36041143466232 132.38242133946255
53.109644054848914 193.86288516397303
144.05644895679077 91.48914056392566
2.2964670702469157 95.55852525294165
143.43612446393703 58.82854219792666
151.8883059516704 243.1643166452183
95.73216974415911 167.47662747115766
79.75618401382606 121.00946184688077
46.258737950268774 67.01761176616958
4.325731825097212 212.28545582539195
100.11180134731634 247.7878774356016
119.94985415105747 215.30842494851348
99.80267908694506 29.90506816678831
181.10838930666264 229.91623240464236
224.97469301745903 156.7950813285454
50.47588065863234 94.41654793267476
73.54579660486363 193.909105874239
150.59422208765474 107.75306163024793
65.54406034146626 42.75165700092473
112.52583002292582 105.95071016577614
203.03207791010448 1.5176820109384925
186.46499157716315 230.3527323354857
77.45438361965914 98.61328846967015
175.54485478584687 151.53984343220608
183.76597938701852 99.33180784697687
48.07653635607401 44.2679723101822
217.81841172874604 5.050677084378674
224.70429690666856 40.73951158927741
216.65636311414616 50.08598592142208
143.49074493754964 242.38028264722257
54.72411900969179 173.84007094384802
166.99502081179534 64.04801774814334
226.67758364714737 219.39892314574988
217.46372777161173 196.6967278438975
89.12129385153095 174.98928230683708
127.35995305515613 163.57163126806333
163.58150156583332 236.14251529945804
60.98906288446879 179.84784777459868
82.34175550496123 104.07422763922966
13.271773875072501 34.5626123699716
3.5643474880894255 115.89709338372958
155.16461529635282 82.44289227945222
30.355096315244438 239.34414846930918
239.90715726356711 131.78316872489225
123.69644595176612 233.37833934568837
168.72806564977623 81.92698456810518
6.864414373683292 111.93970029589192
154.75144795181765 220.84425447806194
15.9789022697438 214.59841169187985
74.5541925706626 184.51223509985925
159.23712473652378 67.63845662605242
218.659027281012 97.6909533738874
156.39270707825668 230.23228162496392
9.538308219663172 189.6595306140848
79.91797792894634 211.41330404767876
130.35394218694913 18.610363241710782
31.744422396702 196.69378581744803
88.63235762661652 92.34098178560335
182.42618238749657 227.62287411106507
105.83520307755492 241.43163636827327
236.266816818303 165.08660744442417
147.96862349946892 113.42309329096246
201.07775987251668 7.35349042609415
195.82140109888954 187.29180836668294
37.02377378130184 133.1806581783373
174.96650980612262 115.92745923664071
205.65954869173672 9.301730894696602
22.87309601088089 49.524350314644806
239.8628366169751 5.901353830926742
133.92430774283207 104.56034265769668
108.54744057518684 157.6972754903767
57.354028708863 233.18173446797817
206.5760815562434 45.3476193947612
233.82169311476787 1.469178908172858
245.96226052738356 67.77849269875294
89.40109216284203 5.9692533594126465
202.49790458481812 30.899525345635865
228.96965697777387 118.360763172557
128.4860498687465 149.74361689515467
108.75374926477325 88.09329031733482
50.96871030756689 5.635771119286703
24.516296184656394 197.06396956199004
246.61948396336564 137.68261901492352
41.999263925945776 137.82300095238926
16.495107503136737 67.4326702738748
88.72387988423131 131.64374451514067
70.3420751173667 215.3091586817163
210.61854843748952 92.42167239868054
158.64879426777622 175.5190051028381
233.85207287950755 119.83254600181648
183.24043853567292 105.68762491627388
106.02299074131888 54.22792660744907
4.718474855718885 28.53834086057733
45.0450632381687 246.1978961755564
155.28437449464693 151.68340033250956
139.655258168873 156.33296234598237
131.3239959117709 6.6742580350880045
205.15844958413834 199.48435210964192
27.248756219031637 116.9342988304308
208.06347897139892 153.4242902619625
183.2929939730503 58.013882897140604
218.24115048688338 39.37237576373667
246.48780655520758 155.38521123356134
2.307883677058559 40.4418332524088
146.87594083564343 41.99888465261706
127.78758165609929 200.29772829310775
222.99872940007583 43.11337939451943
79.61107308765183 70.17543320879882

8.6 17.2 36.0 72.1
17.2 34.4 72.1 144.1
25.8 51.6 108.1 216.2
34.4 68.8 144.1 288.2
51.6 103.2 216.2 432.4
68.8 137.6 288.2 576.5
77.4 154.9 324.3 648.5
86.0 172.1 360.3 720.6
103.2 206.5 432.4 864.7
114.7 229.4 480.4 960.8
129.0 258.1 540.4 1080.9
143.4 286.8 600.5 1201.0

2 5 8 11
5 8 11 14
7 10 13 16
10 13 16 19
14 17 20 23
18 21 24 27
19 22 25 28
20 23 26 29
25 19 31 34
27 30 33 36
30 33 36 39
32 35 38 41

