512 3.0 0.0 1000.0 777.6246411816454 3 160 240 100

17.93544132004782 53.49851353371465
134.65515346938255 85.2207832573336
54.06073393203878 168.17963056667142
141.7774290120338 90.88355894146858
175.2233420681596 181.50455756024718
154.3858916297588 176.10590946120837
101.38805412614276 27.580738709481246
157.40741636335318 43.515729038721915
58.291350665228755 128.8153567744828
113.31824630767181 122.90493078239797
11.145085647746383 146.94115513228206
176.6593039717653 112.99245551161118
249.04709342186467 150.62437543981218
40.645587150592824 58.17876270492667
165.63134675686393 58.468410810022434
19.13828885890717 109.69508723770153
48.35111530545916 179.1772677201809
192.8439669697256 207.15141210466655
193.08498591286735 166.07772679712173
234.4325817283576 106.69294444147987
156.17649466204588 133.76989000036392
241.11141979985155 203.7490098751731
177.11150278889698 159.8003843710325
136.22632592359435 229.76056856024113
234.2290297735272 190.36835835728925
151.806105421422 42.491063087917915
109.69058061437099 222.19356406067874
104.72574172052573 172.62127729365258
197.87673274328054 80.90052679244891
230.8867442879909 64.2211845431753
193.42568962005208 29.870159184538085
184.97345028918807 134.11431057340135
141.42574111069496 100.3297749432471
178.60830162428726 218.34953301354415
54.121153032302246 113.95268000727141
75.61807771496679 200.95044233609818
167.31834962636233 61.94233370420443
201.2963288695982 89.7475750419436
80.09153741358432 85.48191423155183
61.736428822322246 155.5058333258596
102.85298442270663 233.05496508134792
96.71197887635552 136.54806543442228
106.07481794734042 68.86687966339217
60.720252880692435 82.91830969319489
23.49841692165508 111.98857816707569
77.21610581287713 40.62715616557849
106.14922656107001 0.5360784372916705
39.61621091086437 175.22006949818135
58.77373046979509 130.3005750673815
83.38989550138953 244.16291286435998
3.9727355190570526 231.50775121892966
27.001647158308245 19.06377990982752
235.86232600366506 126.4731171841813
37.32034826264518 183.48623851503146
30.110201595199364 10.29331473736378
55.695044596350805 31.838932723817603
163.21267181710544 79.35564536769516
102.22986077782944 150.18126325015854
180.5163970142003 65.1035744534017
11.266472251872301 146.32728475474022
133.904681797849 156.3092925611358
15.83184202148183 134.3351792252914
52.735527055114666 135.42295019133806
136.67213062054105 210.56949452204876
99.7097403550449 28.061067613834588
71.89880745142545 70.11487863940374
211.70199513585973 121.92402647906891
207.37667779151394 178.83235039340846
61.3471978029041 27.680801639034193
211.0669722163637 45.0844073408081
248.61033458165534 93.40864556006528
184.7693309104148 200.38728325097927
39.60412824460408 181.85269965934364
167.68348569364633 244.3438699909546
8.03518572620035 81.32999919436217
91.02047581293024 100.39699589728518
239.71912335293646 46.02308456609236
37.5183817347256 243.13045482239937
246.85379218970067 228.46487446912965
115.94894134490272 204.5550727969799
23.961301364366 234.9288746042558
68.59931479838474 185.59630162433697
48.14812736791196 89.94060632603524
6.878091130189751 135.4989757010532
225.5989930985528 249.41074115627066
148.6286109473641 244.0497046454388
192.19759043452595 11.694544784706217
50.4908877881497 27.199642194554784
181.8805004159457 28.949407844709757
166.7784024264281 45.27101751539509
11.729962595857707 243.31483017361862
137.88422918649962 29.115340652697526
164.23065236321307 154.12730848493473
215.69430061511392 37.5434596647107
5.951836649645465 122.85775670538656
172.55119678948816 27.259327770722457
174.1419198616575 40.49999800207854
167.86569048445037 115.45297556351366
66.20005570720203 189.5427194457498
121.91579983597678 186.8900245804968
165.98610425856432 234.16490391058693
184.31910365205655 189.81957864184378
206.05706498290937 190.4596697139149
185.38497185020998 29.734705551969302
24.564948306987716 156.75840873575513
145.87057857749573 25.77898642295029
16.55851356723781 62.55152176612036
54.49265268112341 48.17124062173139
123.29554563222025 37.500581905246825
147.87111715977883 23.650519947648885
216.38969588187123 102.22061581772566
71.5765329238967 82.57740930427651
5.925053888455989 245.8646566111238
69.05972220142517 115.94807537188679
247.12308991154634 211.8168040581195
181.2091622564905 125.41863019815483
93.29441943764597 237.806345060228
220.20463773737316 58.067905277897374
135.35092989170806 134.45767659198594
7.135660048008447 121.53411460257091
65.09585332228424 41.19124178220121
150.50754463521415 164.7791019612601
77.52082350565887 26.16294918047232
170.88865422546544 157.10097417014973
208.04038246926856 96.5276818485315
207.46520271105237 65.69747535573487
21.18073101334797 3.7980287324105855
60.81235121002948 23.18537404049481
72.25781764678885 239.93640065028399
27.476429367509493 221.50732985729567
19.57140335999341 140.17335892536283
60.58375623597795 0.44511599889210385
217.65648035716762 142.3927312090925
201.31333427388384 11.612945573316214
163.06746256156808 175.29522179473324
54.559538246433284 172.22095736024468
227.57511377151235 128.85324765177643
23.46486221870586 34.60610663833738
211.10131555645478 230.49311088507687
111.86194354793518 222.16030546704354
95.55360455615778 8.079031599672188
22.950808751656172 117.77759171550825
77.05057939218601 197.12337252976297
134.48901888515076 52.17810327361788
20.393439548202082 114.44904909081447
160.809708816313 47.405848116880755
142.91067660014824 190.51539407355494
130.20481679903875 10.581702560429756
194.4213985437229 92.2897285682355
196.9415237862235 53.90850322376242
8.15197383909494 136.66900751975325
175.991465627807 222.5988973629394
212.90317789926033 110.82345307807606
103.1299642458772 63.762956150429176
119.45416080377136 131.9716573418471
6.375631936706844 211.38819685421794
34.59343102551765 153.0001142937716
137.10063587926666 121.76287910423895
88.87025384474343 134.059301650042
32.336770450485716 248.62198579936154
179.56079027190935 50.19535669141864
233.75314528106355 109.8174646987542
75.56522309780695 228.60062889694086
228.88857927136957 102.47019936765065
67.99978847514163 55.59510139115132
241.3388666161461 41.82673044161103
243.96208681068887 18.282306444422026
51.847192744870625 106.86602211747753
46.1998540814893 155.49400480313366
193.42216356606497 129.64915594437304
102.37909013856545 57.06150805385241
120.13039732774553 210.714591037448
95.06973242308322 189.96059418274734
88.25488275205886 231.343928335644
114.64929196269105 87.65881565273789
168.06606451137935 27.164027004280918
233.26325579100705 218.8662731266586
74.65711945094733 96.85971295751447
243.42325394126607 155.83247959985218
55.56611622790447 133.60316276163903
14.830160311338659 152.3734357045101
156.15464108216153 41.728239225440525
35.16583578076815 223.53404346463182
64.75441902816375 245.1228835023922
96.48091894127886 23.131815852980964
66.04927359100276 233.72614725551648
116.22341862002969 25.23107141330111
56.43738163003978 133.78798598146312
153.61746103151108 20.03925961945996
58.620996352192755 3.43620758515209
192.30799940995976 95.51182187340595
75.5259827756494 48.29512550158718
247.16453975706375 150.3185860488627
238.88284633310926 161.8414813612198
55.47766218366121 89.24072719525624
62.43636696841243 168.84938236177342
103.45832794670451 161.80754982825945
14.876035185436425 227.18528372652483
236.83174154822314 211.3694621480521
30.861365118919544 159.33477940489607
130.69808493380887 220.10118726463404
128.78000662312945 32.496823463114524
26.637059500497664 20.07209734672946
39.911392787306795 122.84129812678509
56.33663541213107 133.45011720738418
226.37088378581223 119.74345344049541
92.09956235539681 13.515943085156856
66.45538692030995 23.402617718338764
18.757031012562624 121.86331019615149
18.78443576786637 135.24762095357238
2.0078717822167857 199.87187836463045
171.98137801027013 186.9780746812303
194.3647556157707 94.62707332658296
217.1353512740601 160.7064925396023
29.562877872969352 57.02156857814794
38.8273845790888 103.6521644069083
30.552773745461252 229.6669914791885
82.03304369781402 110.25516204341277
6.093496070409266 244.07999576481913
8.82535785818353 125.1805683577202
15.278058218273799 23.245678273254523
171.85806856809782 238.42382865236115
119.14568318680402 218.93182423573728
247.46703648603514 160.81473648821822
226.99162620655272 87.52079254792022
208.29275190241518 161.8909716396761
73.49626958763677 187.93222105663946
164.21664377480184 92.85278439386452
234.43392065858237 167.25385440389456
49.09442786291945 77.3443208862358
95.3006279105342 40.3689519325596
122.99805916742915 208.579495252045
0.6786809605152933 187.890404797413
58.79623570987355 107.08249778704936
65.30117880122607 197.39531969446787
183.81761657666652 5.619217766969581
67.70592997306574 20.821058708348243
175.55520766222477 57.19208433720871
121.00635273619184 8.461852019427507
11.19021959998509 76.00305551984526
7.545754217486461 143.52819565175542
223.11474692959337 100.04895199848396
223.03186084549122 61.48846550969847
53.816659352195565 78.60149784191638
99.80158826243995 105.56785870021163
13.763790537353133 130.82749905965386
220.60778309842115 164.13588920326868
195.21973098542014 115.30269341296273
17.169767448610042 26.55182207116094
103.57204145505925 53.209123835294555
157.6923003702516 36.70370304427814
180.97540236037773 224.18312264654415
161.33632261822748 13.968063977244288
94.37542841774929 49.822486524910474
199.39311314451686 133.89870780832916
73.84350373934157 178.7255986921361
76.2745700960139 108.22828666078455
102.96414043867044 90.92052596240366
216.23719969384976 28.22540601146001
156.49989476618276 244.78748534078485
94.47008174947943 23.884549616196573
8.6193877194011 109.80233213100846
108.87120952573942 32.731639093438126
180.28100642324782 56.00912195991134
38.263182891771024 169.27523691582968
26.366350356312907 84.41730822524704
101.0728058567959 108.9146099540193
173.46704753694098 119.6013367660986
87.78611958892581 105.37651537701053
239.05381335482824 154.4301094719196
118.97810320092394 113.35446393302855
18.828404774516084 112.01731278453383
78.77747924652145 18.87777914727959
220.36835553458332 50.035599163125056
12.580508513908628 98.83200776143347
62.12279440466903 43.18542348710805
187.210236682215 136.91087748234256
55.482763029164964 96.39864853730224
135.67566485583137 41.72644197462977
223.11921515755017 131.31806935778485
181.24711422892517 169.12588700290377
85.40045582411868 55.59400048545823
151.98266966703065 221.681379528538
245.01674479547333 115.78218071702872
159.08676010771137 6.824792484269842
212.7347016920429 3.84395477656041
11.839839402210922 46.7313171472975
26.217043060170113 67.16279314539014
241.71154985709623 58.28231920009494
103.68578738512768 194.38213909369327
82.24037987858982 91.5708045125481
49.461258327839516 215.70776145563505
170.1271115184723 35.38206001820116
28.64068302033959 137.02836242405624
102.02358133662443 66.30675497715576
68.62808605408472 139.45865341774672
32.41116432519442 117.90068231138748
200.02010286950116 152.48779478749174
89.40427354213051 105.31474600235994
205.54937753665817 57.3104186474862
153.31132571519407 53.22678506716277
212.44184240631424 68.61543650587959
189.06075007234614 233.42370041215113
206.78322164445856 44.10278351546318
19.83799321848931 119.68461862650209
194.78446855830302 22.374268809531582
8.10057465193434 100.78786068882046
39.14484670907867 3.9144151141694836
86.9611620898777 136.3709104502271
19.694998027899285 103.73494643217704
139.06048679112828 53.636282140735375
71.20754499795234 86.74164471195591
136.26906522909607 116.54219531423851
119.55648432691285 236.80274981372992
132.78169285904445 131.85344302356174
90.6855011026918 176.69180013513804
210.49873166426573 114.09788256484538
188.26988024460493 155.3624768400418
91.31754001033185 98.9803862286644
178.21278808262988 99.1757195555828
210.79018819233693 198.7845384620341
40.2798563921751 26.279250018871103
124.4805403659301 213.916252478568
177.4743518589192 183.42487072582594
219.3582792426317 212.60143526829808
197.3865471808002 154.04031988143115
114.10776467861564 172.99923449491982
108.5464370525418 141.51479298196324
58.839280057350315 107.64813304350871
81.64099030454236 186.55069401871913
183.57992229709842 97.50235621169823
147.32204014978453 95.43944798492565
88.53713814604112 166.86749874978537
84.28419991498184 85.0914325826873
243.10497219716177 98.6884139239577
205.8979472271396 95.83691790462429
49.311520850982085 147.73146868355926
83.62160382614114 134.6216756515786
62.14902790887586 196.40430444318008
22.216553905204577 37.201167590198345
211.43555744097924 117.98435963238177
223.41855639694603 50.894597009783936
61.204117336185 238.93882439261674
39.80935909105776 16.083896888008958
230.70533667476442 22.347114220253815
84.43298369795515 117.53009214742993
23.525949343936258 59.351616446203934
86.92374617518963 88.38299737038949
223.24294666185776 79.23793028547863
244.75364394690973 225.39738171968827
21.13669473629698 225.09544465623753
133.967124108406 112.20558283984897
213.92948284324427 23.439453481135796
24.049373224856506 202.06367868344637
69.01723605050434 223.64975554940784
54.837552780267664 48.327082280266445
190.71924580964128 7.12405074037667
143.39268549248018 214.6406951869203
96.91665219434054 15.983614455415296
84.55194728029942 112.93103217259521
111.62028585824216 9.873623012635946
196.28184820991294 140.200251129892
160.13663871789163 194.77037002502294
244.43886868707767 249.70488916561322
139.58121275756582 122.59313443611933
91.85879743417432 47.05246502883295
108.91795447220088 63.98166218773071
153.0498730298677 247.3101632476382
158.9637828775713 98.3836124916607
174.93742527123433 64.962115188418
19.60033532349015 231.27930272903467
239.22612070097108 230.84730531330155
150.3320761161717 23.20156254881439
88.59760818360196 52.10443797189054
211.31237236170833 165.56683515266712
213.83126828533568 163.69741085092704
128.24786610434947 203.6384556320996
153.2580307171692 174.35617727153146
225.29808347222345 247.8865901357384
192.98332997017422 249.40783157475332
66.3328590882537 48.55719080446133
123.98973536889376 14.967600375144913
180.64875631707952 204.60097434808654
25.23313606933658 65.91477555964403
7.639326960801745 23.268035186884223
78.39558285617885 208.2355590832915
140.2451771298204 110.31811467569815
177.55459488051324 198.25015165225608
56.76965238848963 219.63281978938798
217.2562134412261 176.21776190554215
38.218674783704664 17.92058254680032
191.46561953045583 21.469892469671432
225.0461721532714 4.465784892803831
235.86084780457887 11.969846244184762
171.04107764531497 231.13550202636938
8.774912797009426 11.817984936779546
6.716721246881052 60.52318642993323
97.5528412409545 249.9464107177686
118.58371650373483 199.22805820173724
84.64355398182624 238.60800716517863
196.20544431507014 61.70178461144443
198.4590991814064 223.39457106553624
5.975679779261833 90.2444828756837
23.91428755262873 39.39531027860202
121.72275227676278 88.72051314367287
233.47257068324467 43.51124838807774
146.66307092798692 28.675342838350133
93.46594523923434 94.04690871391774
185.47119267932175 2.893203977278991
132.53963914061447 121.94559429219595
173.8419239053681 155.09397237887714
211.22116380110876 127.47878081755681
28.42529132549218 24.400174384588553
229.70394048655277 184.68176215304544
235.0198701954288 2.8877800553478163
235.895242103243 187.67073171272884
144.05450227000605 73.8624534228409
212.67709039535825 234.8614937501979
149.1464523444136 75.35666372527902
246.91906311333227 103.36802844313064
217.9154043565654 240.36765227436504
138.50031726402185 247.10429709821037
32.37716977902858 119.7989124464659
19.915244773459907 161.70074378591428
152.5286814440466 244.7050625619343
109.6308611227501 124.24603703022564
15.34304294639821 66.58338547614456
148.72504659464911 86.38658091177149
62.09820749674638 106.89259460242883
174.1762094805892 20.40743951516341
174.1669887835355 24.529953960002377
126.66063231129826 33.348469622560714
41.23802638878546 137.79268641289906
126.00475652467466 159.45896589928893
5.521185320104954 33.34083591528431
39.07573211228343 71.70300788309869
227.50665682358158 120.11079599932314
239.28223294077887 48.178154060846055
42.01716468701574 9.301397552721802
15.609379805576722 36.39389397850653
233.84184097247393 221.86924376286856
97.16191530706777 174.78702240041343
30.97912257603108 230.25340727900698
177.80253336567336 238.75687462374256
93.10089956690348 72.94577157188806
126.28362785386496 57.30557322792518
21.90214792107803 222.1811574787095
163.9260136394833 29.340638392057915
62.17330818279637 124.03734241616901
170.34916895472847 76.91791096722126
223.42458930939446 177.05131592973237
194.34226279255867 114.81335537844758
73.51952139960302 242.55916260457155
123.0931369275045 228.38342117590176
71.75221742590132 133.0247322194755
118.9514435008101 8.145647416108377
114.68260556856016 170.1275273900261
141.95062820554705 61.302419996243835
144.2111746137929 96.05101465456251
113.05769043592103 148.8778627363696
7.450776369121003 38.38331892148547
157.6294698697544 134.82604453290747
229.14283719539995 139.3494120579018
17.190295399810317 191.35841615171952
148.2030301923269 238.2008331415503
15.20163265851332 116.31366829861494
218.54188225716945 206.1972492410996
219.14769513725614 126.57147644797429
228.19835289887664 162.38997992254403
61.76808314203472 206.3078854610079
209.6425628260715 192.36077682550692
157.57395110690342 30.735117723598716
130.85216206962738 33.39566087200016
39.6825057380846 11.846375542326037
74.10762118421688 131.5699751494388
171.24707235899837 198.99286509186228
50.76497105227415 143.48551141883596
158.6707824051996 186.4366172918501
35.11360454194837 19.588493338288828
113.970829624132 240.41616318316974
222.637707338296 29.617779692972608
172.05373938655487 208.11839946730004
41.38421230553541 86.9992160198888
51.71018944797515 130.52332503784947
116.64103140823698 1.6025913634833133
116.53615299197473 44.770393599755046
204.3534043108864 77.19871204212966
102.94942396758361 128.12555471406088
70.14662055665161 41.223596824451484
46.91656424501828 154.90810854777982
78.28001838997444 145.1540396492421
22.41956110368873 152.2577824828522
106.15719680777327 66.14070456006418
14.163567557721995 63.121699426422985
45.37712052721868 120.5431867821495
108.75630400985989 9.817517575959055
12.296604980863435 227.51802582846565
69.07032064564916 186.98703358310837
152.5008717246237 137.06068133949182
158.02829967263605 203.9599227167254
120.33388012811305 245.97372313921144
2.8251656298116936 216.36260132425164
50.225805521969896 14.700784658513877
119.67632724103561 54.05420918325271
129.18318520872273 141.6612689858576
161.76828410316864 207.1873715323825
139.55151549415424 220.15036515793915
200.309386614419 96.12568903492394
203.29197792239577 225.89501677808727
94.1767002937349 138.2195698448136
17.195813936172893 91.9700836223361
190.97616224613589 233.81817035704526

10.668807075059572 53.52143437815829
132.86377717755116 88.87107430760202
60.09940975210443 174.07397581811685
139.9092241064019 91.04516894657844
170.78351228054058 174.79481287625944
158.57131646576437 172.23418177378707
99.16505625593322 32.365300126394544
156.04717829003351 44.66259322896657
56.04361562103602 125.13174259220408
115.7614577849441 117.38922459759954
8.452276133954939 152.91190484276953
177.0392401316709 110.89704275850696
245.27749409773307 150.9107990024367
36.16488708806329 57.44103850939541
162.26686863481692 63.3689764054487
17.68572490299522 112.27479671048494
50.626479398891064 180.84070812734154
192.74434513035675 206.37837468289115
191.6156233873575 158.80489825544942
238.8344534935169 112.60398998267601
151.5072015619192 140.73116157579747
249.05048943832082 203.0160985094641
173.0968524677875 164.99240132457734
131.41062849626965 224.0218383438636
231.61962679170455 185.11222595596078
154.47352771832362 41.703977657756994
105.77304783855693 224.88731081617593
107.04123858512352 166.82657737586842
192.59441881500814 74.70432327554164
233.89196381279436 57.922635238956495
197.34304791204363 24.579886920645556
177.1099061462062 131.70215740019827
146.12337428541272 106.22676031056943
185.57921785528245 222.15305302770935
61.15742278073838 109.34541880158702
78.43174902910627 201.95120742579363
170.97458742064282 63.0036373992533
203.78599533892196 93.9255220340415
78.51871516999809 79.05696347418207
63.68014448781045 149.19502428476844
98.92690243465505 226.79614284014016
91.28224820034086 130.20162801181024
113.051993554219 67.72118649351414
64.15615605213318 85.1728801048502
26.092403763008114 104.68351712303667
82.61141485483753 40.989791764802916
110.09837387569252 7.8483238743704
42.22540678667236 177.13007881663293
58.19431910837044 133.50744229480202
76.46549989812141 243.92834044508106
2.4432112571531883 229.9696825278827
25.761108259625132 19.579301326354994
236.63998739386008 125.14339466522748
29.28152847785012 184.97981684123064
24.871072441202095 9.534364720520133
48.999009771685614 27.29087996104368
162.80649903052122 80.85938170193513
104.39141628790877 147.31912582239426
184.239504658371 70.72003146748138
18.020960345686927 147.13007069209692
134.62235958403517 148.87097062516278
12.491170581009264 139.1675788862664
50.240656999969076 133.57609203843975
135.6928184224532 207.69500104856223
106.65511085154633 29.75606717702656
69.67652644957697 69.50987479204909
208.43206988821265 122.09649773363628
214.86436717448228 178.75940158900065
59.694085157465906 27.979347095396623
211.52990622114132 50.45265367154988
242.64625825016458 89.33968450445836
185.39088012269679 199.78738934580917
34.89579983834876 179.60867507375497
162.53262057981698 244.48398783488415
16.172009477945227 82.13749742278733
91.92271562539919 94.92452899978346
244.5729230456409 46.51272300293688
35.906211277416084 243.13878315450606
238.5023901669525 229.4528062387941
115.19812875431066 197.55537576755708
20.704147051217813 239.31336502431134
66.997534540051 192.84722721682564
54.25882695938267 84.80512274258612
7.448316265496857 136.64279489213857
220.14864268091262 248.17406266687496
144.78570829521408 247.9912934567565
188.46397727905895 7.945786339364435
52.32818486624494 33.5529743872327
184.83345750426318 23.705764230295216
162.61286996889567 46.67274409939412
9.646849560073278 236.06103545336137
144.6578596295269 31.30603396647094
166.64613009207082 146.44605000845434
214.3511900564674 34.335969482981895
7.432378936874789 122.42677299847583
172.84220344519176 32.39956318939841
174.9579210718927 48.79862625781861
176.13994769516717 115.39763869328617
69.36206341346734 181.859428548332
120.27782327017955 193.93244371691313
173.19553873556512 238.16972933292888
182.02681151264798 196.3068786758592
200.6980353108819 185.7901216999777
188.50316795601898 31.593479931969924
23.720780560173903 162.21313140747804
140.6019442148139 28.234474006528455
19.66825349961962 68.31720954780316
52.738201157317725 42.07884699259753
123.57591756591421 39.84072922467874
151.20238417597372 21.161561839718345
220.18359846732696 94.9936808543576
72.11958155042491 86.51215626687558
12.605337040706793 243.4787431941807
75.49324932820242 120.49505651853973
244.99752370483284 208.97883654144417
184.94623065197456 121.45145159616666
89.51112165787866 244.41352769344041
220.0017145240221 55.293507326491294
133.687742893539 139.3287559136699
3.8544955010209603 120.94832678419468
68.85507734333527 35.40275569078732
144.7215441263794 166.83982121389815
76.11456632988181 19.886499562479564
171.4190869890714 148.67998114177414
215.55686643782323 94.59812338266707
206.39004378374082 61.600379671010174
24.36138345846464 2.9192249245030277
62.857926746207774 27.92220481932528
70.47704331714857 246.1298801453431
26.607498166368398 226.0883827945967
13.366709509445073 135.0709232616386
68.12263654432479 4.31694079979536
217.29091718548753 148.88401593523304
200.13898563914023 13.971517731514977
168.72823987133273 175.09267319077614
59.026383243023176 168.34347008646674
222.11713833178763 122.80188506906923
27.090645505271794 39.463256037019804
203.76890949835365 234.62527485889254
108.54297581217936 218.65912901068626
100.97027256448408 4.08587822436457
25.825940293150996 124.86886524066983
81.17679521991472 194.70238635558084
131.58670033029688 53.54422590597557
22.785699659352954 114.1594475786907
162.49348898073922 53.70873315418442
140.25065566602078 189.04413132371062
137.67488201114222 7.435708582266748
201.4524906336886 93.35334972517
193.03900948273045 61.30550478873833
12.271504048765037 131.72485191290664
175.03131796778558 229.61649595454446
214.03956524706896 113.53481110755389
105.5559502102301 67.99325667125586
127.1494762597414 133.19269303038607
8.141061997900461 217.75838975593447
37.96266401571757 158.3156190665405
138.9533029414942 125.90692424269068
91.55785852459017 132.77339497557162
32.76280918523783 243.99368192030886
187.05420263907243 49.031521782522184
232.6725818683612 106.22287940570752
83.4493650636641 230.1729913446987
233.5482879357666 99.62154414464871
61.57618445256702 58.843782781854344
243.92370644453473 45.60906799366088
239.6150332200993 14.994153071366284
52.02696388225719 108.34524994166786
46.095974829216374 158.83220224216933
193.62905193065978 121.32607696584478
103.49528218395834 52.972770409938086
113.96541832889534 205.98558328662946
93.22259701835209 191.72093410015998
84.60266065173965 233.50306788978676
117.4182005042389 85.2867869634902
174.24875766065338 32.87184461337006
236.2984418060412 212.17380989081965
73.77745851825985 98.82328187553779
243.24191389134026 159.04064240811945
53.65100354011487 134.43452887584996
16.928893976645572 154.79965657672832
161.76509510863727 39.38711151496674
35.4390638566699 219.180012789779
59.90727423108569 239.29478511023444
98.42943506749602 23.517857513361495
73.4398774121182 235.3394045229562
122.23376181786644 20.27287806727146
59.983960411032434 138.40455219326057
155.16839438753675 19.27649661867703
58.67637845977297 9.276628327555963
196.90520287496383 89.31390853959972
75.93070844168645 49.126318845785775
248.4126684260297 151.49252894305152
235.342193189714 161.24354587585862
51.80781969072945 82.42048899192389
58.37690435707202 173.6388277917812
108.79310442240639 157.65859359413136
10.63220854091379 220.38403706494475
236.56118421059816 215.67849059900396
37.72872748429279 158.49210902283326
126.05364139174021 223.89499518757523
126.19110562769586 37.69994946036886
25.978172117984283 16.25870253468209
36.68395679629272 129.89553695349113
52.11241781321549 135.02601151609255
220.50004052322612 115.79131070660834
93.73825783287526 18.274445070046664
65.69108673755444 30.879344206300285
26.45582441285757 120.6454831622453
16.51043634309768 133.42385678897696
7.3074074092336625 201.41094975111017
178.02681317454585 183.9443707106443
193.43189752294901 96.83857009753733
213.6856068233281 155.27138984050026
23.269643948242297 56.84136304341525
33.29979119792614 107.12294341945389
26.806548248850675 231.4741746332462
75.17457243783196 111.26893619810518
8.484006904094205 241.4900791861547
15.333493453483783 124.9202666851853
19.12024611618049 28.838479841165555
173.78662647721734 233.4253312401945
122.50049398174536 211.47123251416127
247.94796670714845 163.95888078846878
226.52452670815143 94.15165970650735
208.02192518726235 169.39766476657874
71.91444287082332 185.69408908063272
168.55561791985266 88.57490634208692
240.21765077818338 165.21152088746075
51.09943870623251 72.90393993761585
92.50119781452632 38.878810020950425
117.47959261151064 209.65724517974434
1.7066923309595194 192.07780080143306
59.00627780305889 110.04027786922322
72.87980965196108 195.69534622656622
189.68181209074686 4.949975470650236
64.12040477853687 23.895056008809895
179.77503002030605 52.86261914183715
115.3052640221433 2.4984147910994956
6.6896268117797035 79.85619773502938
12.56367016948956 139.10328353472778
222.88235109008707 102.26618723195774
219.23096168805756 61.73428280244639
55.98050143256128 85.57188268472076
94.4710899615007 108.36187503016001
14.493808112608948 134.0777980423705
216.12331715406984 166.10733848628684
193.0948976115334 117.28730022827253
13.222998162691347 24.262051571743577
100.77089948272331 45.825151549948316
160.91433200741395 41.48344203671856
184.436439168789 222.40203611387474
164.453821375939 21.392669451413187
87.15913355454563 51.583527633525165
195.440714578767 131.1598341799581
78.42913233757059 177.87236969351116
75.56668669105498 108.32411776963946
96.4105225003273 90.2590413556581
216.9891308043661 20.102221059370123
152.92380160531405 238.93723053113783
98.51199097933244 22.164470739145404
8.824767987833104 115.95606832209596
108.44481185282984 26.35568462935384
176.7392052745333 60.36627159158081
41.3246073069391 173.55064053243916
21.18848001199092 78.82346927931616
101.52121344251807 104.0990228518481
167.0867859920874 124.567487633784
84.20404818544853 111.14578913634097
242.34637501278658 156.56469985819606
122.3066057773993 109.04871857962515
19.674622929679366 107.70505418746168
83.13565538384974 23.320153697514694
217.62623722549935 48.54409083548336
18.95938785364021 96.0004033155048
65.24910861876587 37.02869908676798
193.74920892085183 141.77259962069857
59.26064414992446 93.03264220554964
132.66036203611372 35.646501249876
227.7156749553839 132.4407912145787
179.50226935548233 176.0145820718495
92.39422893072435 57.014807845550244
149.42259132526763 218.03358013476534
247.11652592642335 123.40511329732828
165.26785313117045 5.445366530196393
218.77328913564017 8.388575740396476
6.046635271386879 40.718609075399925
31.214696668187962 73.79734690549563
243.7464078802608 61.20520919926265
100.57767243414784 199.69817267507358
81.42023085878388 85.85982894491522
56.557701188577504 216.64898076108514
164.4786212560326 32.83481264323179
29.988719294637534 137.8161231747054
105.56594610937367 71.93159068969435
70.61646103979794 135.02423781062245
30.50892427823884 110.33297532452654
195.6741896672548 153.16517458530694
90.92705440453535 113.62376999244078
211.93305506733404 57.44220472709352
156.08005900562196 45.2795942821666
213.1571188392383 72.23000227439269
187.67637449367905 237.48473040738577
209.02602664305513 39.38879201132567
17.034017894359764 113.28001216100547
194.1035532372295 17.68857798453269
10.07468166580361 98.7309393431085
44.72576288392277 7.697340750399434
89.88783752276794 138.5432830021
14.940992319715185 105.1875362982206
136.2543906253483 59.91829333135748
66.93155458070262 83.51732628295352
138.19860226219444 112.09409095998451
113.56166414247521 233.0230992145116
131.44748974916013 127.08230493183522
87.32829459451504 174.8123518961655
207.57936097653803 112.53739505741025
186.2668614470188 150.07213480494215
87.69424419677577 98.4031358513443
174.24479764347268 100.75765547832344
211.034786599621 205.6214780056648
46.847947247649316 29.680482358211858
131.020555204252 214.8692478301688
173.20708684380668 187.45320064114657
214.6108905903071 214.74560372642918
203.75485558823138 152.64514861513578
117.35877600862277 180.1364766159892
111.02920669284951 138.53949224199147
52.75041491646743 111.59442180033427
80.48030310765591 182.56340147682
177.19225187768 93.71684883515321
152.01200924141423 91.77967890065975
85.40834572158306 171.43153138048856
80.43315143306262 77.88277765934068
237.69105664420678 102.2829651749697
199.84936286911076 98.96188154646259
43.61078142468902 147.27099934395085
81.81396928321072 141.94922255525015
59.53688302168217 199.22486718291395
19.92019035453896 42.99238319323137
213.41449208389972 115.97859862331778
221.48627090876406 54.78833944710795
58.54849617155486 245.06981440771946
37.57528814851271 9.647127763122377
228.58070211278414 16.639672002859346
91.61848653153164 113.86901456204713
22.446681247976606 66.53999514492398
81.19057106101094 89.27192320763339
223.93005588039966 75.08660365710348
242.94933730027378 220.6249355975079
24.92432256491284 219.27321451164306
133.31594089122305 113.69645152608412
208.3815999121245 24.974247220141855
24.826879307520006 195.43291777591716
75.43764660724293 225.25651527808148
63.15653613161432 49.37560832481383
194.84801192969056 8.104469167566519
147.63070575885152 220.29737762144788
90.88416330228777 17.47126808027791
91.81308730976973 110.68019220394973
113.88912753187128 2.1761709435027257
203.65392009614737 136.90735057918576
159.86021605310393 196.34373084365743
241.9424645742128 248.540329590657
135.33604725772517 125.41962510032737
97.67895269836099 47.1154694711976
108.26818980707517 60.025308355021956
150.10868335228872 241.2092374725773
158.44529590992 90.16307193821862
168.33820088083277 64.67989063638436
15.273722974902205 234.00578972608247
234.3847289188458 224.1239677480388
157.97801926352713 24.861142819346956
91.09614357979324 52.249682274667364
216.76230284656938 170.7401727043952
209.43149364114007 166.20917756214578
135.16452390103032 204.49035702057841
152.66030277205704 166.48133492961355
221.94262489004456 241.55191964187867
188.41370414805942 246.2622557261658
68.45349483412872 51.592425312481595
130.679116316796 17.566308966046968
175.0619867082864 200.00099136129603
17.60608197924088 62.566058232286586
10.338737124927972 29.177900922160966
83.03118624118885 206.65618268848542
139.31340469550526 113.58187782242668
180.88481338441238 191.1787125050245
56.45657318464589 221.23484637012325
222.70807463577304 174.86750068759477
46.615129310800086 18.74477295493662
199.581650565682 22.574483571158545
220.3176475281017 3.5853952803970577
229.01983369593586 8.92233276644544
167.092299691633 232.2390863375287
0.5370664767517519 12.72174407054144
2.3612859724795046 67.38849580096209
103.31221080540415 247.58498070592628
115.61623342350549 204.87321990056478
77.55145333674548 238.03282668798857
194.30307598821946 59.611440774538
204.79781007067743 228.06621180907248
14.306646617313262 90.2033302644632
21.252437709093964 45.71828618983384
114.12909309475161 90.58117726515397
236.7448913451717 46.9226260370626
151.9516878850885 23.07283357845283
98.32558196515065 92.66709083942395
190.88446525030366 3.8993274310459567
140.02000220610782 118.97052698665404
170.40703320443944 161.34983297896736
217.54475693670298 124.29347078779418
30.204410136146304 27.05570900312021
229.8290464381138 176.24710378710583
240.9769081226162 6.499860641644095
243.51236138524123 184.72674945377153
143.56603079680445 66.63936127809009
209.7272290781005 235.27376179765866
150.67499961884468 71.61973703136908
245.10515789141783 102.52687355782564
219.00579391087544 232.79021227520397
145.29829964242248 248.37634285005421
31.551188437022066 121.91971134562706
23.417380552794075 157.52795558083528
154.55478294591353 243.7831589597098
114.89406107460931 122.6253914409782
17.393249209685795 61.44044879186755
152.9308053242276 85.7371802940673
59.00295789011073 106.71438890554235
181.67714482532196 17.67526183096646
167.57075792647487 21.95144298844204
131.40572082402386 33.3888698997703
34.46254094108206 135.11971922437064
130.39399566821712 154.0471871933313
9.143330918631676 38.3376901333628
42.72945148967655 64.06229661192828
226.56799940070826 115.67845181444595
246.15976871121407 49.24055488864959
42.78527516645117 2.094470527313624
9.87023856550473 30.48842470712515
238.2885824264462 215.33553193516622
95.81106200331082 167.90703801816505
24.712876269055826 231.60947586494405
172.08175524795908 232.6256599360777
89.44049072854277 65.83341815094978
121.64368534386286 58.44813955174277
23.063984204308717 227.16113042579514
155.9550649636011 30.09913757194363
60.87634036786454 115.68115775812421
176.24948056014998 72.89065773202417
223.88017388175209 172.11033984823482
186.99544367154485 117.1140233435004
77.80182607363024 241.13901453421823
118.7866504390207 222.50483381087474
70.18962349156848 128.70220417166203
112.32057106354901 12.222487588418318
114.36494484041643 173.62988744267636
146.44228957842026 68.16543116208393
148.1502401510495 89.36328159701145
106.32298617271432 148.8210641787346
10.917682536906614 37.07598891952193
159.40650290413726 142.0565657511422
226.3157966003711 137.87062194761972
18.894115065301335 195.4745838741771
150.93511762455523 241.43845089325902
10.665373663890005 121.44780281523728
217.28937118140658 199.26869489975908
218.8132520259318 127.55880044832574
225.03908625357107 161.95790711267554
61.65644654946953 210.26486138756647
208.85799165258965 196.5919070002309
157.32016349146923 34.59650068786091
131.7222476964576 37.558850383564405
44.80997022444747 14.886917577497577
81.67641753739427 127.98601793719092
169.72839665412843 193.32665406795394
45.542267373739534 148.23798002510338
155.4937740561574 184.78489040708425
31.46167562089211 25.283136618191094
115.1988593588932 234.28506415111866
218.75541277858449 33.69151003252021
164.63455321106449 208.15109134086325
45.06079482744357 88.83099550206744
52.52059406924664 137.68067797621197
115.1635797250534 1.3998358753363471
116.9217894530164 41.44495284627883
208.20419498072292 70.71638263461836
107.2254434094497 124.58754254645302
76.95433206556393 42.25136328757714
42.09939334944088 149.03262108661707
85.57906912997574 144.4887505744603
25.287855338647415 152.7115694090991
110.77845115403079 64.64244808434405
16.49364672825879 63.10199705911943
47.74940191722698 119.37495783379998
101.7388305178753 10.516473047109343
8.483313118173353 225.37790167942507
75.14733163008233 186.29956499501233
158.01405556405066 142.85728657170756
161.419856855708 209.49749348058435
127.25040550815739 247.8873885859513
6.228742513936098 210.53808303009052
55.360162003518205 9.008259036510147
115.16299940854033 55.8621101796781
123.35221868933374 147.32295170235392
162.4214785852736 205.606745180161
143.89653798787757 225.68616242970955
202.09621819125726 95.27284247962395
204.774400903865 218.5114892197112
91.51811860048691 136.91320502013846
14.059139559283118 90.8517525105954
194.10621387204063 226.75876814517477

8.6 17.2 36.0 72.1
17.2 34.4 72.1 144.1
25.8 51.6 108.1 216.2
34.4 68.8 144.1 288.2
51.6 103.2 216.2 432.4
68.8 137.6 288.2 576.5
77.4 154.9 324.3 648.5
86.0 172.1 360.3 720.6
103.2 206.5 432.4 864.7
114.7 229.4 480.4 960.8
129.0 258.1 540.4 1080.9
143.4 286.8 600.5 1201.0

2 5 8 11
5 8 11 14
7 10 13 16
10 13 16 19
14 17 20 23
18 21 24 27
19 22 25 28
20 23 26 29
25 19 31 34
27 30 33 36
30 33 36 39
32 35 38 41

