512 3.0 0.0 1000.0 3 3 160 240 100

211.79978101865018 38.047036095480046
145.4215640218919 129.13919915000443
219.0880441570596 95.84199748773406
33.01753268476942 120.70480229711242
26.405148256276185 180.7261144765825
151.24468921884286 231.32552193558786
182.27196094919236 23.465430720301217
241.89283151014192 204.5587131058435
36.89714320593646 181.37484458180623
236.45224781385002 214.82708741404207
240.62837883371768 170.58485229819914
31.48010302014001 2.4635311393336745
109.36630126618196 77.86761840623862
39.29382164796075 118.73098072745336
122.22572265802187 92.60514758326852
232.58867735851555 235.7561670181061
62.28568248944399 90.39618435564137
188.86123898782768 76.3335336393967
95.72683955340891 140.3248334085178
33.56748525010572 233.40827283359673
118.20295769172145 236.99968102100283
63.71647911739112 147.48657366352123
130.24534543670083 198.56372362204914
76.77005969893271 144.27046393520865
212.06956363182567 126.97108311094688
95.92103998185675 3.8856631171365343
84.8316657881849 9.423410985327173
231.4531345419672 0.4341725916265915
57.097778882057746 21.251768465948036
248.31390276976433 182.83239019441825
0.5922430691071567 74.65430447409594
78.02847000954971 241.01903572792017
152.47117607632134 140.216814161845
77.5718221029914 143.1776697775507
76.03032346117539 123.06916628282788
58.341098413583566 211.0362697861618
208.54422304780516 52.826255135377224
131.02369444310642 189.32962419771326
238.49765694148093 111.25647307660275
207.47696007791401 117.680816957862
209.19877670864233 175.85720435892551
53.287006114947076 62.42665382363702
164.7617115581285 106.14089804032523
96.06224679845707 41.2677833748071
105.25601571525159 37.19139921312839
68.32951207109106 142.70539878472755
219.11218938142073 234.9350409317331
118.73413636259484 27.403578034122134
217.41293766688116 115.00299901583169
223.82751727780877 69.74884458938752
216.87957365839253 245.55770199170763
150.51709616952363 97.95970937440981
126.1217924308386 115.87349237955597
95.31769819565983 42.91461127683488
0.25239894782780325 177.52925019546862
123.21193878880356 138.0596504645436
215.07342095781155 167.45677576645136
50.04538675595271 133.59442449690167
242.83650236394936 38.333291524691724
69.0859599486971 11.739470604846508
22.872839130233135 235.6482661089702
135.86484250913438 61.07053864872389
186.00249509177226 195.6968715289651
119.55557909767803 19.3828384976647
168.26061714787951 143.17602631956103
172.28696876120293 141.05383866853433
17.236812451766113 103.29943261618335
11.67432525503706 110.29557159037476
149.03732938764813 147.59980403225498
229.70358990745453 8.775436036069006
110.47774893735185 248.3676231455684
132.87004554909015 190.561163321828
21.199378282997007 59.649269577379954
157.34407314515596 41.14200603910723
163.62954431251052 193.5045846874437
72.99452967683087 112.07269492812571
14.000349928404738 73.05903160964722
62.29877489195809 180.42197889390798
22.72444157457207 32.64014181349678
97.9580014512795 11.574707025146846
236.04678035817793 57.43675769269716
214.51744248384676 137.3391785416772
189.90350916439493 176.02028477913333
192.6940836882934 131.99473960885967
107.11445476135104 160.13020760879988
241.81999058293874 48.766734066144735
36.50739609218356 29.460397963781414
55.813117496918615 207.19161740003136
192.7625616414297 183.26135522598653
126.61237635933131 181.50956533565738
168.9301342588184 96.00245987107448
134.45996177859016 85.40280892435683
79.39013529283329 150.53245707445464
167.06176295234596 36.51294389447835
238.84782946871928 163.6904287559101
165.20800234712073 125.51158427025267
22.019205485477283 173.7195067823837
199.93155891743757 45.16512226291422
212.09569652666306 177.63744075837545
242.04531559913514 228.3577833091568
61.33521824128879 206.1071474758872
88.13096030916215 139.27585152437427
150.77548749960295 154.39146552145252
120.97384677156504 35.31893036641456
153.13354901199367 48.4261778555424
145.8882795653773 26.468129448061205
18.608571841262687 147.51501863277673
90.77827602693553 177.92389230490483
96.64064894449324 138.95113568256798
218.1127475449407 185.4377326546115
103.2216275498773 232.70547009676807
195.7437839305319 212.30777159745054
8.654658768843332 145.19576093309058
244.87053671012 225.80790704002965
18.665441474185222 2.380477252379137
226.9585140379462 178.4378797906651
222.25212235277408 230.96273108074254
171.5482522276586 92.75786124139135
99.063852371403 97.12990260643753
96.79532698764798 205.24277603339462
144.58681380706713 56.45803488068607
227.12139421215326 69.9229622395213
81.02288460092433 185.47929723070988
109.43336383365909 68.26304000919112
89.95470052762339 115.32823209617548
67.30382900692386 244.92413908142163
35.565516067409014 43.32930446701397
82.0501621347901 84.48904497471959
233.03457084844774 24.089402926124798
228.22605797041345 235.38166427919725
142.45623197058868 245.8816572852693
186.23066919002957 71.79714116961627
162.52431031617638 66.15386641400082
13.543128986362479 115.58891129136428
73.28917819736897 22.99427103632873
10.658464692592906 109.84878961718844
213.87620037977038 46.563487081985684
166.05936551404827 247.3445865590321
38.72627389836317 147.77416975722102
111.47879090580618 103.73688284308794
33.71303768424872 78.15753868199393
128.8103992091638 34.57642848908335
219.21858490624084 24.157335828127124
42.23028500839365 135.6858695758153
170.97991306111737 210.94434432537975
238.75573565006835 237.81563235067486
111.94662468294061 166.12656124526328
5.520414169240123 199.2877725906587
183.7338645874542 207.71797497446116
243.3327356476847 240.98362054255645
136.56375299533434 239.8696046057456
89.82990287387076 72.32909596882631
106.62615641639795 169.3795627294759
233.93764357535358 8.109949878323308
54.15464572454273 239.73804623375156
185.0587140824423 68.57469543024874
43.00574270833385 143.2423550265029
236.61743397173973 99.97182021751527
4.393479327899574 23.655033995453543
195.1017022071515 246.3391901282256
187.37744610408868 148.86528951550974
200.51667490098217 243.91521030400855
247.31679634047066 216.55438552008218
130.5067546736615 152.81272091885904
196.87804567782453 18.41831122448212
67.24892164375565 175.51951005565212
4.263498167522001 198.4106386668595
37.335943003189406 54.276589942934464
230.87410075829413 177.69710786359286
165.37591965450355 19.71563352337738
151.2609554977355 137.36727875793338
126.0088539267269 83.26561523147633
167.9380718730665 171.9932880666292
75.6893998271197 129.13129750280976
9.697857660208198 79.94851304557002
200.77034963369675 139.16832898377024
36.888685084998734 62.906180870144546
59.11860074649858 107.97740131206784
150.94872928975326 215.23523785680547
106.16143596900076 57.94175431827883
204.20925242591784 224.35909506410334
164.26420742309276 42.03289210294789
94.56657488765022 112.85355825936378
14.466806431269463 201.7451883183497
20.060997536311824 242.90698946823844
129.57069802143022 46.820504516837836
229.12019694918502 226.09155423362677
75.51288244793608 175.88828988487336
9.4829449320466 118.38265310372181
143.10891527648255 64.52498794190245
91.63922623733784 235.4583968212093
128.06676680094975 25.05782029350548
180.40812658714586 147.64730928595932
227.85528291663616 52.84960922286858
24.863482629420147 158.1745141079012
153.4673346605937 62.46482667678382
115.85856391465212 160.8028976073565
49.61033526947914 94.68040532436441
215.2087165130623 137.1435096860138
98.81296317776628 149.02655572209667
193.6619745845292 199.24190359031476
107.56881762277997 224.07857423299174
52.88581773008377 169.596007856015
74.49798258543505 183.92103203326332
230.00333724198063 31.78819364493435
219.54126099324637 214.14210725704004
119.85378873521654 199.51963245436957
25.921563505391266 136.52267353051334
1.4235164754096419 76.1676093481466
44.45513749587371 196.96198065502927
137.80622244850244 171.76403148185307
240.6166478827175 3.529040750575474
246.36154144321597 190.5939983763888
221.7778704438403 26.783651590039483
176.5541505509602 104.71821983448399
81.39711110171682 126.63547940440122
93.0721298842843 56.79105690620942
245.36816464001055 179.12517268014
165.47787515936903 203.66878827895292
186.91012593108374 105.96224069476744
112.2923397960964 218.80090790116355
41.915281604024415 121.49367435455169
221.42188453157308 59.59302104454298
61.32146833367866 154.862535073179
122.72799394546729 198.79336629353313
229.89125003284795 143.46731346460922
229.9421507241372 94.51485380443744
79.14461019112515 3.9190913734747923
177.82409401243424 170.91925033022312
86.4119019249204 134.26750430059926
29.308313568094462 95.27970963697882
174.70327016308585 209.26408940996012
206.5016697346305 28.796988983002397
17.563917916194605 65.43304578392845
92.96966978335224 242.50179227938074
83.13518436292979 209.8248840878082
13.91517890812119 67.11357310852864
247.76758878089865 164.078095522723
216.98091875083313 28.214774342125242
99.65597859549466 143.12429517694994
69.19501801044439 2.726524049482509
82.46228197784234 35.19105192121591
182.16734320635197 12.785673267168423
140.82374710398125 144.97535479331358
118.32824891523488 244.92639585582626
119.29606557129723 110.53788230095887
98.05836035088595 18.749971146411472
211.8220954754105 230.07029035924302
107.86277849095013 145.75150757963053
208.14404772095034 87.29607902783252
128.11864658944907 40.53710760250262
122.61286422304026 105.91797937006037
229.99307096134154 149.4591262431693
177.24575084696377 97.64868900747831
214.92034625890233 60.396247416584224
173.35575588262267 146.96017970273618
192.9044021173309 47.4117543663416
122.47877040644778 155.3543578888996
151.4536757338572 18.146173685150007
73.90768973563833 187.77214430018714
175.48408658085344 211.89515795282
114.15551221880766 22.308643658436683
0.6693745652741612 23.28870529689983
30.61546073257554 240.09146553706722
222.97973600126647 196.1596804595723
161.87652576046278 22.435843647973325
11.63405288879979 140.94613234743773
23.30139613319812 194.74636532326969
0.8455901278577038 68.74945047159864
146.12485637202826 140.25078157005944
245.7506763579766 221.6336739496731
127.24985643799552 85.49259316004249
62.87174165123968 245.75871439400998
81.68516929976286 33.54966239440138
226.13056579484655 79.52924925370944
12.536863856604242 173.21885203542212
117.66805300807579 64.19514739010867
233.83057203627496 193.75990274708872
217.5839967379359 170.1516462371489
217.09296899609384 105.25675179696586
36.628297804963545 97.85539347622225
203.74486214027075 249.73343158384196
35.72466523653589 237.09825514549547
128.40491326935455 28.009892670502605
47.779552280046374 50.844355146289985
202.38934628800303 146.03282975704002
108.12166332426216 6.511396109756928
142.23087979340949 36.12076361313415
16.71100063316641 38.12381781870594
59.626244360187485 36.75200511908777
154.7628428227739 53.5122554483598
15.811784254248785 196.4156937520909
128.64562146259766 27.484423740324754
33.65548095782997 108.14975579853377
171.70973314672497 53.00248911637112
232.74021227028837 187.20217326650686
221.74567158933493 75.2806013760191
181.94236469341783 211.0185664524531
237.8221846052544 205.14680101654005
228.37443837783493 206.93348806149768
19.819845155741895 147.99000199936646
122.09263340821497 96.19973365985943
222.39718589543065 204.67317560363995
38.21544912346431 76.63997491226274
51.60018740236222 20.667893713734454
93.99275145839451 221.4759111926881
39.608972889005805 221.33115928205754
47.754300913446734 225.28971751601097
118.88568738440335 76.0016903535417
117.16142067558178 147.43274301237005
78.80217764171377 47.282148026733026
239.92868033246538 212.24011657757103
89.61836396658526 50.27103320365772
246.2911601302077 209.08104546257326
213.1310189855109 180.26855561391594
32.47676092884688 6.257357393132601
249.75499383198 162.81923602230617
248.39512344675484 86.2434056815274
128.01336472238836 246.20220382521023
163.24789814462815 96.38858535241584
13.423742987120429 72.81392471998733
175.23110466810564 72.62082622029479
151.86825946071104 173.9937027521513
131.8178945162889 84.65048966030162
28.670003541963528 151.91571984986035
40.1118345384961 238.1759121089099
106.05598577346495 211.71518744868115
40.15446857245075 244.25143886504426
150.5831164483355 192.70294675134906
242.9603817266538 223.87631653605544
71.33996794414543 134.62876650271218
5.87197784934626 46.8719312616023
245.96010110548843 129.75704317750743
100.42202142552539 214.6400772709827
22.22374815287062 245.90401302734685
228.84389801617246 57.60790016693537
59.483097408340626 5.365234131320701
249.483803392417 128.4761160917726
62.29028787177723 99.87427675033697
77.6623078742621 17.58383556475665
52.33441807061448 208.0127074472255
43.31965169545418 50.53324164592185
205.84643301432615 35.85089426748575
212.45381427197918 213.46746470559881
203.20318170663782 20.2551375170536
192.73292060505443 162.73735626767936
155.89220202825663 38.015560677419266
56.993876696231986 229.20097467823177
202.81846487942894 173.51724458990984
161.53970406063974 91.08958657567595
163.2726076845404 137.8285643694502
39.905096267100845 100.07248652556171
97.1556941742186 133.22976297965909
237.0316035666187 11.181433786315448
78.87425870713494 78.49859652432848
0.6323337132491946 62.23900500007856
246.311131379466 179.7383976377799
111.19229017454226 107.12569651926252
241.26093821063097 202.48040362745084
231.79605219275703 205.13885621819426
224.21100686461264 87.16877297882714
90.056012909005 13.631878200885183
222.05321057212777 205.50829455636682
19.397352802857952 97.38627084074086
228.04990988412538 146.87881570853784
206.49315614670016 146.41598591815483
21.859253614779696 228.44604694490005
155.9444953242532 151.5387615687268
224.00276050623074 176.0832642439657
150.12055889648315 20.43887280474982
36.56862899698737 191.64780980765167
72.89633114455587 72.23674480748832
231.32148398569223 32.12741386240009
145.42706603407564 203.842119284255
203.50321276312124 25.570671564227876
52.90684640491736 189.246733903201
125.50971466950352 70.79101434088861
240.6324729568663 56.81199549099911
208.2295582979621 176.6652453105359
44.56513239349228 191.90459743142975
74.7096482484181 180.2337472072697
121.83849558620743 156.58737166968365
36.93849802405838 50.37147229648015
114.81834054362704 16.90144183392775
19.581476575495582 164.75260905807338
60.26935336445527 209.68277444639855
231.4608626539999 191.8191781711536
213.66987114325426 79.62979965639092
161.21924677608564 81.13362947573948
28.15670916218857 81.42847721861227
34.86756648584027 99.77656635720156
166.7927267444058 190.65542665822582
43.42881770263218 74.3667020317041
104.90175648885025 32.01708160710326
6.963914285508355 186.85517667476935
156.2779675439512 207.56233573850383
57.233677543402166 197.98791606144547
61.0153404400382 30.634939749283554
176.48239749207931 6.65752823349211
127.45452026402148 30.96644188192499
83.62512649849147 194.6084975844626
217.56516028310338 79.9981394622839
157.9525722736727 129.08202855873384
247.33619684761274 46.685644827984405
239.23520983186526 247.7145226201197
81.6928053523977 47.51362791710978
229.5986430378332 89.30644992070494
193.44725589577234 213.7221818823059
221.09862179633896 149.4482703254136
221.949341388735 9.388219505006317
239.7790011486213 42.11510008294808
127.47124555095202 180.14708341895653
201.72135820350644 205.50208487983653
222.53192431889858 10.47387971156577
104.17703170579922 217.38905526364246
25.511476194055998 191.98241095164502
146.66855183067955 157.41415697567794
99.75876223321382 210.35923088484734
154.07620179395158 128.1074902138836
82.36985049172443 83.72859294649801
76.13439467420069 33.85850280322586
28.34557720641434 133.81431996010988
131.6632381440079 106.89010630439033
207.4431737447069 158.22744457199178
71.96269811628433 187.00056499035085
7.3199299142636125 68.25525535874802
140.30677970216885 124.14767063286983
10.112794417276639 135.88291988251302
40.71696761927782 43.1329920023327
46.99500387381525 117.6280026900581
122.18741056281127 118.41937323001605
212.2024827305583 45.86270155728056
181.1523903883922 22.74777490837926
44.93009150929409 30.13985213302281
241.49498859702297 70.52439116691406
97.08791435411892 130.3175884641267
124.2897712212819 51.68945110145892
59.10420811029063 227.0451147805123
63.72724548740655 11.515582270122948
47.59563428960875 175.54450774517912
85.49899691818801 98.11166262770554
65.49302249370581 144.42616731514605
70.20905891070126 147.63697980523727
206.45238689848256 65.07606745959119
89.1306589810526 191.4353214836577
231.9508623955316 6.615458145509789
224.63088679375588 77.46477473646205
8.261811152222965 112.88588716620484
174.0243672005463 127.91830974197276
31.75596512180115 98.14782583263879
229.91352857809048 85.63647576910488
26.017064169918086 48.86565101921542
187.2239636765305 10.958781487792807
244.73145694363305 47.8333995479393
204.70129959441138 158.3364509682513
25.48901404987053 26.300381678354274
214.84439951558764 234.16620379933195
118.32925655647634 101.57164554113304
243.84457199861117 48.04059718385154
39.67163792291045 222.53522953316678
191.11720140949154 186.00529998607462
129.1476804915277 189.79553151011905
34.60648103107386 229.2504829391048
0.9908335770776044 142.25680895025877
199.14034846797372 202.57548092973744
19.592720878327754 157.33164470409739
243.0698203087703 51.93854023140834
106.06226406947597 141.1009117303948
215.39076924277416 23.66257169323374
28.307773443847715 78.95772650860106
51.62849755712462 220.55147251498423
219.80228416465795 16.086181138023903
212.4169630947125 26.021233088684205
217.1668754078002 188.34491906810052
29.599522458447325 166.6320895446755
25.330519848506956 88.42357556876942
79.76385763466374 31.555199550486414
148.4081405635849 29.088546211892023
4.549141959558717 108.08596870919723
32.03111862912941 238.4200323257412
120.17441352625812 127.53372377634933
93.21750841062382 115.77431152320486
44.7164818448019 67.65744068231669
180.44608676700707 158.94525488436474
148.04508878165828 95.4448350016697
195.17587309827994 142.2704548114157
157.50287744845284 231.7211365863596
176.634829461209 93.35814452971161
161.6807408463935 105.85697086213261
33.6747658598194 189.07037115736506
139.52313385846404 34.03404105132862
181.30764337809256 95.52489461245065
219.69845541395546 54.65396878088718
142.56250540255402 227.0319005128581
137.7947153945769 99.21785209101711
57.16921030029043 170.56905119126657
1.4164448024063248 94.05643413633497
190.67272027778097 104.73969942005732
170.7021072902004 56.055702645124356
229.7011657322305 225.89874172302882
64.56922284912045 231.2890434217044
8.018475887148629 162.88402560867402
173.3954150813378 173.11411036017046
177.1669869718611 122.65601601831794
64.98914383427731 84.02125538321775
229.87923401124112 198.34001764895368
153.54057798787252 3.9893439558581214
236.9271178940349 78.70831296270559
63.19402485785197 7.093839350647696
95.89920656443199 181.23063805461058
108.62137051330647 68.78805306612828
20.650011586268143 67.63494952602048

211.77162648941152 37.517869516878214
144.34330761230217 124.89073037310372
219.4014408074096 90.1879091675785
26.916517683288845 124.31417627135829
23.3912265119432 184.47159262205358
147.23825172940167 229.64718764258674
177.91443029462786 19.5124658188843
238.5690426892551 205.3625434218817
41.96401270639097 184.04089332275132
228.5614324977156 217.1947216607833
242.78267962991535 169.40135609200857
39.780368824906546 2.738352821497786
102.43247868840675 82.63527842992605
35.99030000051959 111.66700600258001
120.59015516607403 99.71025877470544
226.67116240904758 238.13380187702114
69.06346479698567 86.22270288568512
180.83611740264985 76.79231753582685
102.24791731662916 144.7933834752683
33.00892763685637 238.12555946190466
120.2460247264462 237.61389588121136
70.09485581291398 144.09250329457936
127.75804960383064 201.1582662048529
77.71280817519707 145.85282405862375
214.29881232012121 123.00262262243292
90.55491564837523 9.89010462920692
90.85065827125827 8.649353333568754
236.40492991682444 3.8759022571582538
52.961990558950426 27.53741442977392
248.36976547399365 180.55909406370233
0.999303478767366 75.31759846601737
84.45887216559304 242.2696232288482
145.803125031372 135.26585858717394
74.2701648733804 141.6588141920961
80.01967589738365 116.06375214707218
56.89390084214646 215.7570252770252
214.16843040955686 54.37618759956009
129.51411074330275 196.93481374105622
241.18615415228288 111.36338268175344
208.01159600293215 124.41055249138452
210.56222752379958 179.61294824842832
47.24956371413294 56.719840234332295
165.6642939252198 105.4700994393214
104.00654896623551 39.107223380382166
102.15673868208103 38.64938268875842
65.29074495573228 143.69057484134166
216.47803039289408 231.78934463246313
116.20927954300514 33.38153658715123
215.25380577337634 118.33377061166306
217.1521797416448 70.75744825903213
222.75624966340504 247.46773737688932
150.69690435637338 93.50267088157152
128.78461738497853 121.64684276202811
91.29384252060387 38.05575831698577
0.737879675777986 179.54935181983404
124.51673230570177 143.58478872724018
214.69914309234835 163.41197669656816
55.569914336431516 137.1123291994958
248.7853508492191 37.3384420821935
71.48124190525812 8.50596877774995
23.161774742112755 242.04296184362065
134.77737169974574 59.85172693464308
179.97696880277473 192.64827105005907
120.1496411627216 13.574813013315868
167.4699970894819 150.03786180174237
168.54529152996355 138.1956296987425
23.532060004607892 106.07313510854848
16.876071612722974 104.28060888468926
146.51071880852476 143.30156860137558
235.945653369513 5.17894127310925
112.68691835285132 241.15963748421657
139.16037602211873 185.1380132609883
13.408889859212126 59.742964317517384
161.8059512626537 47.804302769985846
166.2912215638467 189.13037679608917
71.33383085320521 107.34518525912951
9.584163379892402 75.69441192406227
66.49499674315645 183.8802052925205
23.039810974947894 34.491222004197574
91.07493080052664 13.365427065632623
231.87164690572072 52.98492276355285
218.66995983779233 131.94925468332605
190.7958179689873 171.62297312130298
195.33054735566094 124.94027492341934
99.18904805873308 159.0560880895221
243.32427900831766 49.07378333872883
34.754203949814546 32.51217361046427
53.385708945869666 207.78102238919814
199.20931168624372 184.4033603064691
133.00832294338736 183.19491782977536
172.54587215295118 94.67503226804166
130.4391150814685 85.461112716652
83.40445934493262 151.94506869882085
163.75236954791157 30.511637129882946
239.93463239488818 171.07219668954963
160.98095790215027 129.01455092805355
18.01442355871713 174.46797357439215
197.24842671196583 50.25998149132641
211.44760421959967 184.1062467185482
244.9291184240853 235.7917188293933
62.06282121957296 203.1817011385692
83.72561411699725 142.49958030264648
142.99268450305058 151.20262685055175
116.82075754936217 34.52306716222275
154.17652222670515 42.01242772952682
148.0385367804577 22.384547674119958
18.88155594483687 144.76990786419296
91.53586168681232 182.33266275902324
97.9005606916632 140.57720053402758
219.11824302568903 185.71143396622423
106.98092104608953 228.1300177813439
198.68452425123783 218.84476219533138
3.576912934067089 147.42110990465503
242.71760389832244 224.98006942545874
21.298455114554223 0.9433898912240279
230.66697831254493 182.7676011891763
222.7264328594721 232.66215609746587
177.18336537853187 92.59047848299282
103.78665496906916 95.76336142131431
103.70371448679919 204.6460397136716
150.03805670244162 54.47857807101489
233.51226746072953 74.84830899857454
79.71501164909579 190.42741331494264
107.79550865097882 74.65648222927987
89.26285812810042 119.60128655440604
75.33124273340869 244.80606849546797
36.41705349218874 42.62432275371972
79.87912545924064 76.8999643205917
236.85270616435258 26.881708695841834
233.47620911555228 233.51594035972755
143.72662664623667 247.85814011462912
187.98914408427086 71.88066967283427
163.05401467808824 67.34372749975186
10.897320876016137 113.67489125248578
75.69782425533647 23.703136530173722
12.01747376313972 115.90515862641637
214.97933924168132 50.3152193695621
169.13782417815077 240.5382915616671
37.939312283338964 143.94046614848205
116.52754525433775 105.68000066887537
33.1550328773855 83.34270752538775
133.02169223940064 38.403859853737345
215.52475322483312 31.550273820351137
46.08672250586318 141.95326374998453
175.77987896816035 215.6780512056402
231.86268539504024 240.48826103814798
109.55327755870509 172.84512315843602
10.26054130572221 203.74447748759394
176.33638608272406 211.72920750522917
243.4368381653303 234.64428906625736
138.32898336365915 247.66187157786416
92.93671900052993 73.5484148556499
100.71253884371164 165.66527354612063
230.53654834113016 15.674563093557747
48.73482082484115 237.6317413227686
184.13642596233709 63.157888338333386
40.989138209787555 136.77293650055813
239.35153322856172 96.48429920870308
1.679455878408509 22.71083192187312
192.93672891315634 242.2948872377409
188.0594716349489 156.62594425423262
194.5282359962403 238.32412593738422
242.5552618072452 221.45314102538205
126.46274235669145 146.50650022786385
203.9425574002754 21.65133974959882
65.34723763583214 174.56493947424778
0.294772577132979 195.2869220351654
34.359278718189366 50.71254495518562
230.83814460083283 177.79202266010233
158.4490603353748 22.208847905352076
143.51203560544306 136.81193825197727
121.5714188667412 83.83179038977157
173.0652854009059 178.06737060803096
70.56148372110133 122.46917580575928
14.011997949517324 83.43802288719473
201.7391288944876 134.8395733108757
39.73550800773595 61.6449089886667
65.25311105577723 109.31518353913953
155.66715374443353 210.65144183376506
111.47102215219307 54.25220216733137
204.77028336021849 226.5578622865554
165.62849102533167 42.87424891870836
89.94175306201527 108.42151827864868
9.747630306832844 199.74272760995274
15.365665721287696 239.60340431949217
133.72497623334846 48.27262394103005
227.78482026983346 231.27534653838862
74.10347323586522 182.71992679352576
15.168323105098413 112.95310656764934
141.5822954806561 65.49074519308625
94.58198275202275 234.16222223277504
124.94769298241381 25.123584564180817
186.26618547019032 150.50025062642553
225.67264125033714 46.54311075345854
24.2648702837078 165.04310358320586
149.64730115499893 59.75819817439937
122.33752705672855 161.4036877712391
54.89568884152193 97.12985100571139
219.58107654359281 141.98448470900175
97.87661833808389 154.32017130097472
192.3815711495375 194.57742069457103
105.73289606234515 230.50092560253748
53.66258550739816 177.40879457682283
70.7870547335707 185.71036933235544
231.75500654762732 38.63350643557747
223.11714233964193 208.07168629318468
119.14610958604874 191.14033420413435
31.59359408634335 140.074914711156
5.650249771822102 74.71652820703162
43.812357578327244 199.35131802763632
131.99894117995282 174.38414454070386
244.25326899335667 10.114202902998247
243.93986448430627 193.52142060688823
223.6384833495394 26.05689418012877
181.0951448743531 110.13222981230331
80.34548662727259 120.66594472527159
88.94269068404357 55.794772890294055
241.26872208131135 184.44206497155324
168.0949159396484 200.21172212101743
180.3991911467812 101.2029844575211
105.38829263903052 219.17153363573013
46.65349842984909 120.51735871818519
219.3460122414983 66.54534140389475
65.61455710782838 149.84581021043104
124.29800460213619 197.54156222987447
233.34055160080723 142.52527276331787
223.69911908130445 92.63543763275337
75.47563278335812 4.844221716224062
175.90204884394515 167.0694645781469
89.64605175799633 129.69272264241474
28.317064810195248 103.70319677199424
178.62715662379674 213.32698035652638
201.8929959985134 23.624829640533
18.854333551922313 71.68359327720886
97.07902898161703 238.53243337122316
78.73391991913562 210.64963151515505
21.655407914772272 65.26506588531547
246.41601008558465 160.21704032879404
216.5854106890858 34.15665208617122
101.54791138564467 141.15385499389936
64.48696779234092 1.561531833322971
86.03666028106527 30.381714362862468
189.97686886391915 15.280975364793449
134.96552238095254 146.0604189157857
117.47572516931743 236.58682133563926
120.03489235446443 114.28772078119215
94.31928125515604 12.024171455999571
217.5678762847959 224.0607228818424
113.96660201085096 143.39632815480275
211.23836422183737 85.55219955506557
125.59738777599891 44.90403862864856
127.18781808460147 105.01874771468783
222.45454344334487 149.2390327566112
174.08073173677255 99.52698597747786
218.9772171480131 65.2534108128916
174.39934385772577 151.50967942129037
195.18493679635748 53.565662126925595
124.323889812537 155.4527286302074
151.52724338776122 17.366014131875524
78.36762040743841 180.98152345056695
180.95765958177032 206.73674170243893
115.11203921054796 18.047108945850127
1.2557644546502544 17.180454806087596
26.115715014821433 245.0363869327522
226.06678534104287 197.99571370511612
157.26028198355553 24.617000507275222
9.375142180387014 133.85867541076715
29.835814568083986 190.5597162650693
0.4463977397536345 73.9533775552487
141.25894260192518 135.1955806627788
246.96388145356653 227.47536968406007
124.54747135772848 85.6003145260949
59.6589947132849 246.29388229474827
85.8690547008446 38.84730055270097
222.87015946160045 85.91030681186987
12.429681441824131 169.7090311913796
115.38789953776693 59.9228541774931
233.14311194440126 199.93640183874285
210.81698778018568 168.7477198649056
217.8195226391559 108.32425134059936
41.514402058152406 101.60756224506792
210.9765424574592 249.21418688994422
36.161456046865744 232.49155582504764
131.20301534954461 22.25791500008173
45.618827063787556 57.74770921741598
200.50625189546753 141.2108246384713
101.0887028158036 9.06310621828213
138.4195597907116 32.156308778901774
17.502192046720015 45.04078541347587
58.715726059584526 34.61956331132249
156.43739780974673 45.226172579743455
10.236326135770968 192.5284654345582
134.50867451849845 26.181788436190068
37.88112711873143 112.29960406971968
170.39360049339575 47.562454544256006
231.40408418671927 183.41104255629762
220.65619216392938 80.73829175277893
176.68873753940974 213.98022736963003
242.85590022258734 202.76859122007258
235.3488626176257 209.24439516546641
16.65425804701054 153.32906942299235
119.71521692512383 90.50498474988072
229.2029609138846 208.94358239875447
46.30237638180512 74.92393812276543
47.16877032522548 23.501819432127842
95.77172658981955 225.3807198832206
34.24065819276542 215.38033668822274
51.548299296693386 228.79832639800648
122.80650690404713 80.84233885391318
113.37873583163166 148.99430130223536
72.40609980213742 45.20110519236456
237.58142385236206 218.66672613272473
81.97987830030432 49.42584483290971
241.71978998905843 204.66802714324655
214.00126876785433 172.80271429659788
32.48845712571313 13.887073740360496
249.72616304957313 170.68138163034223
245.50011886236578 93.6953325800661
127.14266532927246 238.61835308146007
169.1881233039602 95.49669920256412
11.940188286036907 76.48298959829364
174.740862040504 80.11175125180523
154.33364184364146 174.22090932771962
135.55391209080267 88.38636141674985
31.827978488965208 154.4277920593794
35.98899956666921 236.16712292632994
109.85647311156549 205.94342532580788
36.3514855709183 246.99675548601607
144.7092615339626 196.3604451357001
247.00734072262156 220.20275897799976
67.88531554643848 137.26571568821092
2.778514131884707 46.38801219758812
245.05701128530455 133.03338828251103
92.58873537122878 214.6968003063494
20.33748783241096 240.8438601492851
233.8819714650119 56.59851409482503
63.28023703933047 10.328032090121065
242.6985982133738 125.47472151839905
66.40213137832282 103.46534982045425
70.98274500713256 21.545268048528104
48.32838422030875 201.98002743957056
35.31976482226021 50.70098237033643
201.1995249526466 30.590101106651307
210.50187270623292 219.62342761987244
210.73398363685098 18.03592218163602
191.20798314782448 156.727364486653
160.34833325321594 44.63331702014794
56.5690704437799 229.79798958200846
203.08206899334712 168.7569728465998
161.48459238677862 96.51262874180146
160.29249819969166 144.33842672337553
37.81122475396428 95.48379333271903
90.88420441274972 138.34004027790598
233.98882841645795 17.084984744854342
80.11838546568809 84.68897591686314
1.5391658662311236 60.92321326697003
247.87810507321822 186.46379192204276
114.27485362435947 105.2315846286441
238.96245985640942 206.42147375737525
232.86398855622096 211.34732921458408
226.42561304590234 87.47846108249041
91.16603430387629 8.895997541224803
223.46003634898716 209.2413711797606
21.716198335948846 93.0078893926009
229.674348416898 153.35766716806015
201.665911620417 151.22060176007196
28.460678262987372 232.87083934491918
161.15466177809904 156.82394492311101
222.23528418215713 168.61192402197227
143.32087310720866 25.38746143726531
30.268645922772038 190.34535900277174
70.10698296774306 74.61421198959515
233.19026470431396 37.710240360521254
149.97199287618807 197.75439528673007
200.6174959813186 29.981518634308674
54.574750823131765 191.38103504772585
128.14894978076424 64.90258420935382
242.54773326219257 58.50471060525395
213.55806455256948 176.62237506061655
43.69836872994645 184.0743628287696
71.03813885517881 183.80725198897622
127.84725842872791 154.13145453260137
42.61855401475664 55.054688392906336
120.93367605015673 20.055532935971314
23.221974864674642 160.14238700239736
65.08854776533057 214.3091596554705
227.03800281102718 189.3960016618928
208.75055479838622 75.97692866250507
157.67657142759944 75.90445083454698
26.874461375782673 87.87855308044928
35.776021199979304 104.65990919602339
167.8837115692058 192.39655269454542
46.686012527168614 71.1191906264696
103.45806903709371 25.845127638401493
1.9761847891175133 181.91623107264394
164.08293834470248 208.9511742216134
64.50141977967677 200.33745496200305
67.3075799727107 35.4109948666835
176.63091702635964 2.1997329765620357
119.92131650806428 32.949513313601045
76.08840675846615 191.27312198213247
210.62785030649016 83.8497566967972
161.4285542337251 135.44854541812595
247.74612500667007 42.397770075211895
246.5468039245514 249.39203963593746
86.11332724788414 47.08871739871726
229.53320232636614 89.74397219161959
185.5145076537425 213.54031096493392
223.35388223421418 148.5086870741209
226.20437427882842 11.105966050314303
238.29642644667828 46.421913639905085
130.52364132851596 187.72022701930186
208.9145359637457 206.0905772497129
226.49710103301578 14.820829470254482
104.74995783716106 220.18099233256225
26.087595432039894 185.6893378986089
145.6307975137121 161.45795188357687
99.53425662456333 213.60672895445686
151.20556713974375 129.84718448388458
78.90095700270527 88.2610186267524
78.50033972644817 26.151977254583237
33.09457792509965 131.10757038610197
125.21357896974527 107.98752839929149
214.355901013384 162.81542955585954
70.07938233709662 179.94008253982904
2.661795774402065 73.43846735440255
142.19552033358366 126.03531835853776
5.787370745363868 135.5124633889367
43.576420969974215 39.49445057303932
52.450818460768794 116.67636456246558
122.61560198875587 114.17203007769349
209.3044623544508 44.1449935548304
175.22283071728197 27.25422569933844
50.00981854065895 31.21804891689542
246.2852207100545 71.54635432034095
90.53540131732707 125.01224871982791
125.49509457634703 46.126828033780015
53.6871320795467 232.02912293147034
56.30113933753439 13.928865805997198
54.774090656322464 179.73499443621913
78.84832375674958 96.7032689072517
62.633303865045924 139.93594568427702
69.11523126207786 141.91223694915382
209.272837459873 71.18310656455378
95.84938854036638 192.13808511122454
229.08600063230674 4.75605551564498
230.27479001517355 83.25569951517095
8.31349601153919 119.07312112772597
173.4295972960761 122.83205428674442
36.05767152073408 102.6768561775801
223.44796503842005 86.35242851450553
22.007427122828965 43.10084429718081
189.46025634098677 15.114243353040735
245.20910320737045 39.717990853280455
201.10073460744204 156.5945620899278
32.35201016924119 22.07167632841342
209.5001940556495 239.65284818348061
122.30535235767123 97.85276610355567
247.7084118135178 49.11380680208158
46.69776913372958 225.6484961932737
189.8018704726079 185.3420417731675
130.2491180356581 187.6929744852372
37.72179476267629 231.39217858175593
0.22539231279092298 144.30468019625488
197.36772280637652 205.49881514644207
12.016012082098154 158.67812435657018
237.1652072728419 47.32158904799158
105.30447242682378 139.20885502206437
220.35363205378573 27.15818291924274
35.072472351050266 77.72785077634789
52.865226119807154 221.48363897566324
222.97833523246632 22.560203076357226
210.02492164058052 20.296447345820813
223.07939501207105 187.329423281846
22.480953530629844 170.3694721400337
31.526560054250254 85.67661975275357
78.30434951081175 25.42033746390773
150.21996317767906 36.44535719793674
6.839323966426281 105.32528086949702
38.86361444143962 242.91107566921212
118.08165495501069 127.37593609170808
98.27026969889077 118.88195516836048
44.48070595415765 59.92453256881403
179.50995573384046 156.1755111862512
151.17242607116705 100.28578014400796
198.0188303840217 137.29355050280063
160.6707138360019 232.55650101335388
184.5124196749802 90.55329143364882
165.87285268947755 105.06440454783717
39.2036966693067 191.3850559633164
135.37704915917698 30.980250198803155
186.81905049118845 92.25640811781238
224.29530584541703 50.01484348846411
148.07459960476868 223.75563071871534
136.78470127469453 100.37679921057024
56.93307286021126 166.6148813080664
3.6561467997294206 95.65376144687379
185.683278633189 103.81984133405417
168.9327269550999 63.921461601113336
230.8323250825661 218.38503735015527
62.387453158972676 226.77398217096268
3.0093601499397438 156.05357432807202
174.81552283667273 177.81804166415154
169.74373235270434 124.35625183148083
64.56415690478273 79.09407256249129
226.05179328534737 201.50850160190507
159.86879981751179 6.666618760369447
244.52337692608276 76.9769103984155
63.68508704816578 14.98521699706093
96.68484032777074 186.07578160747883
107.82324743589558 63.6498271641662
22.165443705408073 66.92707848376978

8.6 17.2 36.0 72.1
17.2 34.4 72.1 144.1
25.8 51.6 108.1 216.2
34.4 68.8 144.1 288.2
51.6 103.2 216.2 432.4
68.8 137.6 288.2 576.5
77.4 154.9 324.3 648.5
86.0 172.1 360.3 720.6
103.2 206.5 432.4 864.7
114.7 229.4 480.4 960.8
129.0 258.1 540.4 1080.9
143.4 286.8 600.5 1201.0

2 5 8 11
5 8 11 14
7 10 13 16
10 13 16 19
14 17 20 23
18 21 24 27
19 22 25 28
20 23 26 29
25 19 31 34
27 30 33 36
30 33 36 39
32 35 38 41

