512 3.0 0.0 1000.0 3 3 160 240 100

248.58392794508373 129.2705040341688
204.71105585356162 51.77230728909474
210.76292563154666 61.074306921037355
31.633377025760634 180.10137765059102
46.993548747423816 84.55193018140473
27.783103748940857 48.18467256875494
220.79746215473943 51.87142391649685
10.52353919173163 187.47816426145653
221.51144580253393 113.58715015164425
133.91773060129643 76.66672764100593
107.08424472604949 28.701841006660345
174.08651049044835 143.1713601326329
86.47422072288583 82.57688615483927
27.614700723262413 189.138315311054
161.22061374133423 79.12502480432954
229.79455309260217 69.95597269830716
127.69096968300269 203.6188844704956
159.1175741812276 170.283627062594
227.13806717173335 61.41378782726553
213.52054459110335 209.9583836003093
129.3433127937875 243.58322580361587
184.9994296871975 16.028027721274736
224.30975462343025 50.08936901453357
149.575070398463 96.17281538759467
80.9651808679328 174.85297176134873
41.14131257105277 211.12170783961065
87.4304372029949 1.8387504280599765
213.25006058216815 130.84462063344625
237.61577966716368 204.26844079724353
12.43526970542111 202.45869384851844
109.4586427442186 44.46732673324491
41.65221065463601 18.306327594958095
196.42712902837548 133.26516076828898
84.95172288799066 81.13648416400474
232.49913412823733 101.05002935305754
148.35983937851253 224.01110713582895
155.44927905521837 25.45434276117747
162.88578050670898 18.403241163744422
115.75082762796518 54.2424982389054
180.07742053458657 241.01609887166234
163.79763802102968 128.29554544177137
42.29346734450509 51.23759146872586
175.72779826291716 3.074396546763336
117.88528219528959 24.42813227938237
153.3714409716379 125.08740008865807
10.500148881487426 240.05736356250335
103.5738131227581 13.404818000360502
114.01897484372392 51.72502579666016
106.22160494768238 235.1578566787968
144.2753605391813 65.94739305543679
89.59402819635706 170.57928698988295
113.78281232097979 5.570625369931415
226.4715968798672 135.07476589618844
53.27283252821288 13.226733863651225
234.95498043817406 227.222767651214
199.39886199361266 74.3901581909621
95.59746437335562 154.61003007393444
108.06134603325712 207.06222280607312
167.91884711238387 84.68448557429262
0.22712628741575203 8.191667493721605
178.89366372031148 158.33992416489826
81.40748850485427 87.56724189608262
151.0042403324136 215.60644843996025
5.009215902221031 233.40249581540687
67.59368078726376 125.33047850537352
179.60728095567606 11.606361522981778
222.6505424283087 80.31761029260268
25.65259370433706 175.65842434084726
132.21697562725564 134.99921387115538
34.26210541034799 14.355038516080858
177.78348420543526 198.349036709232
95.2647003537106 60.445851967496914
174.6859914733626 77.36832077012707
177.89743873958105 231.9936298815391
2.390678709479732 168.07839622926485
107.90216303655481 46.70569001424568
31.81306792201924 230.15760329348458
223.89580136997702 231.13008739246436
26.485133591718668 223.8293743147017
72.87273570110628 182.76661105814304
23.024588185334814 160.21672732953084
90.38420275141875 83.76094535758921
129.23992901662652 44.31917817969924
101.73569661647386 65.43290352245987
211.3908748897786 36.28077135745039
228.1304125539237 2.0793473063346335
197.66050584896033 57.009235631860776
146.8766261856058 210.43645714539477
115.6873986452003 15.559754584201196
221.99525108112834 188.7283050553698
230.47601016437156 217.17278099096862
32.62135078696782 206.9967341723945
68.33904389789589 215.5033866534556
29.279944649179214 93.40401968420187
117.43674509898938 117.41358824694146
59.01235137525107 44.95133204576382
100.18353251535028 37.20187037555048
16.564202107924668 122.91345265244624
23.004335254313364 123.68973661094465
234.3652534894659 78.10943699541886
138.03809009860274 153.77305614636703
123.47111354263515 123.65262446801297
160.1549192369259 186.43997468878226
109.15954674554904 203.19564104625155
1.4592917532519623 159.24155942796355
57.96579737198287 170.2429172256229
38.96296987317968 226.5282134644001
161.36307661075674 190.56468490720502
157.86121975647478 181.36947929004216
243.45274177269764 115.59866963673824
78.54014732705883 1.1075799842492073
218.4414620511051 102.35506422000596
178.60411279445484 15.089665417420322
49.90232911002729 242.37527368270668
130.2574501783005 61.524532795222854
16.69158963073103 180.19009476568573
3.2539241805630006 8.968600041396963
49.82454053933666 229.4224117432103
127.30667188616471 232.79723579136024
41.176228019363656 84.43483189597761
37.62496637099602 71.83686687288127
59.466390289847595 50.475696005733845
90.05325401591335 152.08409057481904
159.22772406401933 81.97485592122716
138.78673635542063 86.76676954705745
84.58649363691472 56.909016915392826
142.05389298511824 170.9393193228904
52.90491463752004 145.83968349749594
128.37383397311436 74.77853202271199
148.00539283170525 66.52817892552041
248.6897955854793 144.49886108721586
66.10687850725247 248.2067941950786
38.0971593108157 136.35498912452172
105.79851894187054 38.67264732756176
177.52139041375978 216.55594753349288
106.9307123075783 95.58476672151082
61.63360346787139 43.40472590206329
72.45842199145761 200.20672303330022
81.26576247633436 33.16964189992083
187.01932502184462 71.4061616956041
72.0083330657122 9.570826791284015
4.988261990958614 177.6577284443114
83.68125652815073 230.5687907497233
149.26942033115847 168.60040539123068
47.122073227352594 38.69113386284917
81.41919788547264 204.9637444644499
125.35545696892353 225.6439023132795
233.1163453290103 70.34844691318048
167.95129792178605 169.7542513823404
203.667044506279 178.2537152350693
94.22373332866394 91.11340687044029
29.511206433562975 206.16362048949773
55.168890215890805 155.78247816582797
84.24829978913709 54.00664165899152
24.461218565567183 221.66066031238591
153.47311077584283 101.57191862765674
139.3400364765831 168.68839344651155
14.045098873975787 238.93551317162255
206.59856707840115 158.6164303646112
53.13182077876705 228.94864447526817
62.10887627417067 78.38298910012256
117.34482875225785 45.26964074874715
3.057686306788099 235.8380840374707
112.50309035670914 72.90134644377238
198.3104721512846 210.00126139979864
217.32961103996797 114.25637069135297
62.62565317116453 131.54232039481818
42.15203657478867 182.03262947962375
168.4761623723346 36.01124368564806
32.595800412477146 115.52990798165375
158.31766673913557 233.53006890857742
243.46890549468176 25.48540688907208
116.14916209781154 82.32624574647419
114.19787766000084 101.0599333453645
74.87080623476186 130.08063625166938
174.26954068667777 236.36505187472272
39.644197359230446 28.274366653280786
228.8132326883212 161.5200626786554
119.97924065281914 42.356160174607304
2.314366712647703 180.99821351188834
244.95653207222978 158.62818058692358
239.5049629977662 50.42535991031691
207.68663929414885 238.85702582582664
3.0547640033400105 194.75141271629076
97.31140107574404 28.44480618536305
52.513296591703565 18.682482529935847
148.9260736942888 57.31909791880524
45.429013003481536 122.53321421042004
113.77580405988769 167.98014961331987
131.67991017221368 238.91030239848968
207.13462443699922 31.455996986612195
245.38709195288914 240.8059046859786
194.9552976431379 231.4978330961682
194.3380091422637 40.23323538576043
240.1469716269987 21.899414702975406
242.93907141452553 63.3748192263944
212.11863706568266 126.2264502345776
143.7349998554453 123.96905022625978
49.84252453565105 239.13647306503003
217.75000032200958 199.92065163776365
166.4238303433331 156.55380129190138
100.43618396542034 20.685123376477847
26.53567003850288 94.34351936046556
195.8746390705916 173.61156999325814
70.80913773009445 179.5842061337932
208.70758583199844 203.82775652799896
74.15949771708671 161.31903491276927
101.37430369946493 184.3495471973776
132.07135015571077 116.42085394638035
104.57974739374812 91.27063567049056
203.33986515867642 114.31543181783807
168.56570642537108 81.05445604780425
20.70869851724208 182.20880884056908
176.22805909424488 197.1506568404057
43.14768872438171 90.2248387512972
229.44613513680946 110.12983431760429
244.42307208131393 123.40290701430973
178.8823329283717 5.931426257679895
172.78358639975426 114.88112763728375
67.8445051238232 99.2499354266382
171.39657838740357 23.339433996873492
78.95793482536328 198.1027277110845
71.81438707733392 194.975133450592
246.6025618184304 20.676923572414463
248.53688098616465 231.92234305280445
221.5713126113668 235.87712120363247
57.97365716956032 172.15355960861118
4.191538996888733 10.753911778353359
173.68197031815268 158.57585745557387
157.73293196086658 30.128873971861232
109.97220757635418 152.81306840773638
211.4388753515474 104.61486125094905
31.54040352851123 226.7271132349254
156.8465646613725 63.58737823710858
140.05722421700935 23.45366943135363
225.5938175923254 207.673805951204
96.51979698196398 55.053033057406445
62.32361451314894 12.117212685873568
32.15455607480236 218.60420793632954
176.19809188883337 189.52682915189902
80.74992715912072 80.46002694719951
214.90267981185585 94.04713871150047
105.10264448530071 186.12480155092769
208.7139065366752 148.42411660357533
0.5321529813254733 93.95091991644341
205.74591100520405 236.17342205096952
176.83242782783654 28.89149611837277
133.3195477484906 112.47645489895228
104.79810966884872 232.58767515064056
216.449559109041 53.71793114980686
85.63808242620516 122.66013927825992
78.48131848072376 227.3343165905633
214.8782757270563 233.85219818486502
117.70210062858708 169.49017735862455
148.0565823499032 25.041746239687107
155.00943154688656 69.32224008081542
98.37825746822568 226.7309175332788
123.31896728748659 123.77969933555808
22.141675296390716 34.45147429475293
202.00294700814254 182.3864314468041
218.71684242632716 126.98603465799665
150.62248116656255 197.91181695666478
124.92768937408039 132.6512596899829
95.78685823708003 226.56183482889008
51.826297979006924 36.66327910505374
212.85211554640995 52.894112789379136
183.67864876455283 116.09496410997106
187.53306932145784 165.46563077931597
25.889097145814834 199.39176976559574
5.544410063100441 17.159237804292403
247.75692637198378 23.761487396143977
208.5653957900409 186.8591098788106
70.07954314453671 17.86472989352908
229.28362242072598 37.13791384715795
117.22312217463801 101.07228986193539
98.01499969735059 82.94784862231022
168.6584777442201 214.34914433534553
245.85241378502485 21.716936188071994
175.27372915227213 147.1559901107047
89.67521434801584 224.24787032166515
96.6483112484687 202.70103291578525
45.47984068277158 97.34190567547574
88.32184948797652 64.49629049865233
21.377535671878363 68.59617335280218
203.68795971383085 17.27151296550222
226.24796183896285 99.17334032467237
95.8781570417953 63.556637232537014
162.6309817521313 76.60988942612568
166.88550876945743 243.62502797458728
49.78331438698602 62.82858485269935
176.8216407706009 242.0070041820607
1.1566588666903077 102.07078747728771
247.06667042053147 150.00031192339924
223.62927961015032 121.91401841283076
70.5722664609795 209.57894646945672
45.58430090958335 108.58353326960457
124.43045098041131 204.64149365096492
238.99915724632785 48.441775705105414
114.00300964414193 86.52925831909086
214.70921119438282 18.183568201453422
88.2075749474183 143.44625865200254
185.59722183099842 110.11104108239745
196.45078960408532 11.603852910673618
175.8234500192774 103.0762432862305
151.47699036476828 33.98999967587837
9.72908233420805 213.45734014810284
116.7638921692547 51.773961763930174
55.32754281905433 129.8616386406711
66.25958810543197 150.77823800117596
83.31435316464797 107.90242920096738
178.05360255869167 103.11970199298456
152.57526439239498 220.6711792642625
161.2918164051835 135.9260831564435
71.6927467362376 147.7123646572491
158.08705432191906 119.63507904226267
85.54309014345488 101.29779546499587
172.60831569243163 56.621238485037225
29.419048014679262 158.59841481682184
169.74102842077406 226.4524992668317
24.066953938085973 216.33794297239746
232.69122970694093 211.44139862454082
218.77267030405466 90.12416960038344
4.341951913020392 207.12774447829744
219.3978973530958 123.44059803716334
55.16810051952029 240.15867848238932
9.780008020528918 31.06250619993564
125.45393138900785 190.9669696435394
225.09500595321305 7.352930697736598
225.08567177021106 173.05246686755783
179.62885028323782 124.57468998992185
135.02905822089775 223.95848556024004
47.2107497359138 80.71405946440221
90.94978560475664 128.1347663725345
20.53166376039939 22.666757755124944
208.38790789526527 135.49869728488028
136.81341350429 29.095034739861745
22.83458340824329 221.82510047270654
109.67225863370412 79.16504885518616
18.14850827915257 144.39524476898936
21.194259063793382 176.02581017856963
158.37631642087732 61.41151002621209
122.43174370017465 212.83489102730155
106.30915089897725 108.7352742280974
229.08755276205983 245.5555380494096
50.275205971107354 214.15155985456738
218.2028413062965 170.44406241888808
27.729761081850906 172.6306975986489
175.51307567272912 222.19560875854486
12.251542375147084 93.34737799673346
49.07186088616622 44.12811808683001
248.36868578548268 44.760433586470306
58.196648949377234 76.32720086046602
28.1337683242516 231.82245899592013
58.1418170277338 187.46541191735076
97.0188153721027 195.8219983205298
209.48079346113673 4.692109159798063
110.39585861792357 209.14947038345582
215.9288439537533 214.99322153108952
9.267213633155302 42.81906191216836
94.6897457363409 60.92883461377213
122.18256922817264 162.23786051997357
162.74011026439672 133.2664530048882
22.19165173550061 60.60509881308343
8.506821296037026 125.76452180629491
75.27665956524682 86.53146343214463
224.4587137653328 168.61468302617672
125.68371971383083 108.1437186719023
17.961524764625704 44.288361338719746
27.177671650253533 234.53773799606859
224.190191719481 181.3285220874145
157.9951645786592 201.08877065546633
114.2438457618489 90.70876016161087
224.36464290997395 10.28411495429582
63.63182215632293 56.113343686653025
139.17151741509318 46.16098103259639
24.451842547963924 112.56504645728995
215.03670461631162 229.40666535700925
199.32457222869013 17.874475553166764
228.80628674954914 175.84968171471573
144.39728427063383 242.9489699051626
54.30220342482611 85.55597097086431
15.817962637764666 134.06301669681667
104.09382428211647 65.60040837025707
113.30236683238182 172.03182292798806
31.56661517845111 5.357231355181264
62.88495745969849 236.93849403446987
227.58843956961735 173.08767800590147
37.87358750151232 197.22856073273675
180.4664627783175 209.03776813624444
93.2621764048756 205.0480828051733
244.95172443241847 18.497822601105966
234.63481847280278 223.60657789907322
102.02166220768808 129.59676887424317
204.78392040286954 173.49713220216884
61.345250188820586 123.23595259614076
109.69508451296257 121.60502709141564
161.35954916413513 242.36380022051426
0.49770058215145574 16.19730363277358
230.6045012781314 230.51171581502726
142.77067386167658 165.75658089305523
163.27216296685938 79.19795077114902
173.69406253600596 203.00926103681167
136.28860345812674 215.60034726110106
215.95835157781042 6.085338879073726
133.06014593367013 76.4454983286246
64.95447731968478 222.66451594049343
92.36636122397479 58.75049471863358
7.742857024203103 170.74258728769703
248.55544830306462 187.31785626815292
215.51323748580566 124.3243073864207
161.05131320136098 18.740431163419974
83.79541266811461 0.14686363301383287
82.66143550096817 60.206094517799706
85.66938640100766 186.36458685031295
220.77060047117794 96.47547021454363
97.34604107639002 180.54587560042154
0.700417556928179 103.50294144061364
39.680323042953766 57.7404679261039
153.62196519071463 2.2299907074381506
106.43844319115986 211.20283592954556
1.7014332585634229 176.8789331771949
240.60362465234812 219.68414054842532
92.32485308129068 44.56934072320121
12.161051064721761 245.23231273992536
119.9201400229408 207.08149534846163
136.37257053208478 15.149646843822362
193.29639744430952 155.3953395044033
127.51956287102576 155.0690559832038
140.67733956069958 106.73064658949063
155.5924046204216 68.23506392864009
121.30334707862414 86.61891406211991
84.75205694914442 238.05544377197947
106.8279709637705 183.2837028239406
99.96320127799544 238.76067279013654
97.1103661411159 126.86676831366212
95.95291107752418 175.9600094378013
104.5809707857189 214.59087500487163
109.96761538094759 10.791572944055112
237.8208098570846 176.64263866522492
37.66096025499694 90.89061290435937
97.4332696638652 242.77359380087555
68.11446003643896 218.64149297817744
137.05355737468196 131.52609067188007
85.4878257114042 42.44646633968288
2.7254772865481502 82.68087022827339
200.95233353016738 180.9201882580729
11.792871482576073 133.96354114010174
76.6869540860174 231.86550188248773
238.43328020198297 121.87603887772241
36.486829252531884 180.05145743986736
55.844156070561866 31.04598138366313
242.93180074040177 33.380324246441134
46.46414662302503 50.44330053339488
142.19017816794295 167.00336589953875
88.75652897895938 91.79167898529089
65.84024398554894 90.53280508529093
9.579945057323263 97.08859546832608
29.577700908547612 1.9147746299947033
157.36069622922554 111.49063576228264
142.04437702626683 162.92732672187347
124.08726273925888 105.25742854928546
247.95553319303528 115.91109158501969
192.31982741411406 103.53355710750239
194.2943740374539 155.20120686236012
77.36369937703883 98.90398701634831
35.021184875692086 5.496352517444237
174.53991120767654 149.5263600803553
128.49791774123062 159.19376919085954
82.63590954680467 206.91149222200062
172.2125860781232 214.30641029033168
122.74266852235368 205.50954266973312
2.8335037808986385 76.95712372473143
224.51813503229076 36.04057681243311
162.11191070877118 144.76557983933796
245.52272494062248 180.62340610157722
175.3756745189615 59.57390340196142
238.1589063446121 156.4148841816523
177.94327802957207 113.22362263213323
144.3074920624303 77.07288074910961
221.23066232074987 203.97154111332728
231.59548979941135 20.20737490641905
90.52414854140156 139.39740440003916
11.415289064072187 166.36179209451737
174.07583151090276 218.40400949556616
128.7288936022107 177.97585586342925
101.17733321459399 114.19941110288356
172.13689272842896 118.01701866998226
61.31688278737743 23.496734000647084
231.15072971754174 207.84873226932748
44.23544498514337 3.075093152286268
99.42550060479496 19.628029536790187
183.12355179703303 185.93941698329385
193.14717272721893 20.121872322975964
214.1874687876085 142.87907949317196
115.32114329136259 73.38661686485517
57.654584711972376 141.42697529700186
37.14112173817388 137.50313233580582
82.84036177653539 191.4031120851645
96.65041625829545 239.34591414132416
67.70486033705012 31.204558344382267
74.16143563010694 124.30960597477736
41.88591921746368 72.02273288185066
124.20443122090174 226.9387797915678
174.6563429597838 215.95396443151827
153.36331320921008 174.01484831543954
78.24036286564923 221.36241911050536
139.5483054545511 42.51257996779029
17.512702686203834 3.535794666146286
84.58227140396626 129.90769687114724
12.046396404974791 160.7960284318275
151.02179238164274 107.27162095261517
248.4668800561299 18.404124888850127

244.0349111586591 129.55615066323938
210.99338181723652 55.083209315035575
215.88085188450904 62.96268924438617
32.730737249120345 181.5056879064959
42.24933088640273 78.30733981121996
29.22825588722336 47.4257979738022
225.58167338488656 51.815413902354805
2.8519389688985153 186.05777785696893
224.7544216796882 119.69396934151952
135.1115469426904 83.70500855636045
111.79833701850805 24.181644439055074
177.81790186313944 145.29406124476316
80.89738695359303 86.14450919863661
33.401956838137096 184.39226745478976
166.08468254520176 80.63809289900745
234.37878998582866 62.86815650970501
120.59536521915004 199.19727404368098
151.76293992052382 171.23570907558948
222.82114392877318 65.4780844765876
213.02512881680235 203.62677731892705
130.7256795139237 237.76811096505696
189.7360931388859 12.976847773898182
231.2821159415688 50.933851467712756
153.73537770853792 89.41410480491498
75.18965962247465 177.56062753090177
46.46597891633619 215.77503659242893
85.88491617107569 4.822996902979076
213.70846106452743 134.24699026399205
230.25026905897946 204.56798779516703
6.003885046356016 203.02969834959006
113.80503250390208 41.40643533893959
39.07553401672501 12.8198128732315
198.33054549934045 126.9997311176135
91.36329592085501 81.30491952450761
233.71584389521826 107.02441066874866
144.68356947565752 226.89055706767252
153.51940306397623 19.25985538878361
170.4466579580812 20.757379779418606
113.77956320580209 55.56273692769717
176.05104735862528 239.21829814381059
158.67193167619772 133.83172096361005
45.284481370760105 52.47317584200262
172.7547210945414 3.4238320437255387
118.68192106308028 26.035346064151504
149.70320977253397 126.42791454143621
15.387457038863877 242.38715882935927
97.76968601457581 9.839292694160894
110.44131934867177 58.19441335834924
99.4083901309705 233.15903773659488
152.66139662870967 66.8097449739026
87.67407910407218 170.54401451297642
113.14760252537948 3.7641443311355047
228.52128781924873 128.63376816018823
46.32638715951304 10.551447426471656
239.70656629392056 224.1220165242065
206.19608824435036 71.4350359741093
88.79355087134988 152.33382860678967
104.67204381181608 209.4042836361781
160.3312728869333 82.59049255684187
3.3872774355802604 6.728404552278688
174.9460515387982 156.85079266840478
77.81582073910398 80.69894096276461
145.20551124251216 217.49701758316976
1.1350394115276774 234.85316547743315
72.50361991889628 126.2742299565022
176.63010759687313 10.876162510128406
218.95697138654882 79.48856538581117
27.143550953198233 172.472294138339
140.12819687055298 134.76053129253435
39.7887203617735 10.139578880827449
182.8894394022109 197.52716583615674
98.37281828174496 68.27843120625745
167.14461777454432 77.73590957356214
178.34846058217443 232.1130000147982
0.7368153020717583 162.45542166427086
112.97326841555372 42.2747722197101
30.87437331986978 226.53423122209267
224.86142063084924 229.2846229903244
26.042304250346564 218.31681473309817
72.29231901122138 179.2512328782166
19.533746894617178 167.13136192703098
94.32046836276092 88.25054311967325
129.32176806305318 49.12770421932072
105.05834297632829 60.13541537851663
205.4218616274729 40.349899927307334
230.10455387326905 1.6025283562007553
202.89780434616554 63.6019042557443
142.7532263274459 204.37210816597204
116.95481278602921 14.320443117229937
224.85877333839701 186.3432813578207
236.2869359585291 215.5297084346795
31.77572967215231 206.54451166378252
64.78996412933068 221.8220854399639
31.54118508120174 99.60427651362366
110.47305820591701 117.67330717693325
59.314248724781194 50.663128703495545
104.47688249253092 35.04060786900984
20.17431893539598 117.91949188699274
28.32806369276064 127.17040114454997
239.76970952350916 71.69367030370638
139.63872016720703 155.06622896738344
131.34723407779916 126.57177255538608
158.5522424450285 187.09512182480586
109.30262065157922 202.8728478440417
3.094634703569299 156.32506014394048
58.24915411604259 166.72632992958833
39.42728075977753 229.34999562911224
160.7435616835189 191.68528291255006
159.34639568447105 177.197557655688
237.78574291202273 109.65188942789509
81.21992722960705 1.351764569994418
217.1897971174383 107.23704134813075
171.53678863128516 16.88726154368497
50.7312125802982 247.7306435187667
133.39582673416058 54.44786386345243
21.96648948939789 177.28904735074107
8.39629934988767 7.616532956918998
54.99472139565514 227.925066909897
132.01609537584747 233.7763162828718
37.62633980227783 84.08930504432128
36.95150733807781 78.20263875673159
62.495459728037304 51.034011430128146
91.58670179749933 157.31984960983567
154.7410934219401 87.63551885758348
136.68816520016736 78.89746837404174
89.32562373781289 62.78135649111477
138.89702748571182 169.9366545756269
46.73022462655469 149.0972161856313
125.69653599780756 78.10282927421339
150.07681453767677 68.68256873155529
245.18715362227303 144.38148912840975
70.17262999845475 246.9359882107928
40.559426702625714 144.00806810326588
100.67494204974803 34.59652286579154
173.78007928788742 221.86082444995614
104.89940640936938 91.83563649214771
67.33963949022575 40.50321790233918
77.97284350493788 197.26391622345278
76.19630737022808 31.243555033514752
194.88884883563668 68.42006970840009
73.62659159505682 17.63405426022019
9.417553403928109 182.07632225048116
77.85886184908341 227.43830910764638
145.784268253912 172.89582675370204
53.553403282738444 35.14110861686321
88.59741415215535 207.79684812205124
120.58762247461294 228.83151430781308
238.98122165025126 69.63444313307185
167.6511206981802 167.90930599920367
203.41202412227045 177.1046625641648
95.97780290315686 93.2343477050508
24.249527035226677 210.42462792879047
52.240210549166584 152.09942633298715
82.73329478516375 51.164754398684174
20.430809236294035 228.49903493274235
149.42998027595294 106.57815565208794
142.8388731213191 171.93807606219391
14.124439937891504 240.31455989738615
204.36015376848252 162.84226732131583
49.44096865438666 226.7490341753494
62.73960894056393 77.69148782518207
109.18162187453531 44.0944345782189
3.689627323204409 242.11602476788602
112.7287518984318 67.68705493731083
196.22282880299537 208.97860117519113
220.77936012777926 111.82177590769714
67.01516302245322 128.6959195770522
42.59297792830896 177.83579043822527
174.13875087587365 34.82210254370047
32.91405886681778 115.20726367147708
151.4906053767478 231.0316671391646
245.67120167576266 25.3310257551137
112.81525659325506 85.99208239124981
117.09649225079227 106.6969751203799
81.26658073791509 134.8593496603424
178.16456378212294 239.23735115012832
38.14541712856648 31.294274605977584
232.35413786365615 168.4890273112443
117.6539332509553 50.24190588509536
3.1759985813967773 174.89652767088012
238.83329242501097 153.33280173130072
238.20730548190025 42.76442024020688
203.8007680866644 241.2127404489364
5.25883547754738 188.34816102688114
101.61794741802923 31.83440478392219
47.51408429371406 14.339362197344357
153.88600984745634 52.07434764813485
48.62913961919549 115.7117998103893
116.77683549136091 175.4528380252487
136.17039774546112 239.23765503472174
203.10704865208186 34.48205139775901
245.89010998818173 236.57082827188455
199.95903487985444 227.3614730669197
200.24983353335776 37.424491535656024
235.96695345670938 22.939031593140868
247.83120440422056 69.81326292993423
217.2125317942928 120.62941367887042
138.66837305529535 128.32568810702466
50.064303557756816 237.985803679293
212.8083541988698 203.94506003833166
173.9893008179829 158.13066581209526
108.31429524562847 20.139039356106004
24.534538883961428 90.51169567540352
194.48071852586756 171.16663738236508
74.23515197651456 186.0568408727162
210.987426223452 198.0503076654912
76.02377491235093 169.4864815556756
102.60844752650885 183.98278658828008
137.99755542660287 112.71198687299963
107.8057232469079 94.25446070960872
210.32895447839618 117.17644224837187
170.80662333968826 88.01668548458716
19.98180417716744 188.09010352649028
175.11403053974485 195.57059483849474
48.700531822748246 93.48480784044236
225.05339759291067 102.9699122543655
245.19528942428875 127.03626653103231
186.4147825035437 2.60458244916531
173.12249715521736 119.63543836646396
61.45407402146883 96.94633065601322
171.45860609331527 24.80639004767471
86.61890920498358 196.95571101455477
64.05337266334688 197.92120587027807
246.17934965735742 22.24794096221222
249.08366216854597 224.45055690224007
222.84442318307242 228.7276680624707
59.56304191737261 176.37268525705144
3.277304458304098 2.644085590121026
169.25003855596603 161.24175887125386
160.09593486314128 24.885970064405903
102.86449158114186 154.59856168296471
216.11026613213653 98.61072552478686
24.318310843767843 225.16094176618742
150.23382111341502 59.83550914766395
135.75451882660477 20.44338900165976
226.73724260037235 206.08687266892792
97.56123314612853 62.64847607341406
60.214405452763934 6.565596338120983
28.79554315690902 212.6953109459379
177.42917607064334 183.11839147471676
79.19578616256098 83.20308031638542
220.62419964683215 96.97869981322916
100.65154757936592 186.66740353228144
205.95681341366 154.74431080112834
7.853698742465998 94.13882043974428
208.39481364518218 232.99226396064296
177.59285171641685 28.35148173174534
127.68977569667534 114.06100008961295
106.75774951480382 232.73405128084732
210.02923744190116 56.73354253379953
87.19057932658536 124.62262087687245
75.73554232262019 225.43414234847995
215.35659556929068 233.91899155124787
113.88718734538008 170.9911378974499
152.53472934310713 29.50426355757657
147.66515307170184 73.36391769483683
103.78353787972442 232.2790793427467
118.89895373017289 120.23812909386575
25.480555785478504 34.63482417664593
205.69925382040336 180.5554020948135
217.7809769823385 120.4107677948955
143.99440246339555 197.61430823085934
128.36159271777123 136.60424748526177
93.64415817602101 232.66341585805932
51.73157933523154 38.71690527255142
217.66926798813412 53.96443856949393
188.3757992569802 121.85396876378293
185.16704386053107 161.14197914415652
29.255844544712637 194.25553242059357
5.227195915108146 12.386470406103717
242.7174390177959 26.804987705508182
216.04945747507173 186.6912396454729
72.69089024859241 18.247792993155766
230.67528234509072 30.47416235033082
121.3698595971367 99.43237632935273
93.24463843610803 89.26615545062089
163.04149325923905 214.60564252512614
243.53316291942338 15.713409762052294
175.6873247381179 144.74363541363246
89.12925467105184 229.03015420783
101.15028159806144 202.3299830290251
45.270123912298345 91.40470148397591
87.06075570293461 58.976570996939145
26.29943346641428 62.00060918556122
208.74718270400055 16.70293622934585
218.13390914743155 100.12084217014278
92.48612566538841 57.46665407443588
154.67548773099074 76.15519089367567
161.99521319082467 243.51783840364
54.2415668866747 60.535856986144665
180.79979295948453 243.14977453899817
4.782271057910292 109.11539205289259
246.2454532549349 143.8353195970846
218.62554412656925 115.94657323473336
76.41788580392175 207.5491568440721
44.32090220991522 107.88676009247025
120.32617528470819 200.60852162934034
238.89801797069737 44.305796944482196
107.55253448972988 89.53079773748418
218.14069970207467 25.82028273288589
85.58151031046567 143.07988920900738
180.2649645229829 111.88179271348712
196.26688729684992 17.9052736684539
176.38402727863297 98.8851952609602
144.1623042825569 37.561010418710126
13.321052384061227 208.67563058766402
117.29159297181815 49.09426173254614
60.800943398955894 124.93870564578027
58.92029108722816 152.8687926940819
87.65944854334526 113.612085922282
177.9069592630464 110.27311777362226
150.59898636428312 213.99490507495358
157.338738156394 140.46837229209459
80.12063531088751 148.55348919377622
157.00309836987032 120.92584047604879
81.95788718650707 98.34187661864019
170.8596430369145 58.05110919704332
24.463012944378775 152.63502546254034
165.7307171325141 219.93409314425165
30.536963742404694 217.51536437728666
231.20946553161727 207.9096102578711
214.96412690662174 90.81047787400907
0.5783082081781965 207.04433436143674
221.48947867343293 127.21019660881372
49.07851335846661 240.19672532167587
7.1325001277258435 29.507911055508263
125.84646641801162 187.62721838735123
230.72623687590092 8.028357107943279
229.73656978293485 172.33531466514074
181.8414393685404 128.16675254555525
131.8407267334513 225.22456214894459
44.53378166993979 76.11291877455551
92.15750391353833 127.44196117085588
19.33945126170025 22.056319212439224
206.309521851528 140.9552462926675
141.88576582418122 28.976114592642404
18.538911643499052 220.32118230995687
114.53910114917534 79.14232283335839
17.169674894398025 139.12579194287213
21.712344943470686 177.7151862841936
154.26218060134306 62.66960982690242
127.46553445889123 214.5265491704523
106.49654950387128 113.15186848034165
222.62454642002032 244.36273389163924
45.151609449130795 209.56561856112134
224.31085344048273 166.26769848612267
35.256268094728064 170.97503455149283
169.22231130492113 220.20066885577074
10.093163729162303 90.38390243589365
43.31629697569428 40.9261686230496
249.02918957055388 42.63414820618086
60.81907740631512 69.24589060218669
33.50594386715797 237.85979836079582
52.07149225428087 187.12457133080372
99.85825786555077 196.10754027976378
204.2373609235449 0.33228394637829783
112.88295293998554 208.6828926252376
212.50240178893418 207.85176685429678
10.121290323998998 36.18252382860568
94.11020519629035 67.34952094008959
126.74291568932702 156.89176505790135
169.70679166206463 136.22884976365626
25.841335065039882 57.81560710158415
7.989798841403245 125.35442465393729
81.33829038323361 83.27876125482697
227.02349383890586 169.5103457638274
121.29996457757188 114.90575497745358
10.289469321672573 42.05643252204205
23.585186699063872 229.58420548896356
220.05518174399046 178.06558891985878
155.1790201407335 205.43833865106814
114.09485594997523 92.6990446829769
222.7090765285314 16.818237705132937
66.47589071424228 52.916943854211304
139.21411867344165 47.955542966097525
28.68013198100344 111.38903708975059
220.03902578959767 226.56110403703303
204.12073719348368 21.072543112384682
230.38771789654157 173.16927557441247
145.7358575947197 249.7285923081168
48.48980086830287 81.29638546262765
9.838344329646699 133.22467258693496
109.61164679854238 65.4986185612129
110.2112571499475 172.23538696462802
27.52787100411022 7.950089320707815
70.7856687295072 234.85185715166077
225.9109025898023 177.98361970741857
44.52531552751085 198.1563454302809
174.01201029907364 206.98199137775953
90.40125561185411 209.44202118796954
244.881458389181 17.14624187021943
240.00156198002824 220.52845425563976
97.37535912760373 122.55630609601786
198.73815684812726 170.38994350940894
58.714108341375194 122.3191083711076
113.6902946035029 123.26593902386318
155.1705199914196 247.80203441872695
7.085282890832461 13.412990685859217
229.0396386117521 233.07183398390728
146.99423735518272 167.25127110280692
169.1116911771161 76.70914294266412
173.56823697197098 207.10651977931582
136.85931672429402 209.9022971423737
212.95512935272126 11.095149314739706
131.81822631124322 80.11026689058306
66.90072690899815 222.04495895206344
94.35829825351641 64.66975877797928
0.19490402410879404 167.2159353000367
242.78573218243787 192.79608451010756
219.099762518801 125.9459226819738
165.78273701117556 25.022256077441103
85.78672133889143 5.962406656211061
85.07720463512575 53.73126743403775
83.87659425131291 191.75395616583793
220.3544174816098 91.71097447726814
99.9734344911108 185.71901703299838
5.042324809255982 98.94477365763568
44.32824941614189 61.391677248982646
153.03770686911705 1.9976141669179603
102.92879556242451 206.49485798989028
0.007852624787141327 172.06477759258686
239.93685074323804 224.32697742040006
96.19942275476006 46.369765552208676
11.022246646136852 238.32983783984042
125.68326770878294 201.03332249733984
132.84249160158188 10.722776093938347
199.78663768319166 151.02432471391472
128.61899336940013 154.46114311981228
139.62322900399218 101.57199149378243
158.38298441192399 76.17126597248836
129.0138196897719 85.28634958471295
82.13123007069517 245.6276752013621
102.84611067800489 178.43451528705808
92.12225044818115 239.7792525074555
100.94970021669376 122.40060021116841
88.95582063357566 177.52786782216688
107.80528345484893 220.61612216639404
109.05577232041719 13.481887276518862
235.47507668525384 173.97238808160571
45.57604089227071 91.79937249834266
95.63662932021774 235.49605064233236
66.60294262389843 216.49957943845817
139.75347960791453 139.1786495888254
88.37867652286974 47.16029591142648
3.910499969294462 79.59674747395582
204.4368453121054 183.0544874294661
8.78884852099887 129.03774412804066
84.37746890751987 234.30452709401357
237.70084365629526 123.1075932650009
37.377644513851585 173.79485121679005
56.28530914533919 39.13328397455615
236.3726264190257 31.09134766495794
45.395972576483615 50.592905920642444
140.22343718519875 170.40051909808656
91.76373068597033 94.11290103143297
69.61739684800162 95.94809599655551
13.32267828727915 97.23788776554746
25.305874996424976 3.755624400036406
158.43947167913345 117.63767289662306
137.97749214075347 161.25964462852912
127.62189617695577 107.4394767524518
248.29837881850298 123.74416797779602
186.0848403289192 107.10465627596713
198.22059815998648 151.11402905503022
76.26394064140592 91.29569617480345
36.16601639581776 6.6954621547051785
175.6753148171624 144.60722375911936
129.6821545367206 150.87532128557137
80.93108841739921 215.1512007481053
166.91364272580566 215.74079955982452
115.01445491255785 206.35994910539975
10.305018840302743 75.70124482312754
230.98433053218412 37.550813348335296
169.26837514032945 142.15476585319828
238.43364268058264 184.80364751388962
181.2983946639409 57.39688534297746
241.7709872455438 156.06861832747865
178.21456815843797 111.73602966586749
146.330806936865 82.32205495604336
215.23272938714354 209.47235882427773
229.63879256566773 25.86675871452418
85.75617808961186 142.87809916070464
3.5475533583818053 169.00201913508604
174.08142579731134 225.4226403201091
132.4518561407386 178.49746948667857
94.8163717867197 109.62194726571539
176.2386784928774 121.97853348260415
65.2266061965483 26.17490987310403
229.6965148038066 204.98316429864823
50.378431093677875 1.2047603137430307
93.41126164048517 18.703572170451764
175.0184027638456 185.8992241416084
195.02225564543264 14.590096777870793
216.81555707640376 149.2603449043505
112.6550505405067 66.07789872022602
59.625632555031615 145.6823948742359
34.53488616265804 145.42352738753118
86.8149695292112 197.027076827875
94.27072294548375 243.8223938851581
68.43526637703773 38.73161499417738
67.59304805274819 124.3764392158114
45.12496614880979 73.63183771719231
120.03052141460057 231.73895489234891
181.5814987809037 214.7980205126119
158.55253324091547 172.39466693004732
77.82824077376843 224.8289602480111
143.62384604829967 38.48790519254988
17.23663825792268 7.7335229139929575
86.35389776084307 134.377677217362
8.601645270330527 166.65952875843362
158.96140045776352 106.6199850701903
249.67992237928624 26.176213481254596

8.6 17.2 36.0 72.1
17.2 34.4 72.1 144.1
25.8 51.6 108.1 216.2
34.4 68.8 144.1 288.2
51.6 103.2 216.2 432.4
68.8 137.6 288.2 576.5
77.4 154.9 324.3 648.5
86.0 172.1 360.3 720.6
103.2 206.5 432.4 864.7
114.7 229.4 480.4 960.8
129.0 258.1 540.4 1080.9
143.4 286.8 600.5 1201.0

2 5 8 11
5 8 11 14
7 10 13 16
10 13 16 19
14 17 20 23
18 21 24 27
19 22 25 28
20 23 26 29
25 19 31 34
27 30 33 36
30 33 36 39
32 35 38 41

