512 3.0 0.0 1000.0 3 3 160 240 100

82.69086833010508 204.8930917206302
8.102694971208912 190.8474275080312
76.35142455234694 37.72942598917584
20.081091604421648 69.5999630538347
224.32322031152495 9.679149604457454
139.86176046691784 224.19574874574215
74.49191382651388 245.115509515331
71.19151911728005 142.06929962736493
66.01424142658938 56.29033232338984
98.56640944754224 138.50789300639326
211.9105823757526 56.768456855971564
136.04606601079158 55.89655243548328
180.88845433089963 141.02076026329803
83.27419542434683 106.57407671017808
59.595041595723735 226.63250239232016
141.1750699197873 182.39458487175602
10.18790594643601 67.09345157278834
201.98784680267428 224.9765811546742
141.02288313782506 143.45036523483355
51.24561618944351 151.2110157928206
206.70225022635327 230.00743720491693
114.50340369977269 165.06938884930187
4.807779536077944 138.5825469832901
52.499554626861595 24.919098940145073
34.829659258796134 238.72901697097208
162.17233091802544 169.3113901219346
232.0976652009488 11.56884385856613
213.77960063960322 13.983156122519297
13.329935622980349 198.21405751865274
105.39993881761458 174.15939120686704
4.3386805770943 173.26413207590332
161.2639861176757 22.391287880594774
68.67338238717599 4.25790584912375
101.27956246690107 10.886442954683384
131.85405732680272 189.30917361871676
135.99951649623512 159.77930286647015
184.6518617859811 182.33633356772958
26.79852489995693 94.31738589485079
12.646255908298293 19.000416838503455
41.13510722178659 189.01286820335176
243.4882161059296 52.36897707430835
20.719640330397223 150.74390817265876
25.732803775008918 69.82858306809369
249.35261591702184 20.262828466165118
64.07357891327834 32.59501047912933
97.02341568484024 25.328669064755672
220.1981307204957 77.04729797559739
200.83951165742144 209.2904127257469
114.61896435684451 152.2649371362462
43.373064192593844 3.4917770967878847
44.97146875534805 33.331255573604416
127.23040996268314 223.07829737482186
11.08383407350938 139.71159113371644
51.17162104118822 185.82700100303998
167.4854876350789 93.5749454637771
139.91124423514165 15.871876800826968
84.79112881835144 95.48667717331594
65.6860530608181 169.877285739446
26.189203481770868 92.12017989978213
189.36917379723877 104.63136161706271
137.54088180864335 174.12279778567512
72.97446518710623 4.899594944563463
192.6301778838618 241.5711279321915
86.23940859866013 92.04457849788517
67.53289324482253 22.844095789152057
2.3000815260551533 13.230425593866556
99.8191716914903 108.5158172894608
2.0356034335733133 3.0841731248946735
21.69818514592525 232.30154072429423
79.61974999002 35.59256295633134
93.51543980411608 2.8950439604885636
150.72216981902199 155.2726519828436
224.99342809827212 14.703673154577213
146.94787786684935 216.1683705684898
91.37637398661592 193.0976505153001
5.0410032345130915 178.30523947622467
139.1083172227938 238.5683171601729
39.63410022020056 41.7114184116108
204.81912354164888 129.00935292479318
142.94889133517142 162.85690967413154
216.68761972932293 138.04899078122187
4.365592493638576 145.79653605402052
229.51935263455601 214.0641191747463
249.51742670249598 98.7815640890316
218.97888895139843 85.02481094070217
224.35218176507192 190.21175623654034
144.83115181825238 112.80282356850635
47.67718266531051 220.86618399066612
55.251677573831174 42.98724440458851
61.66059720000636 149.48765528729976
46.341190984320576 110.80130540254851
2.894596922017989 110.6152055375848
103.4181067741263 30.138646168668487
177.77216710355972 194.48924628489925
242.0699146786871 72.15610257178729
147.82136332323648 106.92809462260105
154.97201309572392 15.297623942315097
128.1073459694931 38.766102209071256
127.38989052594027 35.824617748369036
163.52055954457188 28.097233701736084
102.6122076961648 103.3029825443406
203.71824604763938 241.8391854073594
213.5580589749618 50.597837511218685
236.20623718315133 34.36423357408647
215.0513979034204 37.5822607994232
224.61581368959088 87.938904455792
131.77050421721916 205.2881757767763
39.82889827126734 14.419866469779969
119.80711348606515 64.72479031697031
166.65171750704437 25.20307485490597
137.20306686241753 94.52705036257244
212.83421347377163 176.23826593645646
58.792827303063206 44.77914369994409
83.79909255196353 77.82583167201513
204.0311692731777 204.71238989351133
93.89293914532706 43.14427487336178
58.18176019226165 71.63131237859236
39.07229530024053 234.83882620663152
37.66232508322123 157.4018536441063
204.02339387521818 59.84323163563346
121.37586076764283 56.69578302964584
148.27728767900314 204.21657928687836
166.09115455504394 143.9907257221006
224.68641511666667 97.22428779104919
50.3560563645471 43.664253933573875
40.525798061242234 245.63112615046307
216.2540448487134 248.93927376128917
115.00535740105659 108.56641488315843
11.811518960965994 92.95583290677934
162.78200511026031 192.6945319901418
160.1786803816796 223.74094475350833
146.1764115400436 129.26883714907208
28.676073318662592 126.25558968356701
1.637463557741775 212.0558662815205
171.8621342889158 202.94479233927484
120.85050089118904 178.00960612173176
6.604457947443354 56.519095768049006
210.60478326898323 121.77327902127588
167.3046966882799 57.97898185099829
16.70274589223608 109.74590197087596
172.54112745474777 88.65015078687918
72.19223494690335 224.3145457106935
14.11378829041171 153.74865643845075
191.79795347489156 41.709222815057764
144.73401283201284 229.06671838316265
238.30401580478556 109.40431813232091
162.84364926006046 176.97388625655475
160.36855462052233 176.99918902552386
178.18338522221185 249.00861977591993
15.87412355833595 98.35425590101704
71.58337103687462 64.79098456369344
205.83555402278603 212.4238952606092
31.192836633995636 119.52944948670552
16.35228059467675 224.87238186528913
110.41143161213468 213.85058712763873
204.98006436998804 213.1757415515657
75.51742048476892 29.74136095774538
213.62958928800228 95.05705939629667
232.11338272352157 112.58758758047912
153.73893317218597 9.971024446633558
44.7672144306219 87.3852834383338
236.32282009775756 173.53253717217788
143.13165992243694 85.25739172291583
202.5419294211366 105.49093633226025
66.04226581434025 156.310102852819
205.05839807106346 24.475105697576105
24.844156512280446 105.95929869366866
106.53833574665802 104.25718630115894
23.398362841333814 98.20683511943004
218.91988656114617 127.44764424283322
160.37268404605686 117.38663570698704
10.291442279222823 222.97256050773038
172.19311718961245 78.51412833298859
33.64336638699264 82.4067029188351
14.414578046357013 127.2866062426507
28.42056638414206 144.56042042731016
171.2487749398626 54.884507239460895
50.441789255387945 127.40445898355568
61.44847157317665 212.63957461011242
150.32316509019176 130.6050769394646
247.77548733575335 165.68072664113924
57.546122251778606 55.00985856290616
166.04698282302607 218.82647853963155
177.50627801420328 171.89046164632967
63.13420264895961 139.31543660075403
41.19994915495992 139.41328768684212
6.582576053446642 106.95176476270731
172.12335594257993 129.74458414489717
217.07403044521305 231.26181622497643
238.36786541230614 195.51622176734963
54.52200139749797 118.01567621510311
96.71044109696234 126.66198907661908
224.77542304135963 32.47567472387089
54.49573118596146 122.57465974639634
206.44590935321406 181.33661682977956
235.93522723120165 206.0666066180526
12.708111680697687 209.8575150935101
202.08752795440435 31.426730626905762
107.1771117372714 54.30439266710807
95.30952954788144 32.33475283326906
172.78780454803325 90.33960236318481
151.79796358481158 3.348904327746177
17.15215128558942 57.13273258772372
36.82967944542881 20.864860143943897
188.02826476407392 174.99494156263947
190.6867335678773 140.2110757217769
154.1571505007748 122.80951949325741
38.92574608185215 50.364715060887384
57.26303685702541 155.93652255427224
170.15432355773206 206.30086102503697
45.20957149034782 54.221596534137355
120.79374866545633 48.427096078438595
181.27040786699672 51.39495204070063
112.3079458395772 135.73979902835288
220.7869896434148 70.73358435546642
69.46660921701994 105.5293661670813
150.4375525968766 200.9546196849777
116.52985323431051 136.8355956409047
227.60712314294028 56.586087461799664
147.37594664205145 98.15335832416291
169.94667969694936 107.04439859587231
205.3013924004352 184.7583776792517
104.50929635821876 239.39878420311948
34.94364001550804 242.88785159707564
82.27121462449813 16.578930766974143
66.1183516691873 125.70946263549939
30.114978971376548 67.84606401094435
91.88291853301003 246.5801128594496
249.68885399110718 21.598416919446056
183.44258669478566 8.699113108635304
244.28969154611394 225.90374332260023
41.32909012485636 211.5572346391487
68.09684657119108 169.61101244310342
209.8395173378971 218.4825122491234
188.82465211177814 113.3446417551098
205.35877639094883 107.15132593051693
40.772766015981425 0.10089530681775538
99.37814249293659 66.20564763656978
134.79376272671337 159.99469799120283
79.90761036436572 216.7816675523075
32.096215087638434 163.1274730525972
7.918908592492752 227.9357668168715
160.986749795971 221.67217914284993
189.2754272243878 39.39679171705754
129.38207412665997 249.60257244157543
108.05069444498186 87.53931006293413
224.60436823172884 25.021979575942517
37.858776388188545 126.50190590030425
174.13405056495836 93.45330491414796
237.25665814838126 202.40519050832984
115.32643786013475 226.03689203425157
53.490701348041156 176.5570573055404
22.970683736960346 60.33297907763804
224.29040376541425 81.25308253350153
204.10139136799603 208.6089885790136
137.2778659471239 82.86021280210976
99.5438758261432 249.80038990846776
119.96940147591073 143.26491290494695
99.82746505930767 108.85448419791796
194.03192629452903 90.96327534302823
239.97520499824645 97.9582448783079
218.57462414447244 138.22311667285427
129.38852343811524 12.503564764618835
121.10895524358651 246.30411068519186
186.19912315671021 216.2400205415726
74.64148052856869 60.85671240816243
32.08535009236094 93.83228092684992
6.655463047338356 0.6594019685976227
66.72077239792182 148.00213460832646
83.22827582753189 136.79667787837167
62.42881162495556 137.99490346101874
112.05170305465926 135.2725913885625
65.85064875228424 201.64733950390197
11.15619112849195 226.3869331645584
69.97855837951688 47.381165080347536
186.1555296933876 96.05632815234266
34.13217518016987 209.9018705287586
34.414844861408476 30.25654984593487
63.28884778480176 63.90446236642658
80.43862275824601 192.34944853036305
83.76112746313336 214.9036617946433
183.19926050609402 153.5571317524223
95.50723938113914 58.12332494171962
14.7746722923435 70.1462112854335
205.48436809222247 13.811633006223595
173.22587249614557 5.04300883377859
20.20714215436409 108.69961125790287
171.2307377034722 74.73912932587356
171.20137274733955 34.46369042196123
145.55441106264553 50.65114130812165
94.9142541165553 135.33663172172103
179.93707764861978 107.35321181253971
223.18407173807896 76.0019559602535
223.69147534365806 204.0346638303768
82.381669331226 63.85040266275238
75.19640637546345 181.24214488599378
188.47967705995285 206.0883623619419
200.58479024587265 145.51030705393276
57.151607627738244 162.6807593277448
48.850128087888606 191.59655242173847
97.27312386701969 49.28573662216223
174.44193696848322 233.346960402009
79.15391883288208 111.09266340710502
118.94990898814156 187.35709814316607
143.57032682834324 210.53895982271388
140.08183616649794 178.2726497728677
16.521773110086098 133.80420227269832
74.47701470410334 189.27361682935617
145.24023717975618 155.60234804480442
234.568372344144 91.19509341916526
248.09147884415654 115.3777081020255
90.04793816958873 190.33193639610516
125.4715660663662 127.02675077646758
109.8530187590677 187.49423071118997
176.00613011097366 19.46991165379294
46.71159663629529 14.955396121720948
37.65563127817398 89.93617430650028
216.6665561030887 239.77098241126978
47.121633267795644 186.82439398265308
15.14231268671823 157.83128470129162
169.21509605654808 4.507611916967081
104.32911652456897 64.81052999721476
163.7517403788262 196.81706865756814
219.48365961841682 249.6349037646633
148.31630851154014 38.176308563388965
176.7866277366584 134.91956014977785
137.1968403115093 186.52575047067114
5.222338124527437 122.06816401311077
215.45390928200624 53.061079321509915
90.9780750271505 64.81433173569262
153.74767894107302 106.88056346509822
74.09913363093162 79.41164437682832
186.44059877063165 219.20606062472993
100.55344136945108 73.03113526906543
244.9540325757758 23.63996931375395
48.33403069032533 174.77295502145145
52.01965857865359 53.50816383178955
169.75454126422474 91.28927338307571
170.2779342573638 204.34978520910434
63.68973182304061 85.7376342222107
191.32803512820635 17.654880247905542
137.68543882603984 238.55393191454596
192.76428556282335 187.52617095884588
112.24877428947394 0.7672409762695398
35.05266525151668 99.94785252927235
83.30994718027829 50.260408582194046
80.79196153323029 136.65926652356333
111.73895976748955 45.608829984050445
230.47197591745487 41.25120319278749
177.93873661627092 1.7955515934005573
59.32702872447729 205.8872780660831
108.67360983262206 244.49034709687416
53.988791641058185 210.54912403507095
245.36842867917207 159.0259105367925
177.78353829652787 51.57934058114363
177.05355706297493 5.59809827889382
197.4752279928742 165.3978983893614
143.57936104478836 55.6731342021379
214.27071897520526 129.6804373490533
229.38322507592406 234.34212332750872
159.2099986776876 30.5969685964963
8.333842966357196 56.88568378343431
188.61409022926685 141.86401136061681
185.46964937964 202.50240652644987
48.52667969572067 236.22276274804474
228.28018870170627 108.73624448776603
49.296647127896605 142.46690108183992
54.2355789381492 127.693607871313
29.553932998553968 4.036192905750774
96.16765215273004 35.39908070733275
108.7745871572525 109.82084266594453
233.37325214792327 160.54732604780256
140.1561041555353 237.61046585683022
3.3489082606323883 109.23027006892424
12.815159945936655 125.03063332529892
186.22593777178406 151.2606767888043
109.05248204152163 41.81320075366723
66.59743150357986 94.68525437303529
14.696690218114705 61.66675113067918
201.38246290242384 0.9119984402290171
134.45496312921665 54.094057957827154
54.71265935118436 84.8734929284086
49.76304078378335 4.900009154172963
44.80396296194053 37.120631354082555
98.81774636586569 233.99116689353568
223.84153702776766 231.7830987906193
156.09289223073276 100.95324306975115
121.65877648227244 249.7066057495376
86.38249239809109 194.51543337260145
191.51347656337234 74.27144572763328
86.3400568270793 121.536431347265
4.741317023923386 15.79218616659256
11.670077681342288 13.08975178244401
18.18395600180356 216.31453664126036
53.506624766619574 185.18816471600263
44.771398484497595 54.990861303126856
69.98828063282312 22.570176468234116
132.68402287548076 232.34242445016017
108.66819508980377 16.59281866791992
107.6186840873811 122.54376744692308
49.76043722667162 4.530110923454622
23.46886359735051 146.94658938193587
40.84441946388334 176.65508480746607
205.43533669700355 198.31668701199231
215.63266610796623 186.4036610881425
2.1198553884319846 176.58633861496472
148.46304721799393 204.05480748319656
83.39493769689244 41.07099553904625
46.69587252305882 96.43450506556722
33.95036859549361 122.94113887730363
87.68573895834086 143.21873335259085
204.0748465480698 45.758326923176774
207.11271937321774 30.167332992203868
108.96274048106316 137.90227237290702
45.16809936298058 157.38116800302512
222.87233104976607 72.61829358593153
41.995217891018264 22.578067752032805
85.87978529064533 86.2556975757702
205.53997413568356 145.0803528759387
220.6389753582115 233.7176872866384
203.48248058889772 163.02161401885175
164.8863349181049 186.30919904158583
43.40691045331399 107.13084909883099
154.08350541208134 39.578989448495975
186.93414284556036 199.49308066769265
166.2530244638332 117.08045090789606
184.23254902668216 157.7757570828616
166.46049952079093 119.64080475766623
169.78456842044636 143.5961375898211
194.22050126541828 116.35116320409792
245.85143996918762 156.7168303359625
217.1656643313732 120.85413474354773
90.63904249694258 41.44262834695134
190.31723166291204 5.24747857981564
4.730423856206645 57.61813355933165
87.44414833087369 21.765550001702884
117.97045283467133 249.86719446416907
166.198565123886 156.9977191802133
190.5699842423528 169.0188493156724
157.67339380786612 52.59115349554344
1.627694582211403 37.02099463155925
160.57151911984135 35.37775537768081
93.53082201976642 25.064290315751276
246.1259378759513 152.92971301946343
9.165766190622316 107.44188513083635
93.61220057823897 32.246304486335895
173.614077414011 76.44765159965311
111.76779077508387 169.0458404920168
69.85819758355977 66.8517489419512
144.8255747543754 109.05883120184356
193.71813681908446 223.13274598208505
209.59433202989882 34.76345003611153
69.8474678867525 80.37720014120845
212.13773599110425 124.85817510498772
194.8471870068778 199.4512562274227
95.73271120141727 137.06769272256648
130.01926092916983 168.73375682755798
123.43807954956398 92.80738481513268
38.74534304325547 241.49525623423608
150.4303464164504 152.3988202445038
45.66534116278184 19.401254436211936
102.1536855964895 143.3341815475647
245.76234634824908 16.584114263313772
204.61016100520445 229.2831466360097
221.74195181234333 115.52338538287668
40.27956966189763 127.90399930545027
208.08927607221418 94.23530305832459
28.462171274373198 208.83044649040787
62.104235754300575 156.69853550439532
205.8721897022916 24.992667022132903
168.58395031210952 119.51823253693264
130.496070698289 84.10045477723108
196.9144293503218 220.48873795225563
7.528719419260977 73.65499778407758
247.37822095933143 176.97758477858918
96.37466099439881 125.41271309802102
68.89490142896607 32.47075079091663
70.34941942160816 163.22621418120065
204.111128328211 230.47133520493102
130.6465765945659 22.23633097295008
189.26692563727048 121.04685914045018
55.743084363781534 208.32769849629528
8.606987381299419 32.29823303053902
70.9277379187867 160.62733430663724
38.5418591905988 198.6964958820334
206.6784738091747 223.0228727561691
159.23381810574062 45.48518306377711
191.90922570517395 29.064898833539743
48.594700601739454 120.04434889768542
32.40214434710137 201.1096787406485
159.62696565719762 52.957375550250205
51.05570133613654 200.50367820284418
37.22395883274399 91.28860044565579
24.10832370948296 230.10250214566017
148.83023675319282 97.53231662438674
101.50696936421241 222.45920191373875
190.3597868523594 134.1880531643657
240.22303532085388 157.56405912052185
74.69213157585833 176.83267558752792
162.06285207836916 184.00911377205986
204.53063561339746 134.64506670123288
15.560772102954784 217.46344468433153
182.41235916316757 213.6045069138411
226.5684196597813 9.172122999568295
241.12449588968144 238.90233971485216
133.10649474067588 42.614637015436635
104.56165153877328 40.46512785162898
104.64993247144375 158.0009504877851
214.92844047758226 117.90892465592623
28.04664604452664 126.04669636770038
135.6418022653426 229.7757465126642
30.904740942250957 56.06903521921322

87.71058785462166 207.87496440136917
5.405320672412284 190.75053863947872
80.4757405607405 31.008529169705007
17.428710117929764 62.75256023359274
229.60726318691155 12.0638741418628
140.3570261724977 218.50378348690498
76.08629101344339 247.06519832737774
72.60359583374984 140.21652671839828
63.55094531228703 56.56813811661518
91.07824896637464 139.466190432498
215.8079022698887 52.76897477015327
140.82345160381556 58.52542515163
184.66596696875916 140.24154169608596
75.87785393440532 110.00866426957562
53.93782150305898 227.16064065958142
144.56507495217363 189.39530706057812
9.755431049301794 64.81976168296899
203.63693768781326 231.03160020019857
134.92135606109952 143.13902169365753
52.68557541803495 151.35966184983246
204.31507265238736 235.29582607993632
118.25221329478178 172.42172438160983
1.8611680277215714 145.18022726505387
45.449043890261166 24.68244417294893
29.18902405317894 238.89986710897333
159.40445099745583 169.77441183246182
232.822055857981 12.594234623918732
214.9466823933302 19.504627379956425
9.882197236964096 191.83359942526226
98.29675461831131 174.61505474129865
0.2827305206558606 174.00394041394674
156.70327017899825 25.197312806283513
68.57966330260767 7.017797928227071
96.79623769292705 3.88107312781083
127.20918350548067 186.89503776286358
144.12595513399523 158.66333614483173
177.27199858479582 180.69619080099045
23.942196694068414 91.4146286914583
11.514051380549478 15.253915941544543
36.34789063363616 185.689782164993
239.80999566808478 58.1664199006598
19.76980927006755 154.1917268118066
29.800804576317397 66.94593626954068
249.67231082917385 17.42329286117203
67.20304163722085 29.468151615668127
101.76004471816391 25.004391355878592
226.2960670177086 82.55012325732791
192.77819833001013 209.2750395919009
111.58335442358147 154.52336756917614
39.26737756297766 0.16740891740815722
43.09547290534827 32.620066546400594
128.78527909594885 219.90439054480075
3.661843546253263 141.24976110254096
56.85810853773871 191.82859494797822
166.17156958322684 85.47972831715761
141.6004861294236 14.415081687391057
91.43073194221068 100.12016770051554
63.50303964142589 170.03269247650496
21.690290467142244 97.55732430901861
193.1624530687372 108.81206392773008
139.60099802339758 170.28920338802456
74.40283260597813 2.5378608806808645
199.30643286317832 244.41202787459233
84.42210860193408 89.67038029655147
65.60421587120618 15.920778592376811
7.999755178437484 14.474586778426085
102.28226898152468 108.66028593802787
0.30129096175879333 8.431216061310614
20.812617611823043 229.35345958190516
85.22507449367392 40.45930459093308
93.23633479262136 2.2617421076693844
154.1028706162495 148.49568737004012
223.52101897812187 7.611746057335611
146.12135106010993 223.1836340752652
88.9216995837254 189.43261977562997
2.404266953552531 174.11620367315064
143.42186539878898 232.66735181718414
34.17756987015777 35.542765982850526
208.72346722345017 125.109170012872
142.62377942652654 169.47545033717532
217.19442654403912 141.22775534286487
11.044076484308551 145.95211287261995
227.71085189242942 207.87596928874572
249.43914105719094 105.37249229367005
226.0189374850226 83.72497408674684
224.2644027676058 185.98517468610734
141.6170541976134 113.88481938377146
47.28643002167024 220.57582821120423
53.13112779768822 45.8277377021907
65.44358312305961 146.46019245032934
53.61236146465934 115.14268440165512
7.9193693305189825 110.01840671821314
103.9548941871899 36.59092783280457
178.8125029091024 198.12166550005492
234.09210695304748 69.78899616695303
139.9772586449348 106.71371863705112
151.40058143385286 19.060898955483157
127.4109563123158 35.992029428805836
124.7992362362702 37.36617021178265
157.83529469049634 31.75175935719149
109.85083069106436 101.35352754427376
199.86048768195442 246.8340691484429
212.91415131375564 52.208633629293956
231.42379043677906 31.27399786325233
216.5970231178765 37.871209650477994
218.9497989828101 84.60878047458978
131.63295914496547 197.6967980616901
36.03446977756563 10.804624186966095
112.47311596940706 67.73411741104684
163.55552949091097 28.395786785487932
139.6408672497556 91.96137025172987
214.94111948145547 173.7667123751786
58.48231558881237 44.4731935836642
86.5845296793934 80.60737963809558
211.0766732449398 201.5009948539211
95.37544519214677 49.876158141234086
54.141724813115964 76.6970340305532
40.1338615152976 239.15090227260362
32.85006393674847 159.45317956870076
203.2087371986936 54.264346876282566
119.19577258065581 61.972660235388666
147.7475405972894 208.80062070920346
159.2557427672337 143.8443724213867
231.74283025589807 97.17733342629073
44.006108109678976 46.598994915798386
40.82189215021192 240.36389430812733
208.26768468811989 249.18834042271368
111.90016998338226 108.89917256748572
7.692852712497478 88.759946638685
160.79215149509872 196.35947650183147
155.0592613974452 227.50488512192106
143.76321677114868 134.29322978079736
24.581661644310497 128.28884572919137
4.576514513824847 210.34407678220924
176.02263673153294 209.3371191805327
117.8673110490126 180.91410614618542
7.852419496955864 61.91555982516392
208.842960710363 124.05853729092242
165.22079281730265 58.629554918741526
11.162727540477091 112.0748117807302
178.34280157495053 92.71483036148673
65.17607632167491 220.13179426834796
20.087807637254624 152.68338462239362
190.10296531417418 45.79479130941025
139.7369408324017 224.40966120370402
241.57621206741067 107.20032545834698
161.5496978217226 170.35388099874746
153.29964431565338 181.63820164780407
175.59522066688865 241.3336365780978
17.72439631976913 91.71446028317082
65.72402063454386 69.31772100606103
208.11026206799073 211.56435556082096
37.58433191274618 115.06888363761786
24.615614376037154 226.06421863851386
116.74352839702634 215.8676631285728
198.93165123097094 212.13972754729036
75.95152474505285 29.30249034883384
209.81285271097568 94.96173801175134
234.31665071584501 110.5920115919418
150.942031147429 6.646219737601017
41.66494220556674 90.9568796248628
238.56316576733036 165.5473507263057
142.2223709398299 78.44258600326643
196.7102406966605 100.65010807007185
65.9982315663372 148.30034173259762
203.11817833264055 25.037292056609427
20.465716518275666 108.6461693068696
112.79628257046087 101.18041140482691
21.40173163180023 94.30407700754287
221.29141994295307 127.30873124934219
162.82743424893292 113.46471379225417
12.733541317516138 225.00669366277205
176.36328870467236 77.34069696031592
39.32796472492042 82.10516346153298
18.29991228992786 125.11470018486499
31.20530257644272 142.963047162878
176.662591507335 52.515828351993726
51.838989350579844 119.48747136448645
58.36518290560411 219.7435917304849
153.2036334143176 136.59857057620644
247.99827207159458 170.18031461214434
55.49718507155455 48.0530861953681
173.09995551377185 222.87578648248459
182.3853519491842 173.00965814844625
56.31647969132908 141.39450814441167
41.47893880195366 132.004550333344
7.499707838567543 112.52955573149463
165.18350765987623 132.88618448609438
213.27431984686567 229.35678802928385
244.4807092797317 198.18944151845977
52.26736598322162 119.39838403868261
99.15509951469456 131.9809104304124
227.62932077377002 27.124766191628876
52.89755717107688 125.44155828150672
210.09604088005983 174.87476620348875
240.89201204260763 211.3341726520515
7.692195617128111 205.74253769920787
203.6549401710646 28.166034241857986
102.9335796305837 57.07009641248054
89.42368344717686 36.651512873381726
173.01299125160696 95.56250828754852
150.4813164114613 5.733639952395453
21.571671235850047 53.53717800403307
31.468070571843697 25.402375272705363
194.69548398026137 178.5648531182993
186.54703755558597 144.12338165378236
149.1346553042465 127.19206382135168
39.360600305415744 44.89882555933733
51.790585347753215 157.83048890124599
175.22125836890658 201.24556859493524
49.09201968438118 56.14174967607338
126.55843450448268 43.34956395638778
188.97833379134627 54.25280880474978
110.55032521901195 136.92183210337825
216.89917770705406 73.83271613429473
64.0949798955173 105.21773378374843
153.6932494228833 208.22675898702747
112.3418313196329 139.14896772328078
223.25297851120104 53.63913817344826
150.27319608527876 101.45878304739833
173.0837387519748 100.42535586308382
197.3065521845147 186.5473013015602
97.3629377052784 241.39833517242326
37.27958124678338 242.15862294227185
80.18357526881806 21.266389007844943
59.3150424122551 121.21251260083466
27.99667354164073 75.34895317382522
91.44675312155306 240.5064360391781
245.81711972160747 24.767927271783368
182.97960542581933 12.840706992290702
242.547463874049 219.79152398666258
33.643854196948986 212.2786465413802
60.503578816080314 170.2821462296798
209.87586111460683 217.67898987826004
189.3383869002078 108.1052461884277
210.15523242892473 112.66452416063849
35.051360721836595 0.48580774812401195
97.06838136895982 74.22468300029139
131.25502531910595 157.14566305358613
71.64614252952164 217.31556176258437
33.57890161902213 159.1354910310616
14.717932660009147 232.32012697083567
167.3749244963874 224.49568413210864
186.27501627097737 40.367498445712634
124.9311861544191 243.89760176185362
107.52350335961958 94.46876235924148
222.155482364698 25.708023437234022
35.50641935884574 130.88725029047893
174.12914461132277 92.85230851064955
235.3053451006981 203.12041836129495
121.92245035858775 223.78655456036202
47.39085683198157 176.46446329505034
21.68504381187855 52.87434199011634
216.20966822048342 81.49221631192258
201.82641750073006 216.58332355314542
129.4812045818297 85.58674795837217
106.23479758409754 248.06184319278802
121.6365863070131 143.9110582360445
98.47600632521555 103.12093407769349
190.3761047258084 91.33973225955106
245.07209483996533 102.16227112529053
211.33742739752546 138.79549585981675
126.04880099496899 5.185895323334688
117.42155403227625 242.36928533292505
187.54263395157543 214.44404153834282
71.1655482974253 68.57061794665204
32.610409347119756 102.10440029732851
2.213153330771739 3.4827371449881737
69.08554087988023 140.30253186723766
84.68986915202859 129.31960952854067
65.59133235301454 131.1993046995127
109.10507380181397 133.40535853624107
70.61756619499343 201.84475006623694
3.4546668659026505 223.037086159908
64.94555191725618 44.0138800235198
192.22740883247778 91.96041400006627
33.034174503931006 210.48412820405898
28.574180046237018 27.342117336768503
63.866023608585564 71.08066739779379
77.85477680449112 194.30491083281768
89.01100964317062 217.07436560097662
182.1303044256814 155.23671962107002
88.95253797637356 61.10357765928687
18.964713526000015 64.0664038176297
202.2549030569341 11.071412086781752
169.49829320963715 10.829584477560273
16.6749018899984 115.58049489713285
167.90508942251415 81.86900000285243
173.39346634186018 31.41892007875033
146.53054680460295 44.39911366338306
92.04305047868947 130.3330405868775
186.57568138923298 106.12446870038711
219.39310563606116 78.89640834607754
218.24695818648505 208.89634541776942
85.22451812781223 68.19322290954771
75.07161549955643 186.662544441603
193.24650118756387 207.04316526439564
199.5991209256024 143.30574001877
60.82472387306828 166.88542927173714
49.65802879428016 186.32383612841787
101.91200315574142 44.17377684570686
175.12059195005722 231.505547466964
77.12068811209105 117.17961657391574
113.21988842482558 182.02414415280853
143.46742059840213 217.08298340729152
139.44809944215524 170.0580540204577
17.240313734932872 137.11915096169747
71.9599501978164 194.83032489889789
153.19373004090338 156.51616819190235
232.93934261451867 94.34129023437282
249.30930785831742 122.82111614015254
92.18422327534503 185.6897899754635
131.82123680488135 132.34422346836908
112.46838010369272 191.20016225130405
171.4496674725887 17.46070685756898
41.91062302995177 8.036907799613413
31.576025341073677 92.28920190418607
211.60594774187334 246.0050126843943
47.88784015770131 178.43780141517686
17.99916635154425 164.3006094360159
172.41056632357507 9.879333596202189
111.14459642654228 63.04058510887345
169.12402292176162 200.46472899300616
217.15177339724318 244.18471816796875
144.02924871848575 32.950932713937924
184.96174044525506 133.80975098434152
131.22287668150184 184.20984049500467
10.769598205508213 118.99496605150885
217.73152502784666 59.27366028533218
91.35668788305738 69.49408552980246
149.2286481455267 103.52012052099863
79.49085610854728 76.4856139227359
193.42231407336115 216.52724531079883
107.1301869265753 71.29277410156965
246.93648306417003 23.536249874559047
55.108514031924514 174.7476886440268
52.73796886547247 46.887496257963676
173.61292796165955 89.45325947117966
172.1427559328323 206.93018298827343
65.40872664687186 81.43617716679866
190.33717249288358 21.47019122551
130.81901701546553 238.16989069291932
195.87923147309937 183.11342729045728
117.20798314431777 2.3045944055687384
36.172823151490476 102.52462386625916
85.2633445013394 46.4712975265551
72.9848501279508 135.5794472628513
105.29971832130094 48.840358924518796
227.69780185942653 35.43923697374493
176.2424914876557 5.659750927997753
59.28874951713273 206.5036978578509
114.80227956193953 248.54058226854875
51.35290846688817 217.82837239901733
244.05072331587107 159.8793359215685
179.26641881428725 46.01470454386045
184.88522100056184 5.169298185406817
193.48717965650533 160.42998670339688
137.78200664359662 56.134257995303386
215.33511001248613 132.36138882257484
222.54236093476186 235.93593234880706
152.92175614529089 36.23242219794257
4.295243531106968 49.928914036535154
187.7000043846159 143.20343234239596
191.76483524433525 201.069536150664
42.863263708415396 230.03315320633172
230.47151930988653 104.25061817840559
50.637275666212595 146.67705506892028
50.8285459186329 128.81511465385756
29.405737520534185 2.033648006477234
95.10370367561288 36.183989521586994
105.035862782875 109.62055153260769
241.45761741092684 163.10969699918078
142.57492020566903 237.84064646269604
1.0377721542262908 106.7498838578665
13.272404654423392 127.24612383748543
188.09606374643693 150.50403257543127
108.99852496094658 42.95436869163608
70.89498202634104 97.87653104907568
15.653822369654291 59.8024874264668
203.24973130858282 3.526666513735649
137.89439911092816 60.72953285516211
50.15550372518793 77.96749987364682
44.865611918542186 10.64370265639064
52.7661813720508 35.72404083045127
92.22634322189569 232.79271612256062
223.04891322450467 234.55726880590055
158.164206170448 95.23972372590741
120.41576950402391 244.8239634643374
92.4435404653274 192.45462498525035
194.7209520033719 79.95362387675814
81.7465442020876 123.1804586814749
5.09598404379294 8.45585778403321
6.367810449031314 15.067404298455184
20.644865945783213 222.36605236824104
59.679024140234574 186.20298381859777
51.001120232948196 59.48685794291586
72.99206125283625 18.032325983491305
139.69249922929342 235.6191196110006
110.56265706129781 8.94546530350962
108.64947421352069 120.39495451681923
46.76455812322572 1.6690555617573377
20.968162706528016 140.43543851688392
36.3381190970895 170.78423272280688
206.74905497512634 193.38182752993526
214.33498190688738 188.06364258617776
4.8739124276790395 180.10204683741014
154.5008592861836 205.6525745632372
90.06103026854639 45.87079956674906
47.67799089580513 92.76377669907195
28.47813872920335 122.35266872903519
85.03443095810279 139.8602076476054
211.46796979424417 46.751331744263766
211.86653527440353 36.65921337488251
102.34002328975252 134.29139740693833
53.09182743066604 155.47588514165642
225.75075491812635 78.77502945727993
39.825871935008585 28.866215241922482
87.1797579680097 77.9586836941169
204.71195988295256 136.9065188502798
213.72580193021358 238.09104804284559
207.38827646677822 168.9307943641596
163.43074846705878 188.19499873001473
42.78184618524949 111.94997694612682
152.53469930183897 33.86257924627228
185.0118774461572 206.67033658610572
169.8999624362579 124.00432888533524
190.52290303087617 156.34281874986198
170.92037136701768 123.24612090389434
171.4565422550129 145.9680180790681
194.18765806841424 116.89281139377673
244.27958697666932 149.9855447725432
222.62095327751976 126.70377024115764
92.2990617704566 38.95734018322541
197.47473943570364 2.2003476291675703
7.255876981183546 52.84153498861052
85.33300175985617 15.911351417614878
111.31523033864183 247.87026847020664
170.88835712323515 157.6630611325129
195.72137320536243 167.88174568745157
158.6238762190561 55.14046297042735
8.233451823739607 33.55388150058139
159.39142174381163 36.75282256497675
91.99773110486517 29.13420340972725
249.3854419302703 152.56182251178484
6.296133038910967 110.25210394456595
99.04982040640608 37.20394614190517
174.89476654620094 70.90663434384273
118.44763680584269 168.520846442492
71.23049426986711 62.97435239228211
148.20923181521042 113.2199681196096
193.5779670113142 225.7573360209174
208.00173746855387 34.84549279133062
67.90689726584007 82.39425893025879
208.69584015192893 118.96441522832588
194.49686221657578 196.7561838837707
95.53207255144183 141.33537640496417
129.39661538625006 175.8100107531178
121.04023503747024 91.87991104780092
38.60698609779178 237.7613272977929
146.7731952473818 148.14521297854986
45.11866949175952 11.917179799650373
96.60675016172884 142.80770242911268
243.13886940435728 19.782356855160387
209.68238370819347 223.12411628598474
223.79502195552178 109.87246418701957
35.33866111404321 123.15606475610363
207.9077687258755 96.42866929624996
20.939268605911305 205.12351454797627
57.70763311717717 157.23628093913956
212.77209168513897 21.937177692782527
176.67741233465196 119.04196746752963
128.47843936829844 86.66519947799631
203.21187114439547 220.4237142246596
2.5994811310763866 67.26691091033157
240.16713398017265 173.81019158371677
97.65385859831372 132.2185195127725
60.938904419947065 30.546811141250796
73.12376787313605 163.2862916525713
200.6419609069645 227.8479139019048
130.65615114034324 20.57310034154164
190.89935514270857 113.6085017016109
53.30971298189574 212.14483416700017
6.713550033234733 28.49534061196113
68.78167444431962 153.1746160735738
30.339794472480087 199.47548654205136
200.61897577511846 228.25375734064156
152.81498779991665 46.959626716225834
193.53610389431844 27.49279042779812
49.04936762567752 126.84439841545644
38.399701411848454 200.9331458681975
158.51884171674905 47.48699891255526
54.74215674524713 207.66362528868555
40.45976622591266 98.70703237770664
22.234813965312682 221.96829565316608
149.51910383970232 90.44665777808194
102.31872527502186 228.22872321304058
193.65025058481802 141.93011262838243
238.3938063990478 157.2760535673712
67.2955262651092 172.76177885386187
163.04516132400616 191.50230444215057
207.1118426633906 140.13624210631258
19.76540638545174 215.52798739170993
185.25480201153218 211.64033032075136
230.03008206846425 15.005718316981747
239.91237014010346 245.4574533913712
138.3227458845681 40.35970305118838
104.64428640416065 42.749192230867536
100.13109364854375 154.11742359052744
214.19830150941877 118.25991800743932
23.84626009871424 119.7418585548347
129.57681574352173 233.60542191569775
23.447770074931984 59.24666529377418

8.6 17.2 36.0 72.1
17.2 34.4 72.1 144.1
25.8 51.6 108.1 216.2
34.4 68.8 144.1 288.2
51.6 103.2 216.2 432.4
68.8 137.6 288.2 576.5
77.4 154.9 324.3 648.5
86.0 172.1 360.3 720.6
103.2 206.5 432.4 864.7
114.7 229.4 480.4 960.8
129.0 258.1 540.4 1080.9
143.4 286.8 600.5 1201.0

2 5 8 11
5 8 11 14
7 10 13 16
10 13 16 19
14 17 20 23
18 21 24 27
19 22 25 28
20 23 26 29
25 19 31 34
27 30 33 36
30 33 36 39
32 35 38 41

