512 3.0 0.0 1000.0 3 3 160 240 100

197.4344689869506 120.2944588270994
190.9041100087202 29.498198109048385
215.11433105144604 149.64783365227942
97.2824605973325 183.4527566070828
80.92465338099706 1.4905081030141543
40.88250497468651 65.56875443658375
225.88199872397672 7.570940962456557
147.42834994570072 199.82856805334313
126.53253057337302 163.58791357495204
242.40174039002835 48.07666877543132
226.16303299393212 209.83791981005183
23.43153644300189 125.7051447755384
40.265162044179235 104.84826842447583
98.16755691812548 118.53329799628881
118.27365438551224 49.56915767156114
246.0873056722753 136.2160608825903
176.02445542895887 153.29581130765197
78.64445857536562 217.53248386567964
95.45201573043305 138.31336859206615
145.31510411631461 43.92380559685755
49.47736643851391 64.07260924179825
199.28367477517037 30.03434724996551
79.29814090612695 173.26137694145967
78.04566645753683 14.813118509354073
34.743211317648154 101.48864838938601
7.790042556111016 133.00297301090797
235.69977615725557 100.0512814451836
60.61670815791817 104.30957970288607
208.11298073529176 159.39628102288313
197.95026476827525 149.15514215927647
71.88729669573304 169.50208736605808
9.550957857933613 172.4321264491396
50.18594123137868 188.5189194723844
50.16989885281248 41.52856617121844
141.47564500145904 96.83992077061909
127.21095592798007 176.46364729828116
32.340817034345605 247.3765740108815
55.80264993331047 201.81444486092767
184.90782638067753 227.27923639212287
23.72726105985226 112.20536687972086
227.40796070876956 190.63019067312757
73.59956016657046 44.902167918906635
220.40022311387017 121.61111996174245
19.23897480175718 178.83312168850347
215.7202316312312 178.8105171865152
61.05742678968018 32.47995124856229
51.2091025733559 182.32014094843765
94.86456056394637 45.819198117727225
200.44377524656562 121.82906767191032
246.86345022264553 172.64007059089192
186.05148688873692 213.25620355643017
74.4989363596697 131.2023382974895
149.70863281207608 217.33019634791395
99.51021797750096 211.7097990277574
226.94827153865918 166.4455536799302
99.8070577831296 104.22251496040528
231.28823597370578 216.38117436717388
247.0988901493746 76.66384604526061
191.2767622187276 154.23156829411667
72.24643478953227 232.62602344531322
79.48183059329034 169.17813899209762
239.22449656022454 148.78547016749334
73.61861913848747 155.6073236707916
129.14046468283703 116.91672075848919
9.604487770834947 89.5491440316907
209.33261428994658 55.43991203499196
194.68415079751253 94.74282505617221
26.53521052107541 124.0568982222979
37.24955284190384 72.88073738579634
207.7201368416769 242.48014829470856
115.73487300611698 83.39927553228974
165.09979528123677 83.21712187016244
178.35411795165186 168.28927438598058
58.96335540229797 90.45731319268391
145.2968509976592 140.78360052178112
31.813226054927924 61.9954233656762
203.3804382067392 217.43704954809846
216.89034276513192 64.62417946491072
70.86619443539944 101.4709217661306
217.21649646445474 247.3824857003928
231.66157358958986 8.48843849709216
240.60763609055502 212.24231971390367
196.10226324252093 196.58564879523757
82.51535163009743 67.0364557518929
164.41757157505134 115.12615898030096
82.0612728313976 137.0139173264428
134.70055960399884 143.82600904222224
168.50182242227345 46.09368711188316
15.222465369434419 229.63855621998903
30.93076248664395 41.57772671682852
221.38135584567826 227.1701986248884
199.97990600187515 151.7543089306933
39.51208394999925 52.93485269376591
238.93103920569664 87.52124233902516
26.954602803941214 41.477343995449004
32.834274619577414 157.16529685083933
94.6017479330979 202.42939343746932
129.40988820866443 57.95472702914697
119.70338134349318 96.04551917809692
201.78764619468666 174.08279919824503
197.91923236605544 41.92733011520125
102.03115007176461 147.12205605250162
51.1890859504035 143.72186096728012
95.82138691277214 50.46198200643753
229.01123123927883 138.50639051705284
233.8960905061668 115.28826600429962
121.53719402949956 231.04219753758585
123.56824042071715 180.892830386815
74.27546410893294 231.4315859746766
163.59303391986788 56.94639135815305
63.96790638631636 182.1020124968547
127.34146965607907 19.96709444723077
179.22805249001087 28.387480161211787
112.45546830587288 222.60775427223643
62.406806930646624 175.56924315222727
51.61598473538917 58.32444295323275
181.53223618461496 121.1541906159214
88.38925455611471 12.661416042145074
206.25022807253364 103.25229886846977
116.85555795731733 191.8041050246384
188.68435995838652 23.855671038089497
84.493925277486 232.00925581202426
242.65502272899084 109.14831115290521
218.59927575485304 192.71557170142916
6.251928642004439 22.302269515279
179.22652652908943 230.8620331954766
216.96687244351511 48.753787688887414
200.83562834331153 67.95452416669754
160.56796951426216 197.3448929700196
81.45134653271049 228.39134321091777
238.59704069981606 118.41271576328505
70.22606827893132 241.29807449906662
177.83121349013086 81.99828260935368
132.2487996424732 34.50607784286127
140.54936450790328 102.45152519210271
235.09973782470072 121.64356705644896
57.97890541992984 23.515408125923148
242.9249781335646 49.48613416836817
240.62294381708315 177.4611854421847
221.3873149344299 26.0520815685448
71.57698355547828 139.39457314220527
180.9342761569752 184.23746051313495
46.17554900882398 205.95428027471223
209.27802197642228 185.4226132928967
31.589465997711287 153.89261806577
205.6612466106812 231.83959224473054
58.76540492789767 76.41092058700272
165.36799891504833 200.87619004286321
155.43894074368663 145.49895394739553
88.00082059485409 185.2277787799089
234.96052618755232 197.34986711223198
78.71308450481732 165.45927970638436
43.14929481877711 12.566849704677585
194.5161455208494 18.66663309611885
112.2442300930648 133.49703158611237
145.2153270024248 219.5715347932088
148.5071527350521 136.7077602507443
103.64150551263432 233.34806900073886
114.50809248844654 69.64536773200894
87.05939273696289 188.1378493304124
184.59968593298976 41.676837592567765
195.355073818887 157.02527399752043
102.2344780356309 57.04410491891765
203.04833493170872 118.49811887852027
141.75560319680045 63.75282830810799
184.46770217695976 186.25877762436562
70.34175716618526 202.1581802884092
162.75159857952883 210.59917972660176
107.18583295844994 167.21662604584893
37.00236297819878 129.38816740689478
99.1097368897075 5.3659579203016445
82.35314418164776 202.40035831889216
11.632085713238121 102.69036203326337
221.68585252834737 147.18645037843592
29.527158707594037 192.59960137644504
27.448226275910176 111.66956723867489
141.38847909183374 125.92585327346129
242.82616930184992 93.37267945768393
30.369344438345742 104.68347907537645
145.13414330474538 163.36153977534204
138.620763911085 19.146032641656486
5.033433018156397 62.12123528990563
237.7570633990302 18.817044299758944
145.79923785500003 217.59737633242003
201.5567564014802 60.60655328677253
13.185644816981007 215.7334946915385
55.16058275887497 92.55836946890994
34.592226135157915 49.30948793547346
189.07759375748466 21.751078046814115
178.474832339573 45.93352744000207
39.674927817025754 128.5853485013922
45.454288099349455 8.527473564852144
157.65875517785463 209.8080297704399
50.01402492963089 65.4910976176644
59.27438721243039 129.0822223924965
208.43894559041897 191.23431048454512
156.073482916326 22.853034645814063
191.41731197438293 86.88070385300183
45.23874043376827 209.44145935476624
153.61037550114705 40.99334167963381
50.360644587987586 90.65770826414612
117.54385954474314 186.37109313340537
120.1906651729483 202.7015159801213
88.81245947576302 13.080613641499427
53.259422543868865 82.45367318302587
234.52792823230078 156.99646541472683
206.81780600669083 248.2697877007151
108.93925927526246 87.98957069798627
179.05541933833777 7.716779499055471
237.76065209805398 218.75592661348122
125.50344412395644 58.7031774322965
34.129622942717155 185.4392962675836
187.55091793796447 141.24563039833387
22.262302858966105 196.8737485429045
171.59397564737836 46.570277872696046
179.4134691140857 185.72946858901145
59.95861626993257 7.241457447920236
158.95426218891456 111.00656067597959
145.90857426653199 55.500901518042795
46.63856975841052 192.1666407657503
33.19974997563749 187.97987071427713
31.833713956038206 84.05723589713796
237.96431845178762 71.5204717372458
121.61465294188773 88.37594525327128
138.11498560299597 168.8122375666233
172.92034905821072 50.06821776052081
148.32214340341005 145.3562965351871
223.84623224199834 205.7485652821202
194.83227163006399 144.42338051637051
170.95984855627353 176.93778035852256
189.49257417731835 62.228957172285746
167.2768696014986 26.709696366744833
64.30263083105991 24.232622929379723
101.55105353998955 46.939397643361694
122.61872378629948 190.03813913233
190.16271066766262 223.87952192663798
189.95363227801224 108.71651772800229
21.623487938979363 224.55051451493856
39.51366319463007 60.32515020873008
202.76172926375293 129.89312500922884
70.70085929127536 22.774056347701993
141.8086043613894 167.43370027460168
164.07095171662027 2.3247246407392397
218.6700886349586 176.98143204570684
108.63268091434408 162.41987774162712
28.35583625030952 14.933587692267825
212.8492404278458 216.2143190427534
70.61267646310581 23.76596661981678
203.86427840627792 174.90217418244873
226.40657959058865 29.713216793355592
227.52118980550733 85.22455768092402
13.751228537628112 70.8772121374432
134.06299602369424 26.617486778496403
145.8722910218421 22.67226579789189
238.02755486430522 224.7304015678781
102.54346088550398 147.36636803589838
21.751497056600456 39.19997939505371
223.3092442964093 85.15407195201722
178.18112707437734 128.23405905349264
51.85180831609071 5.767028104831179
25.899088173694825 244.25045975907568
7.87047827805748 142.06595061063513
45.9758088704694 114.84861728158047
244.5075503089923 165.65611307065814
119.65686593429966 192.30551259979637
25.182767119658806 16.340480613706465
169.22952821592273 21.418016474181954
233.67286943885784 133.53886305349258
143.06545974272788 95.03380527758736
127.19124158619513 139.52385732084977
247.5756549467657 184.61434518840358
99.91299069212909 178.5926814205517
73.60530780391461 199.11588802874604
247.42330048863317 51.82456579269748
35.37440316204529 109.1009474353705
230.72780191429064 198.60429972221203
10.610478967566367 162.0103302478992
96.58977820558798 90.0768148649829
8.342020762142855 122.22954568762675
169.6147766254682 19.44756887724708
87.60634991884663 101.92171068738267
137.02048714215454 202.73716490023875
149.87543163005012 75.6267340075335
112.12834826904158 237.67311730610513
24.423936784824242 108.25881508677146
29.382699197086275 219.39027628452882
109.27256228626237 81.52681141716506
126.76061537992592 221.89849888371322
147.99529696028617 242.67121607883934
237.42554340019728 187.9681048377717
137.04134711720965 132.61624145105014
7.941600796096071 78.42452134268893
101.53398470746183 56.5857138678934
162.08270509377877 57.61814206482907
198.07437066740863 141.31222963334346
203.74695414462172 241.44379139679143
175.14916621610297 94.11558422279434
127.23446693149774 74.69785830480153
246.7167822103218 166.87488513531102
64.90445297406633 64.37557371129849
100.39273998851023 112.7080021484874
208.37272442331286 130.60876942314687
181.04554493913747 113.32066568177918
172.19232308830217 51.81393341736465
34.3158799465782 112.64113328690654
87.48967933891572 135.8874103566144
6.098005291007846 40.73242594599796
244.5818649053925 7.956555784675301
114.44074161732209 225.17650576276355
211.61016246373498 168.6709298779074
212.37036743333388 97.47635873018997
164.36280350275675 214.92567358676666
28.9542651391112 23.134812651499914
46.83649887918118 237.44223461516427
143.84698138974798 40.46710062464282
158.52405701770613 144.70697207229662
100.82366156764499 148.1748707239199
192.32283097219474 88.09998701902269
73.27970312943913 29.87159488761365
67.13017388738187 29.701058071128717
213.54439591043385 207.29332924986645
56.29934776666221 140.02143756392363
196.44834350025533 50.10901697718914
18.81702244832542 210.5276263706269
223.8851990279118 44.759078805400144
22.22736050042587 102.12975877238611
208.24536552082552 40.03439006566875
77.81780841249086 23.200679824812443
3.1016498497742626 43.41806241472548
26.228024713354753 4.824177607270025
206.35789124205263 198.04122789996097
200.617464423887 35.183972359204205
83.75313190206549 228.5187524120187
141.10128801026133 13.377865492458202
154.35392263435205 182.70023795928606
168.1193331459653 74.90406062822566
133.9344915365559 74.11513596849676
126.58360479465397 1.4866521447166325
97.14825979436264 67.76231553308362
204.54004294243808 101.626578981969
3.6915828832565776 193.77117789749732
205.3969279931894 108.52423836496794
183.25411156827528 93.95803058912553
31.0622279944725 103.76666136525736
52.465619648766 122.4005477656977
87.74726139307637 35.858714432218385
180.53870300850085 86.29981503174716
46.21821810343524 246.22991430275394
171.6599374423984 242.80553593912737
129.1668472824453 122.61544650263131
154.6487570030765 228.8398470009335
207.62612318707906 32.38876063168505
218.88437675540533 2.466120177627651
149.04839989448374 90.50335013152736
4.77899817274735 15.046732497931508
186.22059704303945 26.780376487083814
164.76746202464741 147.0948862476543
211.34559865856627 220.02872053637068
139.59392026647006 18.9879087833526
67.30988792358039 249.35613407910242
190.19898270287416 210.17389313874446
78.12429671873716 80.11631574739091
194.3333969731764 87.17206391738438
198.10990006714104 159.63538719160695
105.34045349490437 76.14798188615401
165.3960883767381 38.09762655345295
216.200710085044 87.10774484932129
114.53106023455084 112.84432854377968
202.99566320441724 67.36513778196898
31.034328174981862 193.33797679670852
239.38016334585708 180.77419876149537
83.06103043940877 30.827074542571303
124.14398219198624 98.47951890379316
249.13617945203276 170.24984420814
244.28980691724493 25.97922284287124
129.21264542867132 94.32382652431734
36.437077747687006 67.00701462434685
221.0033359076377 53.6772547029499
92.09815783312433 164.57057221183493
188.16595223529012 67.41760910989228
20.888907928735655 49.008201616164484
142.91105148433817 67.05271364477406
67.11257579080073 80.61885757658035
202.50109430197304 104.81260563568424
105.09768156971361 144.57233233872438
11.46092571877569 176.940216133643
8.983579128037016 184.52269238053975
163.40887712063397 77.92637881591935
54.635857203766655 76.01310499235278
18.14614306613038 199.9753154255334
193.82908341145563 109.03501346224681
211.5279639638778 16.025639745137738
202.11647077555702 164.34372704230498
119.96211037723745 99.62649823043901
85.26665405745332 216.00162407146942
98.71184448249446 229.1455216332242
112.20718355582432 110.64315269053648
239.94603410224542 226.97296025561832
151.67327933699744 212.71150913876454
229.66649336849918 167.28773184856996
27.914330195238506 34.55211563231575
110.88126659126296 35.28473609510002
63.334658961835125 45.890379781280025
157.18282038943826 134.67539681341074
238.91539099293823 58.789765345042795
18.384943275951333 5.009622448775591
138.45143264290945 44.393985294376186
28.504428666348307 247.12197138665107
98.11032166358078 128.24737556410997
168.19961801796762 3.8374886203755567
153.71224199200478 70.31983813605517
207.40362688552335 57.50269365559282
183.89496072503727 217.25410979719936
111.05627316469369 128.7600107483929
206.81483379047108 5.611202029466106
157.8235208379676 115.79525658966591
39.14190779829602 60.07070151495783
134.79234974188424 175.32037096039298
156.8952494681881 194.4324335610524
105.16754770519873 39.4355723607597
127.43855998285892 247.76139027296205
38.51919762991651 245.24921522043616
64.90477450508095 188.547100225277
152.63181854061648 109.88195955603983
149.2763838789065 153.36469834219199
99.22138402236938 235.789480725505
210.58796932401233 233.20569429544867
0.5127898091299987 19.084464160783188
11.706416266254266 177.1661650281366
10.366976302299408 181.52892422677846
139.5949105373085 134.69699002965854
238.73973747844613 40.07218278638197
111.06629931790276 138.1883490705529
245.0513137745442 51.120112624338354
97.04344657439165 153.25222896898455
111.56970305013739 131.32102036215616
105.66515583359903 193.74160644623598
2.0830836078714334 39.74935436638849
62.21225686143861 192.0584525348467
237.5962248023509 232.81811134645216
49.280738676117956 85.63201850623378
85.54931347413434 38.104845183280084
78.49106241136839 178.2586939771512
30.36993254046433 168.83687681722637
103.5371893674929 65.7690151586299
213.69873117335118 185.3629648308251
80.55233130289585 69.82907063772214
141.18781667359366 68.83396549730361
28.299739956281933 60.963077399449645
94.81662477663235 34.09862066628297
25.276423687293466 2.9875376634944106
18.011711650668754 78.36530976461287
225.25391030194345 101.69423204090155
12.88185132762068 149.47542653152826
38.01296797190304 146.9002993883084
148.04544971611824 6.918615359526981
198.96693924085548 114.92666298805082
67.87370179842783 5.87012246971827
132.1369955407917 109.8079462996943
55.71823489071889 29.810852745845217
40.85510661504349 197.877824344606
219.1193104661505 229.46565885838098
69.03757834783316 13.801259043835639
240.45833356462384 50.64967347326368
42.5211945941156 52.867744368043454
245.74023580698628 96.37927331446427
141.865306237153 10.619946291677701
30.693390056572124 171.69893123591442
147.60563159366353 132.69356762202978
163.1560677524292 42.060579131288826
115.53261083295591 151.11233551253432
249.26172546516506 5.168402212871209
181.47256415300157 105.31909015196142
52.130378155933855 138.72552059556
13.031770956336896 180.71605840381318
166.59531313145914 233.3056011252767
79.30721002051466 229.16987306536228
242.50307761779627 10.984025409733949
234.3013975804561 158.6368252742707
115.01077138495577 46.50489191378646
230.92086196597094 237.5816737097119
218.25852641170752 120.35474525106999
245.81641717597375 49.48072305630094
75.41791976270157 119.90076008390079
133.73604065574344 101.89735904017122
165.79638858117823 112.18415895948294
208.74974640126723 86.93753227911938
79.65911122270042 122.02430813668202
19.175288206464273 114.414309192201
83.28986536894078 40.48446138867728
115.72642892277163 18.29132785441312
122.10902332492144 119.06188252598582
8.503052645967319 70.29914928509048
146.90049044622702 126.77076029579761
34.0010286037209 95.08467559052042
165.6327239706105 3.6309796301309536
227.2549354146989 146.67717595721882
111.68073611563004 87.41911391780229
242.31902455062132 186.7846088503945
172.96403792472722 115.14937678809653
97.51695023230015 224.676530673684
32.59342972246904 24.43030404754665
44.40139331841403 11.116386049417837
229.49105995864173 201.54429706228697
95.4228206122126 213.92319971587267
218.240647655931 15.43243053654847
197.15949578319848 137.00486340043688
55.565770835596524 79.39479071159494
169.18173826891532 91.87209146855832
239.04742640563046 196.44347137907843
141.94299610280677 24.743082101615492
191.372193664778 119.55675889029918

201.948613705191 124.72796285184212
190.94565252538578 36.222162088923426
214.62234835960456 149.23508436662485
94.38908865774876 175.82173497719506
84.07421619284641 8.665834957803098
46.248879487814754 64.25139999984317
221.2944683101374 13.16067295712453
146.17836779634024 199.99328142795767
122.30806474579589 162.71110602889723
241.89021776349094 42.6166291298758
230.968240927431 203.54300605518023
24.692256860983502 120.08911997883654
34.63794409836457 100.98054420247465
91.21344454745481 115.9505695856522
114.90601299900783 43.09705294259841
241.86800858792034 133.90878196624584
172.988066326468 159.38301039779194
86.22922406709274 214.16123859489772
100.9975827233432 141.51152863536066
141.16760587288354 48.94632758044537
45.053177181525655 66.36447304184495
194.78172503491388 26.67858175625515
83.51156782307106 179.49618725066804
70.63686630221014 14.211621636891214
26.524672808020846 102.34270709978533
1.97122590370713 132.52225552122871
236.42015028391543 104.76206457479392
58.47309111026255 105.91098832254947
209.7014830286731 155.9827550838965
205.2305590915393 150.9049227824926
71.79163274323072 164.60462014362275
12.206432619334157 167.51224744548605
48.242027227465286 186.12315030608806
51.27352424512879 44.31555619870478
141.45261715715435 100.87507204747267
130.27754445447798 184.19158547524964
31.399263687872576 239.9873392868528
55.63033564908568 200.42431427122006
187.46096798484527 231.61577843052748
27.597398980682502 115.76266786990521
231.58105188072844 183.92052095344104
65.39317032826136 44.08138641087178
216.61739123056628 120.87463721616743
18.21404205557903 181.8561685966814
220.9437297731515 185.32010280141748
65.06671932503455 28.820314529508757
47.059035882903416 176.45821531175628
87.61291197980414 49.67179025830731
194.83183213138204 121.24081064496755
243.24464022477048 166.01639480249133
180.17435878398499 217.87142663930007
78.5792375408296 130.73285147310372
142.66468726561084 212.78924842622965
92.27971259080095 211.32367537404048
223.30881351893652 162.2714784821078
104.33509977769475 103.60572837878651
223.7065224114922 217.9378397435515
242.78439124640124 71.90658691480436
195.23150877803673 152.69266039566068
67.75665387641571 236.04604844075882
81.5396516141903 164.45021233976576
242.8184345371279 148.46079720987387
75.97693950563198 157.13818579475634
122.14931861591823 119.62624623047019
6.3913175839504515 96.20771271831455
204.79324542918917 60.529793903019794
194.9213313188253 90.25042271754572
27.448978601230383 128.20029666429355
44.2818993553816 73.18483863654765
210.20981923837977 248.92807243193909
108.84372774551949 81.79734779872867
170.7623908798763 78.07848423385147
181.35872892655215 174.97110527949536
59.0010838115354 97.66973889296804
142.443353345001 147.66959955049646
32.40446777020062 69.38176762991019
211.07849212742153 217.57281332409931
224.69589781430682 64.41901464360805
73.83036801036621 98.49838876336631
209.832123482865 247.2817812384113
233.25930367543617 8.701703621288386
241.62139272238707 209.7271941618351
197.09441336474904 193.47280727256282
82.75963065625663 61.58790501588479
165.36313072598637 109.48365949851
79.68729215777428 140.0355930231563
131.82193901721203 150.15409223603916
171.98683953620247 53.68598959818841
20.997675306090812 231.81199919053967
36.466804564913275 36.65564459951279
218.84263548424562 223.3247154961525
194.25715866309375 155.0587453729581
39.397096465668135 53.29893631682558
237.80793344943936 83.96553677973165
29.83899930110967 42.06305951685588
26.153180877377835 154.04910446943606
90.22337709276019 208.44048845777183
124.23912194713607 56.624066432204884
124.73742332630225 99.31654174464403
204.43614916356026 176.28986800162238
192.5342270247015 45.721505416142115
102.28395497814019 150.19313379721328
55.73526460007494 143.9519116062429
97.0539330085336 44.79198097445033
228.4070112140602 136.1330820770825
238.32605638231564 111.98945775867833
120.35123228373045 231.91181736996668
125.62004451758901 180.7285295050986
79.56780894446739 235.18523978356245
168.39403727637557 52.30876934210637
67.95960324346625 184.13384716291418
125.44578122908351 26.833057355376887
176.42690707680882 34.57341462225067
106.65048242354017 224.9587122684787
67.0121106691266 176.74359925810126
55.85345051090862 62.20857852088613
179.71340136575262 114.25214640692508
85.4483669128774 12.18657183519603
206.12273700350192 94.83660545719172
122.67319980840725 195.35795825662083
191.6315913811029 22.76286999360358
82.29310602035456 238.79958573555078
246.47599861010812 107.34248849582761
211.18022809787584 196.7187613368955
8.727136912076661 22.325846658662496
179.18022758818515 238.64741883950745
212.14362275200165 52.449222692365545
199.82230215940368 72.86803530831659
159.31818314548647 198.4295650306401
78.55900541004254 224.8884420430047
245.47617570257736 117.77260752321101
65.58003026045218 246.76746740972357
171.4713837077932 80.40585044310319
126.36314934959755 28.741669792351377
148.7775300792758 100.6683117494678
242.0370482196224 117.11669628704985
53.4516791842827 18.669944461010612
240.31619296162793 54.494401614239464
248.2951942807321 179.84277206428277
223.8279160302002 21.32976885255769
70.12944895501694 144.9026216952746
184.35665978021314 184.9500872559825
52.94004650762699 206.3883355455236
201.40127200891155 187.87241621246622
25.45588857698766 158.88427769084453
202.70892358226698 231.68931248667306
54.70938827471278 75.57198643603886
162.60774142441255 207.18526328160968
149.90832159987647 150.33593970322227
81.41251021299858 184.90325526959995
236.384739858656 193.15961159160017
83.28966871745638 171.628259475226
39.31108742896175 12.239368858225408
193.664649728385 10.416269721436915
112.10469687664227 127.51987439696441
139.81501210543558 215.65114086734363
145.95917726779388 139.98298981522098
109.25845591635836 235.0259144062391
120.9943591443777 71.50452681025288
92.44992511348148 186.27452403919585
190.12829507919966 42.012702355928496
203.48369004072777 159.0812597686099
101.51409860610997 57.31252960720579
206.4328994390282 111.32640508039604
144.44673358757677 61.37608286483226
179.76145664906696 182.74804537423694
73.20020762229481 198.49987322711394
162.37406631732858 209.7973751812053
111.37555572927934 170.39960965351415
29.03905657809694 129.34789400859043
103.5667511238868 12.47420004854985
85.48421583326704 201.68783967039775
6.583336468897471 106.42432660651693
218.9346422366786 143.93011059875957
27.33595006824252 186.23727608616463
29.966688631620777 118.72962215900806
148.310781624613 122.76704482528342
240.79442416105513 91.27752065273384
34.26967473840392 104.74294477405354
151.1490162201768 161.16175539585228
140.71811773622986 25.85576082496749
4.5402527680756535 56.919675147644014
236.26800756082454 21.21618291997185
142.2152743092085 222.5066879228144
195.39298207303213 61.6673477912843
14.417026802990785 220.63807184797375
48.181700699728104 96.76346466967756
38.02587489190803 45.041976543348014
185.635625524532 22.75967503419632
182.68168817528868 38.64837507294702
38.27879294604272 123.33299832481096
40.432195849584296 8.704027097885952
157.98060547498653 204.0021932810824
56.32597801825673 68.48864781786484
56.672965461198736 130.31449890398952
213.99020520457273 193.09070354150782
158.8336456477441 21.92638132206881
189.7159554119326 80.2042557814921
38.36457535987387 213.35399481797197
148.09336363592647 36.35471727486122
55.99858808022945 91.22738708951117
123.92776355410504 191.58353709410372
125.65584625076006 207.20281625548418
87.24056522872422 19.74665026547795
46.31746469604203 81.81410090275578
230.82780191830557 152.33363158403947
214.23015093661817 249.5379765814145
104.97998082349089 93.16535261643979
180.28089980741353 15.899770701239962
237.9805004092679 215.84346373599595
123.70756673670539 61.1546710668035
33.49803223367273 178.82049382002614
188.24180410097793 135.67532468946263
23.268080085127625 192.63080065299525
167.20181037182076 47.84510646369328
181.86984160416745 193.22103153398638
63.528722485180964 8.18387237874943
163.18387425716526 105.80384191168848
147.41749476066218 57.88215548303849
47.69381239261975 198.19395602594938
27.44348802760929 181.77650922375827
30.182040778342632 76.2725448179763
242.00511037939745 70.23582462631009
117.47265369571109 94.37310582015878
136.23737004899925 165.31168655004305
175.2976348746174 43.399665137409976
147.20782585520584 147.01301154778503
217.24264916810594 205.93050766355228
197.36630569553625 137.85909856498816
174.98072380358485 175.4901776052836
182.79262812288283 62.47146099674608
164.42139154427002 34.043273816751956
65.15991904455248 28.414405762983012
99.254963873936 41.47435718975439
117.94985735142532 196.99208863741458
193.40367265612366 223.44513745887159
193.46666856719412 102.05809960301168
29.072035748599927 220.9226684574965
38.38684611660451 58.635691872988225
200.6210773000279 137.0267657980663
76.67314187317557 24.584973796726693
145.87224094441643 164.87725616761455
161.0558648875637 6.060702211184793
224.16960880951348 180.86424815164455
115.00316383131005 160.67916755493218
32.58162975986628 18.75622106553021
215.2035083079942 211.3890690328039
69.65134531410688 23.629935323636442
202.73476227723336 170.97058549956316
228.61918625435104 34.85117007672908
229.98177892194806 83.4488820702427
13.606694107911599 63.49240469359779
133.74006910932295 29.392750821985754
153.5551602757737 22.561888809287638
237.36819151762234 226.09433409187898
100.5154423508848 153.9194467432867
26.428655707103676 43.307746315840724
228.97064903021047 90.94208355961364
184.55522563209286 131.2310415142389
51.1277751340149 5.604735531478722
26.100334873409736 245.86391214616015
5.6834179661609525 138.58968931059823
46.08897305751319 113.35701382015567
247.42394976418066 158.71814240334916
126.08016901626873 190.40478890862562
26.350313887057748 11.68247367118272
177.3161423022838 23.370508064551267
238.4572674274392 135.19838921053324
143.3108836775056 100.65861634880771
132.4327913095276 138.33857100876082
240.15421828979666 181.60336724001004
103.09564471608684 179.45860536604357
81.251822013085 198.56463755953837
246.4290411929691 58.89186838929555
34.29627439572189 111.74324398896712
227.46375916849868 198.3688869867331
9.830283061322664 161.20577480984724
104.3750137386127 88.88722792623385
5.310459992079631 117.2092659541239
168.03971529511986 14.520348613819289
83.84433423119972 107.3828220494443
133.8145310734996 200.99101699921823
155.37199623266721 78.23560509815081
104.70094602075456 240.6930013014375
20.391593329216946 110.70507843380733
25.107222977690718 217.1362756327592
106.35243191414439 77.37993978836505
125.08632721728729 215.0340596700761
155.18818517873777 246.3822372553152
239.40781311275566 182.6003910417243
132.01986248523212 138.76606979274175
2.400905317020002 73.13264848689985
98.4507054297539 49.54043490419366
160.42481736909338 54.25755944416999
196.88357741130605 141.98955242829115
207.70706326478154 245.7246270328552
171.27164144247178 98.10137986265633
128.91239690648752 71.86013212146891
247.01890980288732 171.68675546762353
66.9902094780541 62.871841058151325
100.14661847864897 119.13062863221407
200.47005677931142 128.26164354070016
175.44740485702528 108.56496292712312
173.6982288204391 52.838025443729784
28.520996752915583 107.6025409071614
83.3991648526134 140.55150773489277
6.9754883069572395 34.95359239826249
249.04902564481753 11.817904133553187
119.27197761473366 225.25016472054125
216.48542892959287 170.15301194232785
212.94101069374207 94.0500640340117
165.45781368960382 212.836230991434
29.96149946162449 16.643720739310087
50.76129561449541 237.73589410817647
147.8146987733594 42.26829894025511
154.62815613058942 146.19595898954037
103.29667012321359 145.42679164928512
192.32658684079715 80.52653349564106
69.68990303269537 32.49058427240759
68.25799266251096 35.56506847459354
206.11798498468696 209.56480080543497
59.90564478966526 140.65325935134584
202.03939274790687 47.88838972743026
16.056928896418853 210.407492932047
220.94108788566413 48.88195704823156
19.39394897240457 104.662383548745
214.2875026072699 36.819688257138885
85.08449647490524 23.750392149797488
0.2951985650395672 39.7262605467302
19.83436284786161 5.013048551493149
202.15106075704958 192.40761722185954
197.29100671114438 35.065083265472666
82.54268170335277 226.483631970146
133.4758672447416 15.55963537831953
152.49016074666483 176.40632483904352
171.72536456054013 77.11159569593914
142.27128761210423 73.10704741203466
125.67855257483532 8.5348996631677
90.00311429410812 68.74887574979482
201.89801123606335 105.93845260123929
8.395708754508291 199.63180747611239
208.14194136765906 106.33713803400776
184.428895790344 93.30257362818186
33.25794972466723 109.70123277981814
56.68025891566536 118.66544105182412
90.78587127955548 31.154843050086313
186.9258716134939 84.39168882190049
40.83468104816715 243.9513803557927
170.74086491364716 245.6063646184204
123.6902842744308 117.22919756082887
155.4964038770644 223.70147044667507
207.41069201731887 40.661704460015436
220.11799442315782 4.047787518537543
143.32391306593942 95.95193845790001
1.075593522846502 11.72110012471847
185.32602432666252 20.394694741496245
167.36470192037282 141.8530192604647
213.74774858683415 227.20612518442488
139.6342132463541 12.309914787497627
64.12430222010562 243.79116989476498
192.74524171473246 216.20851057681534
75.09077969061592 72.25837755563236
198.32138616226786 93.21662010585669
201.7699059803475 157.98889718052146
106.06188175455885 83.72742964816099
164.65266661837916 35.50579367324894
219.4829124026963 81.56459083221668
111.64511951501422 108.90099462757863
201.82682940405616 65.25030493751632
25.31821506398296 198.65599456769755
242.62470710678227 186.72947496545407
87.6590670325062 26.938856443015744
127.45527015635383 105.94297633245844
241.3178284156448 168.9056263815337
242.5305996762885 18.516524843387895
132.05656410768364 99.44564952092269
35.7580190711613 66.19514040163426
214.2239991648862 55.84776951606191
98.10457423334188 165.43736862102568
192.91172742584854 61.90053814790633
14.474963073857538 47.669626397159156
139.34221105524406 71.01024242087597
71.6089046595865 80.81591658943083
198.2165655851041 100.1684811342497
110.97256890610032 144.2862684181787
8.998229647416755 180.77995720456394
8.261342461384963 184.77842953442342
164.30325999702376 75.15682814128033
46.542661637370834 77.11573537806026
11.242809719098773 200.51207922323033
189.10764893201778 115.15491814981696
210.87036996427997 19.827578546026626
203.69183101495642 156.16568230120652
116.63898300646034 101.91559737002734
80.81978003814916 213.51487493063482
97.04900062048644 235.05756399973566
112.11383767499089 105.57008349745608
242.6360968052744 233.88126565440868
157.13882321325903 210.92053738674213
229.66228222989835 167.55162518200723
30.302566147712596 39.89575633665399
105.62658283881768 31.637082544194143
63.1815345166645 47.20490518800502
154.22570370282136 128.5413845344959
233.57281492713372 59.35202646249563
25.675381382102458 8.47519737750485
143.91877526921598 42.899044551470396
27.06869104848958 238.89472457470632
98.24067331832475 124.34202691446647
164.54991968728055 4.7007362902374
155.31567412361773 67.04702349744845
214.34887071579303 54.62701679426429
183.95097256135372 219.22814755083073
108.85566736527028 129.94334776820742
209.2422352513162 5.383782184655877
153.47880559188476 113.1214158196473
38.052404386838376 61.20884617796599
142.1925439718506 176.12008522427166
160.2541240008373 193.25158279700673
106.54138229847327 31.315425686799486
131.2837258077607 242.53292506884313
32.17301888054938 247.53871867783795
68.95132667892858 192.14132920470084
149.07739087210564 113.38402099294665
143.75590500746085 150.59326542158303
106.19693106368075 239.93716308778372
212.77171800380694 234.40450595740234
0.25226312153750485 26.243535304494443
7.659445795323405 172.4450772662603
9.455602651590983 186.33727491843217
146.04647567088767 129.5877003340136
233.32233980242268 43.96840538586899
119.15639092025529 138.1932900803676
244.82189309723185 43.616924177746455
92.19358304317454 146.4972392668472
108.6988887866529 124.0450191959915
100.2901016555971 187.45980424574734
5.541453053423739 40.97012273541892
54.6224282007007 191.99644536707416
233.3154117752785 227.87602932032826
43.53601587404743 82.31778465999962
79.13518287581697 39.13587798578588
74.4911431606759 175.6577508457123
28.416817470137246 170.9374729688355
95.20893431114396 65.86116842750886
210.47717971397108 180.47406644929325
80.12180424172371 70.81388953960254
148.17059146767278 72.12061102592773
24.414694869670072 54.30502671952339
86.98487683541644 37.05903350427003
29.12397139453782 4.393374370242675
25.163206158519525 76.56122279107677
218.6567187005153 102.93162995647218
13.149822056996053 153.7027511897008
30.224995339124288 147.42556901786583
154.39880123275992 6.754228525667704
200.95992230287635 118.4849450238504
65.92358522755943 13.144412529969312
131.74593324635165 117.02419699861144
62.09125007307967 24.808427025238444
44.418802874341715 192.84280492521708
216.0285174986729 225.88120445842833
64.51050837217079 18.248651069852823
244.1134946575708 52.48909613136218
43.62280474002198 47.772023903350416
246.69997621928025 93.35782512497332
147.98854558727774 5.621533668667883
31.806153175847424 167.90418757036758
145.4215307501834 125.47223580764127
161.03295400063843 40.45413501056577
109.92806498992825 145.04408282596592
244.5838513125194 8.615953205285853
180.889807082188 106.46993764810445
46.916663436956135 142.68480086274621
8.10497818977235 180.18285156260472
171.77426159212928 227.76064494030047
76.1305131968338 231.74152074713797
242.05109427178706 15.104406058033149
233.66431830143145 154.5435876805536
115.80359090963884 43.9991722024414
232.56057803772583 238.43519083730615
218.39608849637952 113.99173384812033
245.3126919040469 49.837668761629814
75.39758487388401 118.98334798713142
130.2587230573534 99.75500999200307
169.2611952515055 106.557573527599
201.6403037134577 87.12546682915551
86.22457482834875 124.93666986821525
15.122228843519297 109.60490855025087
87.3715582946997 44.01263733846786
119.03151225506225 19.51678584789479
129.7201169601839 120.18239495429783
2.4451725016463866 69.23740646145654
139.23155887630963 125.51102188454944
38.017046728855 88.5474265501571
159.60454496801478 5.841732851633447
225.4987473894863 147.7368896904088
103.70993313036337 89.70384567568986
242.43699745606037 193.5142452094421
177.99994980479968 120.22768084513677
94.69779451470292 232.33268577317085
26.45849484716406 26.72153682048303
48.662207470816064 5.703569695652389
228.78728495339462 209.29862952160286
99.94858045112048 217.0768316858141
224.03758558102774 15.457157069082378
199.85014586664192 140.92760925957452
51.51600981143886 80.42774280348877
166.32515413187255 91.83985153041108
240.82823659524584 201.52652146272175
143.94825062519655 24.88715950905157
195.53211731335074 115.88433957635976

8.6 17.2 36.0 72.1
17.2 34.4 72.1 144.1
25.8 51.6 108.1 216.2
34.4 68.8 144.1 288.2
51.6 103.2 216.2 432.4
68.8 137.6 288.2 576.5
77.4 154.9 324.3 648.5
86.0 172.1 360.3 720.6
103.2 206.5 432.4 864.7
114.7 229.4 480.4 960.8
129.0 258.1 540.4 1080.9
143.4 286.8 600.5 1201.0

2 5 8 11
5 8 11 14
7 10 13 16
10 13 16 19
14 17 20 23
18 21 24 27
19 22 25 28
20 23 26 29
25 19 31 34
27 30 33 36
30 33 36 39
32 35 38 41

