512 3.0 0.0 1000.0 377.5896415534436 3 160 240 100

194.4339000585918 165.004014988186
25.171639064837965 54.54250320430712
83.28086424772042 31.590101122599744
147.59050527737278 100.68586965580317
96.38320677563725 0.9132344861922381
153.5360726062204 122.00511455583096
33.33968746737332 45.60162496103051
162.95357675941506 99.89069674788956
123.71530474898698 210.91768805810472
57.9532663338809 234.0162074970524
137.0112437967837 165.3208954378993
83.850321197382 5.465447981270744
29.042876785996015 232.04417272602598
239.8745477256451 17.456156498656032
131.97889547727462 69.50859795934974
105.50410143308683 3.598203938075639
164.1152334125086 192.3063880545108
105.6253719828312 162.19271700927982
238.80966706757044 173.61968595931265
27.729057058000496 249.2473945637283
117.10690421783673 58.94183499538927
103.0058427441659 21.04381767724986
244.34228962817576 19.68988917861167
64.45277251032807 200.60886190127866
216.54063366052674 171.74542822494925
41.84551280623483 247.5629616160189
135.61622816463827 240.10070876553053
220.82168598273384 138.08146479357063
236.94328091773198 241.12106483353097
103.88512317564339 166.64434187421315
34.919930279401626 122.78981452415003
19.28544437294691 176.79896374285804
197.75842979731195 82.81411418750592
204.5309690463466 53.874073820101096
66.06204372665678 31.11008788188488
89.185067048588 5.802072391031338
203.44662855657202 114.05822001932381
63.942766287484574 175.1142445995908
11.810927447526737 22.898784460111955
107.97113899146271 70.76830526644792
93.07760595654128 111.64851523166152
23.347698772018504 88.98568855049768
230.3627070103577 137.72094809868233
62.39438162996294 137.03624676203378
127.56127905940973 141.46077696377515
178.2818758592665 154.21596568205345
248.77061067983632 31.662974734116418
237.22172135147343 66.44340556445994
57.50337808928705 22.352210394789797
191.3303573781085 60.65103016899742
130.04215628174876 119.10588183840443
82.41774464210219 139.75102154345714
164.83410269326336 205.5191193959066
85.79517228221995 155.75466600760492
16.947146187962698 18.110837414008735
30.54510881625294 4.464445093215308
105.763048574221 220.77562529660065
40.751398031548675 60.69176167878404
94.52659417975117 23.82849120514982
83.07368187705863 239.47376070898892
92.95976775157582 94.37235673804351
235.48853139308991 180.55893830541982
184.91945214503355 202.33493473333775
206.7567339274484 20.8969084817556
98.3210625240967 93.54122017017133
65.85544425914317 190.13773088553552
48.97114329417943 230.3767638458721
37.39336617233649 100.02400735349853
62.6915399374153 70.26479431040511
218.47155593478024 132.08982384114992
221.83822296580078 204.17716154433728
171.82501416813076 183.3382471243255
76.28243199195015 87.86219323890835
233.02068112348678 132.6700298858146
197.53898247315473 105.81696278823541
221.0895138462184 133.80755655997615
106.91344245141232 103.01251415549866
236.05182313000083 96.71620783829616
107.3552821363167 136.07995792409722
90.70339450139572 98.68265525228662
183.18692900437077 79.99655214631073
20.61769540011796 81.20891229690325
122.61007433485536 237.9795008355663
134.2684589492997 102.5175311687695
51.905837619273285 86.69113264430186
146.98337176455888 31.511107120804766
138.91426114654504 218.55177618175935
216.0000932209059 24.57780011393107
42.02008547298844 115.78769503306019
199.20725926860487 128.36336414090772
189.10039638989468 35.1649863967613
249.07500089538806 183.90470570903148
112.43277310666086 115.37850781381415
218.39671814287775 43.65551889269803
170.86656646136012 152.45488985114116
220.16807980455647 177.2019331462968
161.53123954558816 53.44717901314277
239.62559756494377 148.5825167191082
244.62937321397024 36.449115213308374
40.46779097812636 122.05684047623386
149.33984646926362 56.48322872191011
222.3640623021906 81.60809266748409
237.70387021401666 26.619349518988617
206.83995867180454 220.47738710258508
41.699210512528815 39.99830923427983
121.1467969984086 167.50949962966413
171.37751584650854 189.57770379368122
23.306505341144035 17.441415642074354
115.84985539471148 120.69998539863738
164.65115450442661 26.360317966727166
153.2056208641128 150.6451041358129
140.0301818799211 106.48825680623894
109.42683662879347 229.4023931676765
111.811626099296 49.80974813365655
177.95901280353695 28.320819147233887
30.416392301812646 225.268371933905
210.16636682323588 98.86503861815993
137.65824124748124 33.15087932232849
72.35573219969108 198.91562401788616
238.91464850744026 213.73100887888472
229.5024234183088 202.02846441564913
248.4662927398746 155.68047869082713
63.42418506735642 98.66776010433182
29.133466509180998 44.295621123530886
82.46535788901527 99.19201795110394
108.41863888884681 231.72414212126978
195.42809175810515 98.94048331898153
139.79208449067715 116.90653985001411
197.89642371490214 241.5878508237522
185.90183874067833 71.30232642183138
160.62793557965736 246.27099726329882
92.73032870716702 201.42218288546422
29.501692059722 73.0172355129769
6.520629527496574 58.83513992951295
180.68485802539539 225.7577165307766
154.4607568278295 48.219459861754046
45.91225312827901 170.56787329943663
14.15055210981983 23.414595061454158
136.9848510832262 210.7923950674143
175.0788708465898 142.92156554287098
245.79446424390792 188.676090595723
31.910493484955893 6.2678492482869945
196.03666273369794 205.28552229046457
156.43359179374087 57.07058607974372
4.445760438044122 31.041561890816638
183.34087871448835 34.34127855432564
242.31820909197913 98.32490215108997
212.85786948642968 71.59168835757107
141.34325746137387 114.16481050441898
11.933252057094057 83.41236399232771
99.42482197963956 130.43585313607656
73.66613504823427 141.77687691418592
24.119071085158318 140.05576623234757
142.1088141211305 108.7394371322746
4.764685577581973 187.08533463884942
198.69988713365902 84.27442474966723
152.40336771682965 103.57052842431804
136.20856786506934 2.5175612616734897
228.70916347161705 48.92835003131893
117.49031198536875 150.12237887668985
233.57170485462856 144.41610913935529
72.85965166147035 73.2203007629512
179.31009478021667 113.55434055946445
50.93063806287807 98.1713399279194
213.41177996735874 229.53605882222655
207.3013259590435 123.59781852867991
81.2477687769665 17.03245403613618
224.7247191999479 3.1601399465652493
64.80729778741481 101.6134705177801
171.30034794345616 171.08728253548637
164.59958567673974 158.18299159708673
194.4155455061597 62.871884594284474
159.3072942658204 24.780590808327396
124.21441575995063 200.80481039716676
182.63510915804568 73.0042534842909
140.71369223869192 236.67763353316096
210.05605121480684 122.50277212838958
162.1756297104783 191.676300236674
24.13577638778422 136.28616670812872
3.9661273485468165 133.45015053889543
248.91501207176458 226.7317447235809
209.84473466222738 74.83235190874912
209.454440490695 76.73389168912296
191.5852703304654 78.84234663620235
175.2842158449951 190.1836052723876
5.86546591096454 93.74602667973639
116.06074102292071 57.03489767360073
166.17886288212193 246.08655046531274
174.9734621519271 198.46176085542345
160.01457918792275 65.57468766374194
157.0562427417627 201.23161645007582
56.016589100990274 110.12278939911602
202.83553289396755 218.1054119451534
177.37038139343503 190.5909133848816
77.68300512251805 154.13117400915803
65.53078939737611 29.993367099162032
116.34029042651117 112.26490429790731
88.14213956426734 97.1619761781132
125.8253467938095 68.60717352367676
81.98815143232241 204.0653482036151
247.74960789125302 22.978675881750593
15.037683253573132 121.24604530342947
6.1547258809163115 110.44882014123777
155.27176558212636 194.66504666679197
211.14908149746205 125.24834775041907
148.10829991040123 199.11790663034066
232.61050547540825 175.3188168447354
96.48788893224075 228.3658627336281
116.07000104653417 181.65368247920495
162.45940071979615 98.47379203356316
204.63076918321482 184.87961318927285
25.9599918231605 5.894336570528541
163.46373398307207 15.454390402947965
207.3502854533848 214.27054154194144
221.84824174889957 120.24032022085113
60.77246319834928 123.14154089472476
117.89370421944653 31.47199840182732
4.368417201790903 30.662896917309418
143.16716812814875 246.86502432864975
82.76152030990158 134.28739178285574
6.78469614492036 219.0956165088165
129.22727030994855 180.75161799953028
154.32182121388684 85.11861456453664
133.1407068671969 177.54980308789217
175.52736295439723 31.450563360832433
60.41484497737123 121.5967371265935
9.146500078284658 53.59861814849393
10.308016980892482 202.189789858198
165.98151480476906 149.64416061448628
97.52004098195508 188.2605979060913
241.80647092421225 239.3004917848543
211.89288346138747 131.24070798207714
4.549187269521998 115.53855068149579
91.58675769515156 150.32523728329994
167.98037198746047 38.40220264783428
240.66620863187208 186.09255332731584
46.9667039413546 148.7479132738585
198.12282184344167 58.01813248432619
83.73558335946318 8.590884292812406
89.27277641535791 170.147705507524
131.72492117171214 45.163935816400574
216.69160211081368 183.9895727759915
152.143852865045 105.15089137647354
242.21435514686954 155.05534888381837
168.071002113722 236.90026478209447
42.015508178903396 167.32256606118017
164.79353310146104 5.864098381168775
202.35028933966865 218.21138107845132
157.96799082125779 144.04625197613666
120.94335558900191 18.36438110910646
233.07082465415104 16.44016713513363
27.186014994626 77.84487559505826
4.8897052660933635 139.03224048930963
56.603049367344475 184.5635540029277
192.93415720527167 3.9563351663949864
200.9249359893695 33.61401035737363
96.76935067910222 152.97838185332665
175.92018552660647 130.49590281347392
242.15806285219983 189.55467622687465
25.810373287738305 78.05078607756874
159.5518111816313 49.82416272866044
148.45645877957526 166.856242065928
98.95525754004503 20.127592792143155
63.14863217076344 228.03196163236294
10.619311129474701 87.33364416418377
224.7854266574827 26.24962403804612
175.00767121592185 97.67624629074109
150.19686971711144 133.91422645133858
77.83133994904334 132.30834407092402
47.0612137568229 221.13027200884193
77.39898172498536 51.96079353635502
26.933828419621108 235.107104056743
201.39641753281134 28.299046488105496
199.12366196675367 71.98967153718164
26.639015102545905 233.1068045620042
226.7886105618788 244.0849347452799
10.005564420095176 74.35339395382131
151.04557155063324 170.59927594595652
117.7846387019143 166.43818334261624
115.99720047976678 5.119261386167473
76.36876651914409 21.332851049538803
104.1089581614439 43.73671377695956
43.62209247286494 25.75357810872822
198.91810757659533 1.8887474261849724
207.65767631616393 87.16934189878222
236.3500197309782 139.1479258018507
158.74840188636648 3.8090184939906235
173.643058964692 154.81097830122144
224.1527011591462 174.6212146702139
105.12734557941091 11.442894493060212
133.80542431957448 154.78368076584027
43.02690765068848 115.54580591939481
209.1194357961782 139.89192347001813
145.56995799017673 88.49472185142193
4.9445998538071025 133.99373803980282
161.9089911204549 102.39513512331347
216.9324420040511 102.72060022625683
97.14461893128218 66.79099619977502
108.87034432829279 170.77145696982063
40.88202039240135 185.2807824965099
240.87374345235526 52.85196200527093
124.31180390627749 192.05775953619988
172.29373905335135 173.73522859232642
3.4110919057175613 239.73760142313475
104.30824287359275 57.781526436464254
103.54545720724504 245.42458513830695
171.82216759546884 215.98576437541482
221.674017935489 69.07886438654579
35.0761076960236 84.53869537441818
155.30113541386828 210.03998011122252
40.00437866760584 156.95310164299525
28.590629539833905 54.48336331204543
13.501106798788992 123.41809808556816
132.06173998717193 41.985734729965415
39.25088547851341 71.99649652827864
36.31075573123188 141.75189575122891
141.80894948382777 75.85009066679937
11.524768857724382 197.44563769772972
152.65845738853275 181.6259282742541
106.45564625711681 226.90804996491295
2.6855000459364007 205.75928164390265
28.28617541810599 50.21968796590398
140.1929279225039 122.14908389523157
201.41402585006628 149.36584630651524
235.47301365421376 154.3975538734194
121.71547858740387 243.24306768390437
125.86610192299361 42.85925737845903
48.91620302031541 48.50128257758471
205.9510110844064 160.5392107117086
76.81965578490322 212.47117383077583
108.6748732105678 161.17743013054667
52.95089880275844 136.83401242882212
96.37836952452031 131.96574076186923
32.183360424022005 65.6504243001953
25.091403930200233 95.10316217990234
24.82486447519483 193.8948847918381
220.7730491370804 8.141021007544769
181.77774875814112 244.28025521093258
0.17319762962939023 88.39610159718609
101.92037373760141 181.87786814919286
249.65918583435572 34.80347978597859
53.54114941453056 63.22276030647969
104.9653690486303 16.126653130659196
33.9136862503884 159.75497706268862
226.98518175335894 231.31368036173765
230.7591904028634 135.41464456854823
87.51286462986549 230.9322430515305
198.0871620524935 95.9678469650617
64.77889884419771 102.60247238707527
129.32757181387714 41.377762188085505
193.34188824768458 144.45132652238547
32.625218766102805 170.4313827700543
230.9824827713591 126.39828046903598
198.30446624564206 126.3394609846126
194.0664671119467 211.27518463169855
221.57150476025342 172.72731608068298
3.450630935882576 152.82801241513928
92.29143899694947 7.338018278609082
200.30768149265307 122.25005689140553
177.116161773412 238.23632514365508
206.01937825070553 40.5211810755301
46.98901145181411 178.77801551204317
25.840620063873608 158.93929334800373
132.848405719488 115.82815222890788
192.98019682403807 242.01051172290292
125.38227717136921 60.17573662565617
92.65045630585198 138.43079983823003
222.47949656011352 119.53845191712008
71.87459541674818 213.69526377940764
115.95399506406984 219.40067221510702
70.14209887575845 203.66974182577698
230.1636213854338 197.50971725224426
55.83906546944151 192.1051718010862
55.598770304777666 69.92316698177395
12.625699996044792 90.90003325678961
4.403990247268369 149.97656707017757
78.70702412998054 191.38194203604638
43.41120865212641 18.306071898144317
168.65928765881878 20.560407889283816
228.02264545550725 94.29248873263619
118.93060852304937 39.77403836186025
128.17315708023426 108.20955630141671
212.9516388763068 179.86121954463147
49.27257828190149 89.41633227193051
6.843847969516315 215.61911447563926
176.91179003632428 1.297774077991476
228.08401066955483 237.44910736823388
235.80356884842786 170.5303437815112
139.15489248401056 170.53188184416015
52.106917764561445 179.07257862489968
239.18339913312533 4.237255012239927
20.56332472346853 108.35851983852416
118.73379941500848 227.2957120400608
87.27596564763293 27.153568734970296
40.78613419445398 235.6974745911894
97.49855546913471 225.3672137995274
109.65665040434028 239.21538311725308
143.90004413707328 114.5333974047403
183.38440611787868 232.38404221579637
179.5249789124621 188.5756627734241
176.63046292933925 244.85185478746544
42.93881074257777 141.53090092129028
247.77892379041714 58.59719307955269
163.7018275663229 155.77835903846645
161.01998432487696 84.13963323214574
41.11662039367378 16.43236014657079
226.8284601334738 153.23409600790637
176.99721121926098 161.67622293359707
241.76808413309104 102.45204901335195
11.041519680957123 85.91300800712077
38.94878044273769 76.70384890455834
94.46618560839224 212.79955547195686
80.95307539821145 64.85852830452605
155.44708588517688 204.3448375830018
169.96133334064322 39.38567860721029
139.69479893159325 22.672368939004816
51.02797505283291 223.73230501945702
130.24184217397558 41.40854287792117
94.5241254556188 104.92371012523775
77.86543639543095 109.53528005666413
86.94870854977302 218.87956785365077
2.106972178723826 117.44492082360475
73.53754828193013 89.98781575994263
47.75042518120542 198.11000996875114
93.54494553302814 103.5904313750875
136.16841204982697 169.46591654866015
126.5650220332522 49.21342994570052
179.6581026007043 87.12080935120476
98.1231646038192 210.0996650559896
228.7910022923896 106.57609977412585
39.216154229376215 108.86299230426228
93.14350426119094 37.66089421485899
222.80904849295985 13.340498478748492
44.57792515839257 206.63985493272796
134.57118660569648 172.45811079174095
137.25915423842457 25.9441536601899
4.017250845403026 222.1676002088788
233.39597562468367 187.3124042818102
59.94506090993848 129.9733835787947
96.10916088659374 67.92197976868519
113.60691751417792 218.59643440971496
42.35657130898757 97.15062562931595
128.54188609839844 14.376563471774462
231.7170503554923 190.74905769381047
26.74128137772136 230.92785948816686
151.74859059487616 226.1748767294372
29.55519626997627 213.09569771275937
62.29772953257704 135.49497319707567
247.0100302887597 166.541936948165
65.93211040857219 144.90656363515296
2.1095524668777177 23.018598887752372
85.8195409720861 228.26877081826132
213.06375266925113 149.06323270321369
227.92583240565392 117.83386774696112
172.90291557340313 69.99600870798022
194.47455944529293 96.5557834886362
46.84863542416129 89.69164668346083
153.97073518180093 59.880994406201175
44.848629299135 225.38042117496667
45.247896654224625 32.702289763622076
7.489611846990485 236.94283078609052
222.94323858857243 36.96354672557875
34.754586748101666 179.6951340198995
196.69245451376702 184.75224553318012
82.4841559988545 127.31939975010422
193.68076848599205 43.70934251796138
97.48009751530564 39.012074098996514
242.57356380957765 5.93097133403811
205.34347809185257 161.69580319979463
106.78886722372394 247.8270696896115
114.38728797997491 89.25302862797271
246.27123845084034 165.31541393688659
114.11649800651952 16.779792022807605
80.83387329835084 107.53726822138407
218.17109966869432 187.2985321822511
60.72056028112266 149.65446104740025
217.51530876279014 213.8680792667866
233.4925305496791 227.61030642288137
90.22511500744338 176.6466629974062
237.03672084510785 126.57481711007371
66.97723602534248 226.53933056073546
117.53474652987248 20.84689199060716
245.70500618520344 239.21699842278701
231.6714102041033 194.09414963516497
50.488039633025835 53.016847523334604
154.43426236178357 112.96997477935977
41.52983593972276 131.96896159366756
188.21656916450314 160.88118215056582
118.35672767554995 185.7377163612438
15.583291566656943 136.0144616662475
112.85334124906967 3.5918762429243687
14.882175742539639 89.87581772993283
224.06362616810844 195.2725578182728
5.772838225828497 56.02417940126561
160.70859927477682 229.58747020747296
28.186342620160453 145.28253498555281
47.30872542705936 96.09199670707159
1.958665792166886 54.03045829954448
126.82688269065085 206.09050294606024
16.172227725215343 128.1137169434487
74.34685402134234 89.26201827644603
13.226521285997606 69.40423015712946
233.2516287434305 191.25805655783932
45.586179423763504 53.013600607910995
141.31106919634018 95.77010454308707
129.31381126618442 184.60274085325142
187.53994662389485 10.325322708991447
232.7674632399084 89.10188558082436
47.47182328032468 199.29964683019142
170.15688614886037 6.302891490716833
46.11103226400781 242.09345270291158
218.97961276401608 221.20410018744502

190.75900969081576 170.34070644693568
32.952970467846235 52.35732400704152
79.46466399845725 25.689350384741434
150.97768130795927 102.5409405784604
91.42855882127307 7.721751563634028
154.54846280593924 124.15412085869198
29.56291214836443 38.86451017325629
167.24753520881967 101.96816571488765
120.751037376369 213.52224711581624
62.078408478832614 235.8258523355338
130.39116789499275 160.64261817373645
90.88822753890022 0.830580084917959
27.16992116757569 228.4475214124319
232.47278824873493 15.243895841860367
136.0004691184445 72.30843112064478
102.39941193962912 10.24742499517528
158.81012496766866 185.80039146847534
111.89853042186715 166.45345256856183
232.8890437450456 178.16843377325034
24.701889706263774 249.14556360983525
115.77487269802266 63.85725424774416
103.84882884463286 17.9950480440407
247.0998471519318 16.303310339324696
65.33962765079593 203.00935154731997
212.8284240125688 165.4026191300271
34.98018673225411 246.94207856066762
136.02678214876832 232.7727313432068
216.34536211317356 144.82147638288794
245.19963324511133 240.93180816211208
103.97921904668384 160.2863366821097
27.209517753962547 122.92448280030432
22.227538415023396 180.8150976381131
194.37391869601097 80.10231255139699
199.7522486728315 50.2535493848823
65.37736502399343 27.240959694124932
94.3574022793371 10.154137344432185
197.87952050901836 113.51339711676745
57.770733109057396 174.2399406340271
5.712036236336482 24.875776361400924
101.75814776081035 66.11033877845706
91.81760804808702 107.62334986375518
23.670131330384564 83.25817077508793
222.77381617408713 138.00216319202585
58.10151424487128 138.81749663440684
122.76098340068972 143.31414855070807
178.4901390128406 150.62503329956405
243.92057420862534 33.99316622407
242.9228205324144 71.9477951347039
50.014446591368696 19.0313104127435
197.37466519931638 65.09954300034771
125.7301664919036 120.56280218423576
86.8124398035682 133.95391650620545
157.57528275201506 206.9672996864513
81.99542811253063 149.60302682542317
16.61309951899667 11.248060078188155
29.721789936326598 2.064628924859979
102.57619732180045 223.70090303424706
44.3813805181274 53.57920677541109
89.01056940507118 27.06916697405476
84.23012902903942 231.46316833009385
88.41914197688155 95.59206116901312
236.67254296015304 183.5758546558131
177.63185779074792 200.34253316123255
204.65809175018845 14.303317904138884
102.29488282288595 100.5787736580461
71.40109754160356 195.5370330664382
53.70281474201632 233.30966156858054
33.06672785939541 104.80271027152507
57.75989229637915 75.01690956257833
219.73935665162458 127.47434704162691
221.59029056872274 200.21179184246932
176.65439299926967 182.21334664656789
77.64151206263148 95.77244748818487
227.9571009960217 134.17122866108204
189.62513630961703 104.71480601028412
220.85544417503155 126.25539693217289
109.06551976972261 95.39115419003174
230.95019692339648 93.54574528370027
102.35925082951528 142.41321116513325
96.61100954992105 101.88146031856162
182.69411785382903 74.68858275253248
27.216549999768276 81.04345057123999
120.3050204963202 237.8762405982389
140.74225807289116 97.3891581317346
57.45170076087946 85.48881124955047
151.3059057708195 32.90794778049971
136.6398410492876 213.90642403581936
220.85696578803785 19.82782922876347
43.85593899751006 110.92560990550282
201.5686497515057 135.77171723643062
181.9565853449558 32.17758707315696
245.99804634399808 186.32588765384196
107.95729199962142 111.12230902949999
214.6016175442097 47.43412539818867
168.02134266717323 145.34993648122474
224.58957222125667 181.1262996815843
163.86325464628987 54.040525509667205
243.89614727604726 150.40961112735565
248.71738141399288 37.23300510100372
38.824540107709915 129.9900755031508
148.9058738482971 56.23416441693788
218.25796707080102 81.25890699812976
235.40084040096772 21.959471893325922
200.55834340680195 221.52010111143773
47.53388511089271 35.38409691414102
122.86583963939512 172.38849624082826
170.8850779619351 183.6122735943509
29.74621281593212 22.5337472522561
110.29788384953831 117.2939984798888
167.7380338511734 26.57867403756839
156.62647273091847 144.59466133361545
134.3927255023384 109.86438095724837
103.96908595679818 229.85902766910885
109.01864112220005 43.03013314020884
184.99979003007365 32.817467393065236
36.20124552500864 221.4525238251429
204.80661460207767 104.57471491397516
133.7427110449928 27.51856715752518
67.44378673600367 197.6687292442342
237.08378973565945 220.49877780442793
226.8855062207707 209.63067061665396
242.71740759733447 154.40122480053256
64.3667780958658 105.24627977176173
25.484287125068008 49.46525352658851
84.61053924238041 97.35051212518405
102.59951021909514 230.84633532659515
197.0079809344876 97.84410200616617
143.16876433923014 111.02681187695535
204.61444133072044 237.4574502512148
192.0121137892754 65.68767960313862
166.21747647766938 246.12290045879038
93.13540544088359 195.29246261384796
27.141615082807853 72.81072598477398
4.868214944243887 54.4031786624872
179.61210552442893 220.06266165127707
154.7899501185177 55.13817421452993
45.12461057199216 164.42819616821706
10.638136621633404 24.676865645294725
135.96035428859517 203.8735390875534
171.43588442241244 150.20568467350043
239.52124263655844 191.88344350742477
30.180394852971055 13.994226557687034
199.19536272994472 205.86969152249597
161.85226345171776 55.0226252949744
2.5633588710116118 27.807903640615443
188.71247651705613 32.00646919352707
241.77111432186913 100.48543256676048
205.45779561323093 67.57857218114468
139.51648794301008 106.23022651798576
8.50033549637888 86.04818234401677
92.25382555557005 133.45662074144334
72.06607780797528 145.69104659109638
21.286275994783637 134.03613148438203
141.42747013049828 108.30055263601534
6.948471757085128 186.59658698245508
200.6682749457553 86.05659664739437
155.98075382734413 100.1510329944581
132.74534976353416 0.6055614971246237
223.16105152220737 54.67737792702912
117.98560431715089 147.95357807128917
226.4881925984253 145.85445207501922
78.85634061900082 73.21645029114806
173.56689356449888 113.61564495127111
51.336347992041894 106.1478881622597
214.47946484352155 236.9959976936578
211.70438301584204 121.13595926142662
77.69377138974093 18.361365001525492
232.7057380482088 3.6490178504880455
59.87980659603625 98.23077062353639
175.74199766929274 166.6219961625573
167.69361759298172 153.99501103591385
199.28450177923742 68.31745846383112
156.13228320831234 18.81999810427695
116.69398517534832 200.08308163473225
175.02192606991363 71.78707974657641
146.25878707606086 241.88329197889038
214.08019793546606 128.4023212107585
153.72446719694193 191.32896693539416
25.475708199486025 129.04500675005016
3.454548843937366 136.00413343683832
246.0945362688923 222.7191831243168
208.71764272564332 80.75970648464539
211.99368116767778 72.40161107596363
196.85734361218258 84.63048296653832
167.7890871459543 191.4737306048051
6.809842967247015 88.53495467905734
115.80700733288695 49.87162200737011
170.69236849213414 241.60927545600086
171.3408446740831 195.4444382150444
155.41143916315943 67.39936506709182
156.26388224611068 208.24561683409001
52.268173985222184 117.32047276361851
204.44537078598822 217.81854382043417
181.78501222047683 196.23859057402828
83.21363953974658 152.23304918349706
67.89438450021292 35.89147408000446
120.18675904591183 110.96037226914781
85.02305130818003 93.23372050694265
124.61849856851859 61.85831555797622
76.05674803013224 206.1978051774995
244.5935782031529 29.22719441743993
21.993540070986416 121.13279852740335
9.927770657887026 116.66808696421685
155.94352949630732 200.3644584848797
210.5353022752258 121.45308029170421
149.8371655169292 195.78394572597654
228.313224775613 175.63307693547526
88.85731821894646 230.1914256353829
116.82775458214503 185.09010093836125
165.00719205916099 103.58024623380072
204.15017316561122 186.40441425183644
20.75664715970518 11.213724034070117
165.4517892330036 8.691909852793083
201.72911879687445 208.0937528037048
226.2170933912153 122.94465294872565
61.77611636491409 116.59794017398023
122.94977005892954 28.365547455863172
9.224128261833469 25.884946291481942
149.5564562749463 241.9957806439181
88.47717184316187 131.21850780995132
5.355604206872505 225.71777558096338
136.07756081954096 185.52930701130566
157.25166273520975 91.3903857604182
130.5231249687839 179.06268991305495
179.59880297845226 29.863672261506157
66.30658526535338 124.5322104523989
4.701721246397339 50.78835355566266
14.42273447121925 200.09273934579653
164.60422796287077 143.69065718436798
94.5171750204522 187.5083557378232
239.027329214355 238.4502430227756
209.04964910187954 125.41818972680993
6.748822970322505 117.14617642621111
97.30270638426452 151.56216354860692
169.1452174639716 30.39329976242261
245.32685763001575 182.9239531555364
44.888336882818095 155.48070682608088
198.15858963696618 54.94119805995912
89.56257649300514 5.0198107330323705
91.35685942244231 168.0437524359674
126.33855747824788 47.91116033659543
210.49504909614777 186.21257716657445
156.63144499267293 105.4523484807132
236.4908442868132 153.4319619861754
171.1871870326378 236.85624186054395
39.14324641843825 171.4854832428399
169.74517452639827 0.5327112938356693
208.6012621205739 213.69252698447517
156.9249667630813 136.5467439746133
121.47769208604802 25.168683829643296
232.2379056419866 19.446880789889043
20.909822732215673 76.16204139896149
10.495652140011469 138.17422900313858
63.61886261384117 186.89758889557774
200.20805285679663 0.9182054854992294
203.4418884721782 26.526919534870324
93.94580513357734 154.3896419647175
177.65432660814324 124.00697245525846
237.17210672351447 184.16489945489212
28.115310546319467 77.85534638936278
159.16733327849002 56.87628203703779
156.54600113475408 166.27106238811027
99.29211278135678 27.361302967275652
60.15129813764803 232.4976286051192
15.174544776387688 80.31974200222844
229.6240907457681 28.973625618113175
176.1539241709905 95.3400215707647
148.32857440586812 128.514959249018
83.7566308929196 130.70588487951588
45.82100462985719 217.5345800126211
74.30204201137752 56.89320936020728
20.76438239697162 238.22760406556756
195.94331196181852 22.48612197478103
204.94253990712753 67.66123805885465
26.433427616312706 226.19968396159527
232.74009115602541 240.45216190453755
15.93606185788693 72.47477712986833
148.51409346694632 164.36554717940555
125.5163665467073 167.17721651604404
119.79716801423793 4.342365872599535
82.57462151372657 24.766108786793307
107.13205153987185 39.92729290467795
51.01380479584025 27.82337310583652
191.65707034185021 5.714859084915896
208.32067220169336 81.27140142571432
234.00750151987455 142.59722993109386
155.30260570178578 10.845042746198825
175.25818151017666 149.07635938038976
227.72543651776974 175.75912235587003
106.25883722754176 10.187395063761345
135.26270163945617 150.6038059778738
44.007466359214376 118.75197831237949
206.25189861496142 134.03859817429068
151.84980389042343 94.10839589014014
13.009014889992454 136.04965889947945
166.5908478300096 95.52648570879852
215.76984780797636 107.03447141333974
97.3223342258395 59.29004993882286
116.75261396592299 172.44987785991262
36.481501858802226 182.55104288532712
233.7457228941593 54.18748937628132
132.06519764367147 194.1488416025967
178.11094349918937 179.7562278045875
5.26408339510151 243.73440724923714
101.15768649174791 62.73840446075513
97.30376220858241 240.05277407714547
174.52425523446072 217.04930085710748
220.4549931034831 63.58890352796195
42.885068725349775 84.13564453746858
149.09678725484196 214.9664357343592
35.127754202863876 150.55157739598252
21.68363347006566 52.416500161810816
14.981525591994394 115.46369238598808
136.50825905671263 40.939497509308225
42.97488760454748 71.46835552048731
40.07170872726398 144.55641658714495
143.91536433656063 72.46628941053565
5.238375104269583 197.04988389033034
145.55747266774335 181.2282169170732
101.36151357057973 231.59553415481378
1.036231586806463 213.9567968895073
27.9582086384767 44.45277857021026
140.613742517028 124.00567276074415
204.46347143389926 144.62791230332806
234.34946491535496 161.61679660536976
121.86428395494117 249.91893019897046
121.59613929970276 45.979151042677856
50.33968634314867 43.84479664047933
213.86266070303253 159.95016607856942
78.21251962898492 210.29601966151824
105.93734910364373 167.92103487212773
49.05151345228409 135.25801578185462
96.05673987698654 123.48880440816271
24.648152005299185 69.14409181930314
27.49845433630091 98.37408252748244
30.950101141785453 192.24924891035582
217.61244896878776 14.49966314111889
188.13478082054618 239.63259804216236
3.30870363715724 93.26827919115324
96.13250989962313 186.96581142455423
246.8532413211998 29.889461072054313
51.055561063490295 68.93799037487634
106.82258220838526 11.031334993197973
26.74516067233909 160.1917531172186
219.31917112565276 232.8670351530815
232.72889683985744 140.34646076325026
80.81107098163562 226.14573960802434
202.8109810598322 100.58370142739307
72.19420071065227 100.85715827952058
133.536039788323 44.0865238659815
192.3990868345267 149.05918671683006
28.244197756722212 170.20459230002547
232.9452782545363 123.76096179705843
196.37307290418937 131.5547992416198
194.61894526024525 207.76669655657778
229.4271730524462 174.477475460969
3.1471946042323506 151.23289951559565
94.39747753052951 14.50097824357799
196.11348027536147 127.31473078510075
173.75814318139487 239.3495260518591
200.70166283565615 36.11378925664416
43.08319085482876 180.87720342156194
20.551730315401333 154.00411061973554
133.99340175726095 110.0564724965449
199.40583805643118 246.10810038260234
130.84195438813643 54.05437092211915
98.7735791101762 141.2708561162672
230.4830189227515 120.43234353633214
73.04429938584688 205.3945271731883
112.61599333220768 216.57654392888026
65.7810692146444 210.86622772894012
226.57309885596948 197.64620663452374
49.01977235630045 188.3800582372577
48.21506016223487 72.32999453089892
6.71380641377553 89.95451558741607
1.1862630724228385 157.33085597133567
72.8308351239838 193.7202418465682
43.58754857412553 22.61193170156034
176.76014189103867 21.791494180852965
226.91037967974412 98.39251919847014
113.38134044879133 45.773263222743054
127.04899217610524 106.38570153906804
210.32384707144078 173.2431222666757
53.767198784525014 82.69304837637992
0.5380267933465521 211.8301578872483
171.91211147582248 3.251919558653893
231.2823663972497 229.93163713311046
230.78522294765656 171.99913318406084
142.56018365832094 166.8768344497698
50.59741634286532 172.82859603127145
230.96702466679926 2.5519481317716752
16.210776465289623 114.17066769724602
120.7513192726333 223.71793954927037
81.72080118756745 21.17637427499855
40.061192988200354 240.367194136117
99.92045229878823 226.29349070030807
117.29182206485963 242.005934034377
147.56788860272763 119.69150046118257
182.41312257680735 234.8751744206692
172.6439118475113 185.44027954568784
179.43441693653327 244.85085185920343
45.16265513388218 143.31997260048257
248.62160559920224 62.24182948931806
165.7184038072897 163.31491510943584
163.87953240813226 79.16219541192824
42.59865081904818 12.494541650080293
226.26357118584136 147.74742713557757
174.1694723246334 156.96652848442412
235.39573678479834 101.61013760389476
13.70312770863244 88.72105514268719
34.01403703693923 83.14058584842552
89.64629851670396 214.7424440626733
73.33721874657573 61.28357201719242
147.97815258375286 208.33246441523093
166.96479804574577 33.76334742443432
132.12675336923988 21.490481748478896
55.1486674394773 219.76065957086618
129.7539621330639 34.32584739779246
101.77459476338366 106.58130135564178
77.20988110905253 117.49339222003947
90.74113455919439 222.50758053864234
0.9304258362303475 111.49372308358113
81.63049372989403 87.4920444957791
49.02299734792817 196.17561721396086
91.72022980909769 104.7931735886355
143.52882034859428 173.0966101444056
134.3792997740533 47.976142669160645
177.02342078137212 88.57564701298867
104.09111474158111 207.33611653421818
226.97533240921996 107.063495958896
34.00856933892896 104.2034499512052
88.70035286383637 44.138492987800646
222.85235998437554 10.341438209012011
47.77017129778333 204.6926031333045
135.45470866435693 173.20075897429976
132.28027077015167 28.126609905944512
4.10569872809316 220.45239994540313
236.29236737377977 186.5902177855411
55.76782002030417 133.19386794596716
99.95163736647395 65.19492357300769
112.62149046810926 213.4838624950011
40.270468376495174 102.75692504187688
132.48923182657498 20.89544327988435
235.3946453813674 183.57991215220292
25.098332820075424 223.8625286844466
155.83978667389115 222.1145493494086
25.175734784504495 215.99591192779735
63.826373537517576 138.57878683344086
243.15633032399654 158.9828321742144
70.29846661992029 151.29087061078184
7.22780859771055 16.382621778096073
80.21530075825686 232.21578878563682
216.28752106972166 145.65407320685054
229.85536276205252 115.55572151631466
169.354042098209 76.56881874810307
193.2337276991421 100.60205204212214
52.92752208200782 84.79570250264537
146.88396635622374 59.463361351454054
51.65803105940536 221.8626129127526
40.421491119267905 26.657920768247745
11.311419806668027 241.07912506018417
216.75440089074257 40.11582690298657
26.68645944255321 178.68190121832706
195.74768437211898 178.486235529351
77.41529517925083 132.96347964529028
191.46469419014463 39.55793117072648
90.445579508172 35.86521358268443
237.77194992902662 7.17874987498246
212.61837651909173 160.4329427857008
101.12991374696628 246.7243121828147
109.80062574357183 90.67289879044202
241.6481810150286 164.30647240256653
107.88466893630475 13.317064964076142
77.55665812521454 102.70999466455419
211.38128129726488 188.59489336698408
60.51640760292723 147.15656855750336
212.50686429910974 215.19572305933673
234.97026319373384 228.47437158828376
95.3284499977799 172.14547170727715
230.4653545362278 131.23574068532957
62.05098980118731 222.0062775992862
121.5491498113106 15.560843005594267
249.68149672447083 240.11607942734133
227.58077696834593 199.45417596980707
55.09741300345425 57.06917951489798
155.95191973408527 118.8238411325668
38.88230903772671 128.71002496634523
186.97071432521048 161.73055132607183
113.74483902936919 186.967972051873
13.282315335781558 134.1937067481359
115.04599469577742 9.125497529912957
12.70305568045052 86.33689771311853
217.4535026873497 191.8668912380387
10.109501593849712 51.10660576182191
157.20581912488433 232.6025176002537
27.551659694698387 153.2640457473839
47.6053756386097 96.72799925751566
9.109573767633828 50.35765397782818
131.1131620122941 204.68502877321606
9.79683925433264 126.1394447169214
68.80446413469754 91.1687999422178
17.361528733112586 64.6962842953017
234.12651239161193 186.83503066545046
38.43595192861687 49.63029047099979
136.60013682519903 93.9473851725143
133.90040583039934 179.6269404316663
182.01433485696114 11.698459141099987
236.10066820637385 82.02269789648223
49.74507015138099 200.72929164666934
164.23815814885106 3.2141552635298054
50.5544782915506 242.40827868341282
217.57935423570035 219.46822935616638

8.6 17.2 36.0 72.1
17.2 34.4 72.1 144.1
25.8 51.6 108.1 216.2
34.4 68.8 144.1 288.2
51.6 103.2 216.2 432.4
68.8 137.6 288.2 576.5
77.4 154.9 324.3 648.5
86.0 172.1 360.3 720.6
103.2 206.5 432.4 864.7
114.7 229.4 480.4 960.8
129.0 258.1 540.4 1080.9
143.4 286.8 600.5 1201.0

2 5 8 11
5 8 11 14
7 10 13 16
10 13 16 19
14 17 20 23
18 21 24 27
19 22 25 28
20 23 26 29
25 19 31 34
27 30 33 36
30 33 36 39
32 35 38 41

