512 3.0 0.0 1000.0 235.43088293948182 3 160 240 100

49.26399877837226 53.57857296286595
112.89516132525723 93.16707417416609
180.19298141208813 242.0044902517856
132.7909702836478 41.85049085248474
122.46656726047821 212.96618296483155
18.944414954886135 1.866284593671469
135.46726449669572 1.3058947584247416
152.086398963506 102.6572104261597
88.3101148837891 133.1066529572642
81.36083281779489 22.172967728192134
28.610892041253944 124.44513701896146
90.45807201938422 128.77613023395568
246.53702865668552 175.75158669889893
85.53823196130486 70.09770206448384
165.3100589664865 162.18361863612634
151.05358214637852 41.878094480507194
99.83964199072365 75.89449244277871
94.92932586585422 212.1092654378214
203.4865354485631 90.39087175881203
99.30433690193257 178.2081618195198
199.638800113209 219.10657439712077
110.9145183877182 14.84187886788929
72.06642016839557 246.53658470826662
30.009951490861162 70.77700577683731
220.9380878722213 30.88831864175981
77.66812939716449 138.90224958989697
86.61402123966825 6.610630156425379
235.091056640585 249.35239041203246
73.98007304658843 193.8477781486947
238.05505393244727 41.024535411889964
209.58551612003427 205.36933071540972
183.60105219853114 237.96116114884802
99.14434724060231 132.9338723606854
126.58989716199248 97.3046062779902
65.31500970456582 154.13850387072483
35.36664470740264 230.14061954501892
179.43447690969242 134.60661754168945
170.05523988208648 47.89190557464329
72.80469464507583 25.31024760807127
64.73701282803479 123.72786619992931
191.29396303473618 164.77603871240828
229.88757028247244 168.31886651402016
160.7921102210771 175.63167368016008
214.4337195818422 11.21603839101054
118.41923761903064 42.96226733593722
150.90890186594604 190.54023852987135
63.149063910264424 151.4932066531504
89.18592928266983 38.0074802709924
151.89382141929252 214.3303058531316
211.89770509209433 198.7078208118795
75.25205404489971 218.50529355464383
126.35043573038757 0.08290796047821791
233.58688335939203 155.39264485817645
57.53409614088029 72.51007229045345
211.93661416973862 157.45360373343956
243.44192673975087 117.05665994177036
100.82571514317193 35.222232669726736
43.056191998694096 39.983236861027
68.97305985587843 46.23554089325152
168.90995683507413 231.15490716236823
180.5866249668849 99.32859231428809
243.47025050830334 241.50329041633427
58.710288887552586 48.310674551709205
163.38240266638297 71.7068644882498
196.15130371553042 238.6335624616483
230.14597036315993 130.235505944773
237.1108326529707 139.934267528791
51.95072235389417 86.48081805530389
67.11038411175899 51.76425036039522
111.21145136039736 238.29110351379856
165.58894114473074 5.624761262514682
147.44612692637577 47.67845554140637
112.14386394807335 237.46369994059748
179.09413414608377 92.03044175214237
243.58135822040842 27.790896056713727
147.94123148401755 104.1234730571308
221.67810577746738 203.90448292037632
47.9529007489374 240.6033392959284
85.72780784185072 19.187753686050137
112.58792362366285 16.472415780606458
168.99142910959407 153.0555135953631
59.76791166097087 151.6550231435975
137.22704479235892 185.0448184708393
116.24995398507906 158.26973287719005
97.34822420592654 220.6583332723434
60.77479716854539 63.86234207243699
167.37622683431044 99.01752360564147
176.12991541001028 34.98997741247481
71.13069403491437 153.23746612425109
223.19220878521622 1.770282657036798
85.28538380705272 210.04034312924873
21.842289231158468 43.77937869069321
82.29670646652002 76.35676761717855
187.73930894746164 35.7116009177895
211.56634492047004 180.3494483431454
14.989505544637211 109.41238337188328
201.00531614796037 72.23525275222661
119.1223958170986 174.83218896291584
55.04945045154791 184.6858256567606
137.48554822880638 157.23053872752303
144.43295913502237 63.74195329893695
45.5110282711772 84.84292181503517
172.3632253184922 152.03721640812097
163.32419063488447 66.36415367623799
76.20428817973287 181.72927856595072
246.81922318139812 59.756261047852036
190.58125977995954 31.71025867542321
166.0512138150321 115.46500644804874
57.64282945738916 235.28639323825837
37.88394182635435 241.53442626862227
241.7337516718038 249.9427614314259
100.16455321817813 164.157423244005
247.2959285439502 238.22026483622798
25.481811165147832 217.22997777456303
165.50108764221815 42.47843607036156
2.734076240444611 20.021536223632953
167.50943900546804 190.2590249619378
36.476016000433404 236.52509540860936
120.75371423751885 83.70648029145575
80.46750694436177 54.97015467554758
63.44256296159376 206.8354345338599
231.93719913854738 70.24776932377283
46.142555422253814 236.40713908365612
45.27915191130516 27.811112063464925
115.35729154791605 149.52676934242965
195.77996525075375 45.79065545565475
159.90031872148006 152.35809469766804
73.66432317213503 17.739318538406796
127.86134209339501 46.23971858441944
142.05926798958868 13.234056756960877
151.38384090375686 157.27770901459684
177.72430716716454 159.51131816750546
1.7532193350829062 31.202810629267052
227.9815133506121 194.76496806076193
62.456056984621256 215.91390411011025
170.46446923315068 144.3627630553718
244.44902513661526 249.85416752193993
64.25930524032553 17.95952025936082
45.869197671084855 185.25112668717625
107.59852839200829 131.96135317399364
127.81144507256018 33.50883523859815
19.22115455802925 200.71638742798342
216.53950720631173 34.34922816165961
77.96994493161505 33.453898703591086
153.20097709631057 206.16015764211107
163.55942689878532 23.71049719355531
108.56581895614556 245.61020917394603
103.6957596536977 131.63168894236324
73.93240555024835 6.371036325678592
93.59370792805518 154.8117503889424
101.03298920082216 57.33311872356692
137.68591610288954 234.23314470003697
30.084884585857314 215.13823780786714
125.77502150569919 122.48679549943748
38.33123550651757 58.500757435421406
179.06677113338196 194.47760428883174
44.59468021358856 131.55030653034484
245.31032242030662 154.4806141556853
214.93043164776003 58.70066806227756
210.22448321009838 99.08509215727449
20.71901575059193 224.8063731676743
66.71945900213949 41.91950158935737
126.36609974012048 88.47606560320406
95.02273136989275 19.030550506427325
65.80866564144274 203.6085860876368
111.59675006996648 191.88520622649148
12.141127875473611 82.12161735114366
235.23245973304532 161.76912815412564
242.14401751847168 19.60686170151077
37.42690820490394 63.98081927136964
146.3708808214251 17.783532660896164
24.291437732267745 153.99044811270318
222.0195060705584 48.418400834284114
100.96347378628143 128.50261544179438
200.96799035898383 39.422109899339944
84.77085234329745 213.17866346292902
46.03231685648118 30.10954012027464
51.19887858715278 97.43511604431241
41.61729204623493 9.07742162525449
57.276898887297065 249.78465714591806
163.36739996034427 139.20137191776172
161.99247537269045 224.75793944473142
135.904341279752 50.17352081735149
178.62663329453756 158.19988232537605
10.405065601687081 59.03305676008866
47.848156332283175 188.70347709689867
87.93118285853046 201.77950605408586
124.44396368385353 239.81987072479103
147.36101241398683 4.418142722456747
32.35973718690408 43.99929789964466
49.30809154576449 163.2874472290752
237.05686874570813 225.44061752925208
163.75559238440698 11.109083050411334
212.8882173977586 8.559231725186244
186.77662455088912 33.23070315384102
214.94337951342916 111.71539173417392
125.97296179200842 67.22964885247023
175.66211079339072 152.39988232284458
199.96048473286595 96.4475474212294
239.04709360596775 202.75732310493458
32.404117484895856 248.9781466444827
31.234100804972993 14.749307933878104
110.38709285105026 97.30763933226955
206.949400517732 18.727007351036164
6.123111994901842 209.20728670497
209.18488682255722 139.10017885231844
108.27977881631793 225.97634911867914
34.546561487138725 158.9962994507076
4.468837088662442 240.08805005726924
128.7856580402002 139.68220732091075
150.12671302307453 83.40445610394944
63.07617520113201 121.4828212117702
192.16820924081898 96.21600394384724
169.0003891951453 61.00561372487653
18.12327362075558 107.36303273152295
207.1428377590857 34.39934430138267
167.67160094846588 51.00230112841672
217.09591286508325 241.7066399452366
21.110080010026316 9.482972715963378
162.29099583969477 191.0044630994159
54.93489418609021 235.92378243002955
40.80530374140906 243.426377918931
234.84048874037126 205.46295485389348
177.85948526155062 77.31635001694207
192.0092502936243 164.15305371078912
168.31322140889787 52.542161169992994
205.15623746826466 202.05477833173208
83.44616957879528 219.90804389484256
87.19649891493344 183.95718159431152
192.34308451433668 107.47004248769468
234.43787834164254 34.09992665082828
61.37945082541479 205.44310944550986
4.88805439745224 26.562346935731256
14.404279162290202 155.8753740259977
248.5681837420004 169.46272947478457
144.08704847321425 103.47982281527182
106.084440380698 118.38214764304189
52.863544598394206 52.37523792295201
156.23533771290116 3.843308105283688
215.04917265674163 247.46409317870265
249.68139259664335 179.98373889408373
41.747795444534 43.005859839444994
70.21935193116036 179.86871388683744
205.67838647296145 128.05336116642624
155.2861229985841 139.00327404500297
133.08814420669734 36.10386726656714
80.83690973688643 160.1173762132465
48.524367762714405 143.90173060088043
225.39066764790792 80.0916719543574
115.19006511928772 131.93350678403644
64.5357691904448 15.203815944542425
236.232720663748 4.666679223403913
2.1582317338596226 24.05453135672364
200.8882424020766 89.14523475509314
23.48464483881571 125.94383805899147
37.410704575638555 191.9711679663771
40.53538136243273 33.69261033697554
57.958243589426914 121.18725651512061
123.19718033939294 19.34658210490103
213.4603794863006 106.31831277354468
77.43337605619055 83.422897679655
231.83313067870208 100.51866023725395
48.59439364087215 215.93078945551278
166.65813832427912 197.2285620358367
142.71786795581656 200.03018938937282
0.9079134570381953 4.760004353163732
170.7194366706674 226.25520628017617
218.66803624003944 198.01636977059806
125.81117812273015 243.1630225397303
159.05794113908763 22.074793577998435
209.80273475656924 26.624058053632744
114.29852497841078 189.59200099396077
55.06219397215625 221.7430080736005
218.99935831214577 160.72729677793626
202.99879244111477 244.15213391190636
211.63194740596063 72.41806546080859
119.82845446799872 166.189366021824
49.446993720770664 15.971886785471206
134.55147757403913 152.81528442871462
205.2888291219658 210.57041565555133
2.1849366358424325 225.9718003732252
240.13923312028797 107.52582977627958
99.14619878223834 207.6765674336657
235.8211998781087 20.24735832639993
195.98793906870193 103.48934340286162
154.261176835124 170.89741097266221
99.18849122604858 224.18547124374996
134.98294428932653 10.134067504261047
74.26491931670118 124.32678768532526
182.3953796708668 21.48513281360262
222.75474853455304 110.12264508260982
3.4221432251079484 197.17817850120474
54.374904316756734 16.63632698052239
75.95459944635114 3.4571238708360488
48.52832823756425 104.94536521301134
241.1426038927805 219.62626158563532
249.75304142178965 239.123503748493
57.73953746471755 90.3765586371687
109.59784477619033 78.99290157526892
145.9892979037824 13.881745198047218
69.66283310763421 34.86891464719394
195.45703441903595 98.90498410208743
86.43554647393306 29.30417021317125
40.14741904137978 11.886970793420465
133.96696395729703 201.78597449168882
55.89628136893285 56.681023177531124
1.8277069467126372 78.55988459054258
205.98478444445448 100.51903811555852
160.48087218025444 191.5852234110834
20.8030303943241 208.9229591792276
51.17832072886527 208.70941776654325
150.08466005696388 4.246639070738162
48.91708855864607 193.40452609808744
8.225534654439093 208.99803541430697
140.79342669299072 136.29392515158483
180.84965569385102 164.2931063704819
87.7765621424625 43.581136409353405
247.29428447876072 38.88934481890768
95.19187642876595 207.7915957486467
16.569658282368227 23.616642753546994
197.50016936664608 195.72801539260726
95.06289270377874 83.16707281319913
139.4636375743179 165.2222603022259
14.481505804316535 20.217159118702256
112.81701149241957 123.07903992156052
101.06759366873445 196.47482205140835
223.6732345454782 249.35855615617186
191.50882473853866 27.05978457739086
26.824916350032424 126.68549378034454
38.77977302012814 84.66708865427208
131.16101939199874 54.50498562712722
110.933193774308 199.87529799067838
170.71836132263323 163.86127296999473
15.37078210720777 68.66215050066302
31.63478203253475 159.44776182123678
136.9085895006707 244.45006224615565
159.7740387718724 62.70443330590478
55.4133762190098 147.9185599386539
15.696368988065618 88.0272818494337
103.60706867167977 71.65922186159595
121.13882603383006 163.90307948074062
170.64670161366914 161.51206577938692
204.98294335078128 113.80580204348095
225.66255261690094 105.29854269907061
228.97061740304343 72.77988093357513
36.08249543158007 103.41510948952259
209.4478089313723 99.66359453139195
69.70696612532942 122.76589069856713
11.049284757972705 216.59894762016484
170.63566610983523 144.04488569415483
87.61558877185621 47.48536974129361
74.28110858315023 168.82310022433
196.6695648480751 161.9244400924883
100.19127016269688 74.09499807961275
174.10505709322902 19.299378485343077
61.81792701333419 22.636249037084443
90.90898765206299 80.61754511822167
144.95942835886729 58.564428890207246
46.4458486464448 45.51968211029417
164.0009792963881 75.72352532983976
98.4286857809373 56.90948971339241
35.953637925027756 232.54983653759706
19.561853404870767 157.52212513590138
159.16729866836477 150.73100157285225
145.86650361014958 95.39040523396575
51.67617972050184 44.596109845843806
73.33892861557617 17.12955713705669
206.09528272007708 81.99874022567408
218.05136847191483 113.96691558073782
128.0400852496851 59.22034786403779
161.84259961705678 32.888851959416456
154.04873282445766 82.60065739632394
126.49585527368795 101.94541976413737
74.9793833093029 68.8257631983845
169.71891918517377 106.24240087034748
234.16043704552814 3.6171548679855006
136.64669653463056 181.59248598418188
131.14021070041923 62.06631490114833
89.6512238180211 19.98048323695739
21.89700872242814 204.27477411814783
178.17109428005057 173.61742250550566
70.65419112991664 127.22745478720945
174.35337810855358 202.61868902471122
65.69228996809825 74.93493114783722
37.63028530975604 96.44632548870804
53.94365108046631 106.625643716696
241.50898411450729 217.15263501871183
15.13223038574224 235.55154072713503
87.56229622653875 125.5283115755429
242.06013921514344 126.93337795856907
103.41106973870792 94.47051266672405
112.37470040701625 74.96334377322627
41.47517206273754 248.6194221321324
187.07788459155032 241.72612269809352
110.3063155557324 81.59165552458263
54.92258429586244 145.01817115148245
245.77305283567648 135.29940602947872
164.4766662321407 248.29192788608418
224.46968249222613 145.34606134211919
61.967447166057426 90.05909764218426
223.7777870875635 1.9973528160016074
3.1527770861598805 183.97627277923775
170.0317605817981 93.19627225226934
128.67591442468975 141.17373681155055
33.6710998015107 124.5368038351075
156.60243930591295 66.14194756329897
173.27909203058985 46.05054672324926
25.501483010391457 188.78097897886738
68.46963032383574 180.9293470385335
180.82344392149048 33.27189975858741
26.42682139578745 158.95637838876368
78.3538549278689 106.61732842324737
173.89043527148246 194.01903708893474
56.82109591953588 139.27531442241803
162.52032164333954 168.6070734666979
164.2569952827208 133.99455990082672
194.12401167015088 242.6388056883899
65.73335652856277 247.87860997969656
177.52857062478066 227.82253055323605
100.82954727642651 36.89286275086489
246.51209269204438 143.5981315660928
146.65154992618386 12.457971463203322
43.37969953078852 219.4719358310713
215.6997294546715 52.14716376328957
244.49754922323552 17.478862079352204
176.52854206202412 67.28386252838384
97.92586749388563 244.10235360845968
63.37242247389824 234.67097475926602
64.65097934794476 232.9541341977023
163.9083617872876 102.85287452184969
145.38873713930352 128.7503340858707
118.75331262328581 106.65334650503979
212.519115476215 147.4228373277914
59.117032258629216 218.40568561619406
81.8109501043272 213.261374801372
97.38196709367047 226.13640437269308
91.72567568696408 3.7435879502926706
70.79023416969967 70.78329064354072
95.92853850154934 15.190375141438755
180.31089017351493 169.18808703938691
208.70863921875542 104.05817459139122
16.926555211945445 248.43382253882893
223.162617739191 110.53012981944855
185.79297704194542 184.2160639353348
234.59401528104434 212.12451175034352
244.53992030170096 137.88761229440016
209.7328513631789 210.29828453455468
114.62788212217617 247.91030484923664
131.83188876551682 128.79948762269692
151.17297551022423 153.44715524842113
129.98867847918845 73.67602608358115
238.48569997630662 210.6348307010503
157.36394593415022 172.5801320278207
125.2985831998144 44.34652375481093
43.73924498519638 247.5698269102734
237.93553870229567 13.709153135543218
72.37477588576044 229.66656973450833
13.880587601433763 123.94072332689247
209.18364163594327 89.88101489228423
123.1556154842603 233.93899399291257
78.69149246798557 2.6123816163977076
70.3589045601293 222.6423101296062
102.94286192085833 81.54743172840709
164.7003824293073 87.91044153346012
208.63997808401706 83.32487337010238
179.78840421998976 48.88810026555665
124.54031118830663 160.99825231148395
63.17747775895216 182.22481008347708
201.11359619188494 28.03241517268268
184.67101305559575 72.68301488842415
120.0569372907038 182.27088580251046
238.33848084580924 75.21113994367576
26.821644022779008 52.33191572669679
243.84444420234937 19.688609899666947
119.38178950562705 44.273607554233514
204.28448111376315 246.0988477008201
32.84357798575932 38.48661478425491
90.82504713414158 147.6370384431963
61.53097842147065 4.795226998397462
3.1394494344832715 214.3044135959361
160.0139800186655 173.51753035969355
8.07168629893351 238.65255053393506
193.84918192866613 0.5484283721640393
26.755938250221213 80.78019172720774
24.503746666140998 88.88426121398338
163.53524564331113 210.33028028417786
52.30165040667295 9.287839082811944
173.65102028838962 118.67083333745859
48.940926306778096 132.973048189431
238.54239336449734 193.33843765779875
158.21462554063706 15.485670386778644
212.0542262513161 168.73269133733433
140.0085690774114 128.90160084512723
133.91826974178312 31.110261746755576
108.28178327501541 88.59881675473233
20.715312905434324 4.156840649244431
32.90605129374663 184.55712535813097
184.44252005625552 9.641320009299125
214.57213210633338 10.499768131573662
18.885268658482808 133.2733879888542
67.86769849851446 139.77759359162525
236.31104518208232 181.67384972143464
71.98894666126895 217.17253848025368
175.55297769231584 185.96244650415446
197.84153727991642 25.158232484254277
45.20448747330191 74.93123528043591
201.64211834499835 93.48052754888361
69.97583980401598 169.38780509584856
83.28588296322536 84.79411993564825
188.1534442143788 22.155155399354864
156.42033465335095 104.9176715317667
215.20289009919162 193.25838613398489

47.69947554934456 48.776739631916506
106.8597141667513 87.95124300509582
175.49382168540035 244.38118423359728
131.8030675234441 39.28946871718747
127.73793667915437 207.14168954569828
15.825193295530337 7.080379985311941
135.59128588154988 4.957678655875098
156.34283172675921 95.97974465653056
89.45647636541604 136.95855389158106
76.35686330220173 20.872288065740403
31.592557842995834 117.5706511729456
87.63925104639131 129.09143975031927
246.9680282672505 182.93249764819265
92.80102176866603 70.94148598664756
169.2162433549858 160.75345932090397
158.53547998103204 43.57222798199642
92.97778025772064 71.83575738148842
102.0393585028326 215.17546299350238
203.26729147072376 82.82306223778014
105.99613912470315 181.3492896360389
196.33819640104554 224.6297864514084
110.16219999135113 7.54422262923124
70.23367285752266 241.71240740057786
25.665988289743286 75.45519158236557
226.52733267462364 36.24760462424359
77.25634152567734 138.14818672224973
88.5797103031068 7.620974443616174
236.76730861268436 246.71633233397597
72.23403203012954 198.22067349173946
243.03572140999933 46.566233130072966
207.37337305841876 207.14492271387397
176.73075778161385 236.19826447527424
99.55873319732412 127.92935865961114
132.2358843696472 94.5038228911815
64.46451071113235 159.02769835697384
33.45724232646938 238.18339157990079
175.90784724242909 130.82745793784792
174.0390025697374 50.05678261103785
73.40921245109583 26.32934371852802
57.903035316661715 128.72857522863146
196.56764074013168 158.65808430223026
234.08231919580052 172.10819280512234
161.00577464531278 170.2251771413181
218.60848079690658 7.453594722241441
116.56644858994403 43.60772333009771
148.77858239729284 198.66187851866638
71.2102384856676 149.92962565977427
82.6041337726707 42.341963892908204
155.29673327762032 216.94594313406955
211.40884184419102 193.36692670663348
76.201682437123 222.58535408910672
121.03921992332484 0.31969163358344654
230.17543165828477 154.89004652689508
55.61497260720599 64.58005877147058
214.01180890916615 164.21065048212083
249.6751463551934 113.82641260245136
102.27140287597578 37.231680660670285
36.52793140273433 44.52499960398357
61.14937553154723 45.93871895363638
168.78531251393633 232.97313098950696
187.53496313004388 100.78018687077508
244.58801511439646 241.63071339853184
54.530112910039705 49.8590368855884
167.61978570401158 68.13297754906056
197.04495353801096 245.67492705342073
232.30826881033667 133.81964648839568
237.48587541933765 136.9593962645534
51.4217733751608 79.7807946466699
66.89731609480343 44.04057816767043
111.76091924174466 244.95662749971885
164.07201212354386 13.944472220343506
153.4780195789031 45.024574053672026
114.51228528929688 229.8745891103419
185.26500138127003 90.25086934497234
236.22041905426914 29.298973482897452
147.69527513265675 109.54006689214305
219.01465460781924 201.8791279021455
46.3898487839694 233.65189262526684
92.88350797853082 16.310500794943923
120.69956307413804 14.50402452178759
167.68621986827986 150.29184480702057
53.42124168295195 151.45023998258065
131.99139291722426 190.99742203867922
107.91090275859341 159.55270849391704
96.70204816680314 213.83007626912823
58.95933621497504 60.85996289690576
170.71870772367322 106.24685700605863
177.87181928989008 41.88586329666502
64.47020355987563 157.73441851789616
220.10292286725752 7.714869097673827
81.65858457914985 214.0605510940403
14.940356260470327 48.20040219528052
85.54594965947454 79.48755367123036
183.16856141646124 36.01323786666505
213.3560274400003 179.1650347225522
11.31721409260933 115.03808389769581
198.26912277015998 74.94110223431576
125.48767823372475 177.6212338167691
56.341214953154 180.43601204272068
137.66479910300336 152.80482586592595
139.26314407712994 68.77834296203127
49.07429999480953 79.18604770482932
164.83803335228302 155.16299048848572
161.16752892448196 73.50337635956508
68.23148160981071 181.05626244066718
243.16077911026377 58.24392007498416
186.9142780961403 38.70885957538086
171.10405602783803 121.95519167226001
55.46855155425287 234.71583621678803
34.555630720786795 248.71838253710237
242.32414671369455 245.26740367856067
95.36342321460431 163.46542777669984
246.24540449659705 233.36102571377512
27.908497912610354 217.54310898547877
167.68143474090124 44.684869442701114
8.125658454090662 13.77653366267409
162.93685656713902 183.96904072062506
41.390473377409585 242.84521649832288
121.06111180424048 90.06905795304179
82.84474269482608 53.55108950698481
67.10262371134873 209.36170700374075
226.49984323891627 71.55710211528205
41.26651878393564 233.2533200217165
46.95257444495346 20.74267038610364
117.74505913542441 147.18618985756245
189.98091106245394 48.20604850117371
163.40342995186825 154.2817966984336
70.24579599219996 24.998580256815146
133.80226394240964 46.69089526555853
138.61736357483872 9.21635771982049
157.90496052502007 155.62234359416377
176.168953473235 164.8385736055062
8.84898843269008 27.269783224884105
224.11002181752383 202.02424260176286
56.71844988256536 221.24224600599766
167.63788924090994 140.06913031664718
245.9627440873938 245.48027938763468
61.1738829997521 21.352930557015785
41.723214566676965 184.40233308059405
109.10701254867399 125.08719376833798
125.6235247354103 36.521575228204846
12.041949135769393 204.20667476677903
219.28767088883217 37.670687932536694
80.65037750222542 28.692984209718304
157.37562528508812 213.18166677194094
158.0875481313639 24.725617424594613
107.34210148363299 240.17145611469167
104.7456654388319 139.04312337286447
67.83420106063362 1.2582402992446229
87.75964588123888 155.72526223896554
101.10735899489006 62.34125628903062
138.8702850578118 227.5194123318028
25.370479320961785 214.35212437037515
127.48341940922023 115.68040731125478
35.31179403964318 51.665266788471165
183.23345320202193 194.91893224848025
44.77754107689666 124.2102099383614
245.0277416122795 154.13407066949608
217.4877269528273 64.20173338095341
209.77772578707342 91.59442045213447
16.74284044307531 221.17105479645585
68.12669921805428 40.93472997226327
132.77307006198654 85.3391865866272
95.72819098133564 17.753940306024536
59.69143680097555 203.6375211653546
107.62406093064922 185.9712483205136
14.224567043806063 83.01338994819402
238.04033196746127 162.66988876230772
242.2430137143975 16.979347327157114
34.298567474365136 57.245656110598674
148.23735204047082 24.175194135848482
25.139254947980888 155.81209556191263
225.6167665584424 53.566999616984994
102.8481955330565 136.4296774572559
202.29684925791366 34.27941377253338
87.41218962824578 214.60223474358847
52.11206273305269 27.558871715305607
51.22534890533456 102.67000903937512
46.048884328302506 13.276160099432028
58.31556088543566 247.20732038066444
161.05481023666113 145.44997026813277
168.38276021998408 229.26595110026057
142.6368221718288 48.71467896553278
186.818764937586 157.30028550017332
17.272785503682385 60.35413930662736
40.481767548001145 190.69208609218563
84.34645410025024 201.88762074254913
120.22381898707258 238.85806857889057
154.7463461116606 1.9295353509396207
35.555505683265125 38.750673700714
49.00594408651152 163.37583546347662
243.39981163746586 224.57092324664166
161.77915125162085 7.488663019319331
217.72209781763576 9.338482469418013
183.82887185062984 25.33160326410741
212.50772114900562 112.5083651589692
119.86872584044939 71.90205016625598
173.41883492445663 146.45278930024173
202.2543890738158 97.49408346915742
235.98842799070383 210.07655966232608
34.80254892707979 248.93223026878803
36.350977493013694 14.383780813917223
111.57527019252328 100.13302594338619
208.84404902384068 22.07978247311912
3.718098315202367 216.72354781558317
206.1542309477938 139.6774070779364
109.28544786625682 220.7718341690276
36.86536636892246 156.66797829949576
0.39306106616887604 237.67913414053191
125.18113357922161 140.3762847216698
152.05568932534223 86.50013522596761
68.98027715200975 120.96678202609692
188.18914938065882 100.21915500034828
172.92129353753853 56.73267392949313
15.222357938930674 106.13090559274316
208.72092446699546 38.33790536369605
169.26239261328524 48.03973127673136
222.7054078212364 238.68073383807254
18.47157752696052 11.720172914202687
162.27439286689648 186.88452343440704
59.492714316059875 240.03672450108166
44.29213241218716 248.7715420641602
230.2193971013627 211.6140327434555
173.17253726207974 70.5004411105568
191.02315966380922 170.91638344083012
164.84014503120207 59.23242782943913
203.88125961942725 201.40751130909248
84.1353055693915 226.0082709918972
93.42491567415712 180.47264077771175
186.1570364830396 106.0317440088284
235.53603769330178 31.69935674763977
68.22995812279642 207.02166662462912
4.223025684750997 20.55484886616546
16.734343257938683 155.7662740888932
247.98289688145192 166.69566555980208
143.35302882593902 107.59715977777957
105.67300001828866 124.44433666838361
52.93711406011867 52.26312531930785
161.78098666562423 4.717458520776513
217.58945788232728 249.0811217096403
243.6649912108825 185.93241750647138
47.01059674401353 40.581596013929826
75.26779963150881 178.91030666997486
206.0989669160702 126.64625843422381
151.9272283865729 132.2085244175122
126.06531146850244 37.32180928885903
74.04457743953488 162.41302879031642
52.14820280566202 147.48658330287674
225.044365356934 84.64456687513477
122.11986371588809 128.61681602845792
65.84933623754755 23.577667034598516
235.99856452651855 6.955059208092418
3.8957644587159503 16.7818307620935
195.39773191280702 85.29087333718196
21.550903774183478 125.39245250514094
37.718087227444656 191.53572068237892
39.82991481354126 31.56737895842751
59.922916935564395 126.04216195252624
115.39554540790647 19.260991233605473
208.63541458893306 103.01500487027742
73.60246818590696 82.77463656741718
233.31278778346513 107.4171639262306
46.73027145724545 213.7424801703101
163.77139212182735 202.34549698688056
146.40137537410894 202.13393295429788
6.553689585856809 1.4449688093799429
169.10646218728087 223.95417584455916
221.8079948370261 196.31040489070523
128.34151136321537 247.45903498479228
165.04709065070585 19.841737524148055
216.77950922004393 30.443384348280034
121.12161099268646 186.90774086636702
52.27685020545872 223.83271633363873
221.78363027220163 166.34599307827563
204.05679206386907 247.4902947376455
204.90091331219554 75.2827730314392
119.94449186903064 165.90815259188278
45.58602917819871 8.916822594657898
137.03447175405842 146.83846706172667
206.29722716645173 208.42703658826892
6.030275135320035 226.10391035145312
240.07694905216096 114.193168636583
101.12415175107253 206.88275083766555
238.00660098873996 20.012748004261947
200.0303797670719 103.91990805814696
148.43281067724146 173.45986146540542
99.31101912800506 222.14544256213674
140.13159691080074 8.959914048254081
72.1956082080433 131.10362936764852
178.89351208491502 17.352787908093305
216.7873889691871 109.178809644389
0.6438516945531381 202.94052846878884
55.32200107519192 24.751432037876107
78.716037262022 8.209708394787546
47.61487029429418 100.1274281962225
242.4806509909236 215.6166872553048
241.53236186372476 237.0326484610954
61.750220380822256 94.0460087677625
116.13372835454564 82.67632009332456
153.98881539208352 16.0309400951687
71.99398405855237 28.327905745938548
198.81258717872663 101.34971846328925
81.94346026977325 32.99837304483527
40.771489355074934 6.719277431552012
140.6143698558127 196.6576276945135
58.858226500790614 59.70697691368657
3.445851542228678 80.78041632078417
205.64490601051912 93.91506706549025
161.63484318517706 193.78202369923633
26.121361678006327 212.10430601136304
47.18342154521696 202.421970458939
157.91741255332823 5.556872099279686
50.580229778145025 186.20709107699736
4.274437412424143 202.29325717543176
136.56484495901645 133.1031363595169
174.47978424659553 161.24107842345018
80.65797678468215 45.90868360782474
244.1435012097789 32.26049761728281
96.9579701463479 212.6912866150547
17.60668380658578 15.340486648215801
196.58382072686828 195.79741483383827
95.64405239178444 77.88882438558942
145.35431190018303 162.23402749190348
15.280263995045617 17.55907438888521
113.99092567013456 129.94857257416
102.52071522530301 194.95056115542096
228.19323226669644 248.80526308113417
189.31204363844878 23.497733420668716
32.51150428865676 129.7402890590187
44.312971742715064 86.33372679256706
128.30721767662772 60.545627430841435
113.83039629666442 192.0598124513391
170.0564341511505 161.52195690322094
13.106402586578303 72.01153133949734
26.663450822254937 161.73915103976458
129.64124164589606 244.24720981202387
161.34281252315392 59.35239306216683
62.475451446786515 147.42171324973802
16.886891943690223 85.58643866958518
101.64153365866859 63.56011418323301
119.91389702577193 160.1205334878002
173.8924742363741 166.683995943946
204.7683634442632 114.8721512501452
229.9467781490286 111.65740407116112
235.71542678440292 76.63851150926088
36.97286191004764 105.60185902061059
204.63606948840544 94.79220985846423
66.2598281186193 120.03038825221854
9.85127360210744 220.60041367234192
176.96600560601868 145.935100889117
82.42047081764758 53.22800081049103
67.70159210288193 165.67031544945905
195.5420154452108 157.64086130564615
104.42149999899797 68.83590014809229
176.92395662333584 18.403823539797
59.17688939596735 20.074420111564102
89.76593894282608 79.78422900304169
146.44416755530366 61.985194809034944
45.555663957392994 48.89339688568112
162.35170304333207 73.01453003291802
100.86315097948554 64.60141028764396
32.916954168413696 232.31749784262962
24.56657848869287 161.13753014434832
157.8703517591625 144.92741684118235
151.1949773309304 95.03929323200025
50.7918748944802 51.31871513103772
77.91850563383895 22.95687279751843
202.34456945276526 84.38415653602732
217.73957525364565 111.31968240478457
124.25388000203874 66.64660882478005
159.03366881376397 33.4680282668561
148.7342420291748 86.17872358342046
126.060240259527 101.14186680094068
83.281018282781 68.11494151568424
173.8558186703354 111.49764320170591
232.8089782448972 11.242967784542396
143.20342662234432 180.42402528311044
134.35087416302298 59.962937526992775
94.47570614366954 25.354792114445633
22.434240478105494 204.92647409781245
180.05441497988457 173.10976085798737
69.71579306874679 121.61080376480318
176.42368091918146 205.93987048987196
69.08280674203348 75.24983118530196
33.44748472251272 103.0570658755661
49.42801365150873 108.91254720078808
235.524524804877 220.06773141789293
20.502631180789848 229.30429863573463
89.17351895858322 133.55927154282597
243.37335792727356 128.72422728045757
108.06258933280013 93.24543736573612
118.33539707275881 72.62903200695234
35.60731202554557 246.06816635202577
184.18018193909197 249.3845339384844
113.22716822060083 80.51084920275522
56.1996043822631 150.82380477814556
237.65082401018054 134.3590921693869
171.65296382170072 246.72524365948487
230.28238101703562 141.39287428384566
63.95347309993274 81.82710589380065
226.22359000235238 0.44425978080653294
4.15183861690474 187.49313557858807
175.07858228393673 86.5854827343106
130.65223739406645 145.70969593465446
35.785361777448784 123.40354291213521
157.60600433414456 66.39188827438636
164.94120132695716 47.22958278765993
24.491983109681176 185.29796147934434
69.06888423893862 178.53956474020814
185.8129490727355 37.016362048488624
20.49140255933929 159.5229902336815
80.02659995263703 113.77375204532852
175.8696958918016 192.14387347560086
59.30169500401863 133.241526605279
155.5041280534798 165.87663565904697
171.01673864128634 139.0268108673728
201.851062973779 239.25602632662094
60.84115690946218 245.33943674865796
181.23806322508324 227.22464893964073
97.05166002141152 40.659222378498896
244.46265482327362 135.55712786943428
148.7707842671104 10.784142226330701
37.322134529873594 217.49739809547458
212.51274439311507 57.28671942285637
246.78727763449052 16.34806262242727
172.9095043641723 68.19867520030293
94.33100614035142 244.7190487507027
58.531873009264515 228.22033477535595
66.54523100339773 234.15224357775665
169.24196722886398 103.10950337404073
140.20979777603236 123.71405251350976
123.64414528778603 112.33326841640186
210.87173381590702 140.36751673119872
61.21017342266716 213.7995969327056
86.52930970580216 215.85722066235704
101.44513548137246 220.90192452968955
89.35359725471443 10.004248044843012
75.06766922399244 66.88545091141587
91.6804353151677 13.54350155177797
176.272579142641 162.62457492751054
208.2671457908486 99.1920690435504
9.590725851378046 247.1647224998875
220.8838601555939 110.90537549024604
191.386791874904 190.2903194849556
228.1455498621564 213.07423166974993
238.86779430860548 140.54332479881205
203.89508886776986 205.62936964459172
119.570885103186 245.8952231518605
129.75100560212107 130.21002922235212
144.70392234569275 152.16332219365387
133.66192341218309 72.5543568373451
242.3317054429576 211.6392028900681
163.37781735842776 171.39031301116532
122.8156199221749 45.272829069548216
48.565451723014576 244.98384302677016
233.45508530457153 16.01472947761809
71.67470302945026 236.12617658888047
15.631530470670507 125.63401810444671
201.64443435258423 87.76858826413947
130.50431681936735 231.28171180129138
75.648425633668 4.359873530263569
71.39846563029081 222.71071473477036
101.30730612464909 81.89859258745861
163.4721276076902 95.72989278573068
211.04988327874045 86.80534118243138
176.2177213817759 47.21455825888546
127.83319413785843 166.65551051684042
68.23376101141882 177.65768880848736
202.5454402929833 23.24938559669648
185.7811662033253 74.1826421689701
122.61629565285978 184.1119375488431
234.47228659398837 68.88201306257255
31.150088170768335 57.16794180584186
238.87829403611386 25.306649250663977
121.15148671686617 47.31129713874815
196.38808853183633 248.5156616955955
36.33277379943675 37.8367945191794
90.0893235453602 141.02181203161643
60.545847276918586 11.100010128403948
7.878157822845094 212.126189737262
156.345790600598 173.87017799075744
14.342907173376162 233.94014824705323
190.1042030525279 5.730428894977823
26.700831157635108 79.23166580911378
17.815081787686925 88.28234611211144
160.7931435612831 202.3346203396704
44.14481940721679 7.13633465947866
171.7061596212686 110.6155339050662
41.70400755911041 130.00756009435779
245.7518777800511 192.98558444496518
155.27386475200322 19.11427285309289
205.45023199920323 173.85854275292277
134.74580642091047 128.11858077884565
137.5616325518658 35.57890219306434
109.52813803211026 91.48071601059529
15.454703643364876 5.2497373266303935
29.42441095203943 181.45211058354934
180.41381782118134 3.5372563668910892
221.1176693072726 10.923383105610029
19.24774941596416 131.53053693496778
64.4655026066527 142.545528779402
231.53761431106003 177.3972309729756
78.31891211212246 211.96472292924753
183.6669857369801 187.63415102641775
203.38230075427103 29.95396033187786
39.84542532102828 76.75903235176881
194.2278561722308 94.9902056664651
67.14634562491365 175.65771182783448
85.07996217738173 92.73570263566425
189.81153468450515 28.601595385866958
158.31197169955894 111.28262642817872
220.01676325676493 188.32431486137085

8.6 17.2 36.0 72.1
17.2 34.4 72.1 144.1
25.8 51.6 108.1 216.2
34.4 68.8 144.1 288.2
51.6 103.2 216.2 432.4
68.8 137.6 288.2 576.5
77.4 154.9 324.3 648.5
86.0 172.1 360.3 720.6
103.2 206.5 432.4 864.7
114.7 229.4 480.4 960.8
129.0 258.1 540.4 1080.9
143.4 286.8 600.5 1201.0

2 5 8 11
5 8 11 14
7 10 13 16
10 13 16 19
14 17 20 23
18 21 24 27
19 22 25 28
20 23 26 29
25 19 31 34
27 30 33 36
30 33 36 39
32 35 38 41

