512 3.0 0.0 1000.0 3 3 160 240 100

52.88878907935429 120.92696023362586
213.45949834069364 199.21249504257915
161.82019967224932 132.01483064774087
7.9401790157647145 44.41287857675694
49.388459368433416 40.907335873886204
81.1156805903065 19.391721484362634
2.2580247962025455 154.55127247646345
107.62152953961588 230.35017463747036
245.61281291909572 10.857672750055558
60.42014013517874 78.46980115857095
65.68466612670024 56.80501330116095
65.13643318662407 53.84179951396076
92.58055961739097 189.90098089683056
196.85022631890973 227.50691986881162
70.35032550888415 205.3010121108623
20.498455736099984 72.61245038085478
8.057132985111902 60.48814675399117
138.95939011227483 245.96305978909302
190.87089772862774 240.16741626752764
15.882576675869592 32.59673615839989
30.197925091774934 160.83985062974122
67.78906331809048 234.7371323195829
73.30648755026692 37.04704257069458
157.68807328048865 0.1887602839854563
199.74760099236556 197.65877118270154
225.7529955029997 97.86038691064012
220.1429863411983 182.45545375424538
126.71234890020358 198.14661750974432
209.4177482250583 108.43321672519299
199.7587113796579 57.139611123909084
129.08615573759243 159.71590536710661
7.063070210838851 117.40108124677597
214.20517344869043 27.38346203494213
202.90731265105063 46.051088008493444
39.289593782623086 176.19140159044736
120.93531610931788 184.3706660046606
160.05682439460512 136.0577041216964
93.53210996832304 134.6405188721972
218.90990352040663 49.919748521791014
83.55216836335596 64.78049944186556
56.56206570769101 212.1791971750979
147.18960153732925 75.46670735765993
83.47201832052511 90.21495678616867
159.88432256956398 93.00422211142637
100.12431151921258 159.62000480589037
204.93381641556965 82.4173298642196
9.982865434329218 20.147440047492722
207.73240335736722 88.03766782916168
0.4087772082378427 206.03156123077943
211.46455194235202 75.92537986980372
71.283383027263 1.624941969762178
78.73200780969842 138.0109307404922
78.57625090558312 12.447874939941011
232.3783467846153 34.403178826256934
155.8195904594769 36.14458866042189
137.5299081349837 129.27000649328883
164.9262118143016 56.55206223618739
68.1254950574262 26.617078548241302
12.743602807775146 113.22581292210235
46.69740147538279 107.15541361807668
194.08144555513954 227.02926296907998
218.77149689489298 201.44282208069248
194.56891364384364 28.243520108521825
106.99932007746646 21.542307846931426
217.0446356424264 127.03816541434234
210.8444272687061 198.91217627470562
102.41085643307393 246.3878038977274
234.5889297053201 130.65148433586253
136.25108260777262 1.890496010187065
213.01674830431804 155.3550135690916
124.28602719009018 229.63200610983327
149.90517699846092 127.89610539523275
169.77198102118092 231.32998252527742
177.4257821064917 2.9377780175255386
27.776741934802118 68.761760158974
186.20630892522072 91.81306340782977
120.19965725991308 95.4308769904178
230.2352601028515 85.97249772114357
101.82572000991263 220.12347091402793
151.3218183346059 48.8516239936371
115.79207662660545 53.160070884376076
171.7713623218062 108.26763552397541
147.42500867874085 234.92900995333758
30.94059437317967 177.085330864676
243.49197077505517 194.72752951949298
24.35242998389456 32.5822626151612
248.49124498652628 125.22755208010642
206.1504927221763 28.36611310287332
153.43538509733892 136.65538189434199
171.198505591642 13.861417125098392
159.1383470121525 127.19982082852468
216.67672146381904 25.25601325597851
51.39709100271972 209.70784989595248
90.91471313449654 45.64689737803004
117.70726383388089 233.1991195611118
160.08922536692035 62.523604880309755
17.98899044989277 161.41696748118287
244.80107068344614 172.773849011444
94.43261494405739 227.16299710711323
147.63609079433206 239.34254100054318
34.89466076829831 44.4949828710495
141.33894540584262 72.40025050597454
116.72382707677953 209.4434851680562
29.591874818829524 40.17318469269907
177.90082301577215 38.69320530079243
105.23949658814544 86.07616010392147
2.392643516155757 55.83966037820456
66.28182203610753 131.12440280892883
206.0132724487307 61.74894846981163
196.6099518148369 65.67100337896284
51.77754339281906 73.67262613598524
30.479865823053174 203.1705760720921
204.97717048095416 107.45680879409689
30.720830500937158 90.29200230031192
235.63355261377743 45.03410639978586
193.80377335806995 27.516672514802053
202.35340980948214 75.35752024076895
223.2153578619184 68.63256046475988
89.54846860239685 27.654364109893248
114.95427193950312 112.64628423043652
172.57203401787962 18.833987546020282
70.6918444914813 64.99794773919263
8.119810763093122 135.45921425589822
206.09257785372458 229.54873421916938
154.72149794776277 2.7698418557231266
185.04578030378025 222.54870972690566
215.8356199579123 154.43433928993034
134.2844953592187 168.30519560812078
137.6891730329716 159.51913995276263
79.55910427519214 218.18532112839114
92.34164051566923 2.817102043341013
79.29072466429432 198.72531320993795
216.20953309335525 67.45833213404742
117.5915174977214 149.37890263666426
50.32508433140626 137.3636355458754
198.5573168557192 194.08669344185859
227.51069299143273 139.8015123467699
83.4185578276632 171.1263319813136
211.61157124007124 34.172979405426965
100.81788093883736 181.03404522656794
44.211966622850376 75.06489104522946
186.28280658015822 120.70594150146874
207.27705737840375 161.65916645229797
210.2835391369271 117.85509464429012
123.11279620435187 144.98167907792356
225.0993689410543 88.70111720599446
77.84066255261632 7.996669913819476
99.51346543018133 71.52922441870457
153.39837993849642 62.15621076519295
79.76655695188306 60.66904794239167
163.39974336266602 226.59890895983838
98.6299032564573 220.48185914248688
89.780052680108 7.416530315043357
69.74116425720678 142.44218377819087
171.00203207714276 99.07160503230236
196.77805267583827 116.37529427999291
234.0753388442576 206.48778993303208
33.744034808608156 230.585004305354
165.4320401086343 74.88835628560744
237.8868638268241 180.0515079744839
69.14687083291854 148.11167833381447
6.4112724370962155 23.118109376084856
80.16422733083009 104.31671559970482
233.45742893668074 203.9043823767451
84.62106787225763 192.54761856765808
207.37658000506605 172.96989011368967
154.6504309778196 112.566924301845
192.7558106792849 225.887507045488
233.1999129761437 247.77894008019
9.456704322928472 219.8176053664148
220.55780639751214 108.83478592132909
189.32606995065143 134.69274838183165
59.51916572732752 142.59607152002178
52.013715041365984 210.86121265783453
38.383664436809795 148.7322076139767
65.9842789139213 101.74317723152129
80.88767620227507 199.7779210169003
230.85956916141117 1.4628057095250058
221.95560940582672 64.79162440312821
98.55437246267215 101.1553405992461
75.80622342615878 225.3650254426733
35.652733668484125 4.36813428201957
55.970879184884694 233.28927212619465
97.39586046210589 30.50687833889007
33.5744853683447 105.32687622103465
215.18485444836594 15.235311690741298
196.39031387304524 35.82317960961143
187.38903740871103 169.66338836312713
208.04454906403654 74.59233485005775
44.09395272534891 107.2727690505107
237.36965660405886 237.69836911532556
215.64816192732795 194.716672248176
233.12388992352052 180.84451542973392
238.6778621507705 230.16956677315088
156.5595182792465 160.25598067359158
210.30319120470674 181.21273636542358
247.06726405051998 203.88209537779065
49.99169061118713 152.9981883524125
40.49755965781077 38.86699501570312
109.31451421483831 9.504738770463316
16.511290564367343 43.096406320840025
177.50568527984348 128.4013585073276
85.79641185861168 104.61091474967887
221.86673329775977 137.4275135870624
37.382390656514 8.862119071287811
56.31925460029047 120.51312953154161
134.59557477844405 155.61314042965185
232.28791769836297 179.07264238217527
58.026838771090745 240.84609529448295
12.41646791234774 49.38095933021422
115.01614455536976 196.31773853986314
101.7533671566333 158.80096436947338
64.57839872188939 63.10820305681822
0.11048000199459507 20.58602052001865
182.56894505907022 62.950706089178716
153.25465594031178 180.18993100565498
138.06780930129602 90.5055935522663
59.73380859493527 62.214797419021636
115.44385430795265 9.569288011647249
175.1706470214964 61.112125424498814
19.044488609647498 105.83167387347989
201.51670930363343 171.21012245325153
64.41326824391352 68.12748296592206
139.9231755988393 134.6572189525501
96.17656980315844 192.4815716005632
220.21772707006258 199.6704450853642
188.89826537393995 182.12540385006733
224.67605683205133 102.43680088832643
126.00320183123969 119.89446213646865
41.67536598970092 83.01212035839531
157.67868519109192 127.90345242434093
188.3144930120081 177.1309078390445
54.89723407016775 27.159380084318453
223.67414298381613 201.73410225193302
246.53365992643225 157.15909031128535
24.28284114439633 128.07487711909377
46.47277019283891 92.71063488769276
243.09851548023002 103.05837566180077
221.15094171517674 170.2395564229
52.5357277564153 204.3666199674616
47.9276186760389 57.564432298362696
74.75747424924178 117.79358404409656
222.66576363759788 60.44455627365791
118.98371114340803 162.149870052778
193.15387396985957 91.68636676953903
128.02676538599894 25.821566478690215
84.40958657403272 38.25134293842827
105.98574832837984 8.050219162096111
29.472747120011466 246.97185218999346
212.63859398911245 213.41099342854878
191.94028621844996 112.40006629170959
206.6612506981023 115.52955499967956
56.7469375657263 49.796744927778136
42.93645127353238 225.18036759489974
230.12564883238517 72.94145092522284
247.97869551647156 100.25393958256251
126.04990505549344 106.17262326049062
104.58140253924478 103.45569321077019
159.6346338642434 83.83498942346581
139.52828079649322 107.89304140071715
149.719719099917 236.51116156213897
178.78952524369484 163.66295087200248
40.87346866460917 157.80193082966434
240.39054712827593 245.35040168117644
171.06502466989386 241.54635266988285
196.62946901574873 70.2218842221418
183.94790489106038 136.33237509748008
201.0856674992692 163.8270443815957
208.27710387083826 115.96959035092009
34.57537255470258 176.59618249943486
30.908307339249347 182.10645003081083
154.83269484832684 164.26586090978088
208.14158569347543 106.47492851990889
187.66885590452756 83.65728997075136
104.94082355843692 108.09154613943603
132.71215203898677 139.11719559872142
78.2930092117804 133.81597342481015
143.43935969924706 97.22315129997142
162.64361901205356 125.68278955198863
57.59226857105049 164.60835932665415
112.16517851194638 218.63073157475264
192.65000149137444 240.38595149969302
226.71713361523052 51.903391139827114
17.238043243363173 131.91272071660126
230.60180258657653 220.63539334399027
109.35722665362779 56.93233334125058
249.78331792613568 74.1534779388309
30.06077677868421 214.63629776641395
217.11365484934754 23.520047451531106
105.32527273420966 155.03020964096743
179.7433236854819 222.6613416991685
16.952259405450697 161.85410197864613
101.02932091542705 213.44555721765934
248.00168928448247 71.16163828888932
41.971362012295984 102.65707199974663
72.75089536333246 101.2769490781756
167.0512583585627 100.18322771808339
93.41275217302272 147.49863833301353
120.32502107305274 199.74817482710094
70.11785588013467 95.15706897026429
148.23099081456306 205.6644269125106
131.92126289142396 14.808339534986226
45.296575853958494 6.596286727575257
22.868944929071155 100.06582956371233
123.223883761365 145.50457317755186
101.90813348710905 111.38776145002372
75.95374259856685 76.93177715172209
248.5875826681356 102.58815198655068
4.183848622146963 181.6266302430266
149.15890425187797 167.81751556246945
21.247881629072957 37.06349631037725
240.11525589656512 184.58306987816323
122.65446329069316 53.280527683703696
125.11198737623482 194.4493760819018
36.99681109728506 70.0396825628272
229.2529152215171 240.78043409006705
42.25301564857686 110.91653548634383
159.29248133178822 128.36018625671255
109.58482985819573 146.91755430600503
9.854968069517273 72.19867900536711
208.94290962230474 20.159725785861642
128.29228784535 52.04301254187102
105.94895122534656 78.23030840485032
230.1391199347916 114.82996764909362
149.86771559528918 222.39476198654341
103.11153940766266 188.17525399639746
140.14301110589977 175.52767864459366
165.54665846278343 180.96278474799007
1.306565676041288 118.34555733039306
141.1184591608798 56.15418962572119
80.60888652032328 79.169124147136
24.7724466113923 111.11384038678374
143.14224825572666 112.93093514196734
203.36708127110776 67.6210234135897
239.8697993576747 162.05637850603875
97.92041999583057 89.68832011446153
147.93135734435623 134.22595845126435
49.814279042689705 57.18843854601435
240.31475191901566 232.82130845595185
181.74819542615612 207.47559192916546
79.35547050645683 49.434640903210756
231.49913070156825 157.40176271537413
34.40787578407672 125.0960693588907
87.36323621194597 66.43939945533155
12.54710646913093 154.05267351505313
162.37347754055492 171.77271675407547
171.26037110231215 65.13265193700518
210.05312674029747 67.16433458425156
26.91853523181559 232.61966865700845
114.38517792224334 16.778852425443304
28.60325211982409 214.37280814960795
203.34046157106218 118.10132559806888
116.01288221715097 113.86186050986736
231.85079565046007 174.78863745501633
106.24479053549696 45.62483800828565
140.59289785724752 238.44265102100735
203.869580665017 203.46893893206928
142.22024657664477 207.72850852289181
155.86311742825313 117.29820055822118
240.11097853737942 78.93161022115608
83.96426732902873 240.21452132717152
176.07195649174338 35.16798680272287
243.89306901229068 176.27057591188347
102.13213353543598 247.43351258810247
53.035449704905425 141.83989985782924
234.8681343706691 69.905411852145
201.38972322552655 244.7255755687812
82.73832252284089 118.41786370960774
183.12694432197642 231.1665755320396
116.77333732902036 118.84066606254984
89.62224810254266 115.07127774197862
184.7670636525047 6.0599464265188585
97.22609879797776 206.816654282382
6.703768669286209 202.0460078508652
29.425543893815714 138.39442379029356
69.10455085506042 240.12220461345754
100.99897537574101 6.627492977186594
175.26032635729544 219.26904916803335
60.253059019778235 171.62014104247805
123.70591437539544 230.20993990900308
91.88212819827113 139.3974470625967
108.26335326071113 22.41267626608179
115.43618635869804 11.616583289079745
16.38789358101095 105.68775247311606
171.21685333612146 169.82999998753633
99.22679771886287 204.61532006458836
234.8982915320344 69.38539229715657
196.49680611462867 17.12831071393703
75.36301315201885 244.60956132744982
184.56068388059936 219.78818679347427
14.169606534484236 108.33741390157941
31.23504144314415 110.22881187742247
141.3377629575009 105.56656729834867
226.85118701010563 151.9264526538584
90.31984099196761 111.66968093424349
163.84243078231694 67.79298332818668
161.12359836507136 131.77710875187518
159.1121390606834 136.3640026682654
223.63798835513668 224.242784867145
110.24439918274956 75.68104377775472
177.9720173400254 225.90406471127818
230.08890619799203 11.58526089627221
30.016089685502926 243.85385380158456
10.987603956141873 33.730069692830156
9.040412424777628 187.8948547808465
91.96779316103576 111.59511064862419
156.6054818246253 79.6321099145673
186.50614203764894 88.99604977816975
54.19277278818688 214.16620375572333
154.27096459858112 144.08451466558273
44.43764628751984 68.06460518005345
38.312940885075115 110.50268868541832
186.13567963069914 97.82857457077601
119.84585809441056 172.45896045694292
91.23775005436954 81.20115369026443
164.8088035262534 6.508785599444927
8.471346271439334 64.97352504477536
98.40491644017882 77.47823066647969
120.62673503772781 65.8718885385188
203.565419929792 240.43737898526012
248.4203893462608 228.70963003364085
57.42319103394933 179.02413815187512
208.70795666066246 73.17531040222825
179.81837305409803 223.09394217558602
42.37050054821101 68.32649284094362
175.98834952792078 246.94528244491718
18.38282671401886 164.4072349618779
34.305975559056954 129.5461273681368
128.0798661546772 50.88188532117113
50.87004953815674 77.20027267451727
167.22828232014493 71.77688931238876
162.82377254295463 130.75370509839024
131.08754839467665 212.04804358779506
207.01142835825203 132.83950036823646
214.15253440257302 222.43833597285715
133.07057958979328 110.90532868509176
62.58231512077295 104.0073892579882
213.70179427438944 139.54950231127393
233.35925249599904 49.287300004456554
212.53511496969998 179.36200790534724
118.53086697536821 34.48193790512846
29.54281328800773 69.58597766400479
79.4192869771091 154.59413740430253
75.50174328998312 213.23377508188042
150.83843757207958 81.53526130198924
248.30891017752634 230.63220109577102
245.86980339296002 216.65793459672832
64.6429738075412 216.19754855996422
50.912251549349726 135.6421859582581
189.99288623292168 96.71087921777769
231.14541511798828 153.9337363586206
107.48852827315308 76.4796999470466
26.920913366498905 124.864307164362
229.86848951314187 18.93765102401032
6.984514668388036 101.96398314814414
153.77653073548186 74.02323651897343
239.80612878222166 74.61634673242762
2.504780366140574 12.688346691240804
242.11664072198676 201.50193326527526
227.33212534312653 193.5335889451263
200.3645884843712 193.28511623267804
174.65448389823078 141.3699783469049
156.4651431501899 55.85129854028462
90.97696818727411 232.3614017251502
125.27254655636666 37.27296481813003
23.82885208115798 180.5103958307848
245.05984959718913 35.988638940097935
108.37292296434437 96.32159542196946
125.50875539423461 4.1133169835490815
89.07175381131691 14.203626231232864
214.91933914797985 178.27111896211372
226.0356439442207 132.9663698008656
233.5951790805774 18.42551101963344
223.05315804840532 64.09193828274218
247.3483638222733 222.81929418422874
143.51937255952876 32.43250105891199
181.40723126395136 169.59760895357635
46.61572006421174 120.1753617015899
13.560015067775266 198.87162621847733
143.20939456787596 201.96053531347945
131.60011929632077 115.72698480861341
38.240062058520735 127.50807256531324
113.70373206692393 91.64493836982932
42.954502315427774 88.00612474663649
39.89064245553289 209.8588633263985
37.878277630777085 109.26522556769291
94.61780296867315 116.8389401510746
157.65688697347267 212.98901723704202
43.62749206555156 227.8960360426292
98.48049583797459 210.07970790310353
172.91674207523187 186.6842735337512
165.04887776146504 95.13544987106975
227.05520826008566 105.33680955512436
28.282157356782132 201.06154394129967
198.0108366369894 170.58150256928795
126.40851352530561 207.3181734564803
0.06288007246346705 26.828862576544015
157.86806665575455 182.4532931498227
152.66021987633007 121.0187214853507
12.81724600886555 193.11751721823111
27.716031329264286 32.64389432628004
96.34979887247641 235.18895833943233
214.1957655789407 213.07148870435793
78.27316607343509 107.66743003214752
17.198492906506214 5.37927071011246
14.717445913293965 42.53807449428676
116.28596118548302 73.18224701540326
213.37948473534968 247.90578945399264
43.10954428140049 45.288038052905016
7.856243714925492 69.9450404462193
35.47403489401255 112.48095246327935
2.2632579437109057 189.79363943930423

52.10770737319262 128.52608191402933
214.65174341616057 192.94821438934193
155.7873385560096 132.89540331641024
0.997420956988404 46.81158758742546
47.04139564990575 33.177632399727095
73.48356092285108 17.957081774725935
1.66120724583535 154.8418304023619
100.03718047671647 228.17057879828016
248.66298021322757 14.908468622384763
56.59302396065885 78.00745045458643
60.3401551665963 57.69025851232518
62.59052275916738 47.423768146280246
88.05681376261704 188.3277126453822
199.8248354394238 223.28730346675493
72.27099292902253 212.12706364032556
19.36029014581689 68.7264031201106
10.96993347293046 61.597186983840594
145.9341808788291 246.52606247126334
187.60653118453416 238.21082654401604
8.711159688111646 34.638456036315354
29.973694525417844 156.3293589522249
62.96811363399113 237.46263329900515
71.98482682139462 32.474071563997036
159.6953803111717 5.210449893286118
196.13866060388833 194.23060482647634
224.04731534945577 103.18542029997992
227.15951432680623 187.11938500006224
120.8220635827276 200.04220542841418
214.55946223472992 111.49618503065045
207.02897165192115 56.637108952603626
131.1956145610687 167.45356683468952
1.6726020745198855 117.96846346388509
219.22389936670558 32.90299994318571
199.22046451429506 44.586764876301146
44.74777408282696 171.10844937804686
123.78458584404025 177.18816269266728
161.03369927844378 141.93756665374647
96.2054631564622 126.6880050627154
220.96583897575817 51.94220644529998
80.90227195698394 72.69077483382836
54.66678210987158 217.88937918234868
146.65328891283818 69.36482517974649
86.26910055676892 95.65950865952708
157.49619198251696 92.62053785489482
105.58582454793527 163.6882678640722
209.36258727720323 83.85790862473041
6.482174170774069 12.709424058479524
204.81602421541604 84.36258553827861
6.183880546256793 200.07801242027594
206.85533964629903 69.90987336394622
69.86880531863842 3.9050081288292127
80.4194167512538 142.5509593750864
80.77724038526584 19.025183812039355
236.8514595144156 31.59905274383129
149.02726996078627 34.891461252778285
133.61650616469115 126.27240289499173
170.559869103251 51.05196930627079
65.72298195628268 33.117703446017025
7.517567922567664 111.56579692500651
39.75049774115663 106.30645095055985
187.2769887474281 230.89187742018117
217.27471635102157 198.87269929034485
201.29204797053208 32.65462994066715
113.60858140322547 20.781173850708406
216.01046663873706 133.11625319080818
212.96195819944404 201.2257694888133
97.90433907091162 243.19052180339645
227.86448240708535 126.15726629885651
135.044791857314 0.07305876107560616
216.80541322058087 149.8825378000911
130.38849494445685 227.41963100865203
147.89661684733957 133.37362571273542
176.95094893956104 230.24266055462314
172.62114889477502 3.10227409231803
27.80251380994139 75.82258091042574
192.7667529646148 90.78773388899067
117.33851529633066 89.50956544528005
233.74995847621364 91.95325272292988
102.37012046233482 212.6518992590401
143.76465234039364 45.71722658432559
119.45071835021703 50.41663615792263
171.66529568933166 102.06424717164624
149.5139487698706 233.12833035277876
24.374358585906613 175.79211089058077
241.29449379889707 191.6250197690828
27.388605899830914 31.848104442601304
246.50510352611585 120.75749474602077
211.41251233673833 27.008516728792063
152.1728792143421 128.40804383546487
174.34086362947554 7.853262973544134
152.4547653820658 122.58967012131109
218.89799862099582 29.894292247277075
45.91732161219952 210.70002709154747
83.68447922578817 49.839135928311265
120.87632603969242 229.4030050625677
162.28648669993626 60.25981571652747
22.958412522949224 155.72842109765057
245.93927347999116 172.98593209201144
95.74735334106549 224.6456089567865
148.07405424426022 235.46772227731807
35.0614124217197 46.964301708772695
139.17042274574476 77.45324770663811
119.78170939410585 215.4581439314278
32.97774711015711 46.193390786393536
185.65042707842673 36.90813410419464
107.66483487784753 91.32187371666625
0.7637826040658158 57.24618039599685
70.38787486699127 126.05627260477173
213.54183724740113 62.32018222777783
188.48773984350393 67.5734076167005
49.77649434512193 76.28245252705496
29.23319050686152 196.1406534601147
213.3007433385854 107.72121368197368
31.398136759101053 84.21059640384514
232.4495895854021 41.04449902503543
194.65706708518653 34.09861420076604
203.93686876557766 78.2864425307249
218.816020299933 73.45053554014832
88.48823231134939 19.339580634373437
111.41723297706605 109.44831474342132
177.3526747865943 13.680913491479153
71.77719433742344 66.72486731802817
8.34423106305604 138.13691040843676
205.76884281525125 231.7765944516454
151.79972026578898 2.32007385427449
181.01039927701493 216.93609623697537
209.34185719904747 153.20060863729123
138.28395891477368 161.03299222152188
134.42053180505025 155.0812347532779
73.48196747533642 220.1460218754321
99.80569848037862 4.413311341659259
77.598046324414 193.1273563573814
219.44512286097557 64.31576258578386
117.18330471040642 153.2166238384868
46.02899571287292 137.1912621917706
195.75164150102034 189.26522218126027
228.09857818760975 139.466695714482
82.68416819391722 166.07010245987547
217.33598767565888 32.20858826546338
103.32784116664776 179.87896865575763
44.05144499501029 81.57055324652069
185.98789017341693 129.09409828049397
212.14519906646754 161.93279035276416
214.45810024796177 113.44521570494825
126.5802249898702 138.99884178861765
221.06444858646478 94.3551686064916
83.69981075736906 8.018390278163146
99.01874654674786 71.32897437256494
148.5505200193603 64.52950368285474
82.97781051108763 64.29662489469773
164.78898258331537 232.97356258249926
94.08608811132449 227.14895739639124
92.89235130347576 8.834699584732874
67.34865576187224 144.03303008282228
165.33872860069292 101.48217390740957
198.09126453413595 123.90622981272476
242.32477326019705 205.26831338958206
28.819408312722505 229.68594452936068
171.15798629804257 78.34214784992561
236.52453133716043 184.9387248839003
70.01758641934534 144.75928352839628
2.8535838135324565 24.120268466148314
85.62835500058915 108.88123637044572
226.93960343701855 206.5333641888169
89.62642549530167 189.4278950789272
214.00529567129786 177.30889789982317
156.39150987620633 111.6885464502548
193.86976722966872 218.7034348462946
230.78830005300358 246.7476010270849
12.413253208867687 223.386678753463
220.97879692891536 111.16411712296271
182.9776369161389 130.32049608549903
61.214979877349585 136.90002909853123
55.088711364437216 218.2166189134551
40.74473942751059 144.5764944001229
65.09201462656755 97.50443207750418
80.36348297787255 193.6809630391698
231.77411388481147 4.532575914979963
217.12919925949504 62.71306026593423
105.9893465667339 102.51605624637402
79.73993112134472 222.9900932528066
30.881721279994416 4.585723182052803
47.945653113103695 230.76957479848335
99.46817713886088 23.011414924107576
38.04288977842146 105.12084841573352
220.98859096821545 17.47879739783506
192.5881852415257 34.15467039183781
185.04008936769938 162.4388170204325
206.58789400721747 77.38792190591879
51.66725871894831 109.67888528291148
237.5113233368748 241.24409013798018
217.33498225367208 187.50112910226065
239.1079231785627 178.56868106903005
232.61232113765408 228.04799699793335
163.63130118337148 158.6100713245929
204.0956397964676 179.9089493893314
244.03434600650695 200.86076835247133
43.475338958749724 155.73352733467183
43.105790541491665 36.29004157401289
101.5603814347342 10.423469367937782
11.186618243298835 45.79154768943356
179.19157413758424 125.72159137752529
81.908946608452 111.17065137494475
218.9989338775574 143.2780496391951
34.24143670337279 9.298660356689775
53.544312597633784 117.14630926750075
134.52009670004662 154.7097487298121
227.04718050900243 178.19110494980285
58.81375226406485 239.771420297793
9.210724054245 42.97651585163384
111.24171882937239 193.13756944610967
107.19395498340225 160.73673176758342
58.911566163771745 65.25203488331962
1.3902689816758518 22.310132591323224
187.96600781405687 59.09976350079013
149.68567734527323 181.54715181376395
134.20110485810372 97.59914758447793
55.457715024892245 68.34136466843519
118.7885262766474 13.077101747309444
168.95738722059593 63.61458012031485
17.724573859243893 105.18027752606932
201.27389530412998 163.81470118054708
69.34731121439044 66.72106732243415
143.33211039191906 129.92258402619797
96.74775893948656 199.33535337033382
224.39736435382034 195.48527807523288
193.66047657008383 186.72408617302153
219.82284149397825 103.80909271872257
131.21823270335506 113.3550283689422
35.93266847445609 84.73281276092129
153.56267103783617 123.11512122757284
196.1627286764846 177.2962691557607
56.78352916650986 25.104153183309858
219.499319927518 197.94662314333578
246.6097245832343 153.5149407259201
26.51208743599462 123.33698957372663
39.69656185155157 94.15460781199917
247.89932928770187 104.66234771649913
217.9158683543568 171.1273261405579
54.91157362728888 201.72375380476223
54.17735347699601 56.91169378434291
71.55062097445361 117.56878929942461
224.2824287287402 52.143489634472765
120.33106545306457 165.82106019693734
194.19469092089474 91.326401723343
122.44494755709226 23.979499988066312
91.71908876842383 36.769350381828104
105.64778616193382 6.514306571724332
22.313801642851878 244.917145645263
208.9879303823507 215.04036424389287
191.96589671857737 119.72984270867614
206.66990350899684 113.45354043342371
59.86077666645126 47.6616439594264
45.987814037134285 222.40699623366473
230.32113510038653 67.17105805691881
249.87454762793803 98.07684021409888
132.10146842978835 106.41583144766184
108.33342380953844 105.49451995329231
164.59204782275918 80.07880572822911
137.55597856851824 102.85368946844054
150.50817321869874 243.75856929201043
183.65219276168443 161.41015016047393
37.580661528676366 161.19044766212275
243.89962937393307 248.99924468471562
174.27482622864832 247.6623206197382
200.41055826747493 64.62389796749233
188.82473956295763 131.93927205376008
193.5822885434623 166.32668757412898
210.17880883852175 123.09051222034107
32.50571606421812 177.63588817275905
32.666164984237106 187.41069734119992
149.2961617441654 166.45822013693126
210.74429154683838 114.21268348261549
191.63442018858493 88.06992937543096
103.46935768241791 108.79662512943491
127.09059986027873 141.0430334144458
86.60049828453167 132.9038878232942
146.2262795728457 98.01498496247437
158.75180268392094 124.54089453702308
51.37607745226405 160.4379219260693
112.4027609366463 226.70933827376317
195.12506191183033 243.2823082430018
226.48419526003497 56.147970030894776
22.90474367527376 134.02909790763607
229.7889854330626 214.03010406354528
107.71950129582386 51.22801945080194
242.9721393589769 73.68555205894253
36.160488672203755 211.19663200323578
217.23169722864648 16.508048010496296
104.03806771069927 158.04987732352137
176.45838563592454 225.8353717851719
20.009846580340636 154.1334948481126
96.43482151298485 209.98005212269402
249.66057664354935 68.19541974812651
44.61565691483513 109.63239573714148
73.02235472672594 105.48437325374479
172.90387792733972 100.41212217114082
94.1097686019623 143.617124973249
118.9389593160922 192.9230459203294
66.29380778996224 94.25575840618141
147.1160195252518 211.8333322441892
135.99924609133103 18.76735739065888
44.81774831500862 7.382706685576168
26.45020499267181 106.56360961728392
129.27352371901137 140.73681040886672
97.65218289566526 115.39561180487856
68.11982710990033 76.21034763737694
249.62098708842646 101.96592072584748
7.018764028579094 177.37457359325222
144.6069131443328 163.51733712089433
23.4862623668331 32.83447105615894
239.67108056737226 180.83454034270784
119.59588142445399 58.31638746221829
117.94363982402497 191.78037955606524
33.01613450937041 63.983728235729316
229.91714839399 238.31374025405896
45.84581403774532 114.0532267885735
164.907328680346 123.80790137923825
105.51452175671142 140.2720918838089
2.440356505075875 69.67712501572237
206.3103745847184 15.66773907417085
124.48063912580531 52.69875931090576
101.86478938707769 78.42713117976247
232.20958635233046 120.9222155094043
151.9846212066456 221.64426485172126
110.49949166913036 188.6714874605191
139.6108646933802 182.01981436561996
158.39386984927933 177.3261108130166
5.8974304929402805 114.2505519976145
142.32188229884113 52.77602317245561
76.65759101600631 76.28693855333607
21.259437282496602 117.56214245534407
135.24880761961518 115.14006574723584
196.5684584474407 65.90373707718955
243.23740298927174 169.62447621397686
91.03710402046141 88.26227490631791
149.7484953773694 140.42245420149368
57.189069715249616 56.49775604398549
247.83302967239266 233.8662136705162
178.81003993193667 200.2873736022854
84.88152522407724 54.26198279771074
232.32332644177046 160.40504834446028
30.378752698398735 125.79868274057735
94.38139238649865 66.08429581777997
12.154335299225966 157.5173498899935
163.958816085085 177.67919108473504
169.04560894049914 69.20688937770184
209.0670606215452 71.77543179857349
23.33465788782582 227.28510713589898
114.4197972380126 14.01381086579842
27.481290451876834 209.07155686281288
197.7287638460329 119.33922264063935
120.17744260220431 120.29358545753067
229.2700171909393 170.06435065525307
99.97742195963922 48.60837974804683
138.35477906954722 246.48767986395498
200.39102666793278 201.77274229575198
145.2665534080779 204.3101644714342
164.12631988542392 115.44573784578586
245.15800997977217 74.41231629005385
80.57354926485222 236.41230315800365
176.62894990933907 33.21903292900299
248.55414272709103 173.49302777820648
94.3590718741022 247.3378800909159
55.73244681979467 138.0329020252247
232.42527992097666 62.45019858044945
198.03113694164372 236.96111022506437
83.94446211341203 114.05152026848923
183.37630862294017 223.76754118805798
115.82817114442742 126.99989489378704
88.73153246460272 120.66489527493444
184.86945635670935 8.799056475457922
93.06000621700406 212.7609534405079
9.668505716475234 208.57537071263963
30.867727824388126 145.2074108555423
68.10943874165584 244.020878884548
96.22434172673258 1.8644336038075304
170.4243286892194 224.65836024935857
64.54517864989003 172.32981215253082
130.5308102600168 229.6865136391413
94.291005663557 140.40664140126435
105.75458387977469 22.25524906728732
120.65760379270085 14.113562398088197
19.46508826160062 106.63280716060092
163.05515435579926 169.7398229136826
96.60389199562283 204.77756465945924
243.0343001045135 68.91192649614317
190.8044357851319 21.964021190480494
74.12972585314964 248.64906071482196
186.3607959411911 213.14645764197553
17.96448370301937 115.69195817772953
32.31865450426968 115.85451727868096
137.03164822013215 105.95136426271559
224.41330944100437 147.68851014910607
95.55639048424014 108.24782398551872
161.9675905020961 75.56509668104883
168.15260765604583 131.35715708159353
164.23437744861832 139.1636599179663
227.96214866811283 230.14804824840232
109.44156608143533 77.7111977740985
183.45070474784853 224.10287242628928
227.51007181763168 4.428730386102614
25.493253248781823 237.07531764719974
14.626665081937439 27.479553029953834
16.990623818680827 190.4334445973349
91.75046593309666 111.09956499164714
156.60611136149686 71.80316928737598
193.8477644485342 89.70558561491681
46.612203600972485 217.00191658751064
157.94797991782812 148.2947435871577
50.85854456273081 66.14226601073675
42.682421434214305 107.86227943206802
182.0096637010481 96.56189486898167
116.80663554081578 178.5539157336073
87.28531267246478 84.95507252352414
158.80997683153154 11.615284215026861
12.956246561008633 61.90648035000312
98.43669392598193 82.11732636445801
125.26782930388933 68.43251752790843
201.20502720377212 241.50588764471576
249.57613626903023 229.44403972416904
52.275967021631786 179.27537344543168
207.73654490667894 72.74015151154795
173.71091480877232 226.50590298155328
46.556730275792546 74.2559373540293
175.93703497688006 244.70932065911677
14.011146118798361 166.90211483093185
35.07109088682061 125.78872961161444
133.67023278450935 49.11331745938785
57.63698723484475 78.9806855906052
170.8050116771978 76.84188191926769
156.4905020783011 126.84359992402133
137.6350792166186 211.7746522883069
210.97922206992837 137.78615295870554
218.95259409163472 218.93591824386905
135.9221831425163 106.2237896491531
68.14274576712958 109.4105831743065
215.3366833270504 134.04420702114874
229.69915100691807 52.16518367683795
208.09814848017572 181.54861496249464
112.94702888921509 36.97225155868003
27.100717827017313 69.44103475579038
75.67717568327892 160.55161746676507
70.52108340056945 209.00025548064121
153.49588726007445 77.0368601898711
248.57290289357914 226.56251396804615
246.48623982506814 215.3831503816336
60.16613820882488 218.56999910619015
46.53960524389797 137.78028356453618
197.69566122984455 93.62211867153486
231.6234224593243 154.76107673355833
112.22943873552086 81.18121966789025
25.554150913856073 116.68391645091178
230.12427429300757 16.30497957934074
10.310856287544578 97.50408430304611
151.85324197660594 70.10742490428152
241.48229439544775 76.51997019345968
2.63679672760278 12.310649612624708
234.23015103655877 202.14814529254392
233.018935009079 195.024494748835
202.1665701484651 198.45142507500142
175.99933674229337 144.76577735374272
164.70002762589425 55.83515810746134
91.79198506984513 233.30216817663342
124.09491697134234 33.30113114960953
23.67589122941857 178.11854306994294
244.741072419522 35.62919148733454
109.93039796157953 88.09332633398908
131.98304450350759 7.144584249576341
87.34373368760895 16.205411852304895
207.453650209792 177.5166895749586
230.4310905719351 138.5792191005875
232.43191107387113 17.396728529601972
227.6438966252038 70.09394844144174
242.00087204998252 227.51146488177622
151.1481958901294 29.716517360489135
174.93349157476968 165.56908105868214
49.110136253430944 119.40638852642071
10.638294170566526 194.64461439608763
143.41781323460748 198.51102069128703
125.18807907099611 116.15729010850406
41.624607917660455 128.97048011818356
117.16702210629121 88.48459604700504
45.3916861993508 93.63040848550155
33.571834202288905 205.64390572048336
36.58631639336918 103.64873991926193
89.16859517179762 110.9456309220348
154.71103198208186 209.14937019262908
49.625391751749625 230.15756899725721
92.60769494789939 213.80397031140697
165.4477532133777 183.8072988569206
161.60827627388153 100.26293840179859
220.70233014627402 110.12975622980728
26.846237861160695 194.3303366527703
194.3402967976893 164.31354944302748
124.74112028544138 204.36706576057188
0.0604520018093746 33.612150518251894
153.03633345291001 178.26296578684196
147.4456224896125 125.3639504465905
8.871395027273078 199.57762851052655
28.942967788858244 34.56896591343755
91.80362932770484 233.07895869765736
211.88170005034874 216.09409636457502
75.16229432455401 110.51514236859336
17.41692247091653 12.176571267017405
18.088992813817484 47.05213874556327
121.2721883796062 69.75093090868175
218.83985602243544 243.2623935959145
46.243998946671084 46.56445851909524
5.708521479107692 76.20410959513794
35.53017053460778 107.39016269760221
2.2086038035934727 194.55996316975393

8.6 17.2 36.0 72.1
17.2 34.4 72.1 144.1
25.8 51.6 108.1 216.2
34.4 68.8 144.1 288.2
51.6 103.2 216.2 432.4
68.8 137.6 288.2 576.5
77.4 154.9 324.3 648.5
86.0 172.1 360.3 720.6
103.2 206.5 432.4 864.7
114.7 229.4 480.4 960.8
129.0 258.1 540.4 1080.9
143.4 286.8 600.5 1201.0

2 5 8 11
5 8 11 14
7 10 13 16
10 13 16 19
14 17 20 23
18 21 24 27
19 22 25 28
20 23 26 29
25 19 31 34
27 30 33 36
30 33 36 39
32 35 38 41

