512 3.0 0.0 1000.0 115.44686975015141 3 160 240 100

135.89568738582471 27.56589044767002
60.75506538595379 96.52539862538164
159.2079083064253 243.69701272109478
57.92906827326386 213.38664340602278
27.701351739636728 195.36615466237444
4.782483925976716 30.919948063477946
22.13933834850054 217.17282816476455
161.13959512970234 213.92167530597376
87.76672223635553 148.3424417013981
114.73789688409319 225.2539217958227
140.3719051318581 123.07500983778927
96.7008439172829 50.032092373212436
58.304544909309946 161.59546724591317
196.55975736247217 44.08062967184886
217.1320256214249 94.08539717458375
155.2456507878383 39.68140646247237
161.62434795871363 33.48074717200289
186.10305426047114 98.16355111897523
157.14408701657342 93.77074791665702
245.55745758000828 19.442805647786443
21.43713550452328 166.62940498507186
233.65031502889659 213.11752533030685
246.30879060551908 215.19143084840508
132.85415782495318 82.12982448432207
184.40096965581637 75.06362039442513
153.4384709604084 218.52241691927642
111.16860345244523 8.713609807811467
40.68297780908247 131.7805886388994
229.15523565521275 223.1718727856874
216.65778264683357 129.6748076224395
66.46959100953379 219.74478859940425
247.87643736600108 223.11368982291523
130.0553348362845 47.25867259156175
200.05902403542373 130.71840710998418
8.441772400082787 164.17110540018768
115.35134871487912 156.83186985997298
156.29779728748372 85.1290626233758
10.755367535429272 146.01676444041271
125.45735198985331 215.65661161400905
102.07260133614368 57.41412313295505
84.79918751797192 142.39323049434714
188.15157030298658 150.9095819595365
152.71345886790368 229.41657589981483
61.13775424633736 156.09115527849022
114.5480612174282 163.40306771556226
80.48652660285136 7.609250517047306
83.6305742375338 210.76647762242058
76.81748474495318 185.60546610602557
185.49974694518085 156.13050661844804
166.95459557748376 159.9440639434472
190.6603401559474 228.8106773460165
69.54115650497312 225.0884627642292
211.2474148992329 71.29753945532465
49.155811932581365 243.83723719914047
60.391672910719535 160.76186766693849
195.78835293381397 198.87443920657537
110.15062612889828 126.69586186316795
170.67235385010676 158.97933859590395
110.86956280947213 207.112866643674
142.7710087754919 25.834147782875185
164.44703310050002 127.53324750671199
192.61401616502496 99.498335874809
247.07050877103254 159.6588402318845
239.8683678631594 107.38637425302284
249.61698042769606 147.09340999058284
74.10061950665423 116.27164656058922
232.89746731053808 224.15759353936272
25.842301288153678 164.76281788092163
23.75636722328861 179.28455552784635
246.9481145105553 92.82233165550821
234.84502000742427 78.37437302288008
64.6437443910918 186.03111806078496
120.17156187679772 186.15498318258557
226.80950144334952 227.58513281707795
90.78545592336948 233.88728375639536
93.1934109289215 245.75282971111452
23.22320132826605 224.89891318848268
170.9943568813734 192.06635623861862
154.76832873702946 209.26129143281486
106.37460869820084 243.61861462456847
233.6087503825132 242.54102200486312
55.62453860049418 220.71748354172632
210.0794412908291 43.554566334609326
117.74698487507354 18.344770958754612
118.28104120928654 36.110602509600184
154.08935165341092 208.36884861737485
88.5286482942916 137.5329210549676
233.09628921117917 51.916317032593334
203.02159306291054 103.79550936130461
33.73573078525421 23.114702218719085
229.17945357885222 54.6236191124865
166.72430902282267 199.88506199279863
105.2809653258324 152.1176305987804
194.48487324847048 232.38280792469894
124.99177051990615 134.8666643418704
31.331395128850914 17.461400522252728
5.282008636994185 170.85894169920795
76.931572844579 70.74707263334761
44.14011285511124 21.76283128278725
55.88299589189722 87.1083278263286
171.27652015376808 70.5041703361827
40.82003218574068 93.57096692583644
56.844428882528916 131.79919539390858
105.56536110887765 41.05095633693806
63.441433148117426 141.34353251451807
232.7813552652379 23.565433802821083
96.1581431518494 248.8025322710761
207.8770482677285 168.9940643890668
16.783449223857883 155.77300534306923
232.9046030140528 75.61888945447056
57.94437044222775 212.46786417344077
141.35901902765087 234.05360725866728
136.15264926006117 21.72105428374063
29.892874827355698 68.61940570196914
8.028048353373313 236.7786771169987
190.18888234813298 145.860476349575
59.2643074943105 148.28118952634193
203.83544834978352 195.65587243177384
174.01796509252398 158.55760033809455
109.97965434530013 45.368542594316274
157.96724352374102 220.0540307685255
243.31872038419064 173.39344155146216
151.7376235331391 179.078600298018
99.0847906486882 196.11960155958323
116.42592677068426 90.04531659115145
242.18540348507523 48.866636480551115
208.43809319659178 223.60245645877254
57.95648848720336 167.65744809128745
249.3752378183951 107.59767041761506
201.62137348300345 200.80961157493545
118.71883533971125 185.22984301248783
201.88657183911263 85.23133025218007
196.50786920861265 138.21219869487268
163.94414508917103 130.1295904480823
219.01908494165886 62.4175638610095
117.57279567653367 176.47453991077143
248.27694038014164 211.2196775772049
146.13956232316548 3.5336705774301755
219.1375323884288 222.13648121576097
157.81337911806665 11.954052257014208
26.631430049504246 117.24168690510723
3.9365651829625925 106.21486469880348
212.66193034529906 90.27343934555503
44.59333824509723 102.40097991028414
61.69261184438163 13.976118564194978
32.10637009179085 93.14248732762515
73.35124150727343 94.79029919014704
240.9964486281617 135.22445975806022
142.40968907504737 93.50361014334588
144.93580559854678 242.3122185152877
185.28440504011908 157.5752726724444
58.4438178817846 213.64971412583284
221.2538295689025 192.48333040293676
95.94304859910643 216.60430624885285
70.41700561037493 118.55743757481585
18.502587303117547 23.381982060645928
79.26389979277151 200.245818543522
119.89431525112434 167.72688232086654
90.58238245862817 130.94945246023227
80.91435671373931 142.76467459195348
176.18467024529278 92.51081858512997
125.13455882869198 211.13982549214438
105.3649618129702 28.507355697009544
239.90544841713879 83.23229744087254
60.333780436349436 201.41438549340964
179.31826425896594 6.604358429345564
237.89183896325795 22.780761078077553
41.70692251272607 161.57643303995815
4.187330589707855 247.60525991306773
81.78479353299939 56.02866585836291
190.37919756279092 174.2097664408022
223.88741730021732 58.74204467800706
204.31888675084454 19.07849537954831
21.278845678953523 145.977425742063
171.58013697806317 97.15568298034711
100.82290524261492 172.0304317278536
103.65689891778324 142.8359677959346
67.95705923349918 121.50200269072755
121.785179774197 198.90003034819878
178.94736084913106 167.74756110152302
133.97407777307635 51.69695195227142
1.7743989853181985 9.446170799248033
127.12954813557576 126.0395520978721
34.064459129943494 132.96342780228787
146.97426006374107 99.12348883704577
106.18209230180825 128.04235865796352
236.89247059559352 49.24233948604334
106.40725005859237 132.16904765958463
130.3158898016694 177.238106665439
2.4434041636822723 170.14281372206594
229.69653685438954 17.334849926678498
131.3508719147228 173.03015798759557
67.72382193009499 53.858669697339266
34.593739668171395 109.21655701435267
81.5624114053729 247.33605284885317
111.86324195025863 186.37173235354032
237.04112889333803 157.78391067880136
213.4326605566018 242.57862608223166
221.30501853178743 150.1889466038423
92.5729459186366 218.99479839706555
130.98835310188878 183.0580516146855
246.64015298281998 28.646191095382218
183.92323401917196 71.90624858789762
247.01173441355445 85.01845801951826
208.28001630753474 2.8418233780521107
136.97633832688902 114.10034658387438
213.42976239993686 91.72355485347668
8.210892330349855 48.01119007638102
206.77059813722425 8.80928341258863
4.6953509298708065 58.52164763344478
242.274184745986 122.77721843829003
102.09911416826209 13.281999645152197
217.89316605431142 193.97297442779606
198.10457333063164 58.9583834295275
149.43249721847116 198.1198023036314
186.20846260348253 38.09479713607725
203.49411828462485 241.35552033681347
231.97817670010159 99.75572686118784
15.797813103721136 117.41646688302774
217.9529414206004 233.6474222940005
219.4968414701863 246.54642384131148
217.04153860091253 202.7246099493915
2.9844607308854854 6.674145871028131
103.1308647875037 3.875523956161225
54.40375131377909 137.15027532534086
6.456289510467617 221.44946254917204
214.54767918719207 223.0230010911765
108.22839941653275 90.58817219719239
55.08589951845705 184.8357268131482
9.209783473182547 118.81897022313164
71.10715728889241 162.58642846969389
64.4244364142396 150.89058328292154
115.28630377558844 93.3955779568112
151.34833827708707 219.10170007553384
110.22869503196154 158.58823824138437
35.079673773660225 204.58961927442024
94.01882656594088 246.78421041169298
196.37724707876288 164.33648627085063
87.8183139923514 220.68803215322754
107.53102292971026 151.95700418797176
65.05266804729385 121.79907504255041
189.20535259224195 231.84806943758463
41.63062285837535 217.98849870810616
15.695985642767862 63.21427398900886
63.01962811810333 54.924529928332745
204.76250896513346 79.03545287463152
225.07587433153668 15.668684062078192
92.62524299783892 219.3588882495101
70.11963958168168 75.9865056789212
129.48478371358036 128.59907358261216
70.15541595985763 170.68313206830453
190.8589740352052 7.0064510495358725
21.566247055116893 182.7481310563192
163.29471192156277 53.29689205591878
86.08697619149281 40.144410907147346
133.6234387947822 107.79827764544942
213.16795653603714 184.5858867610176
155.35416446087604 228.8574639780369
194.94680248040177 55.00414663271158
116.97951637169163 21.052132646674576
75.05524648035272 229.26710969581512
6.151267131393218 190.05685668486643
228.28184819709838 245.73469064752322
182.7910239500113 113.9050322452606
171.47953958636614 107.45327389373053
249.94448341988158 240.240456307853
212.70406392905753 26.195227138161137
239.18878738597934 24.742038114152958
64.94336760599784 230.58999890773728
17.72358970486679 95.93469918492298
115.6359639921406 46.61274731678267
66.71962641307297 23.319236532854447
190.8734301414582 59.4472856049848
88.05608367437276 239.77074676108768
219.60818220293223 102.57977962241426
8.332721471046106 86.69852381539411
6.245865464169665 204.51242411950957
22.60828973445983 146.0677045754109
46.28489250011308 176.03262033019175
87.79172984554847 35.277892708843545
162.49291056218186 205.90346563255142
175.61678361414275 248.55541929091945
49.80245734387023 31.03264704314565
236.4397251535785 102.80693230353627
195.57367144684062 208.3785217888397
119.24831644498288 20.311203827766327
55.75119642989318 5.571993935846703
0.25351226084813216 97.78957649572669
19.480136531039637 8.126224569935975
132.1978512425999 58.765636915610486
12.953594930141199 170.2163701284109
116.98753062184889 167.36636103565206
208.89531322069146 106.85455372820346
221.97672764766685 132.02661281900478
142.9717804822619 242.60006947187776
67.84213153976599 41.7281689480766
41.41794366978821 233.55661625611356
142.630609362468 90.12636967487312
220.25494144070439 107.66071334656709
203.77589306699744 68.82816711236761
47.245846251204924 2.5899306301899463
41.53577749622547 204.40252441754197
80.48391749306647 8.56093842987593
225.02506308040302 173.6082461419842
33.942063562413665 142.56500741718125
241.98767176757735 161.6019807448835
58.23041502754226 139.50746252547032
232.9034148436017 43.582612742356055
55.54413920791068 79.4903461742004
38.99476759965129 206.7447716618833
155.08364622961963 13.81455635987383
79.00913763639942 203.43428975449623
105.73177500987462 24.68316225394379
5.279338507252984 118.05872745230789
147.1055957639004 91.72095044044107
134.0995336627494 36.636635108147495
233.1114809310336 241.24175458981034
110.78934826679676 148.29215538164726
10.894289359486137 235.68506622311205
41.759560104743656 178.9114171744064
187.2039003119479 141.0500068867881
194.17484140503342 73.88702095096494
10.937985643177218 180.25738401176855
97.17843133614623 106.0125237001699
119.43387178939143 112.6598947216893
225.82872614417104 73.64651182098537
157.25543473296446 9.107917079772736
238.0442257321439 228.28549565392927
220.87439705829377 180.5422637452418
206.90553644090195 172.8368432249291
90.53592443394199 219.69923844423494
188.6649332082706 47.18956920658912
38.215102451445965 39.59968284864218
57.161567091158574 214.45695675452518
238.5254466453586 1.6271047997769295
202.6739019924523 234.0591450319446
210.63050814309815 198.702470054429
94.27937722944702 104.07336015458709
219.8343634390825 156.63424017983317
111.07740155669335 205.2752613922905
15.561630967477008 224.50704880360803
246.70039706371702 88.67707637033065
33.964573952153856 238.83375252662432
138.15604204164927 172.89639334359487
239.52294173391638 101.94863799013528
105.00430836255659 165.7145788696502
8.063030847881292 134.828289082973
86.73508626183032 234.62641227478753
140.5051709378503 219.4769026897556
77.82149154931223 82.6387912344391
121.12678832309392 151.23907395688536
124.09380570325216 235.87644253357354
172.05299971359167 23.87376040691269
86.37636016323574 205.33899797273247
69.4023905772658 99.9478809620627
248.465678089973 155.17623902327196
215.64644577750562 85.10687515598295
166.34680701387234 166.5022852067063
69.46944225571724 206.32653920239179
102.00922894856532 23.185286801722103
66.6118056238636 122.49650443574822
237.56811525871476 22.817091569092952
64.60308032203463 82.241000426327
211.08175923670493 210.18623069131425
169.42576225433623 128.70258813159347
123.31630111677977 108.57960322719595
159.18782558641053 48.96133639651659
108.04070319651332 102.28378012515857
141.81964374284402 246.09746127439527
171.36472785947487 225.58408123933265
192.95362392835864 37.671224219965296
240.33831670572766 238.2311202038424
23.984496214199762 48.96670190437658
228.97454794145528 98.85498063794726
170.86889018152524 203.1342979642445
65.364603639047 43.955243793077635
233.0568464952921 98.07604050832042
46.24385192148483 239.98894363202854
157.72495233771934 191.27540027188607
18.68280163639005 135.2123899730215
82.44544138479459 153.4920946146053
228.83435728172688 190.66119877473622
134.62224339940394 185.46980465198737
214.02344156607055 128.45374064909845
171.81113641202583 102.57189098163663
98.85822954893587 141.1088787409236
2.3373691370518754 104.52924586312382
115.97331429198864 128.69698580464063
233.94039096459414 191.28946933155405
160.93138959962116 11.341098936013399
18.433355867616854 173.03079172443347
111.44577021347077 68.73544187784614
206.04234537194057 37.01299889569107
214.91938342082418 41.35441656935132
117.1161747686699 6.550812924205507
165.4277890651887 69.10087416509685
90.12879934090238 106.3264536298677
124.51292137254369 235.06658138228818
204.64959216837954 180.24584436330818
130.6079305095564 55.558463048063885
194.04569136798398 220.31077220923675
199.97006908777138 82.6319976122131
195.9951408858765 178.0146046807272
134.44040518598783 16.34731771493042
79.7030629907986 217.7588108314069
139.2254622174575 201.9069545766559
4.90724099177528 118.10134053732135
68.14236809650801 5.8872953787458275
168.73678366761843 245.3331713906313
150.45902200119139 115.06446060286432
201.27845682269373 179.6546589103153
177.95810331720088 106.33466072224637
75.07384262645728 216.24571399898048
202.2827741196268 236.4536878676294
118.52173473099911 104.54356655391217
174.47000130020947 160.7407484952308
224.46440621844664 93.71482494475977
95.78824312222378 81.40543185271001
125.55501013765405 214.70680896399037
218.48282717955445 44.30517090107719
112.59839289312201 231.2383543322032
206.15702750680953 24.2270667630706
24.336208415567107 10.889622506287806
244.34704475222196 69.7287391151456
105.55737280829305 218.1816745312116
86.08733000251975 43.02701308092191
46.671885720573876 38.827145591719294
222.1592267617204 179.1136041108459
222.97816610213889 122.54857439257816
58.58003914004459 40.97639634016736
202.41588109082744 139.2319710812016
77.7635417247889 3.5847662064053543
121.53671938595807 234.91736379736665
34.99248454409678 119.46270647906698
177.25779575988437 85.93236873868717
127.91179360946484 12.161563157884359
23.86685655753404 86.13895137593852
5.837786123230409 83.02306619560531
194.15045343988515 17.125399913239164
220.25734767971989 34.26867188879218
210.69703992212933 29.102203726082827
96.97373027571452 223.23085625856234
0.8893708681740609 212.21169768033576
82.87567486819262 101.2331563140026
138.39727087055755 88.46329008253997
48.25218985730789 128.66199615025474
6.712364481919058 25.61390321730578
245.70615134930043 101.53541938518177
30.712863261655343 248.822667241322
162.2392760964634 25.43721919342054
66.41990970729844 7.188979016848535
249.86053120924518 114.40573690337602
6.1650098752389635 88.85303547566825
122.90819543356638 42.90740572794474
208.9534827722121 174.17570693587737
157.19984868575324 112.64246654464549
172.76498551038864 235.2284900731194
107.15796773352277 98.53259503817111
11.282356412470024 80.30722171147004
232.25332480699984 86.55060064386
244.74311813704878 0.7785809544483546
241.92878821553492 38.03595864547204
15.472776198925315 233.04907189412893
249.0188079884034 139.179907610496
18.2743391377653 25.569854130635782
113.66046268575278 120.6466536790399
73.8202743868418 15.129606548731855
92.14876139756048 36.84238192097597
74.8186622176561 144.88893587638762
100.40967812323149 119.29762746305569
116.48839311470566 90.06977098069868
35.39879118955899 13.410392801910087
162.87648150372846 149.80473227953485
97.3128080906116 127.31342651378336
121.67079079167536 206.54468023341397
68.93237365210972 14.97370922324856
111.51564818882198 206.43381347934096
67.51281926532732 233.41174809819537
52.239312343787425 79.77081041548189
95.58220511893703 105.02454244354492
188.80828017363584 203.95942372583173
236.17397319269207 39.60523104759473
244.31141470257398 148.51093921819512
177.229931069217 201.225531746364
1.9032922109205042 209.35408182387488
119.58328411523259 191.48186135988325
119.26978998083345 34.18433673452343
51.83041703215771 29.51215548966285
44.85920660678547 29.115429515617407
74.85821766355835 24.536824492771363
124.26337863531533 81.74746333892554
59.281414527657645 72.92441413998738
157.89852671485195 35.794090402883036
237.05019256776174 52.93902950018287
127.79639392344316 144.76990066527992
46.42087816889068 249.42904508754233
25.619400342511007 39.78097007665732
42.15895819319335 229.1320171117618
237.7679920733811 176.72540074414758
169.04823060835866 176.9146769390499
23.707636248217007 52.73718528235719
143.77071399904466 159.5232831958785
198.22631082314194 22.07307702343017
106.813954025576 195.62091558754406
64.7671522814603 154.7356284598707
90.52461068254078 30.752074158940378
221.411567672836 196.05602276735212
12.818559111108657 151.0884050684237
21.494838836104314 199.55090382626994
97.76477546786758 160.08535280845732
91.90042457535816 7.332919893998813
54.085984024509564 216.65755831081245

133.32918731004773 19.647351560434956
53.83175284315203 100.16871031377141
157.4285054672838 245.6961713480189
54.93046051412892 211.86763048610428
21.28539281303521 193.50705443552053
1.7370215624074037 28.334762790921925
26.93972489208221 221.3754509506722
167.18759466027433 208.62292094544657
80.4350158330764 150.48357693764538
121.90568391125439 226.5936881544094
143.61779325781478 116.54420327439932
99.21158837647154 51.044659150373015
60.553116308773525 160.6572160885589
196.06706697205794 44.23257099932104
211.382340779143 89.48031919016464
153.81279524705357 45.73368366919972
165.27844616669054 28.217384166827703
190.15834034404682 94.65090717493868
152.37759686124906 99.97381881739604
244.53154749374886 21.512158054370012
26.8193643511683 170.78612558292093
229.09968043522994 210.90805930545443
245.06948210677226 216.38463815060277
125.23461609451105 83.39477138443743
191.25794534384855 78.58410901014098
156.29249011000942 223.3829211530587
110.42153768222276 9.730727044919757
35.774677099145165 127.69036411100251
229.43965193723017 221.74416002962388
218.4745558079704 136.82674048759088
68.16179768852196 226.56841039306323
249.52603546537767 223.4103650065897
131.60151501759555 41.14060246739207
205.10608670089238 136.9791896539321
1.606886213118358 167.89937045156728
107.43028901297022 158.32489872548643
161.58148257312135 85.213784623007
16.638633784302996 140.69557747242794
127.9250694549395 214.31320374825742
106.35523256991678 53.6321342441157
86.68901893592731 138.95694548719698
182.48941263326378 152.92992860020942
153.50008201187046 227.7007473136766
56.31570820482501 153.04939734831598
116.36161186111809 157.45888335101142
75.29345884439023 1.713822541324378
84.33804119603539 217.69617837020022
79.15889745172716 178.4682225067008
181.40487044755642 156.52049685827893
168.64909172728898 162.6358384190434
188.14083379070883 226.91035140463725
63.61803946951808 227.8441601720229
211.63367237248536 63.597970217046885
45.413436321478734 242.80644496967577
68.62883578318488 159.44753963194714
188.16745656982445 197.07399217548223
104.74223259513629 122.23359382392626
168.5162301656625 156.0400889807889
119.098765334497 205.5447278757612
143.25795754054187 19.114437895954573
160.59498199035028 128.43198161157198
190.5842813781201 100.09625977783085
249.7796574291388 151.96702977142604
233.48782811635405 110.02235950288036
249.61901135884276 139.18295797823134
73.09444236757723 113.1471621552225
227.09479038931414 220.64154833466725
19.18266283094372 165.58048368679647
23.818441102165966 186.1057736080257
243.16503633309222 91.79563018282549
239.8122254619109 81.33282647502352
67.6900960463831 183.3608074262313
118.8446200078174 190.65242031569653
230.1713113877992 225.9367780781012
88.93758342034683 239.92902801579018
94.50831126868059 247.76108708760134
26.58240328612571 231.9196966422351
170.2132883632478 185.95633508214613
154.08068562492076 215.5799224150411
110.44162454495864 242.5007583598096
235.83656704437257 247.3861245708975
57.57629578152859 218.04394298818423
207.7828568858082 40.46278970255701
121.0273274137022 19.029390238958527
125.5014000556024 40.16835399325966
148.37665045329422 212.12033566151334
88.8826717914774 142.84420175728494
239.25549111442558 49.257342499986535
202.26896455075845 108.65266842151262
28.445644708885332 24.217300597421943
230.39210267702234 58.04806323073816
162.3142369833729 194.6754061186307
110.21599514220223 148.32108905249183
196.90765736863335 225.10552942159305
127.63771402666328 138.05500474110244
28.58747274666834 15.257097291529298
5.0867553044595395 165.89559436953638
70.67266983008805 76.22912559946141
39.483634736239196 20.821748942712187
60.04510557996212 82.89002724828775
179.13362888543855 67.60165736186701
44.38846862716278 99.03675330917339
53.07741865213742 132.31078771742173
99.01999228814995 40.31176874445377
62.940749168773515 149.44444782871997
230.3555084628496 22.848415542575385
91.91074146007955 248.4523293896668
204.72101618810117 166.98917973723837
20.95168024624089 155.75983634242385
238.03658750990633 71.704303544049
60.22124347136307 217.726229430201
146.3090384198111 231.95809890789806
131.74034088579418 20.182070078986868
26.780209338389398 62.49942787726853
13.18903557068038 241.31855972351926
192.2945661497596 147.46595841422828
56.181617301752254 152.05994964850453
200.53524663885696 194.14978038664302
180.87702785818155 159.1946572353511
106.76273397540336 49.68971414445217
152.62672969335722 222.06243454084435
245.46496444335665 179.51864594047112
154.9562880806553 185.59525142420637
99.23294902430365 197.56943396443745
115.48083450217747 89.25030256762525
245.8294309652907 49.947862111674596
212.23614169242356 217.8334947380852
54.430649322235595 171.0169767262839
248.79724709698675 116.02971618622126
202.09704354937264 207.25736004501334
118.80941363036618 181.12919843936936
202.13182903423962 86.34686872164008
198.67740662740655 131.21827632550588
164.66239497563205 137.70789846850855
220.45630260202034 62.64119195774501
110.08385854747362 176.98790499358728
246.42248646128562 212.0777097012293
139.15698732522822 4.992448651868486
226.84191608885303 225.07130972749164
158.08616907152594 11.790346990172257
22.148531298917945 123.13516821936658
3.6948687774484013 112.14990114792387
216.93420536824416 97.40377254194354
43.62009207270398 101.93518531349022
63.855807591329416 18.457798007215505
23.930067376571884 93.49519840868147
73.81380178314228 90.82986376804261
237.62676838297833 133.15327377994723
137.5681358597501 89.28130253834065
141.19085210167398 240.0339394774017
187.15495650004914 158.58167235917713
57.401666289945695 207.8431172741606
220.47955095243762 187.9863282993999
90.1961913407483 215.7980802263401
70.56849595996295 125.2429363662369
17.181223459151575 18.477968314643213
83.23339841565014 201.70792366553493
125.31430487631818 170.78488881645268
85.70410449795907 136.2425319437961
77.18348471466466 142.41563117050887
174.7949188432816 88.16808175494114
123.40763160773372 208.68764808264146
106.96424589662482 29.057143840369058
236.2972417712498 78.95578356011765
57.60407935728501 205.14861195812165
176.91084000713383 0.9075423411092631
229.65358773690795 21.35204093947629
45.76629565083673 161.07541946186782
0.26581357975805076 248.71015691191727
89.1477288803984 59.38304609725065
185.25062385908205 177.05457338585876
219.79753084705985 65.44036888121244
199.1338534609596 22.727694204865976
28.30383587459462 145.2499020742308
176.9319993991754 102.57727414477111
105.81175329435952 177.5024405841606
105.20518528045825 147.9136412325109
74.9663468944688 125.54072126504882
117.44255422612157 194.00699961155723
174.40570159663372 162.8873517211949
138.29388277456815 47.95302778749744
5.337901305420056 3.2989857687174826
135.398526944579 124.62596819290434
29.077798001460238 136.69846188055493
148.4713386900434 103.4906513157961
108.80724898480152 134.87893673382405
235.7181004687723 47.3389570540094
98.79365282233213 130.50429958963142
137.08843203709242 177.44233196328196
9.255443616116633 173.83144598960843
232.12569669989483 14.635520613029806
127.97719238578112 177.5217976307114
74.74216863842592 58.445142292653685
31.538371638513084 116.9295680304589
86.14792575502761 243.23905760333517
109.7496098112799 192.05420386252683
231.59859007243966 160.52756962259116
212.0560977950291 243.88251496219857
227.3692104808984 148.8289193343704
95.43964927963033 215.6195153828904
135.49046128213504 176.69728590594906
239.36259581971038 31.111789673726797
181.9428977755187 67.90009109168102
246.8515808552898 81.49998056541102
202.12299818593098 6.566077126744174
140.05103064920362 118.88002194168543
206.0597857025227 95.70750392567865
1.55618303517166 44.3484794007952
209.55241638319322 11.168293989253897
3.4786423252319287 61.132472298925904
241.97247307401568 122.00259297721433
103.64020841979418 6.592865021528088
218.19516239290374 186.63587366714214
195.38468969470262 51.46127581614057
150.07900777650522 191.05483646032795
193.3401484692175 37.44854448859833
205.63889130850387 239.6616017630402
237.9648108173255 98.6504972572411
15.302967616964924 123.34785675050428
213.81585599654645 235.36914941675397
220.09498339367573 239.50901509263835
209.55931106086953 199.9515345293679
5.147003231515318 2.2115358092527906
101.52846325997342 6.235601283504644
57.95427274402892 129.99422160597277
2.6144521901060314 227.44431255037708
208.66206573049078 227.74367779436326
105.69959994716649 96.65710939612134
53.57964529861253 181.9909252449916
2.6319009601255825 122.59457915396673
69.2125240534846 170.0188342231137
57.78735950179584 150.09301080786685
108.57579760663133 97.04359203171656
146.13375923729876 215.72469669110006
117.63278352578496 155.04968836062895
34.66157168682335 200.89499059591432
97.66070303705993 241.24853508282823
194.91659372057768 169.0687477826003
91.25654004087258 220.6973162486645
112.47540761040098 155.8136656571787
62.50303327273796 129.1997241825331
190.53648832720106 225.01432371808863
47.66333569265213 214.69516907200162
18.122467118002998 59.84340924374659
63.649466252085425 56.89910189922351
198.67836542761168 78.56987036480665
220.89957093351344 11.877995766065963
100.24375068400926 216.14581809986052
75.85605647555337 70.56407189064167
128.3581423248461 136.90336333226603
73.37218242496537 176.93717094913973
195.91466312623263 6.241783053140465
19.320368057237886 182.88566129951624
166.36864842248445 56.411738570764285
79.32406000111139 40.82169754066734
134.8818078448347 103.14867505470195
218.67960817402732 188.14440580348776
154.41404894629753 234.79246320186445
193.3392767030668 55.91355988325264
112.20966284931283 14.296147422820427
78.00415963936169 232.90549828341688
12.19638804796852 184.18183294762318
222.6681809189204 244.00175969649106
185.59096260501374 118.15342775337578
170.436398165039 104.53141247797373
249.76865926087729 234.67356473778244
205.0780288993935 28.659449072597905
238.51164089453374 26.579779866340246
63.934275066867194 229.99053567202398
20.90874454167088 91.01900893871304
111.95395504059788 43.12837024043598
66.10271402972585 25.429223049579925
189.35551969822745 54.847936890193324
90.1803355810061 246.72739708836554
223.1452387404329 103.46905183115024
7.391301902286596 82.36159457540718
4.981320111684617 211.19506632057346
17.41592166781136 150.87296833392347
53.11734912223362 172.77917487354097
85.79359324525606 37.63313600238974
167.8961508223312 206.14439799305492
168.09779809557034 246.3786360404214
44.518116147304056 33.39977166427294
236.9828157892494 109.59186227677934
192.12966774477684 205.42868207353777
124.92720938547264 15.441421086470536
56.71986680428423 2.7210107440824025
3.340697200662296 103.6280973473463
19.07466003448896 0.3738708650105338
125.1272408757148 55.670074502671724
16.583481252275824 177.6144540779665
121.57220343568886 172.88085639811868
206.26351820197044 108.73164741184571
218.60085382368294 129.9149729298668
137.32555881206778 248.5170842993582
64.43865788837242 42.802794324478896
48.75191836804865 235.74198146180575
135.34958236795717 86.47431174283548
223.77199979655427 107.65053685099168
210.0389692210016 66.73266133890893
39.21834878970887 5.255818529742329
37.93632856772985 211.78613959587202
85.77136265641175 6.716878083832755
222.8884353273328 167.38865467982515
35.57795752846024 144.29680400181027
241.32022172088836 156.63440870815694
59.814229453942964 145.9647631259896
235.6477709805712 37.050216723085256
50.36015781026901 74.62521914310136
39.89361033872013 213.86501541818166
148.7786117984991 17.41173718728667
80.14569157314891 198.42909383800816
111.23123568698203 26.772006460508006
3.222941822715264 123.574677523575
151.04917017806702 89.01743581901688
132.5950875102889 44.85950414546072
225.64261503584828 239.54636305972926
116.20725167109441 144.478417010101
5.3473934337048 233.00890581430218
42.95638052274184 180.79796744166993
179.77549001690656 142.8306046769803
187.3446901268148 78.15211583947676
9.64067554994122 180.8820133441864
99.42722687719876 110.75140894139615
113.13655648674509 117.99062845145622
222.3238168127078 69.90151267377662
153.47691075034336 9.623427337030755
231.2612533769321 229.91350158839327
224.38201359286276 183.0571742618931
211.30101804761705 171.29525966010434
92.06936430670994 214.29956145562969
181.16706836613355 49.15541062624637
33.97297796650625 46.57929639917577
56.880932895002985 213.86206936344746
239.51000971599677 9.109662591838985
196.99222939481277 238.38612884283444
211.91451586385207 202.6925911279818
90.54201540071405 109.31324508133713
219.8589103686132 160.09545174043242
114.09696843646913 210.90396172716856
21.59165153919082 224.9030646452425
246.11776468301565 88.03240455285585
28.121094683100644 238.90903836809798
143.69829136379812 175.6505814099051
246.39951333908124 103.07005416662848
109.75437234070115 160.69945844613756
12.588771772432478 140.11774371691234
89.30250051222075 226.98840745245778
139.3094860089878 215.6946807122732
85.70949160929861 82.01754272675463
117.18568451991467 156.2285050316908
128.4822194097059 228.76215926278812
177.61444483281355 17.615025415194495
79.86630413528287 209.57284239234727
63.15053261910283 102.5735451358517
244.66243440720186 155.28699568543237
213.06353036780948 89.50104763870142
173.52155306310135 164.05582364196943
62.50396256529783 205.04567157569213
100.71163544136702 15.294183216939567
62.630764253232606 118.40698855640477
235.64281081373952 21.23117911018352
57.598167431813316 86.3491968869283
206.16399410348433 206.90372657531623
162.40818692366938 126.57427213468165
121.61891473343961 110.6474349248013
160.73969251283063 41.962224421340345
104.45198526303437 100.55102458911463
138.24371343007374 244.78462697841553
171.63582467596498 231.51657021665645
194.85068524520418 43.66008839214966
234.95354872295286 233.67246644929665
30.16741648703028 45.890110229803824
226.3523167298772 102.15342368438998
164.1144413667587 204.89316892660563
67.44623398301944 39.236591789872186
234.64089029491498 101.3818995505277
49.22417522541303 237.73578954456394
151.42201758165584 186.30447361144252
18.00596443027086 129.80520641195116
83.6029357021198 158.40855725020023
221.03220779030673 188.20990565160994
128.40608877751941 180.450207690359
211.63240809108942 127.00208910719033
178.10688865173935 97.87723657450498
100.99586276111408 147.94011760691646
3.446322245283906 102.30248295138861
115.35871094141942 134.4157706715438
228.55303251833922 188.94024517077492
158.67732045093967 11.795870328372676
24.84581615711512 177.92321049399283
118.27006142142763 66.13010252910503
202.2018637545496 32.23219536336272
210.74681657190666 44.15480089028628
116.55285969022214 3.5227805953393365
171.1065288417794 71.39212887898505
87.70638983947482 103.10993036779715
122.38300963181817 240.15603617483632
203.6475950900386 179.5380591930485
124.89838830817123 49.44744935041859
200.20963005874427 225.73806982206233
194.8425801564831 86.84623944818215
194.12309794523762 170.17167926207406
134.30195798938158 22.493355203720146
74.45621835817809 223.33554813208437
135.0306613316544 197.85543788020718
8.77924105065997 121.5347287619975
67.6330423082249 5.5204152882139255
168.57809501123572 244.60334493896733
146.52804597710664 113.52599914701369
201.34887385378138 185.62720558826553
184.41798769852133 107.03211918404656
77.53145700166267 211.8645888294686
205.56559362834625 244.2131027127588
111.97997085779731 109.68474215988653
170.1082361092901 162.20471783646568
230.3732548092639 91.07973903036226
101.37697303926859 82.1400959300338
123.6205246957951 216.80529115802617
213.86115223556038 38.48280031206766
109.75584971090984 225.9824002621409
198.79826000130083 25.67826109630686
27.130555492766163 13.055657864163155
244.7591320429208 63.43431076261119
110.14844305574245 217.57824854002865
80.83619604280368 47.69393851028808
46.74316303353551 46.27531391351641
213.88832841503262 179.0595609311197
218.518616441772 122.45557078863914
59.2537335243761 40.9641773785035
203.72207065739903 138.7339244968917
80.72043558549208 5.4064946008959005
121.1907910457172 227.12406382705606
33.68459162213497 115.88008502152553
181.1134916785989 84.60632794218073
125.69336365329761 14.17972506198273
16.804433914123145 82.26542969797157
5.534862917311894 87.39213614396985
190.11526334298765 14.396895433248902
221.45415584658255 27.21277762818225
216.6402539907145 24.739914826971855
102.8092908214479 228.16663668038046
3.1838831180354688 207.8909293220214
81.65830151592642 94.65178392434329
135.5249332801926 87.05945135265503
43.33831791694773 128.21776752102505
5.150237530517438 29.32916817163972
244.8103042121121 102.11739292524987
33.64929851640708 242.06868837648932
166.35310335127144 22.355552108555248
65.79715767882193 12.434179297899334
243.243845311171 116.84397845458558
7.1362279570034435 91.56574212763985
125.4653149239033 49.95434502687071
215.51583255399333 173.5132451922452
155.91927366434552 112.57397427571156
172.93585641894688 238.7552412939362
109.38145837870003 106.20225618798216
7.181995073183595 81.46542650681518
236.56480317164903 79.81806493016074
246.27638336006427 3.098627285707117
243.75809752121765 45.24649661945412
16.69768932741078 240.85516442429667
249.84112523899964 140.28534956770775
18.002822525770014 19.453778273629013
116.27575773131002 118.39764453546577
70.64732161362272 16.980191161926587
86.93855085503516 41.96582939319449
72.7464897166133 149.48189517336613
101.00292592562698 117.91119952708377
114.28340619616853 94.94093561474001
30.710031063708342 19.78024279559906
156.13261983321507 152.53940552039262
103.8745079762053 128.46584409787954
120.78526561472184 207.77095099251
63.748932578468334 18.43544440101827
104.50878387946902 206.99402961777915
68.84594692292364 234.0926997929719
55.342522783375344 78.37191984318027
90.26066314124718 100.02911909544501
185.74602244953445 211.7955229650204
233.26767047126452 33.987463452764736
240.47116178448553 150.32675864972612
184.2927276805193 197.63734456196633
1.0817056807157777 206.77596026993257
121.24811885542577 198.19606625567158
115.70709934574255 30.542778657630553
46.80705895883397 30.95294541690288
44.11512292377745 26.198097509253753
80.76178604024334 23.782005502285458
119.15168329740882 80.1875486915124
64.75243215808987 76.99891152157406
155.54974801996852 32.621575103139705
235.9217504763339 52.133607646282805
122.6308733282693 147.84568310684278
46.313763297218145 242.98863025096287
27.581001539366156 38.52984912839194
46.14966329530296 226.25375953648117
241.4318117942051 179.1707552451314
164.95519080357866 180.26454808383738
20.058486713320807 53.452588717753855
151.2067840559922 162.31095833844833
201.9408190453447 24.081113119708785
113.73383793960224 192.1084559168046
63.00012103590028 153.13287883550439
83.41937122738088 34.08462628618245
218.89429561420093 188.24391147987075
11.664893832750185 154.16872500805343
28.259450093766404 204.6729290701739
91.54697813148249 161.66994206799822
91.10074890633915 4.5618619265863085
55.169281084270715 210.59115011069167

8.6 17.2 36.0 72.1
17.2 34.4 72.1 144.1
25.8 51.6 108.1 216.2
34.4 68.8 144.1 288.2
51.6 103.2 216.2 432.4
68.8 137.6 288.2 576.5
77.4 154.9 324.3 648.5
86.0 172.1 360.3 720.6
103.2 206.5 432.4 864.7
114.7 229.4 480.4 960.8
129.0 258.1 540.4 1080.9
143.4 286.8 600.5 1201.0

2 5 8 11
5 8 11 14
7 10 13 16
10 13 16 19
14 17 20 23
18 21 24 27
19 22 25 28
20 23 26 29
25 19 31 34
27 30 33 36
30 33 36 39
32 35 38 41

