512 3.0 0.0 1000.0 3 3 160 240 100

170.96169489662907 183.06176532381718
132.15727230766703 226.346006605089
24.059635680264286 168.6293383935607
210.6261646899898 193.9768159619495
161.5729232005266 165.023962846646
52.41867891981764 237.3285640327044
114.82847486354916 91.77968329464201
98.86976518324067 54.202110796989835
128.6150053534813 62.41013542510568
154.5072597736225 3.2730973490753823
63.24613551698274 209.0465899986455
198.09989944016166 87.41309476011288
3.3171634164369523 17.874266409946216
130.8278576949583 107.16643909628377
32.74381345046193 234.31286691186799
156.12936087066393 54.02795415003092
200.2420890795091 239.02617987206202
0.168916241804401 69.66151340167329
125.77297071560304 138.1921708040064
211.29314957233404 116.75217661900727
108.85860804219966 151.41982064153788
37.829552095297316 100.41790390201707
45.99505265614562 78.26152479758736
100.76202223428574 165.0413960032831
147.56383742174015 246.073677519456
143.51357777224936 202.64695649250027
145.3993842206681 73.17516107343977
241.23770589082793 226.06319148056133
23.21237233946183 74.83081358472835
164.61733670901654 229.29589145065947
176.23369989577571 109.42865378382125
160.84935543205077 73.62585854288689
104.1870376843054 23.676008245165885
128.85088947002384 15.310972283004071
13.595522686452894 205.47832154992966
205.24441413493892 138.29323472162096
33.3990337353875 98.15156548549886
52.610362472148566 64.6577065726798
109.39074077958746 130.95342220714323
247.87144555680092 143.7566588700779
90.0049914149666 154.6735606439502
125.42912184659791 241.19323534790502
151.58038218452307 236.96192085848418
181.47193180907675 137.90671665123097
155.33835254017245 89.63671217819375
166.38195906915294 80.98020580388352
156.29787842611486 38.54781071413962
85.32447147981884 1.4707870091934527
155.80391170505553 110.53497928872486
242.5184622702559 139.19257840137152
126.51983687528653 162.98077948153707
221.20810163292228 3.7733773786222944
106.72132655897951 91.49662420513219
96.68614640327114 57.395837080992884
69.88646431681039 34.24719299224949
230.25923857007615 104.29886945266232
119.51805844658597 243.52804877417321
103.7540954736568 221.97554649426527
192.50667041067194 156.87705063440356
157.0946967035886 243.0690954370138
30.467154697775335 71.07226372921282
51.98763529172784 181.12818360063267
147.5459191852308 90.18939285480204
220.50774048324382 131.18491661906694
23.936675480204812 191.49443531706305
166.28698609496954 160.1946972275643
142.67786406420313 110.5113037802914
112.3140698238118 1.7323650222362819
79.91181355160934 125.50034375596917
169.9085662593054 200.82414654260802
62.56189152046463 183.83081896914288
31.238270036113956 107.41636363480775
50.39776080389608 74.37188028287645
28.176208296717352 111.4478752387153
112.99123976507383 138.0874800921792
211.58607039675658 175.11679286322266
27.832678930643784 221.89115441920663
40.45000245899491 133.77213226707397
191.07150940799283 202.62733291322937
60.1949789113741 139.92011735685045
0.812251791812546 247.79589708604476
169.5465218816483 3.4045063724702507
220.27321707958185 103.83617500073991
68.17490347956034 135.05868247127543
63.8332743700146 39.65809022163288
18.213883032806912 189.92612020765068
51.39511669102589 69.95851732591355
144.39503003180886 136.93453925197224
99.4002794515323 78.92100489241408
16.03689684294407 80.60136416917219
225.9825913306715 72.91752374946842
235.38830827477813 90.51848400361015
131.47203301781522 111.80048506151599
164.54562121682244 41.56074314207192
125.74351878611392 128.97995882188056
241.4126141840502 193.3787122303255
75.76911824527136 41.37059682518007
153.1553012416533 56.73690932353026
120.5914036246171 149.94750098252453
88.53862724915315 64.7922760089181
37.81294435956714 97.49685742865444
173.68363018531062 139.12036421273677
51.41751769105396 66.1777147076186
246.2862642674648 86.56372731966003
232.7049440694537 120.08202657985287
199.67449902123175 120.21827043888777
237.80675014998064 32.59407621016497
168.74067443456607 166.74283730700097
95.05798996302084 131.30755985354952
102.14306413081373 228.96668004464544
79.62146566340792 2.6602588290431104
14.440837965108477 152.07202103467225
140.01482711362857 151.4303288039555
76.87809686064345 30.08640798713452
86.8195645659464 93.13354537139188
61.639831205309804 138.77886816538458
199.1725039502138 90.60324701923922
127.34891674300916 23.35184083407088
35.97702702372113 112.0732216556489
5.73688787723095 1.0912452390550165
62.83043931588844 239.0043208717691
113.19619277087048 150.25297587433417
177.48142256784936 169.0356222002814
172.08763059866357 223.66187075532574
105.65704531208736 133.98608321303226
117.05153871032387 9.4979771450516
39.41112330468943 237.3778676131989
132.5390438953377 90.94702012251201
240.958602670243 144.9761151823864
219.72012719958596 204.38275080073092
24.72143288898976 104.3340108251991
213.25840974008938 31.494575368637285
72.31902011131422 59.02160848505114
25.791464060845843 113.25074456815143
19.04021244837592 228.10391592445075
70.13487544084865 145.3004556045378
221.71017404237435 240.50478184857653
43.25244973775214 112.33838313613393
54.53042828498411 74.82479413346904
77.73261548750143 37.90050293532413
182.88921827261242 35.114635408599575
233.24710604016806 196.96543166176508
183.04437972063988 124.922260559646
164.90019887323817 186.6358751967335
217.16843544285243 112.68586929462442
156.3393674045152 79.85094593639327
165.58098744406698 226.83195114340762
58.82620523330698 163.27444551577685
173.80918012861022 11.32130740811957
163.63046337926198 233.99986856359678
125.94368629863298 170.88023566407665
166.34120947181697 172.09496660974392
154.04875209128338 148.88664876734867
193.24932131223093 54.39806765921873
115.58310957962495 44.038642859523165
206.6738821875948 25.047631005945455
70.41486907211217 233.67081904227132
116.8502917718016 190.57898297299582
10.064237965667383 18.684530391759907
92.13153738262004 156.65522779258322
245.72308877822005 44.2374321911225
0.022323280813113522 179.6104776328941
76.24021560593725 225.28705895157591
146.4357767584294 95.52780151609208
65.81604277864089 7.69439444567216
5.72475433070646 83.25323153637947
147.66708497725182 45.74359907350711
159.08352473730733 6.204875516739039
160.65439187225041 113.63093350013628
30.77466390681338 165.07307524851487
199.04400877481882 161.10070023941586
107.32182413464334 249.13208377160183
231.33131354330575 65.25998787990225
238.26688247387074 101.60160496878487
225.359536215253 147.76636426345402
164.9271629072875 81.12775019887813
31.39071348564146 55.572155342139325
240.59255036627113 138.9336956905739
56.12315103996218 113.39613417213096
197.31324961447675 153.81681928426454
36.192291000057246 118.98119330438884
22.24723416497551 56.98359232050945
3.632735626404815 43.09968470327832
124.70049985241872 94.43186756263461
103.98427115587913 121.90127821738295
52.98520536948861 33.01914639565276
58.72782096448739 100.85041140084033
42.28408961148905 65.75863397542692
29.436053689393642 192.55454127557536
150.2797840419397 92.50365195340859
90.14117879531344 103.8525845517509
54.49854790947143 52.066498589596385
184.7613036458344 147.13123555683725
14.394377860292519 149.7400587159307
188.26815938536805 42.56866897532988
235.75042225054025 208.59106228453166
70.70554481524528 90.865257499154
219.7705320200895 129.98837392398116
146.46764950448113 99.7549813925016
107.15510259225985 207.64241375995198
118.38654438466776 240.13628678672782
115.08304663973776 235.8754673205615
161.7342999371235 78.39730268530712
112.86555514084576 36.637231880485096
27.61514376812063 147.21736507193884
90.48751962618634 188.97468548559124
27.987753267505354 106.31895863834248
172.47867707840945 182.99962399117288
163.24342560836286 211.87209509305293
26.472883024679707 95.24037380948194
2.819172895051403 117.97119520665674
29.519535928697632 249.33616743887737
211.12144220600163 123.12878080878743
70.22595380941871 143.54781996623123
112.97105793847864 178.6542303122935
248.05825500807984 110.7888749191396
96.76491558529102 19.25104968201252
173.2681821077105 249.04980254689795
207.64574657301068 150.02648726378627
124.15737917436684 130.1067446293469
64.36255701204341 121.40650539105121
139.11434118953864 245.13069191745439
41.11525580575803 229.94602054728873
40.104485606218404 99.45481686927963
186.87042715435194 98.14137204192774
209.96484421504675 134.81646094304233
176.78417496555883 115.12689739819274
22.76769065961812 197.16125319850778
188.3878692975117 55.58541211751325
144.2153801044359 178.09898691258945
135.46361154432648 2.037167869234163
153.42646062629876 37.939681693484914
244.06443671135716 235.6429378702733
119.41809057854266 92.07557005625952
52.69481988200456 15.078320616645241
242.24162510283955 92.83746264328721
11.490980085714003 167.39953925029997
21.136866774892184 79.55523240646856
200.6672307294809 115.46746180205972
2.6597328666212725 22.17839265990443
184.25270610325188 37.530404862314015
117.85238379354693 134.42359647377813
180.76258823466765 108.6734828285092
157.30790807245978 190.78743013599035
34.594219258712975 70.87667358763647
235.67929528995208 214.39335980683867
67.51582397716976 198.17339528203743
152.10205218865664 127.5057992773379
66.40901861229148 70.75853258031373
213.31938110668628 189.24729410791343
88.929751593463 218.73004116528284
111.02962592125071 111.96858771118818
16.80927390301981 108.67359118652602
61.66556474049453 19.690347516606003
165.3395192627064 170.51115630413918
87.80418169678173 77.59118608795795
231.56664984651866 29.665257155825465
39.68146367240294 227.71909503330036
134.64129936754986 188.53010179901216
228.44898127874475 179.72126274592316
7.601233925674605 62.91012309786662
149.45352825320583 56.071522022954454
145.41485852659704 92.67756669298622
117.12890796801426 51.13926434703828
46.645739386051794 243.70111669679724
42.52876691321103 27.161489817876333
103.21136726622518 146.61935550736726
238.04821613932165 234.42204799204515
124.01005722532521 185.90064158175016
241.95275941504093 62.30498086914935
124.27821846033196 96.03320714005741
207.27922849607015 229.48530822781817
237.75060533711724 49.52570824534167
13.943492428952458 219.2874136322428
43.72102529928296 187.67929715024198
127.9791968916024 89.65227594004385
210.36757076786807 218.60282160433536
217.03611122219985 141.42357719298963
101.11878696475193 191.39380083828496
17.834463877629243 147.53086227984582
194.7093430019174 161.71799806392968
14.040307026685351 193.0301933679147
65.22433405197329 62.92764561392553
99.85716456187127 105.77139735211277
249.54820371748522 1.1806606466981673
3.109666416981016 134.17543049225742
34.877006216715216 97.0815966171
12.182252912650988 132.2841464137984
80.0393193940667 123.17124118154621
193.07019996883852 238.97509262358122
214.9571496720277 94.43082331620151
198.30577958956601 1.5807540047740876
102.99706790551951 71.38261614068975
133.13143871355084 8.5413556927601
235.9732263549229 231.9657071344551
143.89724440058268 42.48525590331964
157.90509842626474 130.98243202207357
187.6811563863261 229.6886174205647
171.26859297052562 126.99556744132414
148.99242595057095 108.56350133651074
132.2971225452223 123.7657170885575
167.5360740075423 65.03174540910483
190.6391922086144 127.30730060566655
229.43315431942807 31.931643162177114
164.72828283062879 110.10784449668301
248.0655036280056 86.52304890849324
216.0179204058582 135.3245145270839
38.86700418399666 139.41669290609568
18.412146159998922 73.27138787479737
37.06597406413287 98.65200382949851
246.48265762970945 219.21319476336748
102.49367365073641 153.50321479912066
183.0032000685954 204.67560218245146
67.63499101467521 181.42943483566683
186.50888346620224 222.83938229941197
161.87493225294403 40.90926502676007
240.8608151464286 52.95510224685523
184.8720651565637 195.2769400897006
44.36788472092634 37.52250631207432
138.9536502590598 206.7472251704216
111.17608475120106 7.324437946883422
205.97298195858357 24.145797168299982
196.86346990503546 198.7588686630996
23.801859757670517 120.41930207538782
69.71349383376088 30.879088697655295
201.21715824708863 32.428961900020845
122.08222855338138 72.08045782893916
71.07702285209575 244.01218640264221
241.39571921702554 105.27736033694259
55.790382508246914 127.06863477546709
84.70446848902105 86.51604589519582
126.21971922001433 185.84154568331485
0.4650963295016186 196.93435769748447
182.20570844759405 94.40937282272424
190.41795528498542 165.5041157072723
210.62657349160932 206.08114040140003
145.3492773431443 181.0442577105071
159.9888183939284 183.31478849129567
61.97777226484572 180.4590384675098
160.29918782214867 130.94559823902273
152.21461573879486 53.92327702113428
73.59433164237366 81.25742021839224
109.63686570768516 17.299848338540812
162.41424634519018 169.15344948383037
152.09533057759143 75.09221065618648
190.44954570026013 210.43165058483652
144.73541358387598 162.26156611017834
133.46163610557343 207.15416286937025
82.95585823892435 173.97966458749514
79.9252724667617 241.63768051341694
237.88926186826902 62.358393465319125
50.515359442950384 136.36096516442643
31.59486672141193 145.31920208236664
82.89631815420434 188.2129313407457
1.3929563675581236 210.03816783587817
242.9069241586309 248.95737788229835
1.6789082477594863 39.208667150279844
235.17739361848314 66.15569033864055
21.20368341121201 95.07490933799303
184.29304564700453 213.3181442562367
236.63098845010353 31.892283657978858
156.00706133271012 101.34539136958098
177.93598398044085 215.49368134899788
3.7087977030596795 117.81664480999865
167.1541429837582 203.77623962866386
240.69477840532016 51.870370472463065
23.827180306930597 42.65238462112561
7.792522824996512 14.430848211001962
226.255073099515 80.50545112120247
10.79095085634177 27.7049344814663
124.21222283252902 37.441923623799
54.37523161963753 95.13681009167819
129.38871432760536 241.41140260921466
62.041420034784856 49.03921542895484
142.2779475916031 13.205929253012421
154.18673566310895 39.60447527508521
98.9084794147593 75.5115054029866
174.08997465407404 169.34883730795738
186.13762430476905 92.2814970742741
37.13143765005778 41.60611942293519
68.70297752061819 173.6766837688501
18.955709938760474 181.30351191483146
223.20957830489692 175.16246731433387
209.90199791797465 36.820930264271745
32.78266733849178 222.4458297486018
194.2680078226035 220.3379067076211
239.71077452353066 23.72809956052399
224.3675516453992 194.53373556809916
102.86859668776052 28.35703725406341
135.9807267994822 73.99966662979504
137.6031419958374 208.33045807072406
61.57210618621403 139.96458276354196
148.12422725434794 131.84375657063512
104.8206503285721 123.36543620320869
240.21243449058608 70.05272248929425
38.010626181772174 203.6681311276643
28.76855918122809 65.78751526615126
147.22668577568672 45.2513996904379
195.65866028217016 147.84826709425434
93.76275670742271 33.81319073432532
102.08315949057237 225.90792019951888
181.9608793791981 189.38468796638287
169.36953820645036 182.53882531621016
115.34596179353304 4.396131399192038
235.14294398072565 213.95445614041768
137.1737993633898 168.52544812593456
30.58852149468877 163.7290893923312
102.38696808471248 241.91346327501574
241.62989742320357 212.57295084814072
67.83829980556655 57.82956928248426
148.2215100023312 97.60917879337852
138.98100010223507 10.872764794854273
150.18028675547512 72.33425774423316
182.85604791887687 157.75015160542426
162.46631232964614 15.98835154486386
112.52280292504996 46.42756028768022
209.70846542636212 124.72658278232937
110.38204888061348 134.07272155388407
42.000787486652676 38.10272760063172
163.6659857321721 85.8835027945771
23.790795466871156 34.038219521179855
185.03809579343695 112.01497642998397
69.78697203155821 198.0693889669705
164.73771818882875 215.7761147469616
215.9050259493504 249.33398500784244
76.45036078439249 206.98223918531812
23.696215410716036 120.27841186529048
183.7065186995413 95.85021016187395
173.99460841419278 105.50766831985526
229.90450823578502 184.01361293935207
14.995214901775162 131.8047232496797
143.81050132479857 70.19176216087192
181.44016866194272 195.83159279730666
73.77864800099562 77.02291540699025
44.93669408019832 139.45484411034
195.76163690083465 233.1838056645592
146.40134743656972 99.89063011908172
149.46415987931536 200.70085266115268
131.16887107537264 78.02628136274892
206.72130853058485 139.91519965103015
196.14831987407314 82.9768713945758
34.02567189234812 236.87444798280936
68.17831030171273 128.61507010778408
97.87127786701345 244.85196953902914
100.65726372663009 222.09941490159048
136.53812941222117 41.0126370579163
58.50342754919477 201.48011485713045
17.68577107656008 96.93281389220843
194.3831233329827 147.68134425703292
117.29383731770999 143.4072776526442
113.71234859236911 49.60234627649843
220.11761726520714 51.74530502199151
219.17579381251133 249.45878895535208
73.04680177770517 54.8061350973898
214.244978734463 231.59047907890866
249.31159021409516 45.63648614348875
201.4740757935772 21.426096245371255
249.96407508040517 119.25880802334538
29.91828402576177 223.12253916616902
222.98627380474665 109.53219386843105
93.57781163606688 110.10965089731761
50.563616003681474 54.28058540607211
131.69690578035872 158.50985875529292
13.95137854467099 16.355723493924945
175.9339206230775 78.58623009078397
138.61847380952298 86.58760981944033
231.71105077986306 192.13814786404703
197.16245145487113 219.00404644981762
235.11770718808657 154.13295937093056
51.83211859333267 65.6674192650849
12.092515524706915 212.60670091298996
116.06858020729544 202.47079969953654
22.26732523570532 22.402885048925764
236.6382768355004 244.66826561061214
229.58320178142313 48.787417617642966
74.25424965440067 170.85897892205188
33.8133978094963 48.58933533806739
192.25780914922854 21.349392618563694
30.717332559276695 187.1395182502561
172.4701623095665 242.17520320376744
97.49788974680571 173.12713956551784
173.24498504919043 131.32587108742098
184.1911149325369 210.68521308286077
57.04692055916921 76.81351909015727
190.7033217986238 214.54079884419608
115.37013409376648 68.4850995538926
120.29876935093122 63.59671403341835
27.77756678537699 175.50506423660283
55.710945455413416 196.87406622237435
117.91604456371208 160.15072979001908
142.6714706378607 223.6747033982205
0.8988070451821373 103.57914517164163
74.09714590753755 41.16877231955524
82.68896860782866 136.15180523081676
162.14254342794067 204.4305865767182
82.77185744826484 8.755450444583396
166.10493994689213 13.010069192440465
187.8259805625982 7.902852263758642
93.88058006174992 94.95364469907955
41.62985181375273 117.07309181609543
214.58808007014972 35.974977955817835
173.9039672073426 147.37455366608577
100.28829468591866 211.92961785804096
46.389081550099824 1.8755151320020147
103.86619824951605 23.639723189295303
106.31081316534244 148.56129201740293
224.66350421201622 9.187768178908568
83.09776704697738 220.2409342663335
12.604391566976902 238.42201775092354
163.18091449493048 221.08538905967382
81.45273763452029 85.0527791129632
189.04642023249954 199.1485108891304

174.82135706636473 186.63051692569783
134.4997437810422 234.28582962745242
28.349666290421876 174.56878692187198
204.8946132231559 199.11937732220838
157.49069391613972 163.28637663494453
55.24102118544258 233.13915151090725
116.12229791136653 95.97642483048968
92.10264824845169 50.46683483547088
124.59077078016206 59.5722370570117
158.6817932237029 10.116059099113672
70.44792796903512 212.79608902896692
196.2238060664887 83.4901779653238
5.00217176028489 15.269265746199274
129.98626069619772 114.72804496163408
31.351600583309825 239.01605116394805
153.69982919950945 61.9084834222984
198.28034846816618 233.41191038522624
6.358495284749938 69.80402316170739
120.51873328301069 144.58951706511482
210.8748466768919 111.04962444226
103.99126845370257 145.250180731017
45.464300047014184 100.90645481411464
52.173116788698294 75.70741639597239
98.30736519136026 162.97202099532686
139.70649993117286 243.3110354677262
140.28890688284596 199.47048586849505
144.69741560289856 66.27556282087882
245.10178271402438 226.04470343944757
18.569165379831276 79.03562134640937
165.23793246514936 227.32318521489427
183.41213112891361 108.41450437498143
160.61984108768345 78.0564814229008
101.00489856180123 21.12213011394301
122.804877600961 19.910358542171576
12.540934112206664 200.81874308697218
206.25638523782362 143.12793813321963
31.927569166399245 96.01529329973579
58.48277380513153 70.62785144085213
105.83438928532465 128.2595269238844
248.90719327265134 138.73676017948614
86.53523342757713 152.0516529598964
121.88067645487638 247.56659097451782
155.23463861504584 231.7919740022268
183.4643242860887 145.25388615093755
158.60031858873313 93.70569830525852
169.32848604703304 75.81033919758804
158.02829419364258 37.56408583244703
92.02748470075139 2.9413111260649663
150.72587345609927 106.16172686204001
236.0999705003527 140.08214189134577
128.61422959540693 165.17514731847163
228.51577136055005 6.2830447801374145
98.94881142033552 93.90559819511252
97.20300256774553 51.72763772044514
65.59733261065468 33.3213913913018
227.68365697890545 97.68760729033785
124.42447812558652 240.5861205631987
104.02685947435953 229.20295036348847
195.4419575470916 158.40737136546645
157.08228710039975 246.66082226120207
26.076242644145932 67.6878345500965
47.19146367085988 179.15015361319973
154.6280976065242 85.6098468021195
217.38307484490835 123.71639841710217
30.677004943150344 194.9185596094397
167.57613994195825 153.55176036675962
146.62676058008267 104.52237438824935
106.0127554674392 4.4000521314011
80.37811971889549 131.79634367702087
176.88642629581352 198.29480822932783
57.38949217718042 189.48201550623386
34.49868513535229 101.34727449783992
47.51112837571597 66.57498297163944
23.599165697342023 105.75488131187136
114.17618344740151 137.19791057093593
205.4002213981219 173.24549964787224
33.53948377370741 227.3056655467043
34.31896663991002 138.9372301696578
184.4086685098502 199.713341074276
63.86056864997436 134.48842646705128
0.08289016109216951 248.8090531714678
172.02528715252976 1.3445796005346344
218.01447437005913 107.37806345204895
63.72177445527602 129.9207357788813
67.20377151541685 45.39667164448544
21.557151890943455 190.36525663055104
51.09395004279024 72.28304718679149
138.9191235612893 130.81210599317313
97.84545515922902 71.89098878893996
19.254419204422916 73.84685382351854
227.38915084763374 74.21664652548085
233.6953114488862 92.87066785904454
131.5870481540601 109.03446908205686
158.60426680740298 44.961960226039515
130.47828914226125 126.2567239145418
236.79583991777483 194.47653465270176
73.24386097226892 36.8001207463694
154.8344398885748 51.95112180105885
118.08681437221236 144.92017742430778
87.77472184448595 63.5138465799239
35.88971847856634 96.4080448452726
172.26239417120678 146.34322861259685
54.917470202102415 61.9544447586399
239.9993520259831 87.29231554454539
229.2784865183369 116.06084779361412
199.13525660710863 115.08636430103752
242.03756187785342 34.118633851662224
169.24520582325144 160.98719433739444
99.84341007226 127.24954441758842
101.78347454291561 230.10333134129917
73.4018760964639 0.14967207352686862
17.417937794314998 157.28395533007725
140.3831849527558 147.00140713635375
78.60361636890917 30.304933896455804
89.81345520862652 85.70940052465085
62.25623226990676 145.83873249738778
206.2064926198853 93.0377574328366
126.17046775472332 20.26412644396716
39.7395978209916 118.86328892673126
13.618999187054005 2.329171063181784
62.92560950823875 234.7307020373155
115.5328838888686 156.40555694337317
182.33011510817758 166.41206643136016
177.98614389146374 229.57075275428875
104.70270743857493 135.48813912460062
121.27726923816562 8.937216208829007
44.051681956029874 233.66729080921328
130.37628930090168 88.62350974504726
238.05002043429715 145.57808858927444
227.8803565969999 206.30484795304878
21.685647214038372 104.41704152846862
217.3262194065487 34.21098010922371
74.29830396324239 60.130522572806875
23.115542699243818 115.96417911075676
24.04701661052544 231.49523824694165
66.40730439911277 144.42540780549245
226.95866334586086 246.0827078219789
39.95328390834757 116.28347995579955
54.29061946036415 82.21863260005763
84.47186921205443 34.607502895267736
181.06577873470025 31.254375946709352
236.09793126169197 202.51576069958128
182.49621282039297 132.90758855619922
163.6706343098447 179.6532454243565
214.65892867422298 105.78180244641028
152.82818669218472 83.17000478835088
168.65426794154777 224.3491980061797
60.81087345479183 167.1098014688045
177.50449947217865 15.71590842142423
170.42245057272353 230.80903006155773
127.52550926400605 172.80642851972314
166.81772489364306 173.94117653130493
151.1586093574844 150.1832359904992
199.6526291467255 50.13930908832187
118.010647097337 42.73321756337808
210.0858286634953 19.546222830527398
67.09579688353895 237.3951938436603
115.7770967647515 191.3343607322511
10.275706047471383 15.101120566399452
99.28612020183932 158.3212990137934
241.32273136803192 43.645898477167684
0.6585853595857116 179.25706938491803
72.79672002724286 224.6180403426138
147.41216927590196 96.52278624706263
71.15054980359373 13.57187635908344
12.382320817009768 83.21480713191646
140.97261264698008 48.76242249921059
165.94399566314883 9.932308598259553
160.8473591347882 106.61411705348634
28.799536449080648 164.43897820140123
198.4413729356114 163.42746333620516
111.99027270803916 248.8521547343607
229.62141131628962 60.915953192075044
241.19064057718407 98.29278700468977
221.6470233143022 143.5891944591279
163.71414693169194 86.94738052127934
24.572506652054738 60.42106045354695
237.60121361969232 144.72950191116837
57.32411768382925 107.86884172686528
198.5774987629824 149.25184322851695
32.6968885906235 124.49113178400908
28.38676872225468 52.26407331807917
8.720734453611989 40.09375189111916
131.7355527908111 94.74357326052605
103.51422694169251 122.89191493814677
45.81519485639649 34.68467458086741
65.65077248626223 103.80507569023017
36.88135224594724 70.69652755906903
24.58400840280625 186.2161318084508
155.8370069151447 87.85464591729081
90.48206115520335 110.06261386994534
58.77355541489548 52.50577988319302
180.87092950205388 150.19947529739576
9.847224981058334 149.93939341816358
186.43016550660414 49.1044540444279
236.3876338489243 206.40748984718257
70.34980673562156 96.6537137413645
214.99671887679511 124.06584174880506
138.78695160441882 98.04948022276638
112.66697734772954 212.0004247693981
116.36490273614974 234.32157421115272
109.9964589936353 231.29714471346452
161.83811063412864 82.14397772341991
116.51580027101579 44.09549125828896
22.441472067606078 145.4821263700705
93.38201434626924 196.90482278390581
24.772290740277565 110.02545586764262
172.4577369392676 187.72387402413239
156.11337269830264 212.40392669410775
24.05957132248743 87.27175548931338
3.6551949853496635 122.21339005829695
31.601953548637734 242.2455303629606
213.73158048769915 125.48984236973537
67.57914318870384 145.36771718400402
111.58318134275055 186.46455879657717
247.95404452011394 103.26833339762095
92.49905398522732 14.816441179898526
175.04813232734364 249.54526832684482
207.1618794379916 157.3887038310595
127.25462360295708 137.58395651215895
64.2729970099933 119.69792987363903
138.3172040727908 241.29286317689977
44.42831688510265 223.32196410353467
44.83919697758873 95.54097156783145
179.1419843360005 98.34994331275027
210.0034166134063 141.33685152970762
178.71254728641534 117.01035094420476
26.51550628431559 199.25166280030635
181.94818767230754 58.893402863017975
141.84658804884205 178.1403404727209
142.02426194710608 1.5555643793553897
156.96054674728344 33.707277242782496
245.39854415546583 232.4740771776518
118.47804771968168 97.13563128235359
46.80876005798723 15.964064046798565
247.04641690168864 98.45522987434788
16.83962728063651 161.10859386475326
18.970144662045357 84.68156144150521
200.7054108376476 112.86579698845142
7.3943708357888935 18.72795837632918
178.01878890774324 39.7279137407755
117.45076927264445 139.904006289566
185.44914159153024 112.95702068685081
152.30577716744014 196.15781039846513
30.426272032130026 68.36919966974945
227.42937076348727 213.94741702176825
65.72611618034152 201.3755123582712
153.57440108912567 123.75101387766357
74.11560930794195 72.82752696598901
218.69979114288802 190.62755252008478
94.17216591393951 219.35633936481162
108.56750491476525 108.88820350368772
16.651928872493087 105.4517219733625
61.44000694956375 24.16204694320731
163.23802880959687 168.526109109981
84.24939958705463 80.71523663775635
231.38307045823439 33.81508812657838
42.40470644441563 229.43643954447663
137.56850826198675 187.40922130377396
234.05408941866355 180.00811084226996
14.89653842617561 66.66537876049688
142.0409071152865 57.34961984419265
147.7473354168568 92.1950240572286
123.11286321474199 54.03823865690752
52.454802730104305 247.51247812628958
40.81841015775914 29.187765663216208
98.53341742085472 153.598023311639
242.3120002150359 229.66726464777716
126.06801197903505 182.7950903514351
236.50365472502156 62.939450293746255
130.0433391305487 101.22833860175984
214.33250383279895 228.84241000502195
240.6249433678046 56.12386867182531
8.554792697389457 215.2979021993299
40.60179227210772 184.45296181148748
128.3544529786566 93.51254047434948
215.2985136662706 223.5829404644763
215.37178449710257 139.8768432373325
96.36271734843255 187.24698270676245
25.17128403419727 148.16366482474368
195.3919880767108 163.22297891485275
7.979845758403603 190.728996818629
71.98989885776876 63.059365170728604
100.73632462391282 110.0829851318545
248.5936677174273 2.5748116325494674
9.024037181720457 134.85105139234656
32.56370894448177 97.09090112064811
7.3263547937220395 132.54181770498462
75.34472389109342 128.14467257513869
194.45765482095194 245.5108130779842
216.10894588306968 87.05708554835972
200.11615908179374 2.347411946626604
105.97005423372113 73.02267087813263
137.0941923399156 3.45979679691602
238.49352024535534 231.77570121970254
143.11829074809458 36.433189960658055
154.93922448400122 123.844413454998
186.20645982333275 232.22939137668004
175.06957590702513 124.90242087411418
145.99179676314137 108.7673353531835
134.0078038078227 132.020619698465
165.6059530538273 59.12436278146077
185.08790500562978 125.78426047373628
223.25997762773582 27.086518423971086
162.17973525174727 117.24066998760044
248.29205135927526 90.50172731788919
219.7038826917276 142.74159240776078
47.10822902167308 139.31100911557857
21.32152120362693 76.6032499034525
37.56706648930624 99.84089683146783
247.04589931132344 219.80141722338536
102.44454581004655 146.58131784382982
181.0841687237294 198.37091540233632
62.816152881553734 183.95747989389116
193.06760342929906 223.66959318650115
165.09156968867066 35.809642330089986
243.17052160422128 53.935220516433816
179.49213719671596 198.09951626773224
38.57878834897638 34.955908592406246
146.52479974088357 204.51991692911423
104.60798779439159 9.122707403629027
211.23613201789777 19.509592182601036
203.234043960392 193.22506278661012
20.31159607351668 125.7177080039585
66.69304833406493 24.003550618794417
195.49975647794278 35.9908322922243
127.63176687762517 70.45481353805685
66.63325835585503 244.90270726515374
233.01437808292152 104.22587707478559
55.50267694380598 128.26071113115128
82.29560337671568 87.17343797061308
128.32526194381362 177.82873627191617
5.308258028477702 197.1502995576268
189.40303440623302 92.30750430629689
187.9162748715384 161.3791056840543
213.38680179718187 204.40083820698484
148.0591607567022 175.58644950074364
166.12593768126322 184.8855925995739
62.3364490696573 184.65402437761318
163.59574886420808 133.3414905367622
156.30402616220093 60.199203163301604
69.23460037449026 75.67171099156836
106.4166226019557 23.973748742334294
158.22449279486875 173.59644461116463
155.70735805083066 71.50255477699497
185.47017122935372 210.21866624285235
140.73032960643422 155.21310843049318
132.41087419068649 204.6340626711367
78.32261305364926 178.47279595948987
75.19634063462522 234.89439433205075
237.07783367870155 57.30535904850434
49.67026342971329 143.98739173567301
29.297802289824816 139.0810407627147
74.64767330434266 186.74046059226333
4.3402405343802855 206.88401502551775
248.75378270308653 247.53479713198956
3.608492043767675 40.34300522607967
238.58328942988476 61.41229113678096
20.316413177277088 90.88914198369744
188.93649869009803 219.04815196048668
238.92013333517215 33.68198313328952
150.8978481759088 108.1161153321788
178.3386075347221 214.99245857793807
11.734909216742862 116.80515250802354
167.01210348727963 205.31354142604604
234.24586395854712 49.778386523602
28.06089153295213 43.630419391528314
12.924634700336085 19.05336915354139
232.53480951975854 74.86363373562618
13.408462035703561 20.727291531385887
128.8959944009831 38.93555338890067
52.24851224636054 93.25199145935505
124.14358767139275 239.408525578617
68.55779207606197 47.88432901393175
146.35743003366284 13.189382245944902
147.95629855784838 34.945973312441204
106.51728717221079 78.55493093812774
172.56113559804336 173.48439167080497
187.51375763062026 90.60296374292493
31.42586407826109 45.65589304393003
74.25835677430453 173.0609115067929
13.809478531211006 180.1791798821154
226.30426675897556 167.48930883971116
206.5718961341064 29.883339557243204
36.41566471676122 224.41596314151312
197.44244471606186 223.84010010966654
237.50265953523822 19.30877734933961
224.85583041055705 196.35015321742551
106.39925971466069 31.660002783382353
138.64663567487432 67.10572498489775
141.07353029604218 201.26259808735702
62.89904615447478 145.18059745855024
145.4784462260213 132.6006002770851
104.06350640510811 117.82609953858066
239.56652805885784 67.06325772101587
42.42272013203127 204.69892950715806
27.762873307277307 69.68288338224119
148.86245248960327 46.14125430048646
192.904783115177 150.78207052832423
99.74152454418834 27.85867722596233
108.24768310008837 226.7813927965349
176.54479244469601 188.78626057662436
167.1541370641422 183.98352342526798
113.77284638609316 0.7284668367520675
235.84509943115103 212.56232164268857
133.82327472645278 172.83344855104772
34.903534018211225 168.14151325680874
108.7074925789375 243.9071728108487
236.60440202336508 211.29172285303102
63.26698422348842 50.86998040776838
142.51887714842343 99.9907471003047
141.4469570661466 3.3068437260233563
155.8411755247504 70.77370827929063
187.8067694189322 163.3579302189183
168.55602682814708 10.70931145601578
107.32963848712681 47.32452962357725
211.9489663305725 120.62721756120548
109.97847639754349 133.46334099815246
47.38098099236937 43.34727907763078
171.3145242290675 87.54558290954296
23.918163586540835 26.49340940731426
189.17608072117505 107.86739693459371
77.83225204553574 199.21649537419117
168.79793492952066 218.62926557168092
208.30979425267583 247.10231651407994
79.21503456928872 214.05313152601636
23.881419817335075 122.07525558298865
180.7439224092925 96.39070547710007
175.21518256013164 110.90412138491834
235.2666592020923 184.21384766645303
21.470675269895377 131.29863772901012
136.5292457251913 69.81944175010484
178.2509602813298 201.5927725754004
80.0748695178348 73.32727781798351
38.77499255755676 144.90145414577535
201.36788360638903 229.00453856908777
148.3494410785398 96.34812440298876
146.0237687819799 193.082957567954
131.32090582007203 76.71870413161203
213.03678547166976 141.59261157100283
198.8801701941514 79.49884928362897
29.480462785668628 238.37662481217097
69.27649265696967 132.18754337614408
94.72609489991906 246.59437380917672
99.81233715223905 218.7155634549168
139.21067607009647 48.379671827621266
61.97914652517833 203.03266739946415
22.191572995142405 96.51619783206039
189.26383506952345 144.04570482197
112.91034231946529 142.83348514795838
109.67065065581998 45.0097948719603
223.5052351932842 55.454688017878894
223.18353948717788 242.04600698669591
67.05324082661276 49.24706774941587
215.30054581731147 236.72405786312135
244.5024819097505 43.033665944418125
197.95320690566356 28.35351265611233
249.91610839379905 120.55201372050803
31.737367238353297 218.59834953188366
225.042631550398 115.36527365236805
89.64860667710737 112.33733966767281
55.55026302402374 51.219945671164254
133.84944283771645 163.55746960853733
18.98985244256679 12.829182224693064
178.951610302926 85.12927102806644
135.6113241652128 86.08856547640714
226.1920692988008 185.77870604543676
193.78116441498983 219.8996405943247
236.15143831066302 145.82835401518733
50.454441570663285 70.68962809669601
5.870157796562636 213.52368851372918
113.66276724733673 207.8117989959437
15.389709850299527 23.50612322856002
237.493506839913 247.49789336376335
235.7076565627794 46.568206463453805
74.3867360477683 176.58754553217832
27.90713133721137 46.3657153967256
195.21311074247348 17.949148719042075
28.104120058415756 182.41162256285776
170.16847855767193 234.30153400927287
99.40802719426966 173.13029894491774
172.56971917665413 126.41744537836142
186.14567755777074 208.81238981385178
58.330617688462176 81.73543546031806
188.63193383280728 211.78152678128953
110.00012122240177 65.87384698938887
126.83199631162725 63.50004294107592
20.11011356354095 178.01483981789417
50.05617487811487 195.17503231467876
120.73675493567082 163.4090027192294
148.74038696357735 219.15539356616287
3.7299886334533907 105.72872893608229
79.26791005078692 38.773534781901375
89.88230116314924 133.03396926511394
164.49033181679184 201.81286330751198
81.75040572683359 11.80452064847104
173.67950623790668 11.711296607665039
189.95625433057631 10.866599803179833
92.7781957344517 88.84624396259817
40.188192166281276 116.92074679418016
210.72306506135297 36.41301642386507
172.7959015283196 155.58369829816905
106.5976184603205 212.59685924391337
40.242625449624924 0.38193136481232126
106.91716331924813 22.144110741867507
98.00830924866813 147.51934496246776
224.10024238276657 17.58900146015707
89.35519564388036 222.3194454904417
10.901845595588572 238.35754126834888
168.5376068185799 222.34656891300284
79.03289873294989 91.2378349955137
187.26363112793183 200.90806092768554

8.6 17.2 36.0 72.1
17.2 34.4 72.1 144.1
25.8 51.6 108.1 216.2
34.4 68.8 144.1 288.2
51.6 103.2 216.2 432.4
68.8 137.6 288.2 576.5
77.4 154.9 324.3 648.5
86.0 172.1 360.3 720.6
103.2 206.5 432.4 864.7
114.7 229.4 480.4 960.8
129.0 258.1 540.4 1080.9
143.4 286.8 600.5 1201.0

2 5 8 11
5 8 11 14
7 10 13 16
10 13 16 19
14 17 20 23
18 21 24 27
19 22 25 28
20 23 26 29
25 19 31 34
27 30 33 36
30 33 36 39
32 35 38 41

