128 3.0 0.0 1000.0 3 160 240 100

9.765914832371658 35.108074349078144
100.62799684024479 131.1560661833938
188.43393083261117 45.42547746983166
180.55774734709573 180.690972054735
39.736698856410044 111.75705018777474
43.43687146831976 23.210029979212344
69.6608722029722 173.88954321667725
133.4712551145235 159.32008464477087
129.9904745687993 90.31099787790895
203.20038664803883 174.52922352088996
181.44026612215228 50.099544176044645
53.630964993237576 50.397782078344555
248.13356815660254 55.792867588229186
39.58378792061065 84.50246418567924
15.257511999015621 161.40005228259457
112.60628771609932 64.37572873261776
238.89353235266077 133.109668672228
202.07408739044024 50.45891539327005
171.31861538655036 123.71879330753266
239.56830214633598 74.25966732323775
94.25790878516737 198.58286775593425
241.1683383819894 207.3664615720058
92.77792086003237 146.52076872797323
118.04420901755677 56.13014174692626
217.6580098758729 191.6811124270044
198.2979575303241 192.30380045917173
43.909527806836934 143.436157481791
227.07138914281492 130.86782076360637
223.8412575105435 36.27149617537978
154.6216244050502 99.37981159016515
32.91541815565749 225.83627002131
68.31739147270022 152.34417565826595
156.53088900491966 110.4135491581499
98.70908158588473 141.95577314511658
59.73170026772201 82.74277902226582
245.31895883177813 74.56378332474064
189.20958489992674 249.55166272953102
148.89254208375476 102.00156415955003
246.70547543711575 31.63227651020445
124.78117500010272 35.446495813779514
12.803869190789213 249.05336492136865
47.5581268314757 202.4685667036473
135.73148306312268 168.5589070828556
141.10859016609942 171.53868576584537
37.74524101142426 122.7632557495436
24.8449959867611 207.30555988355223
17.50676869059828 52.88649496840142
1.8837833949778837 93.45545216954818
189.53255073367802 236.43499721248693
99.55932521902646 215.02108576195369
226.8208360913182 21.19889790140203
43.07743671375433 9.61181924335791
37.267343604683006 90.93758044850969
120.9130091284294 115.90453228183605
161.76562219654778 244.39272431502206
121.98134877227706 145.44347174633606
144.35922976038296 1.5171205699740231
195.3777452602774 138.3493891439821
50.694492231430104 174.19490433060224
156.9202235562038 227.71173441809327
81.98925719928093 168.939093389804
123.87667859970571 129.81548128008325
0.09410138836052351 186.81288371766155
67.01105858010764 23.956088924768665
131.8222011541492 162.26588546158584
99.51344435391987 248.4968278986718
89.12312715178098 6.270458481296287
189.14161593046813 74.05504112452377
216.3504039192748 40.00033086356497
190.04637614470505 184.85671117746318
245.62193999512647 174.88471770807183
219.6952679713723 68.70952442522507
196.19814802180522 188.62699365138684
97.92050298184904 24.714052226926547
4.5968013227370434 22.506949424489413
149.9108333653214 41.38330672784649
169.46927612972087 227.9159190791751
39.22672736532476 62.921501567211685
21.758259735932818 52.64130968043021
198.9877005954436 236.72042354605026
75.61930452021932 193.45474535745296
130.84656389738774 72.94849175417067
201.4341557374249 107.08867278543039
82.50970005056362 20.72015297271826
115.5635763402462 48.66732045912806
139.18633614278477 20.9821206794428
232.4023100032755 37.851505000568054
171.37177513002058 37.170635888789775
84.4104416926608 35.4669163461242
99.8321287699506 244.0118534706051
198.27804334833095 92.97678527625105
228.55617151591596 76.49117647985682
51.6146707491448 144.6562649952193
24.31042866440336 2.265863855868522
154.87846621199483 192.57602949972514
91.2796892029703 91.45611041527977
121.95522015656049 103.28030469003852
63.710853352590604 15.580122947692315
104.14119721516568 40.71774468306469
235.01115937457052 7.82241591686586
165.49423842414646 92.06199532352957
229.96492606913193 76.82419162166632
16.432892904057915 224.82496222504017
145.52284628660215 91.50520638608461
26.332502518672918 148.79075305745917
1.5471239302493889 142.27012284635447
1.1045968037224352 5.223598212121233
198.99860097277323 155.34323008164765
45.27661575442282 23.386148255654245
169.71346556792517 85.33428522976136
107.5766393652282 153.99116542929477
140.25429743088765 93.10231660151865
141.8544082036452 75.39652723757051
174.7253293687877 180.55589532708032
245.2479778089154 189.4459903629222
2.370868162670292 3.5982302357729368
44.175716365834894 194.1551605135226
101.57902055171442 199.29746507950753
36.35164433224375 182.1687281242492
87.50497820428748 75.99622496578424
198.94683610260861 37.554013380411064
52.35258971277254 62.46154411378746
175.79584099688896 245.88815329893222
88.61685053976872 45.57831610693439
65.14047133094206 202.97354886370871
198.75325746950648 236.98858167241815
217.2804692551478 30.342367468011833
65.41478443197549 34.47566744928587

14.2213743026392 28.365549653599526
96.38590505545486 131.9675899822139
181.74316199218265 45.739204615924066
177.29519487656628 188.17985898018333
46.705341171175974 108.76847455307451
37.952602413374784 24.507246172385727
71.09236280565592 177.54455755208312
134.36766901021767 163.86407860993233
131.6131360497734 90.98015927974087
200.91489534563343 175.3630240818058
180.94038123684285 51.471652650959626
49.56955662500045 49.49226782595803
248.4531422195379 59.51627122271816
41.03909758556254 77.35761474473635
10.911688615419385 154.18137742161105
117.75643099288152 62.928142891034824
240.90874397278333 127.18918720568817
195.03253161735844 50.55376732960099
165.0185566204501 121.6112492465034
239.7157095822423 77.12185701694521
93.09946752907022 191.36797784015525
243.38593281662054 209.63023105205343
84.74988400466549 146.68613275390328
120.9227917527569 53.70964989064081
216.4402611465875 199.07991720968172
190.37631644121274 191.55541258022248
39.8767967943596 149.27958991306696
233.94940819899062 129.0553274877301
216.77533660913815 35.938323616479224
148.88684401581668 103.68737187130955
31.07963547385942 219.70531386844186
66.30309600928844 154.12077968390957
164.9970802934212 110.59701868992919
96.54406436274898 148.66340654392246
59.588977007487884 76.46975051774632
244.41054056249274 68.78245688751616
189.38577178652997 242.62911246905682
148.15917785363567 107.82076000810677
245.93509103537676 33.22246400320552
124.31956311920995 27.137190463074557
12.737775560390713 248.745013340718
54.44418956390168 204.32606032577243
137.80091805738408 169.95737653953842
136.56565332997334 168.4725529386957
38.824042852890734 126.24297876016693
21.788842002724294 203.87179945724225
16.469650329536066 58.62631181693631
4.847208838118455 93.49087842706655
187.8363742006196 242.6399509003264
103.77255174177982 217.32775948734977
228.15757785054225 19.358751684772525
34.91616981671558 11.066708289716981
37.32845535661269 91.29699203513847
128.22017422792354 113.95520514091636
159.11359857148753 248.77907326712145
117.82269925619119 145.2412269459248
149.7733443083443 0.8297565393584616
198.73733093566767 131.57412085002406
49.82805094664014 175.2315449414364
157.9931233497869 234.3508825106128
81.32404438428087 174.3789507169504
124.27256390915956 132.5563100387135
7.305499637952822 186.7239445952875
59.967117810565604 23.460903279991506
131.16220428660483 169.99239798258884
97.89496229254601 241.9712759248226
84.67105008719109 4.96435498671527
191.96219653719956 71.17339737266754
223.10979961700284 37.92402542350285
193.41456792571168 183.24761836536828
244.6841135615082 169.93265833178484
218.80035038716036 71.63123720722892
192.8497290694056 188.41658018324443
93.4863811148533 23.99474731536813
10.766038258351236 18.839300834215283
147.60931441401692 48.05965832924436
170.55070647390204 235.4805381690645
37.20067625213494 58.51760663807473
21.311797306851897 44.858181634154754
206.61242887884333 234.97334686849493
70.62422907155094 197.57511619540264
131.54090283183245 69.65264010817914
205.6041287306408 103.85473741228284
74.15729036513547 21.69144603405987
107.87689760613814 51.17937310028042
133.80316188105888 19.64392194675427
240.30706746291273 36.37196452363564
179.0957848596352 37.076051667747244
79.1960852574895 36.044704642882785
97.88563535849468 241.7438094337157
191.85319540407733 90.81222418604523
232.25168685071966 78.75980667884569
51.952083270034564 150.66685049690543
19.410000210623974 1.6942250880679355
150.6031878963227 193.02756391084884
93.47490803761625 94.05497512288078
119.97831514527132 110.96214417644329
63.17022202166875 7.986961278236226
95.82629507237692 41.41457386799344
236.5227547828498 14.73342862811869
158.9512002236497 92.92373141166458
222.86475643652628 80.00057507621102
19.33779245780806 231.37685414724456
146.87486005797697 84.31400166646516
27.842106939743456 145.62794550756618
3.9500652614650464 137.0253936823851
2.2310839050256606 2.535288118597434
192.2185545115744 154.20054215473127
43.028820349493984 22.008965306219817
166.11127187086305 87.9859028329078
109.89921374153836 161.91050907370735
146.41167747485443 95.11353347567713
144.75029285911467 75.16977122288453
175.00297169607526 176.23528020142479
244.52539376387523 187.38288250487676
3.7403568753115177 3.880663402725637
41.3176401931887 186.25253984201262
106.3237470799726 202.00028836698672
28.132300312726095 182.75462123910322
91.05241589807677 74.11821294010717
202.32932925251717 39.77564097427372
45.59281375288429 59.49017246496491
171.78334222672427 239.0610973727124
86.70914635055318 46.88651445735042
67.71461606660448 201.8369130246432
204.97183775061686 235.54863594792843
218.27949267392995 31.369741607924773
62.13652462140981 26.951430939439497

648.5
864.7
864.7
68.8
143.4
114.7
103.2
432.4
216.2
324.3
1080.9
432.4
72.1
34.4
144.1
36.0
229.4
25.8
51.6
480.4
864.7
216.2
68.8
8.6
103.2
260.3
260.3
34.4
288.2
1080.9
286.8
77.4
34.4
77.4
288.2
258.1
25.8
144.1
324.3
432.4
51.6
229.4
540.4
324.3
432.4
51.6
144.1
288.2
258.1
229.4
432.4
648.5
864.7
34.4
324.3
108.1
324.3
216.2
260.3
648.5
144.1
206.5
576.5
51.6
137.6
960.8
51.6
103.2
34.4
129.0
51.6
51.6
68.8
1080.9
8.6
1201
864.7
600.5
129.0
432.4
864.7
144.1
114.7
216.2
114.7
260.3
103.2
260.3
72.1
1080.9
288.2
108.1
8.6
432.4
108.1
576.5
288.2
51.6
114.7
288.2
600.5
1080.9
258.1
648.5
25.8
576.5
288.2
324.3
34.4
1080.9
25.8
17.2
144.1
108.1
1080.9
114.7
172.1
103.2
286.8
480.4
77.4
600.5
143.4
25.8
432.4
72.1
260.3
576.5

8.6 17.2 36.0 72.1
17.2 34.4 72.1 144.1
25.8 51.6 108.1 216.2
34.4 68.8 144.1 288.2
51.6 103.2 216.2 432.4
68.8 137.6 288.2 576.5
77.4 154.9 324.3 648.5
86.0 172.1 360.3 720.6
103.2 206.5 432.4 864.7
114.7 229.4 480.4 960.8
129.0 258.1 540.4 1080.9
143.4 286.8 600.5 1201.0

2 5 8 11
5 8 11 14
7 10 13 16
10 13 16 19
14 17 20 23
18 21 24 27
19 22 25 28
20 23 26 29
25 19 31 34
27 30 33 36
30 33 36 39
32 35 38 41

