128 3.0 0.0 1000.0 3 160 240 100

108.60322581462093 171.84357225443804
42.55556343657074 52.06586883017214
178.05847274701617 37.318845845437515
88.26597398416148 147.12339201358162
36.96064214409442 69.46657540597172
17.124313407792137 146.8107192557228
95.59284162781012 114.6485731910469
190.12478690293534 154.95366154911036
94.57392361128852 215.53876841764682
107.45023803743828 7.661381377648518
107.47890344835398 76.66668944904801
239.32883669190258 164.70893305814639
25.997492980177118 70.56005036165222
32.138265530958556 64.66926987329005
227.27428476257882 9.131049795278207
169.16577552704118 148.88153261906902
119.92686712032594 143.44943693892552
247.01359985878224 15.732121250435188
67.61429599314332 160.47484776768337
217.16896983131633 31.176362566793266
132.63113080536056 85.11302079864878
148.9251517606558 51.97909584879659
217.11966371062354 95.06283911341885
108.51326415558435 2.2537834675826485
153.8203382612711 3.2808994834059577
76.50157939338659 206.58334707705754
61.131111425551886 64.1553002760028
209.45187323543215 206.20637218501523
222.34343268073133 221.00249246622107
217.2838225385852 165.07772834708962
161.46271683095995 163.97924230520138
169.12174714323018 76.35743926721122
83.0449044363217 60.163065735974826
216.88029958474368 139.5705683514667
177.84918411299452 133.20986855837944
116.92289060885805 87.70053557045712
83.17626937636832 110.57724406422656
203.445222212003 76.63869810053201
247.1271705287983 64.41125353506236
128.29946197530975 154.59489493707235
223.4059372637003 193.2548535925209
204.79226352015098 113.16769699302998
108.09822283123727 30.478382048812396
214.60179683270934 29.537455333641855
101.26824323443157 183.0330277200392
33.114603121784576 105.92984445591274
86.87547851238762 10.171438952825435
203.37887405594645 116.01837545892307
81.95689435424988 162.96581396416892
225.91660277510226 48.857504958632255
42.60466024902651 58.147631962726265
180.33463585017554 199.16766855589697
125.01434986235613 131.9508258646131
230.2475093177586 61.64050812224525
183.76979258875625 225.72360544186847
82.45049342229396 190.07373826063824
106.06351750941917 16.227381740925917
211.46307946998817 169.84523880926778
87.83438086771208 80.78500202826147
86.4768019732034 71.98944583668376
216.86404079868063 181.4579626185699
61.23157452636896 231.23233157892201
181.90125337631568 110.02220230541984
90.6705499677943 48.423046746376045
129.32117210333334 57.75260531759924
10.788222327168029 89.50526712366194
104.49780798289532 224.93952375490133
131.49263701658722 14.701151036790705
35.33597605390604 235.46889518568753
47.08055004996639 24.973161228373424
219.91775396349985 189.22780058898803
117.99272613035822 118.07930118535597
192.30956762570733 46.5136014702395
45.89583537275857 76.44437369134707
240.6752838056361 1.0212877122744435
150.03889409491427 143.4126559388336
94.41872444587021 176.69451041279999
156.87960090802142 232.7502188442058
115.08313191537283 179.11263226528953
1.6537449979282526 123.694844883065
237.68376049819247 189.72447385858604
83.1762595836279 187.1010283346063
149.48338007571473 65.01515093839502
158.09291250472867 61.330849068671924
123.44669011162814 115.80213026964914
190.5448990520981 68.0612129671454
42.75089067981161 101.54457426017093
35.87932169606145 100.16198752983537
165.44147447778724 75.14921551501227
211.75506133107513 233.34752652740877
133.94649493736907 211.07979289597202
71.46113998580795 27.70676669272318
58.914471439589164 6.97465167280048
4.615873822259781 77.22579785019398
21.423338739720133 80.64750344978513
73.20286723141966 218.07553368543202
70.35022927604625 81.56834618524097
196.953477676501 110.46443692173801
126.68865790264944 201.65587428991353
237.82656968086755 121.2226607903052
74.0853585407921 69.58312758814114
15.254974959533985 60.26471243306225
99.64974630543688 9.116194176898574
99.12151597903723 187.25640612020018
67.77848186756886 58.332440402723506
17.918457193635856 137.94641957446652
104.64271629616186 99.45979926408819
219.38732610627466 29.386114784852534
186.94898368245163 209.79134266159664
174.9060142400424 199.29755434912357
244.66176415915524 166.36847727692665
76.11918022580217 208.73806183520043
26.354793437049107 184.3620463168576
148.5159616987953 62.265407541799824
71.05523210062925 233.15833356371502
176.4337438900632 155.81219202411762
22.103276957337574 96.02413749286873
134.94640935604414 159.28847531622998
202.4005611412164 111.23154743592679
151.42328855534632 220.5544847720618
175.2178508609468 128.57063759693446
41.770723117597164 225.16250839006665
140.90781182792648 84.14829480640363
61.53997340385725 129.12473584325394
226.3782061642317 197.93891801309607
57.651222676019245 35.929985498471815
80.40189630126177 93.04976023917574
126.8291751473393 126.61811495986733

111.4844238827973 166.7296921957981
38.56124087979401 53.217636086396595
180.47362997396957 40.06803482947893
94.87330076520936 149.52892035108079
41.1469836811392 75.77908407675818
25.401811361259323 145.15949549106298
98.92347992096401 120.47187247187074
196.01972392195682 158.2323382182179
93.82534878175471 209.22332909539298
106.34068894792506 3.7707057210806525
111.89776531979703 73.09177243486396
234.1433873746283 168.9652681836035
26.987848615957876 63.785203353506624
33.287524475073965 63.23674844157498
223.01005015404232 15.00024747436396
175.31771654691144 147.49347649393678
125.76508827340143 149.46619392940792
239.97146426961496 11.629537960242686
70.12832152543241 155.59390818553678
213.50296052535046 27.815968984609697
132.6286975178821 81.32210045194674
149.3562278360664 59.35704565104527
215.17484602616958 97.53766024817648
116.6098092755507 4.2735433143392125
146.87448058635925 6.436100359835412
72.99551156769535 211.69966899777063
65.44154920804138 63.71891293230461
213.879253634825 205.48216872759843
218.31946967320349 221.1463310180945
213.12256773413813 171.93494300281444
161.079324724429 157.3225957543687
164.91376389593285 74.22683873929049
88.91669563621244 58.5766123443123
218.2206228917959 134.25436774440675
178.5694331852639 129.1089314847756
113.20344138325939 82.5440887557075
77.67958564437649 106.713199337163
197.57925917961285 76.06983864775438
244.479992264098 58.52594949972953
135.54574213316025 152.84025471403308
229.85421548311606 190.1108865474725
212.82034630337608 112.57798232957333
114.6957934539258 32.93692140997065
209.07055977188702 25.76863031256099
104.09369756615098 175.2580230861954
34.79991820729436 103.98746083928853
81.65099566348353 4.695362189053115
204.86943007434513 109.48675199849062
79.73288477021198 170.20094583432507
222.01995826930394 42.48358109732131
45.02922967870893 55.51959895795874
183.19863195569468 199.989315447381
126.31308576169803 137.86536929733566
237.6234200774458 63.415739737506
180.75639962752228 225.415137949597
83.58229725801361 181.8748326111067
110.06400982167835 14.987884799600366
211.59290973925434 171.54833036570827
83.96109464625118 80.40135082604988
89.60769803293694 79.1476755722112
219.2473505984708 175.01635671197798
53.95609940357263 231.883557548608
186.44034773569803 108.31420090745117
84.54683117766271 51.09131340421122
124.70541226291054 64.84275351673536
6.71814386325123 85.38682810098159
111.50898490001678 225.17388148050065
130.74286779813042 11.24130900859538
38.831986944749126 231.54623596920746
48.30468815958472 28.358511629195004
215.9926029463643 186.29498493722812
116.30124649277224 119.74487035165063
196.40751726876712 41.60029132514459
51.47371892982181 77.51043965312054
242.36602902483662 4.88513737806201
152.04257305344873 147.9183007554431
97.28753768687947 183.47510312460082
155.34187748485908 235.4089616000097
107.32789496757836 177.07765020913305
6.906750601647193 119.8478867239631
238.19016236504748 187.03198466956292
84.21921654961379 179.11304733163558
149.89455728109527 60.67007433287752
158.93199628415434 54.079263873883285
129.5051773999943 113.49410890539261
192.65890147822694 65.13838938775177
41.53560443718124 108.95549393207371
43.29824406004329 101.03725518495895
166.70106130746464 75.0690012904248
206.4719610172864 236.02930953171722
132.59113737515304 205.4084553684553
78.26041074414869 24.848553963641884
52.6505784491064 10.388527158754796
11.559706970161232 72.82698272534616
25.45871693782248 80.91673682839406
73.03951588703642 211.23013377794027
71.75211779498628 83.65790601529899
195.54835331788155 117.83271659575495
126.55977498071411 205.54248541363688
233.39617135096788 117.50371499736642
67.60666365744639 73.5739116135348
14.479860953871409 65.56320275755581
99.74192130200547 14.530768758071716
96.14523436605937 185.2432773696358
63.839374473849105 56.46147408845734
21.977657083391417 144.8936902556471
106.54068367707814 95.63179017695062
219.93233745905655 30.80036476783518
179.35260361372318 208.32947425510253
177.83427341522182 192.29363260481213
249.14164052043753 167.86706364225967
68.08713196833729 208.46811619585463
29.030026825258986 189.69241634381882
146.5952254198175 67.15008467477843
76.04992499047441 232.3300597205126
179.9575393230461 160.11693579237058
16.440452900230884 95.62730365725217
136.45681819864367 156.2584348221356
205.8542348553083 116.81702821891518
151.79121579973219 221.29791915629528
178.14051466389563 129.00929277827143
40.29019170907197 218.4845503723827
146.83499239497408 88.93768317653775
56.90537082384844 135.53833876381807
231.66939251292453 195.75537554847256
55.741193840682826 35.70356928114271
84.1983137851112 87.00312929447804
120.36216187867227 126.54836552433996

34.4
17.2
114.7
51.6
8.6
129.0
480.4
432.4
17.2
286.8
260.3
51.6
144.1
540.4
648.5
103.2
206.5
72.1
172.1
144.1
137.6
72.1
103.2
1201
68.8
17.2
432.4
288.2
1080.9
864.7
648.5
480.4
480.4
216.2
154.9
8.6
72.1
36.0
137.6
229.4
432.4
324.3
1201
129.0
68.8
72.1
600.5
17.2
137.6
34.4
1080.9
34.4
51.6
86.0
286.8
72.1
216.2
258.1
34.4
103.2
103.2
114.7
137.6
17.2
72.1
86.0
648.5
114.7
324.3
576.5
137.6
34.4
51.6
258.1
540.4
480.4
576.5
1201
17.2
258.1
8.6
72.1
72.1
72.1
864.7
576.5
432.4
432.4
143.4
25.8
72.1
576.5
108.1
103.2
17.2
51.6
144.1
36.0
720.6
25.8
206.5
34.4
51.6
960.8
432.4
108.1
258.1
129.0
103.2
34.4
34.4
72.1
324.3
68.8
324.3
144.1
129.0
114.7
576.5
68.8
17.2
960.8
108.1
129.0
34.4
648.5
51.6
960.8

8.6 17.2 36.0 72.1
17.2 34.4 72.1 144.1
25.8 51.6 108.1 216.2
34.4 68.8 144.1 288.2
51.6 103.2 216.2 432.4
68.8 137.6 288.2 576.5
77.4 154.9 324.3 648.5
86.0 172.1 360.3 720.6
103.2 206.5 432.4 864.7
114.7 229.4 480.4 960.8
129.0 258.1 540.4 1080.9
143.4 286.8 600.5 1201.0

2 5 8 11
5 8 11 14
7 10 13 16
10 13 16 19
14 17 20 23
18 21 24 27
19 22 25 28
20 23 26 29
25 19 31 34
27 30 33 36
30 33 36 39
32 35 38 41

