128 3.0 0.0 1000.0 3 160 240 100

51.26184380955659 142.81889861700597
21.032777001401744 206.3923714328922
171.62100805605104 235.43870592719625
50.439546167047936 74.03359770572457
233.54418833501649 135.91391205190857
96.92770276077911 25.71834505760373
156.66484861355042 118.9551025998671
168.5637376036062 210.71270874554182
87.66143706688315 212.26756333527777
112.2408755234982 71.68700699486672
151.14037825110995 155.63827641552845
198.62760071440135 75.80797755888463
173.22989158754365 3.521204990119764
204.88683191210407 206.42116069733464
18.825506381372286 5.293210903744406
152.01336166555956 37.32770749995523
208.47654468176677 179.5686945700202
234.8586171037151 152.8181945938824
151.59421588009985 31.439834800008477
93.76514503498757 183.02143143457823
51.491902389842885 86.50132245476327
32.41440495051962 13.840626718543803
147.66353812534845 142.48519040853665
61.371467795547694 165.2315971430043
171.36897868821998 51.2791816423622
216.3750560816635 187.24081721647818
176.9675236126444 27.281117391476347
81.13574120561562 167.01585262227292
35.938811824137076 228.50785729618934
12.399963180102224 240.23967166940093
20.76852424653286 234.81347025794963
14.323982189924312 226.22994560967962
230.89521934810512 64.32582212091528
87.16159589386963 56.74370092843073
87.91589212493858 137.71258606007507
90.62891428553618 52.739933807492896
84.24058622834876 29.73565540934475
125.39449552138126 100.32774043595019
5.8578466782249485 244.43484472501865
248.1401027905662 75.49690859439409
193.3967107426849 101.79633617120376
144.3122427657598 162.1276404305401
77.15377427168049 15.861382435519488
106.51761571252571 37.21771518573999
65.68124162236874 72.26732135494518
123.04398788325038 142.54401695133205
140.1751754260132 48.41894589451653
107.71147459773478 149.370956433316
211.60845012343756 186.92197309755738
74.21794286662639 22.265644318322426
197.25537993905212 117.56380066189733
113.22456055697106 149.72457725116007
140.22524680908393 159.22397835368892
134.91800385512408 188.69979541829179
85.60589155091286 46.131109307490036
1.9554715466124917 213.98374429536983
207.89799602610987 19.924604685593373
230.5195211312859 136.55579239224332
107.9882608786484 103.12742923921064
132.33036996619535 91.38069340989851
78.27498708097644 241.98752989233634
84.53270624276554 145.20704620006757
174.2203956381526 173.96367471087348
159.91632421006176 199.3599147550538
112.31900897010613 96.92515470947608
55.19359776858892 145.14617049568423
203.28125080025913 177.5548482781409
104.85168963577796 110.90491806449162
172.46114739880625 189.04607225399565
158.6664509618515 36.23052665635601
93.28846798877774 88.30908669989252
38.88303936213158 8.456845041015542
30.068170651329996 69.27178780521456
107.66036576184001 64.82160245369944
126.82020694416904 133.0028054883343
108.65260450022404 16.5257548506261
205.9085751456439 32.28999606841582
1.8747950834357152 83.64599703936254
48.43566017996254 83.74508169420497
227.38150327497783 233.93981620506622
23.49458555432951 10.738319803008572
142.78209908065975 113.0123778687263
236.5794279561249 100.21979317383465
76.11669669065465 10.188168401020048
234.3563817780119 210.9957993854842
102.91948069759255 97.91571755476683
157.76966787661058 88.06745033748675
175.1666999799292 16.278285388377807
30.547804925187133 82.3194763764303
193.14464749355366 137.91533452944387
77.53969830997349 1.7859728855909307
178.14259337762732 101.68072388740008
109.24815235418083 154.18407137881238
53.405528458521644 4.246796403182984
197.89241098695697 207.64349426943568
5.848179185982488 219.51460476407803
13.781875837944407 225.82925009348781
2.0483441294948115 78.88808028046209
101.91330045557864 127.3784316672869
97.09257318425105 12.623718006487927
239.5030545566552 78.19360453472876
81.90618076374263 58.171188254146855
56.947928625247 65.44870146965704
230.61307567618317 182.8648056619763
241.2531851783921 3.446378587510235
87.71825960083859 111.2236965836315
135.45251006731198 197.0426698762661
226.83650279155364 68.95197402121283
168.75114738721265 11.348900349307577
26.50155530865045 208.12282016125621
179.36215531090866 221.67958182959325
151.5745118987372 55.79322134964396
161.82162035994705 5.313012204392731
151.70231199576986 82.24411230276712
210.83283314916434 45.82788892396603
50.603267940289214 131.02407945572324
118.66104980772643 15.156069702128129
156.32987576638345 162.42275654938751
27.616271786062573 138.66362320335017
180.15166925574331 183.0835937857423
188.7009948083626 39.061208310375264
159.05305545742937 187.61703505163212
184.81552103846343 37.63316512610404
182.04423023047954 123.65933795063918
235.93478776018256 40.49031891574917
93.03625149263581 153.27009266453942
87.35030690816079 242.23391003905826
199.56317458079315 89.80862467464543

57.4615958735625 141.56753858150782
15.860834185723899 205.55595476932294
173.8333429584401 230.56815871600475
49.83938238963981 81.35179535363704
232.1823783077886 132.362804557259
100.91077682594867 29.297576539605906
152.4342439813455 120.54917924935523
171.23225393233486 216.52362536549725
86.5371470333727 214.73849738695458
110.68984746593082 64.97292071127644
145.14146719996222 155.09323879239437
196.65286205975283 75.02317058496568
170.5445622421722 4.470764147241346
200.37439649772293 211.8427739514257
15.820898079524802 4.71832801906541
150.20883835190548 42.58756372760325
201.49339868083226 178.73364273161044
232.76830526131917 156.21439309081407
144.78293641315764 27.82251800724386
96.08331308284716 190.0133041400746
56.290687470247406 92.06222510686709
37.55615967414086 9.152936924293087
151.8534704605153 148.1547592205074
54.51585786338736 160.85044475523435
168.1146571998394 47.56752525171121
223.8408223345815 185.57637690114225
175.99016312085482 20.77729176967713
88.76709593677423 166.14229403087197
35.868061842242085 220.72874239487902
17.382013564591624 236.08923495756937
24.35329045537657 241.87716763062343
8.991018209961288 229.26168499930932
228.20179306394846 66.93451764526783
86.92722492765836 59.144766263153656
86.66071330798606 130.02765241264873
94.00780027163228 52.648905141460475
78.28117367339848 33.296213437361274
126.93484601552235 94.09762125546605
6.562623708293497 246.43770119325848
248.65215456001846 80.36953555118043
193.97027824049246 97.80391189712981
151.200884446883 157.78853588779708
76.76721477027299 13.566432827773866
105.56832952738878 37.30960332260294
65.35563148968177 72.80847412139879
123.47553439377373 135.4649039373794
136.33859805168373 52.44874552824733
109.35665242516218 149.26032292869877
215.75500151173534 189.01464278005105
68.21467235680534 16.87597738498317
199.1439358379342 113.72941956399565
112.20093901564121 154.16997137195463
144.33218555301502 160.92607970467407
136.90891470201575 193.90116283059797
80.61346438340411 43.461454398610655
2.1098301742612238 206.7451886753425
205.8326466947433 16.720450651412115
233.75324416085095 129.19470556868626
103.05026669738763 103.31261112881118
125.72227679755268 90.30485285498932
80.83204407376036 241.2743018796726
82.50520726407531 142.24685176058057
172.10547993754278 167.91047253183606
158.300872282953 197.88233206051132
111.45726292826924 105.28274868791682
54.61418992342987 150.13821576231967
197.97665275581699 174.08405287076633
105.71454807874773 108.32004805062873
173.58918235676336 191.32344111167825
151.72786103957313 35.62549153496558
93.59666464834577 80.93298822259246
33.161339981493704 10.762503968008069
31.561470146165423 69.8139909695038
104.49749165077164 65.91037814262185
128.11190378866564 134.91670790631912
102.42911761539014 19.902249817705442
213.15719970259823 29.61920459538167
1.7352790148089936 77.63066233480312
53.649974766576044 80.03651024065151
229.0797759452631 237.94292323478993
25.34681513829448 14.128341873267697
141.28803832395414 105.20975782200043
231.0110340356235 103.06774349633801
72.8415158596478 8.841379081978573
238.12855149905093 209.87649693812486
106.83437175865917 104.98050208515525
152.217356014678 92.34365393098004
174.99310802397372 14.128157112104661
31.354656167667443 76.66553223344546
185.7164534912109 140.7880218388902
78.4925745598079 6.389166634013427
170.8279861269908 104.77134576386923
115.8375962359054 156.5212348460346
56.87781066513126 11.57909815070135
203.42105432510155 213.2662488362647
4.44401149575005 224.98053657552475
17.047913560820362 227.82297190338082
1.6023635531119407 81.39326653284998
105.14735461686652 123.83515579834295
93.68822535471253 15.299998786538483
232.63232055890003 74.54314005055119
86.81192025746512 60.03868081564287
57.52493326170299 65.97607688338225
230.9379855455036 185.48538043326963
242.0935472085419 4.473253760112927
89.2814440282641 108.580569002972
140.41285501883164 200.9453919204573
232.06587778929878 66.60986884134908
172.85689753849076 12.847049031811968
24.26610350801778 210.15105758020496
179.15359329642206 224.37468394530447
145.89295829681149 56.294866662031176
158.29713361592374 2.4295932980712975
144.74626116864638 78.02080688043559
214.87163802319347 47.43973973627971
54.544088114631684 136.65213576865756
112.78331447537401 17.385039706623335
152.19044163466552 164.93073790454937
22.936616824563107 142.48542310702473
175.39041836119569 188.48092041149877
186.6032683882782 36.30979816718985
154.93941560417403 180.26790025886024
178.37857105773378 39.4957563979754
177.5265535133264 129.2917500145503
235.0363639640669 45.071622906327654
98.67844265040449 155.01003791055072
84.69533863778575 244.15227969697378
199.7543399984058 96.59714436947964

34.4
720.6
25.8
36.0
86.0
324.3
172.1
960.8
34.4
108.1
137.6
34.4
1201
432.4
1201
216.2
288.2
286.8
288.2
432.4
17.2
864.7
720.6
108.1
72.1
103.2
103.2
77.4
540.4
34.4
432.4
51.6
648.5
8.6
144.1
432.4
72.1
51.6
960.8
144.1
103.2
36.0
144.1
25.8
17.2
229.4
864.7
143.4
114.7
720.6
288.2
51.6
103.2
172.1
216.2
206.5
25.8
103.2
17.2
68.8
540.4
432.4
864.7
25.8
172.1
229.4
576.5
144.1
172.1
960.8
36.0
864.7
51.6
260.3
260.3
86.0
172.1
68.8
68.8
154.9
576.5
480.4
1201
68.8
172.1
144.1
51.6
8.6
51.6
1201
324.3
129.0
36.0
324.3
137.6
144.1
154.9
648.5
864.7
206.5
129.0
432.4
648.5
216.2
129.0
36.0
288.2
114.7
288.2
960.8
172.1
260.3
72.1
144.1
720.6
154.9
68.8
286.8
154.9
720.6
77.4
1201
17.2
720.6
540.4
864.7
144.1
77.4

8.6 17.2 36.0 72.1
17.2 34.4 72.1 144.1
25.8 51.6 108.1 216.2
34.4 68.8 144.1 288.2
51.6 103.2 216.2 432.4
68.8 137.6 288.2 576.5
77.4 154.9 324.3 648.5
86.0 172.1 360.3 720.6
103.2 206.5 432.4 864.7
114.7 229.4 480.4 960.8
129.0 258.1 540.4 1080.9
143.4 286.8 600.5 1201.0

2 5 8 11
5 8 11 14
7 10 13 16
10 13 16 19
14 17 20 23
18 21 24 27
19 22 25 28
20 23 26 29
25 19 31 34
27 30 33 36
30 33 36 39
32 35 38 41

