128 3.0 0.0 1000.0 3 160 240 100

60.131363882977986 24.669821798416926
23.04430610027344 84.24158667827406
127.20778287255321 239.90775551146314
4.276216398114735 181.760667567072
99.47529312401915 141.03719983494682
222.00737341777165 199.99578511017532
13.883472582462392 234.62440568288653
18.5130036873187 209.17470623515558
210.02648018284367 163.7182732261593
237.09497956221455 224.58547562768038
200.86285594200515 98.77241691849542
207.82198555673264 111.35676292971725
212.99289474834347 139.3199003677612
19.34084180363041 51.86691384286457
87.57239859013924 199.4757486790483
216.03570361019698 200.36368427031226
30.51499193567267 88.2715368379737
138.39597486489853 212.9400436251104
31.579546946954945 162.11513787827087
67.84452547665242 95.71208537723425
81.07987389010573 65.82504194426089
58.926458475386774 1.2962604063307681
202.5811592231997 85.0783865738792
27.821476693601603 197.40488390303258
110.35421343118482 70.80806772719487
29.998544531272874 67.76150078500915
168.06883196216177 224.50259312188305
40.61108989974915 16.28763832833546
151.0869214935547 194.6638100192014
51.47904913041221 205.37870813265215
137.5820369577817 55.94970581357944
229.81602971769084 52.72054678290722
101.73812687101275 11.670775960848173
91.46036249620545 9.270783486870132
48.21277938851762 23.727811222250427
60.38516008136316 23.40050215289477
77.94366799738 132.61766478043293
29.900710781173068 129.5844436261912
242.75556345533798 245.29368053454866
128.5620277968113 52.4053025346746
228.15429476946468 46.5890393544057
206.58010772070264 242.37182220544065
171.726289053348 74.65044043894406
171.0533824250316 38.5990794034593
131.48174471089007 35.46759045042649
247.78682547356766 113.92290449326106
22.019123958706615 110.53527985064662
32.995348947412964 170.88832710226572
85.71232757592578 116.61252244054151
185.33740850553633 58.76209557066164
211.47049852086164 94.05868351077338
239.34749070560324 81.88456313426329
46.912763291597884 59.32512349795588
136.05177439956347 243.97728755731143
191.00885436239287 85.03296858860651
211.35473092727597 139.04589688031726
69.51851874908411 5.310480159331194
148.9028570183788 55.5877451697408
148.17827158962564 187.20948227819642
218.265916376911 22.66319745269896
153.3048499561075 128.47697703752146
179.74545736553924 78.78517713168715
146.66781884115395 146.6374591197405
248.3764577261602 130.1163296453762
98.28416253706737 69.3333264686373
96.44733074418133 52.1744590759036
244.01073773999119 246.18663595839843
221.1953778673659 157.92857320710144
107.50505945307057 231.20707224766048
33.105248683851116 87.69766401123447
207.97120129412556 179.56220203831748
229.69910752736956 28.95541828105566
64.54841424821441 113.50455170426471
176.9516355964531 5.016037158951852
248.60986040349286 243.16121941114798
19.809027518932044 173.11405257453765
179.0072712229056 223.3907712993884
233.24289487541097 215.86816158916727
5.876457032981702 27.152360804537285
49.19237915052074 74.24811466408457
34.82455230061326 120.68741143106446
141.9016149542183 158.77567948278315
65.73337842822902 164.5902510569387
196.39727976701894 88.68718526720833
75.62397155517803 99.61030005422658
81.5471995308322 69.1586799961636
69.33774741731469 94.88351861185073
96.04881596938792 80.47123698120711
249.59618838871532 10.192132280496146
97.3885867734779 168.24378784412798
227.08911288338402 27.165380368565945
75.59584208310905 68.98694052309098
50.24182695413273 185.64426796834013
18.50778189756308 170.9412729638583
97.16494657494057 238.81508612020662
39.06849652381184 67.75745807202807
13.035949277293485 29.368333038036653
16.988916235535 128.50304351518983
23.859366243428465 131.226074480391
64.57705999805516 162.89398011677628
235.40548381731827 117.81376220948361
15.17909504620707 223.71019356121684
117.80136788365341 29.779855281348606
161.71980125493923 241.25292059961652
149.36592712188178 81.69992248650685
196.21347854750607 133.18544820231392
177.8669962769142 242.50300870178398
191.6026561194874 86.41490674989247
54.41808824945971 246.08936956346275
8.091889062552454 161.2146601648478
120.48789924226594 165.05705353925993
7.732910410875649 139.42884258418246
75.75377714840997 206.61801619803302
24.520858969073384 147.1408099530954
238.2740012942312 14.85227596562061
147.13642421124422 27.30950939646548
130.08856858076862 86.65706203400869
118.96177296269755 20.5512409344811
83.26506757687262 213.93829705603108
65.7647965337399 174.72269629447982
187.59763968801187 220.798002816226
142.70972631600824 116.00076289513083
38.79516023088728 162.60718553822403
161.16168850780195 18.928555564041577
93.84322322446612 190.83087813645736
62.841460377973696 225.7114689099639
62.404719693149815 185.3193405768694
234.3550774210765 179.14679901477382

63.48696102830883 22.454501979481567
22.82482332355559 76.14330964816712
126.55258185076687 245.42468686102845
1.0833383278939235 178.87701366419222
97.33002246115977 142.5569231574425
216.16578759500953 198.63473067583962
10.38623279646242 231.15360221144837
15.909320433458829 205.43934582465508
206.54522622604512 158.8561584610026
244.89442378627933 221.58162017235856
192.51823520261368 99.43554239463087
200.79353605132758 114.3183459976945
218.127512373594 141.15349286717148
25.891967000085224 50.304819729491854
86.98379939996839 205.56358626489802
218.2043232706626 194.07746770476942
27.023009624759425 81.19554554362956
138.4288566943961 210.68274429879878
34.71256473499248 162.62557967583248
73.7752844731214 97.93251871541955
80.10124500192752 57.560716987519996
60.701250460265946 7.852663964195622
201.5417505856474 92.28211410582651
29.78806372205478 189.47837804277842
113.49534498889494 66.66070120680523
29.13486008423996 71.93881985303346
162.45636322498427 220.63200360255405
45.19157418977743 21.366673598261443
148.1534238317078 190.83888532511128
53.10681718662574 213.63357324855312
132.0761429451389 54.099431622726094
231.09924475182282 56.60028468913183
97.7786225179883 14.20815161166683
99.28464131795364 8.864076120334074
44.74850672322858 30.188221758059214
53.099557129693636 21.19052954387188
70.8669524799935 134.3538415177931
36.057803703438445 133.1209473915381
240.00723529436652 248.66596045351227
124.46483287696577 51.893762147007415
223.3860811197264 41.501967662679576
210.4914606619677 242.23167083536327
164.8464461402248 76.12080182422787
175.79181684004817 35.80672522049322
133.49451197796412 33.93223471028284
244.49345995242857 113.75456786961658
21.50954258018467 113.19346234148553
25.780809865646763 169.26624677912076
88.40467601564083 117.69974330173255
184.25440192338974 55.79785408133292
208.42608172311085 96.07236769485344
237.28596104450355 73.99052715148777
42.59807841675739 55.06484442599668
131.27242308441598 237.96728231064742
191.01167613745673 83.40712600266032
207.26632945740175 145.4290219176754
68.37664568412993 4.370662692470134
155.90643796356807 58.66206041695668
145.8927274815417 182.65826014437536
223.3003490188792 17.84391180603384
146.65863603127312 124.81821557900282
187.58521630946686 78.83858318394266
145.99642050404233 145.74567825847964
243.56733812376405 126.3884794597229
92.3049414489882 72.52177499422466
95.19588125182696 47.4203143585181
239.91723706518883 244.0225919724466
221.20199856892415 163.18945538172068
101.05956939444269 235.4026364526045
31.250567887105202 94.27328061388677
207.39933581521248 185.96253469704024
235.68966670124811 26.54718163089337
61.14842142696342 109.66154204722045
178.4246325436029 7.977320925337622
248.69263740741422 247.19382023784598
16.169380250886906 174.393034850965
172.60266564839998 222.89796828409604
230.9113728677234 223.277958857488
13.553332591644512 26.78029837322915
45.6523363993305 80.73163198737748
37.563855098785545 113.20288372930692
147.70491336768538 158.51669217189783
66.2350717609089 156.64296301081993
201.32932808941084 92.49847325837196
68.42141379534652 96.2670685175319
85.46221722317811 71.92487354467255
67.49542776608212 101.30957037285151
90.0329174713807 81.59299017952642
248.25938491792402 8.64623246756513
102.59876281059755 171.14156534768185
219.10281690113666 27.927550454664384
78.78297166003523 61.52956938934129
51.43943144836724 192.44789557970637
25.718249516115456 174.9112951533866
101.16202095033466 235.90839866225284
40.60920320834025 68.01576562655528
15.808920330271675 23.252251538750464
16.17897567789922 124.77411658835982
20.55109805952568 136.43115591796908
63.03676273604836 166.91062569931327
235.08339187285748 124.13101940465785
18.09780928228702 220.30113583251114
116.74256407769487 32.01283416913492
161.44736327055028 235.46964249364058
150.69468542741734 73.74372699551263
191.52602290731184 132.02713599631684
180.6513426062625 237.53022674480178
199.34483963051164 88.14915552534838
51.969647675324886 246.25933919061498
1.8297638475436306 164.13740630789152
120.28845211607286 161.62190781489582
3.797301149472826 142.87475118047027
79.00903673843929 213.85049324459905
23.509657597291454 143.6661531225642
240.30820967147795 7.346917241433715
153.36507256628562 31.65418331519229
137.15154798773938 83.71497930482231
112.40612142296366 24.114937835332668
84.62005964922243 219.1803488675929
60.83570494534896 170.65347413529136
188.34388287864297 221.01853122329965
144.35798881515183 113.61055447234122
45.59305639463823 159.440433318486
161.10798649598192 18.776090162389984
91.06150337584256 187.2461529444221
64.86350330649948 220.1195880366243
57.18927290401466 184.06007622076595
238.23968763795872 172.10984492728247

51.6
17.2
34.4
68.8
432.4
288.2
17.2
720.6
77.4
25.8
51.6
260.3
77.4
17.2
260.3
108.1
8.6
68.8
72.1
172.1
36.0
34.4
108.1
143.4
154.9
864.7
68.8
36.0
540.4
68.8
480.4
144.1
172.1
86.0
114.7
154.9
172.1
144.1
286.8
68.8
260.3
154.9
864.7
17.2
258.1
1201
258.1
77.4
143.4
960.8
600.5
286.8
144.1
432.4
51.6
960.8
137.6
324.3
432.4
103.2
144.1
34.4
1201
172.1
432.4
68.8
216.2
648.5
144.1
114.7
288.2
260.3
17.2
960.8
137.6
600.5
288.2
144.1
17.2
129.0
206.5
68.8
216.2
103.2
72.1
103.2
72.1
103.2
144.1
108.1
960.8
72.1
229.4
229.4
68.8
286.8
480.4
51.6
648.5
288.2
8.6
86.0
34.4
324.3
648.5
72.1
108.1
144.1
17.2
143.4
68.8
51.6
72.1
258.1
480.4
34.4
68.8
143.4
34.4
108.1
432.4
103.2
216.2
68.8
51.6
432.4
144.1
144.1

8.6 17.2 36.0 72.1
17.2 34.4 72.1 144.1
25.8 51.6 108.1 216.2
34.4 68.8 144.1 288.2
51.6 103.2 216.2 432.4
68.8 137.6 288.2 576.5
77.4 154.9 324.3 648.5
86.0 172.1 360.3 720.6
103.2 206.5 432.4 864.7
114.7 229.4 480.4 960.8
129.0 258.1 540.4 1080.9
143.4 286.8 600.5 1201.0

2 5 8 11
5 8 11 14
7 10 13 16
10 13 16 19
14 17 20 23
18 21 24 27
19 22 25 28
20 23 26 29
25 19 31 34
27 30 33 36
30 33 36 39
32 35 38 41

