128 3.0 0.0 1000.0 3 160 240 100

73.09318114625857 80.19582981550033
51.10128611424852 234.16200859341137
117.53724160758344 225.3583440206709
97.75168878508315 183.55756557823437
154.6172651268989 73.5360304234253
34.59961993057134 14.847808262965945
172.61343600247093 130.08994963912554
227.5901378104338 138.27250182616342
99.31484001722693 198.5529289331291
160.21628150466162 144.22134968698066
217.21103632720622 160.73398785989096
95.06554107648165 57.89708015078926
235.45962623190368 162.03697145840812
105.34501722178024 234.15242654560663
105.25385653956906 200.14008783046094
94.16375495244755 35.95811331080978
90.45768878215327 149.8394277794719
238.0674924745823 50.85319892242063
104.78332239259669 153.4699627619804
176.04474131461083 202.20828655409247
95.94586176766681 115.07387405864966
1.6722178330961235 82.60566999510301
150.2803748545274 70.33873606093357
119.3838306870656 71.44927385189509
212.23374190062344 30.51997380268637
7.37228342873264 105.7662898385032
70.41518671483176 124.1208720092687
50.57853448076494 230.22446720520048
13.142427694801007 220.25966524109285
124.46200155066647 171.95737894900827
182.7945829853324 146.71635131862547
224.16169986547501 17.46942207968055
0.3794749669895625 216.91292769224933
23.24542565817525 217.54017553689434
162.39922863363176 195.99628203585274
168.59816700527355 148.55611889601997
4.755422583243268 141.55002227021666
221.00208937875004 90.72914803810409
39.19611342214885 41.184219024655775
134.53682341176105 40.8800169738909
175.63977547825718 248.2269245489531
59.554836456042565 83.11123807229562
153.4476690960463 17.8114969545827
207.95607290821758 115.75846056340916
73.04955402606656 182.41312745113743
145.5778843949123 198.7800794155793
185.02576471140392 185.9098618253085
30.187172278351408 100.51017002952118
86.90736002629535 156.03084267215965
61.08329400711995 83.39315212983048
83.49782067404574 31.587060082491014
237.54298599366876 11.101533050944607
13.77835679186193 144.4639855997719
188.927185002576 117.17631716547352
229.027014182907 183.94721023835842
229.12897729116563 221.8632529609983
23.324629100290956 46.09684663560032
75.5889885158296 41.28540891299784
143.99634704670683 242.57150504487822
21.63126488010078 21.792689882499992
72.83198392846693 160.61597610762524
34.20493246914103 177.00875892263628
213.2329675709991 165.4680534660407
123.64235124791895 7.114781138791687
76.89011608730439 226.58352746499946
159.26482249837017 190.97274094973977
185.19595555466523 224.5467450446635
92.85423312827051 212.37517347990197
85.59126921325394 178.37295012644253
44.948121663066914 85.06377172188004
70.13375892133273 159.00020285094803
101.75271969264534 89.72229196845072
50.39639264133214 119.03434954676001
3.9450354687337597 23.39503809660737
76.01588069636226 154.7086223456802
103.97971347305263 212.03088147865665
225.4661322110676 188.94858791399892
153.42480881791346 207.4713788477486
57.75702651683526 243.4142942047683
81.80691218174027 16.206846572370758
123.88125417271442 160.03786263785724
3.663796211319237 47.33892690031885
109.37040420574063 210.94364013432292
91.82150580047366 240.08646736724333
189.2213341918247 61.798373100993956
223.44425153959972 129.64734194659607
187.08295624132546 149.42074622271073
215.20060745663542 112.44873854242343
241.6901295200622 65.17622521328084
57.237671719069546 137.03072834134267
95.77960877449514 236.6200469441149
245.337395562776 111.95777806260165
195.79953228887604 19.06579672276981
155.44219286419883 165.6602977992453
169.54505503283127 221.94412101998452
209.59886192115667 246.05457442992443
66.96777994993292 97.36342845911119
32.683682167504365 87.1190313212479
26.33514514618679 46.40754369691927
232.94243387746377 58.452892339833056
183.63669939382436 56.03025702244782
64.86766036305394 215.90669109769706
192.92383353305567 53.94259671928145
4.792457844017078 137.64192219516474
145.10680166418402 168.90156804774458
189.18930082843636 204.2000317149504
246.17838424589976 138.07867444999223
104.04197003121365 140.7529992998959
5.074829497351524 178.9624862334335
116.71080603016462 243.57998840097835
17.251785663735532 7.418064519740142
225.98122872541023 238.39683136564278
2.317590857275953 9.653380118197358
24.378707431624207 12.535199385574542
54.44417051801639 6.9423920603162435
160.4521239072846 245.6429301442987
112.59430883285201 209.0835409023225
62.509337804865396 58.98042072180809
246.87187534864498 106.17100986725814
27.319220576318276 68.79256581419119
68.78644542758546 127.87239745679996
112.85282916761844 175.36886659052342
202.68790987304712 219.7072646062107
186.9624318496262 243.80052262440708
247.54831199610013 182.3892156544037
31.034063040971006 149.2237711995923
163.56454237331084 236.62118434918358
36.598340009233425 42.17233974908885

73.41381211604012 84.12513061098504
55.821846598724804 237.4220575663389
114.04337804514283 223.96023543670665
99.69207235004434 191.16540893104016
151.56140627985224 75.51791997030921
34.79759685968251 17.164448843143248
178.32497925968485 135.60649069771156
234.545759501041 138.14951670751316
104.87670530761353 200.58014943420218
164.12721327336482 145.52312464786905
217.54789472535933 162.2179300751614
98.71686057458875 59.740368717098036
231.53898251943306 159.06497126345064
108.23727585678999 238.05148104797664
100.0177633955584 199.83327480912567
87.723407488316 33.24990706734576
84.93031721091893 151.93803440940619
243.07752477801765 54.36922586068527
99.12140740636113 157.8547533507186
174.2228406406501 206.49602054330404
94.61408472449193 106.82678816603583
0.12325914582075881 90.93941340829464
156.78139991366177 70.85637962803443
122.52184222556559 71.91750492928062
209.28537826568862 25.321249675836295
15.007514952236539 108.48010040840875
74.9928101582967 118.15216383040585
57.01188535021417 230.8978234811704
10.327151105607557 216.65403469447023
121.23389818614125 168.9677856605402
187.8314908146022 151.29662994269697
222.97445111999625 24.277405561949074
4.6513243249741985 220.65169126848755
15.275226651243035 218.77036170757495
159.76071960327914 191.66236732130807
170.41174074844642 144.46245849558636
7.9430504608385135 140.76372924462325
213.49805193450806 88.49783313193574
35.27642138966919 41.39324443097023
131.45014355153685 43.7600084137362
174.45238471423957 242.10879884075254
55.118179059885115 86.74473304636126
152.20189310530296 16.838819059451282
214.87746164401557 115.35283844452407
73.38289004453918 185.82866862889534
142.22338896641315 200.31328341898134
188.34563649072797 180.0898670520201
30.569302024642695 103.89705148608306
84.2195885772741 154.6647064738326
63.798278970338934 83.60891870688828
82.80645565206008 34.54620329964611
234.7714931903561 3.9827927682608566
19.651561882710528 139.1387922633484
183.06871139419266 111.51629358434167
231.00082550824746 177.76044108355993
224.1565291330927 225.9877063309319
25.43252607177576 44.810475242072656
68.16799786251651 44.50367790841814
144.8575258360375 246.70887099262532
16.540184039533614 17.77389229694698
74.36332311149226 163.75073960947083
29.13787398703657 179.89488174057192
213.05964340295725 159.5787328975449
129.3831439159398 2.468464882789262
76.80686040242543 222.5611946363026
156.9025336725382 186.86096541451457
188.56648057376924 227.89727990558387
89.18357692063381 206.91386733257843
88.61366793115572 186.20118226907806
47.51862872296517 78.10158802362655
62.553721806582004 162.27165247128647
99.23832492181641 83.1850107140541
53.79189355710648 122.91921002990327
4.883895792482357 22.26961862397825
69.09774902401219 157.37797396813636
101.39168204036721 214.24671012334002
227.1256527576386 183.0816859213027
150.14210567480376 209.3576564101288
56.03450345722757 238.70045378479904
86.73266172871449 18.64398085576896
126.52209585477364 157.8260892343478
8.092055404213234 44.66721736269733
115.72153421796672 215.82746673484505
89.39577063671786 246.8331278681288
189.87766568050935 53.35892787394991
229.42349944359242 134.25589238008595
183.95794698923066 144.35764553036964
219.46249103518585 116.41734879830825
246.14788973396003 63.915293523509995
51.055584820905054 131.29028416223053
95.44354791455977 239.8014371018826
244.51116951714798 118.62708262795788
195.43679063750812 17.973778840798456
157.8910843323155 162.13141243197668
162.99105272003825 227.19930245804701
203.09394649905894 245.61710776792572
60.562160214870126 96.42984738369337
29.755561314387002 86.37028178679496
34.70197788447057 46.90947169384693
230.17729829189162 58.54003134697972
187.38586548567085 49.92172392747835
62.78124023783635 220.4228398304578
187.4780656207813 56.319325538101154
2.682239516864943 136.30860061590417
145.64822129671742 166.0004930245465
181.44328831344978 205.83695243554024
247.2993876341735 142.06933476113318
106.13804250078945 141.30708727688497
1.6776816328554767 178.16815496451377
113.02261101538164 248.35876933041513
21.66544440200102 1.9112353821144068
228.03711868855873 236.56710966423364
8.36217713653467 15.234951257080077
26.301569181254536 8.952144201915202
54.829001498457984 12.998220587485342
156.04175557278856 239.55888224416006
111.47527713079955 213.48019197804922
68.34071348340781 56.66773459702584
249.93120880991472 108.36488759669982
32.84003981398223 63.771883166297336
62.81021455427121 123.26463134291562
116.32964446158812 172.1312003055288
198.46093687845698 223.49531332798932
190.5384399120586 246.49505037149865
242.0738329867622 177.02037278454188
28.074834270893746 150.04509602861884
165.47682271398935 235.94885712265298
42.16867137933866 37.08400266213213

432.4
576.5
103.2
86.0
86.0
720.6
324.3
154.9
576.5
600.5
540.4
86.0
77.4
17.2
72.1
36.0
720.6
540.4
144.1
216.2
137.6
229.4
1080.9
864.7
288.2
8.6
540.4
108.1
17.2
960.8
137.6
144.1
1080.9
137.6
72.1
172.1
324.3
17.2
86.0
600.5
260.3
144.1
137.6
540.4
540.4
432.4
68.8
229.4
172.1
172.1
864.7
288.2
72.1
86.0
103.2
51.6
600.5
51.6
86.0
129.0
229.4
17.2
34.4
34.4
1080.9
72.1
143.4
34.4
960.8
72.1
17.2
114.7
540.4
206.5
34.4
172.1
600.5
286.8
1080.9
960.8
17.2
288.2
143.4
86.0
103.2
288.2
137.6
34.4
137.6
216.2
1080.9
648.5
137.6
288.2
720.6
72.1
960.8
77.4
114.7
720.6
172.1
600.5
960.8
154.9
86.0
480.4
216.2
68.8
206.5
8.6
229.4
216.2
432.4
432.4
288.2
68.8
72.1
77.4
432.4
72.1
480.4
51.6
480.4
34.4
960.8
260.3
51.6
286.8

8.6 17.2 36.0 72.1
17.2 34.4 72.1 144.1
25.8 51.6 108.1 216.2
34.4 68.8 144.1 288.2
51.6 103.2 216.2 432.4
68.8 137.6 288.2 576.5
77.4 154.9 324.3 648.5
86.0 172.1 360.3 720.6
103.2 206.5 432.4 864.7
114.7 229.4 480.4 960.8
129.0 258.1 540.4 1080.9
143.4 286.8 600.5 1201.0

2 5 8 11
5 8 11 14
7 10 13 16
10 13 16 19
14 17 20 23
18 21 24 27
19 22 25 28
20 23 26 29
25 19 31 34
27 30 33 36
30 33 36 39
32 35 38 41

