128 3.0 0.0 1000.0 3 160 240 100

56.80657311238477 166.56401095031518
239.40480416638385 189.70454457837232
82.33491005390556 73.42735123255842
226.0783461158586 163.9135605394253
37.44184873540682 116.68281086010145
131.77989288275964 40.41066268218674
82.56389960253749 169.05575551571872
7.649321023054406 9.631167520895046
109.78851844348047 181.5730280775347
19.06650256092732 231.97268527765905
104.93310507710935 174.63323014044028
175.46456496890767 37.381890323362725
142.93202617026094 108.90249409273092
18.14253692887599 91.92414465070453
217.62138403995854 126.83595729530609
147.43938960901218 69.89601409166605
206.5341108977727 9.181099014048316
234.9123563788987 49.18185196768643
150.4104341540797 35.95243468381803
61.280009085721815 235.68605404365974
13.407186673595584 174.38841033317203
112.65535507085825 49.09477517120522
22.275411730868832 119.48515814247332
245.41517767738452 26.854581009540496
13.421888178908297 68.25804802872501
200.44642078219053 194.00943938220828
232.8180159542844 82.94752675561095
85.74956499924954 139.81084443171915
89.84432263629144 65.9958776880547
219.93112086543613 135.94902959515966
247.08974111542506 63.949059300684816
107.14679587782177 53.193146544649515
177.39360153552337 30.38206644959887
220.40330315083702 83.98284753334259
191.9970487669799 186.14120983571064
75.78518868952625 158.3237462261145
133.9950850154506 144.446047505843
232.37338165693998 2.6520491420622405
69.28539961198052 199.75899707193847
21.678373351610492 191.0922640640882
122.60360573218321 229.57257198906154
246.01653969645486 84.19689544342718
124.99955944356827 246.13364108066978
199.0839453552648 7.677023756270495
134.05893251386505 116.45588916522065
233.63916062720148 119.54395548715213
64.24372059265293 33.22596094741556
138.56314513707915 85.98062429484449
209.3014653391746 210.7847068467678
140.6212935941907 112.62811231364181
209.33864527010013 37.093149111625536
19.71310388423511 51.21025532001352
29.194548245292662 104.44541938069169
240.16715860117594 208.63577497594693
173.2767426526763 112.99507721270332
222.5380443234227 176.41123998142825
105.40793953168604 166.6092261231606
220.06366584055004 139.26091361002642
133.3793966262293 87.54975480255811
111.52775736299614 208.64613346135934
241.90870705169647 41.707080592177256
115.43168056354683 145.7288619860155
135.77707025091198 205.8120297532984
82.03179552719914 133.9024529841872
188.01918078657215 195.32140668380083
210.64639310601117 77.02016770332665
35.073748836623366 217.01680367355635
141.22062280923842 116.76124120233148
193.45640351985094 182.6568474112684
34.601672996000836 170.7028536664768
90.07327318862274 207.66524932996393
108.27654792001293 87.5690495041668
22.358608539366887 248.84979285933997
244.55206997358061 35.05791206143366
164.8568497328742 160.72397298486962
84.20579894419794 65.47389183195467
173.74617261575705 11.890366116261097
182.47782131574138 34.916750538794034
16.163438004459962 182.24507094308035
28.42174693252339 203.89454912529192
79.42744030475052 17.78781742604199
94.93703448335341 216.32262113031604
181.55985314151297 58.79391119577135
204.5498448218557 240.12623534288917
225.7566247192071 211.19361000669397
154.11184942168376 32.416742253499805
37.04316802967461 54.608665646893705
137.6363325295947 54.29312297840369
208.09919558602445 183.1992232253902
118.6672607997676 190.52080297243293
145.41014216439714 71.74317496576468
77.54231491312264 210.16918792971316
171.42121838686367 1.7999379863989362
243.19633352862323 159.19862828472193
92.91539746881017 246.04843356038882
176.15201860134044 204.48276631859912
31.017948550776303 179.45703338275482
41.5024235317088 113.53370128829329
29.291276342398533 197.7745490545748
163.35848468648354 243.40914972184336
62.82766688764288 245.61476191377716
158.22439782518552 9.661860820304568
118.26055725170812 57.58449735589366
10.946695216966534 217.64264870044977
93.5129500385002 7.11410294104467
4.858266167362679 68.12033396335792
70.25311773293855 96.48584245199262
135.1726056126277 245.12308966853223
153.13595302031192 194.95782852071216
124.83119183250554 47.787376301278464
19.199959399958193 198.94987554657092
34.697445240841034 149.76580074613958
85.17797063710603 226.1874573256209
73.27739560685751 106.19425244857064
9.064035442524432 102.05400986964038
54.79120463841996 46.43551264648174
21.937199046911825 70.32698764896539
59.6360420881139 198.57224276952402
20.825547959200108 116.33305693724722
98.99324390805975 29.999939991709248
177.53725706902952 204.44435930182797
30.845934412791987 115.2846440790285
177.742204434848 107.07821611874598
192.7465818733985 91.07850136326354
121.8494147530064 129.68583066226094
51.86852641997991 231.67173513905007
106.04272324233196 112.23556495763657
73.27294465606398 18.370341366926475

53.55920918950752 170.3678320585065
234.81641535786653 183.87214055971202
79.43513904988953 74.36318917273985
229.0592821355092 161.52748299363503
40.73102031510301 115.75033946660288
129.35653446967817 45.867641845764666
86.33793493315689 166.0027147689981
0.26140441347977106 11.603875876119329
110.83629766038098 189.46481930204232
17.420528847544414 234.79375765565837
111.87531743018566 174.9775495121149
175.7596270510191 30.286635019693197
149.05584519339766 113.69198726954482
11.079848685236454 92.9325071730906
218.8067916717382 131.69287190469353
141.50586002131928 71.07318789798326
198.59577675112004 10.761503478456335
236.7546892727443 54.375331099250246
148.2858163587161 30.002125732731532
56.46106523969752 239.43575807436147
12.79980876497569 175.89800150347648
109.12246903884967 45.1054120468232
27.118116292089795 121.57108642788508
243.41562980934583 18.81425754429239
11.993638377740396 69.20170911763523
200.26542693703018 197.43759005534048
226.48035589694518 84.42712914671779
84.24871434729997 135.18730017517146
91.84877611685071 66.63522845482316
217.89893007444067 133.54210502948897
249.69959820516024 67.37502691714892
114.47305784358691 55.375881877897996
174.03575953078968 25.382538909940745
216.82560173654474 90.64730642962066
189.20679069328926 179.17078798165528
73.10369644484302 164.6562403578075
136.73434083501292 146.80353562656197
237.38060089131494 8.104919286547386
75.03404561235557 197.28699921468902
22.365930158439323 190.14830338214773
125.21144685217214 223.24497793156436
243.31936301930935 82.59315922263639
117.0832039757457 245.25448468531357
195.01900060855746 12.168137923819044
141.08250699441638 120.04861770944353
235.66877003204007 126.57099112787037
59.253129334273126 33.19986214515358
139.23028213729344 84.03504673823694
216.47500860793608 210.28529553284145
147.5802732864911 112.92763671777905
214.794051204689 37.35203945854901
23.729155302523008 51.908909455499
35.78091562181124 107.46518512905276
244.40770102045036 212.26587220130992
171.9595266836551 115.54314475824445
218.3600683517479 171.4487078869334
100.87551423701227 169.6354999479937
225.08758631648328 136.62728302202137
131.73600226916398 85.44914201492321
115.19864755301842 210.21183263626364
241.50699074337308 41.67438076035898
112.05687268296566 143.7548133557736
137.37949061624755 199.29595808719176
77.88184533669049 128.67683897892817
186.9066300349647 188.7747348116348
206.51401765516619 76.79680147143276
33.55739063214444 215.0198867309938
147.18390678113093 113.37406909567841
198.32514946569933 183.20361810396776
27.14804414681471 169.79125152260085
83.12631699761403 208.5612920415142
113.19355638083772 91.91704315290013
17.694131535896716 244.9446391939252
248.50750131075654 32.38638913369316
167.2028802682369 160.4539678400932
89.6352993574239 64.47486385511708
172.1382615684217 14.947897944373706
177.7443922343496 34.88801979767284
20.50522018672446 188.1289247684591
32.51005176733995 197.42863961390327
77.64678890986463 20.37674686869159
92.91495158630603 223.9237789433947
180.16542998771877 65.74748260134406
205.56314195786427 233.77083633622667
221.0410569285858 206.2041856653018
146.58774597998206 35.225329505173264
35.735333908269915 46.64720464370267
134.81777526636097 46.84600382659856
211.10411880067232 187.24649090308907
112.15205447185397 190.16200648950246
141.0682446139932 78.35205330040576
80.2918334402439 208.87103764447536
168.45889064726506 4.919501870707693
240.71599430165793 155.25685998885788
98.11179333646925 241.19515080132638
177.07827841333244 199.71206546840807
30.585130616669343 176.97761641910316
40.55222203070158 113.93570798358121
27.084178082055573 197.0942180260045
158.8925929022528 237.42702037900736
62.53529737270594 237.81286449323622
160.12576042142925 3.0934942438769486
121.5947256704685 50.56231703898673
9.945207530465794 213.415354951147
91.41261499288179 9.264334679667252
7.813430037821339 72.40052398411811
77.18111094703892 93.7248999823333
137.14526442114317 248.26230535692503
150.94848560018133 199.6910106009177
125.05628291762169 39.51694710849665
17.939566895026292 198.93113914493662
37.33433213109158 155.16247132096132
79.64100235198471 220.42230097253145
70.95819215236901 101.32053073737029
7.267334302958256 105.59959721453049
59.44727918996773 47.2999428913623
14.697068738240226 69.71945636973686
66.06981677619255 203.9862702671403
22.871614518484655 122.06847271233987
94.90096697380993 27.918405717571567
177.29409600339525 197.53251252044257
27.371825949034477 116.639093194119
184.6475961007465 107.61379584643902
198.5813733701283 95.90126170518268
117.12162537845514 129.44162911780288
51.709247694706775 223.99404658305068
100.32899730410416 112.02340512990389
78.17431038721892 16.473354875818856

600.5
144.1
86.0
114.7
51.6
34.4
86.0
103.2
86.0
103.2
144.1
34.4
34.4
432.4
216.2
960.8
258.1
143.4
960.8
288.2
288.2
960.8
17.2
34.4
432.4
114.7
114.7
144.1
216.2
129.0
648.5
172.1
960.8
216.2
72.1
154.9
960.8
1201
286.8
108.1
216.2
144.1
324.3
36.0
17.2
172.1
25.8
137.6
288.2
68.8
172.1
324.3
324.3
216.2
108.1
216.2
114.7
144.1
206.5
1201
72.1
114.7
68.8
8.6
1201
103.2
324.3
1080.9
216.2
144.1
258.1
648.5
576.5
324.3
17.2
8.6
648.5
103.2
103.2
51.6
68.8
144.1
144.1
286.8
154.9
1080.9
720.6
144.1
137.6
288.2
86.0
72.1
960.8
288.2
172.1
68.8
103.2
288.2
260.3
8.6
648.5
17.2
137.6
432.4
103.2
229.4
960.8
72.1
1080.9
432.4
216.2
114.7
68.8
432.4
34.4
600.5
432.4
288.2
34.4
864.7
600.5
25.8
114.7
540.4
34.4
144.1
17.2
34.4

8.6 17.2 36.0 72.1
17.2 34.4 72.1 144.1
25.8 51.6 108.1 216.2
34.4 68.8 144.1 288.2
51.6 103.2 216.2 432.4
68.8 137.6 288.2 576.5
77.4 154.9 324.3 648.5
86.0 172.1 360.3 720.6
103.2 206.5 432.4 864.7
114.7 229.4 480.4 960.8
129.0 258.1 540.4 1080.9
143.4 286.8 600.5 1201.0

2 5 8 11
5 8 11 14
7 10 13 16
10 13 16 19
14 17 20 23
18 21 24 27
19 22 25 28
20 23 26 29
25 19 31 34
27 30 33 36
30 33 36 39
32 35 38 41

