128 3.0 0.0 1000.0 3 160 240 100

138.32317899644462 1.9441777480238565
165.70992481200187 8.274438986778598
122.16329940458537 82.39549661993995
179.4294060314163 1.8800021034180714
245.00114177988198 132.13949785481978
28.240928312766506 238.0400568991968
112.4609859221495 95.94046790291186
55.4851078120536 53.97862837811307
180.08496490330975 145.61645276230607
98.77868415860775 30.338760331360458
163.48144700920005 184.1655367829958
119.387671806165 221.16169687343313
120.9837360803658 24.43937118730935
222.38184949691114 75.51306190514123
87.67534349790199 99.97918697759084
200.8611906884231 232.46782582695667
172.13561147415626 107.96869386461499
5.655457367073486 225.42346296517462
131.30758579373284 161.36916279747317
39.22765765136849 247.90220219141554
15.919254889393136 119.62876216452392
137.36385233826394 19.594634451393727
160.85268861799517 87.85787198927858
16.41775723224301 116.57629069594205
140.55219175097602 238.787513026995
143.10145217894691 210.5605638368816
36.40801755645812 129.43057607570375
163.63644870182293 180.82002968367692
169.76700697258838 180.78094494621214
9.12688622331509 48.274834692880326
244.44000790951662 188.96898535714104
222.95305938656375 216.20057876173823
11.493939224626992 20.56425240731802
189.70485884522364 130.67356833725245
244.75396145050146 196.50228166080063
200.79992145974296 221.92352837143883
192.15567994365966 234.23594083849108
48.728339929143075 47.09267582371734
19.533920412304006 76.35740366462967
149.33278606972397 216.36937350738137
143.75490643818918 12.309411661040937
183.01756688937945 16.985150519280207
29.40120191594864 100.8995568895944
243.3484755179496 17.150318211427845
47.37926977552973 103.21318050656764
89.3573079838384 58.668329450527914
207.8656326632658 179.51090076686665
141.4071732131562 28.711986377709525
189.91767525122378 103.69206907319811
106.6290699300052 243.59321010393666
56.89706489412127 202.08860225071547
73.36616779395838 247.14307343029517
168.97718203496402 124.73757553476814
163.57084158987797 200.903072756457
147.0508486038047 94.66692120980264
189.22434609056958 235.8388962078089
82.64704164515364 221.9748484202016
172.41592911489778 101.44622961298596
103.82874951257764 204.21974111208348
115.6924260744949 244.0820299500712
156.68224609871845 171.75167109317383
31.575442196766335 87.60467107854161
32.10568630745722 135.6411336429568
81.62121124175967 151.94572438550662
181.43852555317378 130.7742730531686
108.80722375866658 32.99704040212312
14.624118034905987 3.396651355336011
70.85049999123002 126.927720675996
182.43871506014895 78.15233585241913
201.95835660888847 67.59414919069064
76.81009171913227 122.46131154142728
49.93962238714889 182.2617322460126
223.53359331508426 114.4381965243815
58.4116171626303 70.62355609379445
174.21525676379912 96.36908070147385
198.81938093972582 201.884663842402
118.5937636680032 48.74416122049552
220.32893485948554 232.8657239330415
109.9611915295637 162.66493300493397
47.75034738935211 188.9665563856264
196.18391305602245 62.61897384590295
182.87557638665737 154.1511844538819
104.15283320108928 80.46350212686242
216.57564280829308 214.46375628745267
173.26224508117613 125.72015167936532
185.80871785966116 60.32979384939966
99.2821720070517 207.7257571918481
75.66206851686663 71.97776249675175
113.07794766695633 13.97122896364597
154.32695039650628 161.35949934880728
176.57233524044648 242.15960015782784
158.02634105274373 127.01009118802428
198.5650184572649 160.17441401604356
80.42571623592832 97.23396914623972
136.7678927730903 21.466450539695813
125.13425409510245 214.59217194028065
68.43194648205028 99.96837681664422
2.231596268015723 156.33004151152448
174.45743791961172 206.8774116194737
92.00768630397508 151.77327961549776
154.33576698924878 105.40840170956095
35.85353393087473 242.19939715405903
50.78850927864606 134.28351952979847
77.20931488370036 40.633686884723744
1.6771096557731124 62.0206737627835
226.30886598393616 88.54234465419026
34.30924919942238 220.0854516059911
63.132749668002695 5.470796661652955
166.89011989084625 130.94634628109335
2.9074579510688925 136.17774811663816
13.51725056104086 167.7466543704357
60.564913425044026 14.661453981352157
181.54637174830768 124.22377312380617
79.83843572738333 3.0467791592947435
135.58911332179386 18.065032150794273
217.6537809906498 151.19856076110136
103.37266544042525 33.66375219477444
224.24916172051468 75.18197531105409
19.846864062424668 69.45967680797085
34.429911544598596 63.11034834597487
227.50468413203066 157.95330239517713
193.85811992982957 208.6294971310134
153.46598817323485 119.42006420488968
19.716766696651067 33.06219657307668
165.12348433640855 237.94791957798407
97.80635580476024 150.8805779036443
227.22874773873957 70.60984751249235
40.63802376051765 168.80288715093138

134.4952855847676 9.246944773508819
159.76043220944857 7.478567599588954
120.62509842182905 81.20716918900669
182.3023577235189 5.189981068235983
240.4372076594547 136.45112195677427
35.31736998080234 240.55999109485109
111.65816654276206 100.97352882219535
60.25261392515324 55.530849293255024
176.35381395513056 143.95049458216351
95.38510470950679 32.495256093239085
167.0038429980016 184.91177821314972
118.66064717794251 225.50098702266388
118.37330834834498 30.27429414776786
224.8315244442419 77.8032097359053
87.46626923403953 99.14916420721987
199.60401119706938 229.99069393677243
171.10492196637912 115.61626646079426
3.435497861483089 218.08693448620537
136.96728348089994 167.50080377243685
42.502697253877784 243.0726390247456
14.273344294228746 115.25892523518894
131.49040219982643 20.169357831349156
164.80429216323154 91.92257133859091
17.40196003688732 122.26325073235209
144.243597154837 240.1261522205592
136.9677681351262 208.8463502079503
30.095975286632687 124.23749426603636
166.53159820502475 184.44371264313514
167.32787020121904 180.65447073727216
15.9216379870544 48.78968433052491
237.02501015524908 190.3176285147628
230.22245371188671 215.2616114192717
10.452748515319744 15.617753191304596
185.45098520507372 127.88920615872159
242.0881658542576 199.0884289065226
194.5855953548063 219.0469117062176
188.7341220443723 235.26079072537223
46.25994668147052 44.99066509071642
21.61945814889116 73.93192698397132
148.9704484271571 224.13635225303673
151.4327271531605 12.31071965000674
181.05455867936567 8.844835448588439
25.773150433498788 99.70993418893923
245.63171814589847 14.336559225883727
44.400168851043865 96.95875818555638
82.41703161566147 56.57022383699511
207.68770989163284 187.60477472662768
143.8952429152317 20.920092905071684
187.10746542372848 101.26094675420971
110.71791575295192 247.46628582460437
57.31873631951184 202.74239581326006
80.1262748973599 244.65286971010786
163.80638804228693 131.034674378632
159.26113184670766 201.97121306407027
153.0493209636936 94.6025883704808
193.71647659384948 234.0843779545338
76.8408035178087 226.40498806460707
170.00272515640796 108.41324734468805
99.71367161396624 204.6392729048249
107.91549942238129 242.37246442279454
154.91495609204458 178.42044429476326
36.925516285199464 90.21097744325485
31.241614207050212 141.20677030424275
80.13393645449199 158.58337534274057
181.01256618494907 126.23069202284782
106.60452393236888 33.791928414494464
8.7368314519638 3.932813654702966
72.77595190486369 126.30888206572088
177.9762680755441 81.8980710147033
196.79328032720946 61.94278250259641
82.37253114174794 118.30763079903653
53.15403946359015 176.4005892024568
218.95568225307014 114.91960767143352
57.06448945191514 77.25189004188665
176.62726096018162 89.74191837306572
193.03487867834178 200.27031990355343
113.41957420080873 51.57787413361106
216.00483075657846 228.42432152311108
108.49110168009149 164.50789413642943
52.13736502749905 190.24359215459387
200.84292259050116 60.48860395103672
179.18922898656186 146.79426598312543
95.80861925108891 80.5539936180217
214.37926082364 218.62209714902923
171.17503053641866 125.17518777267192
184.01857732178087 61.41822324258417
106.82926775850257 210.5631445122836
81.00374175160881 70.99485203014605
119.84926678846503 10.931753662189264
150.24913586439163 155.2211668267974
173.8312896802455 234.58249124143592
163.6452304424062 121.51205596287426
200.18251367068137 163.70038966679044
76.79521099898618 104.22896382395803
132.08795931078237 21.30128662022518
121.25744541024308 218.6941101248678
62.85021109645006 102.6232705766395
8.02065562445678 157.67751175502082
177.4160231889069 201.52944744279273
97.33651848642677 149.54398053641967
148.8572930481316 108.77804451187228
29.585693494559003 242.377310846092
53.08665944524888 129.95256933254132
81.23647467627795 34.24521221479465
3.6595694239542342 55.00370525135226
230.7912666316673 82.45038897902879
29.129026937792375 221.4610226013132
66.43985998222176 1.171094630848829
173.19016178078886 126.22985454536023
1.3505070751126669 135.89994850297643
16.271782901918634 163.20751527169114
68.90518369891913 15.544205621796564
181.87235404464926 131.2042694534177
87.28728714227374 3.786103961783416
135.81095175084806 15.93698682218897
221.6042974737308 148.28361023624385
98.47534116857867 26.881585126487472
229.9556527758003 81.40784310002903
15.567553113523925 70.54411653274632
37.07961426840567 61.95260962982918
230.6576250191797 161.78724574495826
188.71315718525548 212.59485802379982
153.5954852352683 116.69797713911062
16.994873373424618 31.894370015265793
164.75775506888215 231.2016619988496
96.99943933292354 152.5651618404893
230.57315763077386 66.52509408911847
33.673431721937625 168.01238409939677

86.0
36.0
137.6
129.0
432.4
68.8
288.2
36.0
154.9
17.2
103.2
144.1
206.5
258.1
72.1
25.8
72.1
229.4
229.4
648.5
36.0
68.8
432.4
137.6
432.4
114.7
36.0
720.6
17.2
68.8
576.5
129.0
68.8
288.2
144.1
648.5
108.1
17.2
648.5
17.2
206.5
17.2
206.5
144.1
68.8
288.2
68.8
432.4
720.6
103.2
129.0
51.6
51.6
1201
114.7
77.4
258.1
480.4
51.6
1080.9
68.8
288.2
68.8
144.1
8.6
576.5
288.2
720.6
34.4
154.9
51.6
17.2
25.8
864.7
480.4
286.8
144.1
600.5
25.8
172.1
432.4
143.4
216.2
864.7
216.2
286.8
17.2
154.9
77.4
34.4
324.3
77.4
258.1
1080.9
68.8
229.4
260.3
229.4
229.4
34.4
172.1
144.1
432.4
68.8
864.7
216.2
286.8
172.1
172.1
137.6
34.4
480.4
17.2
216.2
72.1
108.1
540.4
68.8
77.4
144.1
72.1
432.4
51.6
51.6
576.5
144.1
72.1
103.2

8.6 17.2 36.0 72.1
17.2 34.4 72.1 144.1
25.8 51.6 108.1 216.2
34.4 68.8 144.1 288.2
51.6 103.2 216.2 432.4
68.8 137.6 288.2 576.5
77.4 154.9 324.3 648.5
86.0 172.1 360.3 720.6
103.2 206.5 432.4 864.7
114.7 229.4 480.4 960.8
129.0 258.1 540.4 1080.9
143.4 286.8 600.5 1201.0

2 5 8 11
5 8 11 14
7 10 13 16
10 13 16 19
14 17 20 23
18 21 24 27
19 22 25 28
20 23 26 29
25 19 31 34
27 30 33 36
30 33 36 39
32 35 38 41

