128 3.0 0.0 1000.0 3 160 240 100

127.7273826495391 185.75658899624554
208.41203591981505 98.34872843563764
246.65413071757334 152.80543700514966
19.495976488012655 36.6762063365064
159.07101725708682 23.325045518664016
244.17876298611787 126.71183830097344
119.09703642120046 130.38509136769767
175.1462407756723 19.530834434656057
154.9849951828001 34.96583839310788
217.67611124333004 5.607856769779179
248.11907101882707 181.23810944109528
26.104602980201648 51.84445324878178
222.19220584350404 109.01002417964543
99.07964970174967 177.40825102222502
227.95452709978727 141.3364221698516
237.34542744284218 83.2491405560242
9.350467118510036 226.77082278996747
24.8785905675368 224.12549583765175
217.1344659380061 216.41798607715074
15.689694870471282 89.40269147551355
112.33749798637993 112.62267359997897
9.493620309289492 187.50929758625395
30.923062859660593 177.4203661607409
156.40964264066378 230.7812281057899
224.89267737795646 47.821192701456795
213.42685401478425 72.95936426770821
30.04720481073572 43.38799489336234
64.82179111961922 133.8323591375569
184.16115185243248 235.31746301666246
48.076585618093524 113.72467227066322
203.81595111086247 165.51714943619547
193.5858240426857 117.73151003148588
230.61921699171063 151.43734613515355
163.05954854019512 40.00085886698701
92.46637642066311 165.7964066882071
185.07683101618505 194.693822713841
25.947763656943927 162.32305588739317
65.28149606037942 13.477091936210773
53.16276515716284 152.74163727796446
238.13663125189592 120.94682982157431
120.5552088536011 230.64363614852573
48.78699837772832 203.20171807465942
69.03326170230181 65.30587534696214
73.655948631657 190.419047090387
85.3972038594029 89.61778491377117
144.57848258554375 76.00255232351907
97.0468872690346 1.3011655313465431
206.40213932944326 53.10180204783721
93.46998827980448 3.8880032921511654
150.2694542354801 207.07962847771373
196.11938378102195 21.182078723314874
1.109623426512607 62.724091592694485
1.0388714465738302 223.92236089728186
241.32137650823122 208.48446569919167
121.0509282259612 242.68130708618585
135.09986815791137 231.87186809201273
162.94734505901462 168.6658374527422
125.584482313786 48.698789068818414
226.71475446404168 226.45598239537992
17.316523395885685 165.81315472216198
91.77539212769473 36.288857691869765
61.92388563435039 237.98577706756234
209.48813158959214 88.47427417335918
216.8922319068988 67.35201593226492
145.69465014519585 68.64212481880516
41.541616183718986 189.44993160610562
243.8555151941766 68.681742388255
227.5467811309046 100.54651757720376
122.12106442413612 48.33074471716933
191.82283781629116 1.9502668611315332
155.21382113635352 136.29895531650072
39.11696690283809 96.9146083555344
15.141810851760196 44.79489071715817
74.0081481788957 196.1232230289802
46.698382986569534 186.72471632510437
40.335053955709824 158.28437808316974
219.44829285073007 47.77803720990354
21.786033205466822 164.01073063954544
145.29081766461547 68.94494036385181
155.07660680139904 45.06671681792057
212.47152356617286 157.57699485875716
28.41843170798597 238.08266982451553
183.69163372541922 6.519265192080848
103.6668825488024 30.41495468604313
58.606053969662064 248.11926272893345
84.76829066960582 181.51544526093141
67.57406466851334 85.95841974965788
147.54908639867242 127.2807052959792
93.27487804907514 43.42964892558576
221.8665357321268 63.921437392659456
215.33049320569978 94.04983817204321
74.55373008044289 136.97113031539703
220.7801207642085 209.11117034111575
243.5501327493138 226.96396429341164
84.41198045603984 227.32332845741186
3.850909409335551 190.95863330581034
75.10472811747007 197.99288958351664
248.94910181610564 72.63720253876654
42.89963175915956 156.38923259748864
88.02212855827524 120.42996347799098
109.07688828640697 109.82008022289233
36.92537604713708 179.6123529784132
212.74085575123846 187.72931895150276
32.80605114685595 194.0770677272542
122.90598980710574 124.89578038101551
236.44497077917995 54.58158899846124
192.0974692948475 223.719558815219
93.74167278423417 235.90619856237655
39.80497796128185 194.9006015195774
167.31014746871966 71.51494304365922
21.321904845751888 129.24071179582214
116.15894368483315 239.7557810951984
187.62089506363068 134.1761815705478
47.16086693674712 79.86964367946028
133.31430793713096 185.47690463783715
208.20534085416782 102.69878849119756
196.41044259765536 147.65579876759375
88.6651743597277 26.94069769489013
112.53008743633421 85.8618939506445
96.0621265022051 22.180609981604537
98.09573926223051 151.28270491566494
141.0602437861601 125.35717985780745
142.22692631838487 57.09710846682089
165.612871155214 190.86701502161193
249.59653810697793 147.7149510914167
118.21216518413772 148.11653566653263
176.12895806208175 243.18026487478173
72.36134282407144 18.33878855487603

128.54786429230165 183.8196320232613
202.3364969056009 102.94514658637499
241.03720473234912 155.99353585617297
17.162376233533227 44.262732309199585
152.74226084140517 27.770989357872423
236.38633982008696 123.54962849682327
118.19688215569629 122.0935530020423
173.89275025925238 14.199084519612187
151.34209134272413 33.8665606590755
218.71653048621545 2.1719591960842886
247.83954491674913 179.661035199621
28.26127692785277 50.338539001560655
217.84687975123038 103.2014841840006
102.29157334792366 176.85298443215314
227.94790056117773 146.94200248414992
239.83272479239614 90.97238448746988
5.185736012058434 226.80302281316924
29.91795501560965 219.73572692435468
222.84324831640674 219.5198537241618
8.9420764049373 87.06746843687353
113.7060859785673 109.57945137534323
4.8948509687186395 181.59887974269466
33.5196752111748 180.02612834976253
152.2912484102517 226.45142127894127
218.12640600350517 46.06643140910893
212.71965357803398 76.70796351471203
30.796819651422975 48.87975478807921
71.62503415496418 129.63863661021037
190.3155698752324 240.34489760670996
47.20179257078494 113.0468969866813
199.952908840029 161.20581735843157
201.81237138590348 116.90176356777098
232.82034066939445 150.81908631936557
167.00235360362876 35.65840494077635
94.05219890459193 157.92904327983743
187.2439040680165 194.2326583826005
26.66035371823264 168.2244569212978
71.3184548004738 8.788373807497724
53.502602477170036 148.65389829929873
232.94707538627014 127.47886221838928
128.62886728963 229.6269671904408
50.63433879651813 206.22098839868082
69.13854549904013 57.45567294404685
73.09003375458335 192.25146944295165
82.1652532355055 87.11823399203628
150.8135463204766 74.23096052329461
97.93127223143402 1.1081013555453156
201.4171676173465 57.706210421674534
92.91874199529371 11.453018010464527
153.32290774419397 207.40163436445687
200.0938476758014 22.945247972421228
8.14568275914529 65.36983473238034
5.4665362519762395 227.0257470096712
246.5479829185979 210.67835449915827
121.79259482562773 244.23000708182806
134.85002426883682 231.8379820201508
163.1055341333609 171.7956194876703
127.64681057245117 49.19003704091413
224.261774353634 227.18042092263497
18.52968756387169 162.13082845795924
92.81121696272854 30.53280383364357
66.2515421595313 234.83686443781542
209.22406588993076 92.34339236571054
223.82491419122348 66.72677907034236
149.00470110830588 76.18764476148573
35.0726557006589 191.64878413230045
245.03442065563834 67.57161755332805
223.96975998814054 96.36941228609508
117.31610636379622 47.60678153357012
193.7078996198954 7.335752847339422
160.13026520794517 141.51589012755866
43.471967455230356 103.8122742557967
21.455207318128444 46.40195496118824
71.04105194010974 189.15025905947837
47.32323740138525 190.3482054148646
32.911589714719135 157.47351725740359
216.71480697884994 46.099377644434504
16.275275340969202 160.8619425983006
148.95008474941667 61.8931028449832
154.8796755361391 43.530187233080774
216.19388304046123 154.89096038952576
20.381233835691486 235.95519716000243
177.45543406931705 2.269882829068537
98.81603346136725 32.261625813299695
64.61482082622774 242.14825740555182
91.48433243497284 177.41291593525642
62.09032222373115 88.8297787102968
148.91231001947452 135.2532379454018
95.55066668700604 49.84079662653176
221.25083154454893 72.1007010125023
218.53840141179833 98.76513736910708
67.00991021868901 136.11848852708235
227.6602733850011 213.34212878647028
247.42221006045284 226.02375150030161
84.14324364846071 219.5913873196279
8.148160089033574 186.02755553213973
75.15648290175783 205.00918465896396
244.92986504725113 78.18297293667972
39.60157157575661 156.1771759005173
91.51242313458735 127.83506295096012
111.61547952270686 111.07768537064277
43.0646854619596 174.1897943427272
215.05968251295192 185.1899546084805
37.735099470765086 189.95627899646325
120.62209201942201 118.34719506997865
244.32870106458816 56.86845000349697
198.7637927301832 228.55189214085325
86.7644217633975 240.0277721072171
36.32947412228893 187.78704167097405
167.71091206591217 71.0145231262565
22.521494197292046 124.9615534946849
112.07025915851884 235.94131734637676
190.6541945729575 136.36426195337003
50.29138640615072 85.36297570001867
130.45718453837935 183.3975659589751
213.96221692403978 107.60864075424354
200.89089279417527 144.36458394708993
89.56620490227368 25.17728929773655
107.31115630194637 90.0007642253961
94.58619579321864 20.83387673681547
95.15861193766135 149.47451641781416
133.95883536021222 125.5220973433754
139.3456992245249 59.565679492872476
169.13141359148952 184.67144172610324
244.34337367826163 142.28077917668787
115.2583688916149 154.4978847186796
173.4798133871016 243.96747491318905
71.82550933277187 21.690776531914675

229.4
720.6
1201
286.8
576.5
324.3
72.1
258.1
576.5
72.1
216.2
432.4
144.1
137.6
216.2
324.3
108.1
864.7
51.6
540.4
206.5
25.8
324.3
206.5
206.5
17.2
288.2
68.8
206.5
34.4
206.5
8.6
720.6
144.1
68.8
1201
143.4
432.4
540.4
432.4
144.1
720.6
172.1
960.8
229.4
576.5
137.6
1080.9
36.0
1201
216.2
720.6
229.4
77.4
103.2
72.1
36.0
34.4
8.6
154.9
103.2
260.3
68.8
600.5
172.1
216.2
576.5
258.1
129.0
216.2
480.4
260.3
8.6
143.4
17.2
1080.9
17.2
143.4
51.6
720.6
137.6
86.0
258.1
68.8
144.1
229.4
288.2
258.1
288.2
68.8
72.1
144.1
864.7
8.6
144.1
103.2
432.4
25.8
229.4
1201
864.7
17.2
137.6
1080.9
648.5
86.0
34.4
68.8
600.5
51.6
229.4
288.2
8.6
1080.9
144.1
144.1
25.8
143.4
103.2
600.5
576.5
17.2
216.2
108.1
34.4
540.4
206.5
129.0

8.6 17.2 36.0 72.1
17.2 34.4 72.1 144.1
25.8 51.6 108.1 216.2
34.4 68.8 144.1 288.2
51.6 103.2 216.2 432.4
68.8 137.6 288.2 576.5
77.4 154.9 324.3 648.5
86.0 172.1 360.3 720.6
103.2 206.5 432.4 864.7
114.7 229.4 480.4 960.8
129.0 258.1 540.4 1080.9
143.4 286.8 600.5 1201.0

2 5 8 11
5 8 11 14
7 10 13 16
10 13 16 19
14 17 20 23
18 21 24 27
19 22 25 28
20 23 26 29
25 19 31 34
27 30 33 36
30 33 36 39
32 35 38 41

