128 3.0 0.0 1000.0 3 160 240 100

195.73350402156925 187.5222464328765
69.84626647840356 86.15015252599717
27.701411352076043 176.76303447419264
41.228908401534866 58.31260270334551
71.68375867630844 99.50862530330906
39.58984119838046 130.39006445466723
131.8904801272689 246.03222054856937
123.56962286102016 227.11792631974114
29.446748611656385 200.825076015621
152.35759330098415 215.64050047580483
9.052402159217266 231.41857702043504
90.26678587918587 14.897837753784144
143.50784122490236 141.86190865862568
53.24970369608329 2.5025880998704175
10.266341128123718 20.71261297511259
181.57488290328374 79.24500688875932
76.10258394030083 194.06806579251187
115.15832397430165 213.9844183803019
53.30841459924521 213.83743393096296
99.71799593121169 202.56129899498075
145.04022981544557 170.21654628619598
122.0911718175105 191.72570857175165
147.6722752842102 183.195513400689
238.1526261489824 17.686111881026783
104.41410868694551 36.323483043688405
154.54860274275924 63.043145536587545
117.65076412241449 102.04768552649749
19.179993338907465 172.9104223101139
213.46354254837638 214.60705663112404
25.293506467134492 129.4207188935739
188.6668439012019 150.4908748636782
174.2334667287771 198.10231303983778
52.89789063327749 105.85727902118985
208.74075301607175 198.7913727786906
217.7831330301816 13.260628402295694
216.1815031792254 77.72099954741097
43.484342684261875 155.2509437664933
26.259402717527138 235.1775844156531
115.68930888876336 202.8270210039948
196.11255674901224 61.64932990620836
120.92665550667472 37.254303210465274
164.2181285169722 160.63513361791522
166.45802394518302 91.05838405164843
165.14096916787932 26.009027529666966
172.25684055757898 144.17135180035066
103.8498110055564 22.629531744674637
100.86627925628162 247.97494426689155
246.38116864731379 234.11258509231712
143.43307481305285 147.37904712934662
132.64575206665936 137.28904584793747
62.759332104540874 142.56024743383867
113.57949809277603 25.487425807246833
191.27896469568486 228.9855365663445
176.54499378301023 84.80637447789918
33.82261454215671 115.91535375440404
86.17016603040994 162.96133934478547
149.9582723812137 205.0352907152112
118.25993706071381 101.94477225859829
103.03568626886018 226.47951560768968
175.55770929577213 247.78327447138852
92.6660032150488 223.0375920449991
219.69294623418256 52.05102184446933
212.04935115311676 213.25525544419307
193.94980200826015 186.61079650289653
228.64073112194254 216.87792342498219
78.1780333816875 35.07280841582974
243.76704819884358 119.93207246755064
67.36120769345783 75.70018247937773
53.64103126768624 153.76961521976096
156.39505771511983 1.5259105255050476
116.29972890907042 25.608702654022096
147.39621830714256 23.559380608737246
56.99606404527646 0.8191614289672078
162.13943514977788 42.932540492993056
142.82865507604782 209.140523934062
182.0413003921996 33.19477861455808
236.36872542420107 225.7824619934302
148.66000808372783 197.20844233849817
243.9903994826109 117.19297593584002
30.97140214401764 232.48278519707264
102.29845531644413 86.83673379548776
247.95501466411397 112.94259450144075
129.23101646059342 124.54032183892005
163.90169491092706 13.72573318106926
30.648582069118053 201.00459546641585
242.4119490647055 133.1838394365713
7.7291165238663195 154.63460154960254
228.78087072153812 153.6705116731087
193.90847977192027 50.47540207547943
72.48370089183501 45.71701636903872
172.2366001048753 204.09367443644427
160.33431001018934 78.49315265152487
187.00977722168153 149.20462662846947
219.28196699978207 172.32573895542762
80.95984770573223 49.51400412753782
185.6098063144914 203.94736470229412
151.2868827256998 101.86436305494779
198.49877708107152 7.478455378307297
249.55393628732426 56.975825964448916
208.62885161506966 18.348768148461563
236.63762081430397 68.06072430265414
48.190077760142 159.71684998620285
73.70132663087054 151.7560024013445
58.302871146143744 93.75713032837096
96.80333025103866 212.70474490128908
108.44962699383836 17.244795988350187
83.07068332730425 24.56987249133033
240.6949181233119 191.29458518716584
66.5122275801975 0.6802352260678046
171.27325501509168 70.55550285814947
1.8537683986781517 232.9498070316985
87.25387445909158 185.5088547474332
136.913128162086 91.13232160431612
124.42281159510091 163.8301466443125
19.501205890013836 210.85624637919494
143.08764913536376 220.63311174626313
231.43338110683024 161.1496240508769
102.16552416323366 216.4979999016031
9.008266146779743 70.48680116292705
176.43420939996793 18.804215176496747
77.03421423344356 221.4190084344696
86.39481048492244 224.07352672346332
172.36201960372765 38.30360152603679
209.80911041944944 221.7162651120875
223.15212622974107 135.50806299861782
95.59475623088268 182.13191999033734
156.66872830792468 143.8815475371266
50.14456816883964 135.63213306745158

201.41637403820891 192.53801250236498
72.15055825900491 84.14472942091025
30.135490883638898 184.46618452694432
34.182762119339934 54.33613899574094
63.59196001240536 101.32544673455304
42.19931541208852 128.91426522074286
135.0754895224492 241.17064194718054
121.66249563654758 227.3173367737286
26.20328058584545 193.18688191234915
145.94394234838697 221.17915579508187
4.877455693042848 232.40796901505647
96.04354382545938 20.35328529749411
145.0562361211258 144.80478549486037
47.47654084890099 4.896898771194952
2.540481893529928 21.97116378345282
186.72628800326507 76.92890226874604
75.09797259950413 197.71187546048947
115.33895782356024 210.07662432427702
57.2219803169004 208.83407485155402
99.84003282216284 199.95882153380884
142.38734838725577 170.08179709977543
116.59098822597095 194.1375272223553
143.70867343693985 190.06470858895923
238.93287653900018 20.51774944632617
101.1634947427573 31.053209488071026
154.2297806339211 65.25740837259016
109.88396462034447 103.73802135446033
16.090122409338907 169.34732021012974
215.28851259812728 213.2757046378225
33.1137606923837 131.72558658988248
192.21882002205476 150.5726695745199
174.70831617663515 200.5945804474758
51.270625302552524 100.0616600204452
217.10176170743085 199.26037545099686
219.62343816006916 12.804595736434942
222.87331893492876 76.11778668707714
42.94297740048225 161.57081207876686
22.792186127637613 232.01808434290913
123.72586789884026 204.73646756134144
192.34652326378517 55.60095440474708
122.3395190243999 40.376353300855065
166.1194183483495 165.33472281501312
173.6576185811096 93.61898565489184
161.8564957043805 31.905186052853864
175.8807965741292 149.4068330588699
99.08790644398705 20.58233795997713
103.73338792386954 242.97608958846348
246.0113681083773 239.1717599761264
146.26213057592526 152.34945747111053
138.89809813543224 136.05742670938284
65.49699528536301 149.94792673126395
118.81552019184022 27.902988128662155
185.7103549913466 230.54105899611866
180.2910342472089 80.38256505885019
32.111694658470554 110.89425717826832
81.91140122512877 168.52209643996443
143.42349718697508 204.70538267072817
111.08595410690789 98.19280387813569
102.6845561353995 230.66699166065564
176.08876011774925 244.76217441384162
91.54110203292743 223.19992652212244
214.6334150313966 46.732566666983196
207.39182851997177 216.36140180855907
188.03114054096923 190.22843062524063
229.50142646782467 218.2061478893956
76.074461648064 31.175774580564834
245.0057588173876 122.696748791811
60.401750949012374 72.0535677754244
46.85240244106814 151.02130620330138
153.90823230933216 7.397135494447427
119.76949786669985 31.492837557993536
148.38920673049626 16.4652351704275
63.39040235848309 5.986871153661699
166.2162533622569 42.055020470947085
142.60232583947408 208.69800185305544
177.15589357846105 39.68097078971222
228.64199105504073 222.77493886945538
146.30358487496417 195.40096085740882
246.76155891454653 113.64148107773872
31.00020856397198 233.25419609319272
100.90077216908858 78.86310934829527
241.80649604317426 108.30393903365504
137.56808256392782 125.7646791425876
164.78618351907772 22.12781499715738
24.701198384289025 205.78576921426873
241.35249844388986 127.08268496435038
0.1781827809173575 154.18978729882258
236.04626143412628 150.25902116609865
195.55704730461926 52.521039307038166
68.59687898293475 46.33083413513675
169.1852224435667 208.43512799344225
167.0895800447232 78.63010938885492
195.00762015154635 151.4637921402201
217.9192912523023 177.71635672971104
78.75798913516843 48.317446369185916
182.10358301721232 205.75050407973401
145.13125056545096 103.21837041842916
203.63133531714317 12.381825080251597
245.80240915418912 59.98037203381801
211.45083144841686 10.491525772538646
230.51531498819696 62.72896275315823
53.00843318350598 158.79809892455123
78.55259134987591 157.62373518850174
60.23129578692893 97.63373449656379
89.75135678058369 211.19854607668975
100.65579251277961 18.05739176473728
77.26994736042853 23.561494043019742
238.7454894091581 189.5799438636167
67.76560525152587 7.229334787642733
165.42285303060387 68.5412504822514
4.728557834822345 228.05250632356004
93.54318717529992 187.9573925374407
131.43767999882436 84.94196534239597
129.04940989986932 167.89643572346043
15.915553940628325 215.6495915844772
146.1053927371171 214.28205596892548
230.83053872424819 165.26148313470833
95.01219349894669 213.05518014341584
13.529369849591856 76.71432613946192
177.02128893934758 17.813042823585757
78.10409019588616 226.7407736825342
92.98866908943488 219.90468974707017
172.0707614204539 44.912192535532355
206.83006234200246 224.77512942392536
217.91591429828446 132.5363299520418
91.06268964000606 185.02024186963982
150.1696352988008 142.54592016976574
52.488222592900314 130.42679610698318

114.7
576.5
216.2
86.0
17.2
229.4
1080.9
103.2
432.4
51.6
34.4
51.6
206.5
432.4
216.2
51.6
960.8
286.8
34.4
432.4
72.1
288.2
432.4
432.4
432.4
324.3
77.4
77.4
1080.9
1201
540.4
51.6
51.6
600.5
540.4
108.1
17.2
258.1
17.2
288.2
51.6
144.1
144.1
229.4
72.1
72.1
77.4
260.3
68.8
260.3
72.1
600.5
108.1
154.9
216.2
288.2
229.4
51.6
77.4
34.4
103.2
34.4
25.8
960.8
36.0
172.1
600.5
103.2
137.6
144.1
576.5
960.8
648.5
216.2
143.4
648.5
34.4
72.1
540.4
34.4
144.1
17.2
25.8
720.6
108.1
1201
540.4
72.1
34.4
108.1
25.8
600.5
480.4
103.2
576.5
288.2
25.8
288.2
34.4
216.2
17.2
17.2
576.5
103.2
17.2
8.6
51.6
1080.9
172.1
103.2
137.6
960.8
72.1
34.4
114.7
143.4
108.1
108.1
86.0
216.2
576.5
72.1
72.1
17.2
68.8
25.8
432.4
600.5

8.6 17.2 36.0 72.1
17.2 34.4 72.1 144.1
25.8 51.6 108.1 216.2
34.4 68.8 144.1 288.2
51.6 103.2 216.2 432.4
68.8 137.6 288.2 576.5
77.4 154.9 324.3 648.5
86.0 172.1 360.3 720.6
103.2 206.5 432.4 864.7
114.7 229.4 480.4 960.8
129.0 258.1 540.4 1080.9
143.4 286.8 600.5 1201.0

2 5 8 11
5 8 11 14
7 10 13 16
10 13 16 19
14 17 20 23
18 21 24 27
19 22 25 28
20 23 26 29
25 19 31 34
27 30 33 36
30 33 36 39
32 35 38 41

