128 3.0 0.0 1000.0 3 160 240 100

173.48347798878473 203.51273105296235
19.82452949151575 173.0690686960125
164.97348575726969 33.90307379927576
35.47070644002473 233.59399241306744
1.4257331048549426 66.46087670921841
246.21249167459976 14.928297777169641
228.34924231917253 17.32858134413673
18.55004684153025 66.60609140591198
67.34723179052402 131.29253745386052
55.617549881940285 40.980600069978586
230.57736124083812 147.01365554423123
213.57684650954562 81.46066594020088
4.787221597914032 211.37983618381767
94.41114163445638 194.47520135946368
17.48606224804261 10.615418176350339
178.83261316777939 7.123823547831837
16.143760533749855 79.71835780343412
113.61017520308381 115.74141666884718
181.05018689093396 51.96933197322226
136.84490210260697 81.85900781672262
16.106750601897062 133.46100965968893
131.00383901780506 60.25319772627752
19.496358602270668 235.13234779130102
224.9285258902065 182.90838516439675
98.01979169599807 244.26495401014125
134.903432278172 70.10822009858519
53.16362425782406 101.18591506706484
231.45395622283905 218.973450684146
151.44909634138108 128.62266251159238
109.99909243296865 185.99492835188587
247.55426743001388 38.791590874895974
155.2364034084042 134.0635876171966
127.29456702589708 155.30926216644107
160.7292996661491 11.340426316755249
218.32689046379556 12.390318305840808
247.59540235595236 3.8676993272720175
77.02429609881445 152.32714161127987
96.25157829278788 129.72319874107234
242.21561069389463 121.20132088888455
188.42383665656618 74.89645841165654
68.46934425373722 1.8409812258004532
146.5909268325651 28.757806665519553
211.00272457598416 81.66500097114185
56.14541648486185 110.57449595945532
9.96234741461935 99.93397494567435
63.524945669325874 231.41577634738175
142.95945994949653 206.38902579065825
209.8755825643246 196.38007140508967
126.61505649988322 54.98942964238759
208.99308528170448 139.8027142462455
120.41925658774139 140.77773855154706
149.5503721070412 68.11393879219673
156.10684181962122 28.54311031504175
5.33667480675043 135.7242758071352
200.15978072158015 133.82727794589587
129.6745834159333 200.69129419254645
61.83028535732355 53.65501858196356
93.93529017154489 107.97082776554801
42.39933948818836 80.1382060852828
106.09792264627396 184.17549246758023
140.13913383886472 84.37249494729929
150.01223032927209 31.45510012309777
186.40681778914504 43.455175968265394
235.36045364177062 167.92164161171814
94.17961701261775 160.15652118314512
129.22651526755118 153.57256173220443
61.42118850914649 76.7638442468499
187.69598505634983 245.59865085163543
120.52460843514793 108.95291210662569
56.62947053480977 37.65425663991906
182.17402933854822 20.006928266751462
227.97155381511362 238.61005024881507
190.5054952345081 156.4491371039388
25.812787932305596 91.40566387369766
94.91707346069676 51.62029859601369
15.568229224565384 137.277123692952
71.59548197496903 213.1552838457904
160.3127692543786 91.6928273474474
27.361984905142496 235.10169912039413
185.92981086586923 78.23777762890829
111.25350381296745 20.29810362083878
97.43967057318828 210.59493190058666
141.22310284408698 12.679992526838879
48.24222471685288 123.80473435379774
196.87483659495126 228.4796555802738
59.397297322853206 119.1627494480107
195.9017877523023 5.689051971298264
147.21592048284535 75.1254913450381
116.17950946042812 197.3365420668157
80.29133635853158 141.34332471421465
233.10343078216815 172.85102824901747
164.87802951401034 128.45862001956294
59.748006204835974 166.6126251546986
95.9942996626506 139.48622594438524
137.67791146344794 248.53321287241172
157.79421767231034 207.03785147608593
27.440312291280744 32.69510888188382
55.10754923452002 108.21534509003322
176.64611545314804 84.26602312360662
132.95934099434513 25.524142427737512
162.61544955054347 114.49638677339973
208.0456791741631 146.62766068490288
52.510678436975546 27.106445948006876
41.72043622251723 63.11819338055702
140.7369489204738 117.5264960425888
41.70923333575971 167.63111238701205
249.43514593509911 78.66106312880281
116.67354973014777 228.0671325005444
206.91227730811207 199.44135272878145
217.01488477236782 34.43677510295762
21.442575729146622 87.41503378502732
91.74079376681907 170.2346940028591
62.00336756782415 62.41310871480066
242.99702454523398 214.94182837086507
70.55237515647053 176.43439385972835
19.116006270982115 64.17021743084436
241.16136114277288 124.25211510736894
138.66427577213864 210.6888600123557
30.53777533345281 138.48102578707218
122.74067180207895 113.48062097379977
199.0037503974843 218.64818039919683
118.0852830912906 140.28327606730522
232.14105588774393 71.23257403736629
107.00675153105466 146.97172246705898
141.02843505603548 208.07635436370072
243.5307274842164 209.63180992517758
92.3322069688805 142.9936693971692
95.88932154828308 163.25465585642047

167.40366068867996 205.08838941799354
24.190329935404876 178.0854487753317
166.6180371287481 40.61323714036086
39.31199795181126 232.59011726870307
2.929958584504011 63.87438770671777
245.5590969256248 16.72623859440778
228.24049367932673 11.433855789443642
21.189148674136433 66.71527753841877
64.94088074254822 132.4431862261193
56.963099593638546 38.59919938805864
229.55739405040745 140.70336457486036
221.18962694090294 83.90860024168661
10.670533605518617 205.86197601278184
94.31423390812166 188.01081971980554
23.430015700201146 16.422568519156798
184.11084577216013 10.956492672173745
12.260291477102363 80.15253849035292
108.57763088055617 116.70625355861608
179.64459726681775 58.551714591140446
139.00476564182833 87.60661504579848
20.223231002676588 139.35202436597234
135.97279414825667 58.94932058070423
25.49537132300689 236.66361231818587
225.8313784310552 189.1328671509004
104.61674934416068 239.5758404522156
131.55601902858638 72.72661634670408
47.13493654250675 101.42481737670863
227.0077059293826 215.31619096235656
150.45609941029727 126.81224717378092
108.96141375582333 178.25352329740858
248.3302819766802 36.38323761687237
153.06441448230004 131.81587102682363
124.37022246598656 162.75267798642133
162.90483414286567 14.502938723553626
220.76933496366203 18.688036759053812
244.44667496569755 7.9372681448839355
70.50777071205603 153.7164869311756
100.61997501044317 131.78536801054207
239.58213372791255 124.10578560439033
187.62369507222377 75.56078711433517
67.86278516450733 4.724379151895941
144.05790838502313 24.626402360011152
211.2889892896053 78.6159547318063
58.28715450690805 102.95152204283869
6.481439500650055 97.77773396113892
70.81679175919619 234.79476669490407
135.3828061665632 205.80435850108552
205.42628087386427 202.41819971233141
127.0503537492022 61.237669551665654
206.2110017703981 141.82563998577126
121.8343308452628 147.36767547826878
151.3056175108732 61.68899514665005
152.0834160334824 21.85345152347931
8.379561053975525 133.18009830563008
200.44270747052673 134.41121162126726
133.74461905459717 202.84241276227368
60.786779551321416 58.59215495456227
98.9346203041781 101.88630089232092
46.31173081918749 74.89415753266817
111.40484463705916 186.5059989997726
139.41335817828664 82.52303717107223
154.434539683543 37.29291030905055
191.03720623130346 39.52616264901268
237.40958756318432 176.07476376279183
100.82956435044107 156.06908981132045
130.296560505604 152.0230328484818
54.228744668072174 74.70849463479723
184.39858573509164 242.2258109543639
119.27689276776837 117.31561291891823
55.49560659280853 35.70460451847915
184.64420519192132 12.819898722063627
229.8390557213624 244.56966513510315
195.39786503478004 152.9759901033703
22.095314056586655 89.02632297425974
97.02335982509511 46.00986791030123
17.126552650928467 133.43954011666875
75.93469609501666 210.60765743247913
157.0821693355733 85.71575947528044
33.504697252573514 239.32270634508663
185.58197117378208 78.07968779508248
116.09560877539695 22.255584641293403
98.09541069246814 204.28308212436684
148.6436458048012 15.378399484103717
55.92937560328634 124.62682456710891
194.37070714658685 235.3644830819835
53.725366686649956 125.05199030511422
197.29738933077385 5.3797375652328565
153.79278763806957 76.54785295065159
111.22557954555361 198.90315606656313
79.21528283340137 148.97674447123916
229.62343403296515 172.79515296515913
166.68854321840178 135.45859604022942
54.972198207619535 164.820368041334
99.83970142105147 143.25622346267045
144.95101604810196 248.021039037837
163.60064115521422 206.18322737153295
26.00964778523504 37.17944409495791
48.61917405532287 108.36388216213474
181.69875873083603 84.18465077975657
132.12417980260165 17.417336888936596
160.0530891022941 106.99713123784082
212.10938263215706 146.43924192033546
50.01121823316296 19.180219331577348
46.46382695638382 57.857717013408276
137.16052520095778 120.98501574727084
44.57344135979244 171.78694973072388
248.3936648190002 83.70931101163742
122.20334369652896 233.50691075833592
213.85409837539004 201.21107050114813
219.58556255261317 33.70031314384145
20.049304535518342 83.70457041806928
89.31847049787542 165.7032478386619
60.27778377307133 65.37487980895243
243.28773192239086 212.54650644955495
66.25442856925231 175.48815812529335
22.54589255833639 63.10298406764714
238.07979271657877 119.27785525068954
135.82235499577982 207.20952825946753
26.495859158640446 143.5144046888376
118.16077448331951 114.62655956410484
201.99620209477345 216.8872220720975
111.08435479088888 138.50114994898385
239.13068070773414 67.05638679329529
108.27389718668171 142.6286690246443
136.44888893188872 211.44830236245284
246.81196705937387 215.38074563110231
95.10952400505393 135.77463696006475
101.31665258485398 161.14134891746963

286.8
144.1
77.4
260.3
114.7
172.1
960.8
36.0
720.6
1201
648.5
1080.9
288.2
51.6
154.9
86.0
8.6
288.2
216.2
432.4
144.1
34.4
216.2
51.6
154.9
648.5
129.0
51.6
143.4
129.0
216.2
103.2
72.1
114.7
143.4
51.6
720.6
720.6
229.4
77.4
144.1
86.0
540.4
143.4
137.6
206.5
17.2
34.4
103.2
77.4
72.1
17.2
34.4
108.1
288.2
68.8
72.1
108.1
288.2
34.4
68.8
960.8
17.2
432.4
260.3
8.6
720.6
51.6
68.8
17.2
25.8
216.2
17.2
206.5
68.8
720.6
34.4
154.9
960.8
143.4
25.8
576.5
72.1
288.2
34.4
17.2
8.6
68.8
143.4
34.4
72.1
432.4
864.7
34.4
154.9
540.4
144.1
114.7
216.2
103.2
129.0
137.6
86.0
600.5
600.5
72.1
1080.9
288.2
258.1
108.1
114.7
34.4
34.4
108.1
51.6
51.6
144.1
864.7
68.8
288.2
86.0
86.0
216.2
324.3
103.2
144.1
77.4
1201

8.6 17.2 36.0 72.1
17.2 34.4 72.1 144.1
25.8 51.6 108.1 216.2
34.4 68.8 144.1 288.2
51.6 103.2 216.2 432.4
68.8 137.6 288.2 576.5
77.4 154.9 324.3 648.5
86.0 172.1 360.3 720.6
103.2 206.5 432.4 864.7
114.7 229.4 480.4 960.8
129.0 258.1 540.4 1080.9
143.4 286.8 600.5 1201.0

2 5 8 11
5 8 11 14
7 10 13 16
10 13 16 19
14 17 20 23
18 21 24 27
19 22 25 28
20 23 26 29
25 19 31 34
27 30 33 36
30 33 36 39
32 35 38 41

