128 3.0 0.0 1000.0 3 160 240 100

241.14808806635168 43.92832170158903
52.13075821725086 107.8975674781969
239.44136851040972 200.16452279083094
186.25456922295953 42.71413743384994
168.2618258843922 203.55149574662263
207.31358107194444 9.59341024740637
221.8904681525171 7.944433106327531
36.448775696468374 88.14350097539072
69.59692505363596 126.56670283834498
55.170312692826265 213.72099531010454
155.4609021240534 99.1012540788228
216.7772774554378 129.02280910614255
23.941733637084738 38.08646062097629
238.12030934531353 126.66389749543444
110.648631919156 137.37103583631543
97.58921282952127 186.96379616160593
113.52194717898062 182.77090915143782
12.417312151272563 35.17379204087326
143.81285192338666 228.8588295343434
119.17302414919212 114.34734164576463
110.6130044201332 90.36828788124535
35.94790702371878 46.088899442235764
99.87010149193529 189.5673144226592
248.724670149334 193.9705121253658
223.6590948413988 182.9839796944586
238.93744475722903 137.3329940224445
121.11861698156812 192.96010068006763
183.48514528569305 87.83620360726341
236.9187084022981 238.68327410797312
197.16147156637507 174.47043523906632
220.63307841518943 21.28737408021478
34.07377518966992 216.28765671911526
86.37333897848337 101.46487295898959
227.6226953434111 144.37804450403104
72.29278728303996 92.00457335806003
79.33857788660345 14.852958843788649
199.61110147851142 156.29496676134684
232.77752940475784 80.53246547671783
153.35585537196 157.1513434173953
52.17042920014103 79.0684176180399
56.44662723496513 123.7616387240121
153.97563340643774 113.87416743333966
26.77476607911905 211.89478054230779
245.4947376995452 174.65965985929503
245.53076899383387 234.15713476678323
238.15851917207448 163.04106931976918
187.92309189467977 39.542966376717615
143.38020706930064 96.12714279456061
159.98426733388578 143.60149755221616
202.8091847512731 53.34199650694191
124.43776165623738 77.45709524381672
197.3289827322618 247.0799216795019
44.88690358622133 88.78661339623875
90.43900049979744 31.970050522466124
223.36681664061362 27.224519373044597
127.41527013430745 39.01549369690221
89.39796248678073 99.41521619312277
126.98118026876907 167.1141263660271
24.119473870151094 232.5504092095571
14.243596730601855 40.78609572023825
246.00728933080921 87.07389981013871
92.36861370799126 172.98891211704097
134.4363592058736 133.47576870517108
204.0302198353044 187.71868000216995
135.46568299195712 30.33115016456614
99.47151677050844 196.99422021778554
211.98446007353095 16.9467903660587
158.0621170112131 202.50838555255118
37.04881159266951 236.56533449956922
54.930991696643424 68.20203332400793
204.15730803820895 72.27542552637378
223.20484372640524 135.6346814746974
200.5596319788296 39.97049446836912
86.4971154101681 80.35642843468713
38.017931191908275 204.65009717319342
165.9904251449159 32.46660147492081
210.96319669519968 73.43267415647468
144.94329571441008 222.2165848636556
197.9371848857607 175.34779054384774
150.1193636406185 182.87986407593812
37.80412281475967 219.48486026965904
104.48185337587995 134.40617893503432
42.16929584732473 51.49891313970556
18.94817374593344 94.43029912836052
136.46678889109924 67.59391570112696
248.88948683778173 82.80028401381145
20.468054994281864 140.97434243509997
49.92603367547729 89.95876914818393
121.41327284853992 16.504950823509667
234.56710525883412 129.78404189599442
80.75304381587684 153.7597672036904
231.00163046093107 121.95264996035785
153.0699556296651 193.69469103006196
216.9054363443624 3.393023614316093
25.376802263303745 62.10730046216392
194.7961881724343 117.96074515740743
202.70920376963028 236.6959156587987
205.8575026846319 46.85402085052809
155.72336984695104 12.35052093159203
19.7201400345349 80.20183257295072
134.4044796056614 225.88251230857492
133.87128216632908 155.53438406084433
15.535418916517024 117.32126294968789
15.519229783679812 220.50737635080978
193.18030267295566 36.30205971580128
245.17686604034196 194.78614595770202
81.9646307394992 136.41370480590692
181.8098130808045 67.04480530454798
225.9730627823042 149.71617382200253
71.75762747899486 68.64045363153359
112.7424243097897 107.77411246376865
172.6845238726761 29.261691288064412
170.50045009022952 47.16797536970688
123.7187307952628 180.44825538558206
120.90154207314352 42.667925374395594
157.82714862052308 237.15145198079364
83.80597709701448 50.882816999327254
200.5632239363273 148.12615620252703
2.122944977516389 134.75570321685382
122.02720807798445 173.420713904708
100.13979414181392 18.045130846177177
248.33683525205666 199.50570519909263
177.49657506732336 36.44885984133997
182.51039832983776 45.303372934581034
183.83120278992888 205.87547100372453
52.88906722451822 235.10249418833422
166.34533102166762 186.11014223785222
160.83633330330446 198.7579478587106

243.63111369075816 47.58959380216224
58.79702491533817 108.51859646600751
241.424770911834 201.45355823989107
183.27315410761517 42.024508293926566
172.37967343936958 208.24219827830987
206.12870897033676 3.4944973106512123
229.5531976167413 5.34961743723536
34.10849563643728 94.26858005848746
75.70218245158216 121.34984609827679
51.63581984681628 217.97583588731638
155.63439544731202 98.53429038505985
216.45598645853735 128.5049438652314
28.603328304632885 39.84051223909682
237.06208715239612 124.06656108825257
108.82854394258382 135.2813734478802
104.63400087322 185.32993828713626
116.33931162863468 177.6638983808072
15.939680718624839 33.754106487458664
146.75595166640858 229.73459383294465
121.13111671894237 108.04866715485997
111.51676275082437 85.80760174533323
33.66969700596834 45.61209019045623
104.76957561010391 190.54198110267944
246.5908703689225 192.29197913074952
227.6742835402874 190.04335380124743
242.0163408346557 141.17967336501502
120.53113324465373 201.3632933919376
180.01396315051758 93.83779500517849
239.5644942078208 235.68446225209564
192.8904477424426 175.03253426538416
213.90296926062544 25.204213143898535
32.70934136691578 215.49983737531105
87.29444063427594 97.49916419720506
224.6421942237068 147.20243895395188
70.34869581367026 94.12785512183977
73.98192187283026 17.015760964932902
204.81297126585685 157.2334075090079
225.74344604263732 80.38211303792312
153.71518060225102 160.89436827860973
52.11316070784899 78.94797132261539
55.16740174819063 122.42826068855142
149.92318161884774 121.01498861335038
22.83240916282353 207.10428539744075
240.87468698425317 169.94024208433618
243.34182676187564 228.85349438729858
234.9195423399312 163.20558049504868
188.89481081493426 41.040810210625196
144.85813798757098 92.38090649028024
154.00785669072616 146.46613248384975
209.09414157252812 53.358354052943504
119.8069148719915 71.02499379332005
197.29797082214085 240.57274510685983
40.780034013733506 82.91149021157493
95.55948498175724 34.21128447961303
231.25288154431408 24.817628668279717
128.05912945396003 44.00607981594096
93.34784162590415 106.3808025999426
132.13109641446417 172.58528124544983
25.222473955860693 234.8756381985323
12.154793945063858 42.81882587334737
249.26733171114896 81.97647751950554
86.62188174949095 169.1246955210819
128.8080973541526 129.88161305282972
205.43811767148827 186.53269587109082
131.69502375736985 34.632688156199436
101.45474157357953 204.24793167300317
208.22397970725456 22.033507172283585
158.59473404137844 210.0324421173902
33.28554733774905 232.32625471356104
61.444369032074064 67.21542445855918
203.94936666743115 73.93557479586995
225.07608454399733 142.33885739842412
202.11955720959102 41.946882134174274
88.17704871136411 86.48743010341018
41.80538052467794 207.79974318304886
170.89590999394323 37.749870434629905
214.88091587767863 78.88115701381341
145.19667900266862 229.48444392137344
205.59122891312407 173.48280194278757
150.35839711970044 177.56433441745241
38.29654027148005 222.58504622601498
107.92057387412224 134.54220072074574
48.442859968483745 50.74903964105557
25.25758414909171 89.73081365859481
136.25780964506689 65.38958075583551
243.71206333176679 86.52610276547165
23.95851164839155 134.47852343952331
49.55540872741307 89.87014908552123
116.34963976778859 9.854794177117238
228.0241803606365 134.83567587325476
77.09731709457773 153.37200921538835
223.63668213180105 124.02273657829934
152.73247444089282 194.002503780571
214.32130550613567 6.681890489133618
23.465947781671215 64.75860228972775
201.4669310517435 118.98810715552072
200.30257787330143 232.48131797596554
203.1791924846646 49.40233864589147
160.85331268612444 11.68281914461658
24.774719857389965 85.19166697989341
136.37410289227898 229.1272586906883
128.22014111915223 152.37910272659346
18.40925794771689 118.05529188862043
12.504266730836932 220.16960123839493
184.9058372029318 37.47501370217316
242.2476980243589 196.3304493252556
88.07721446848058 139.929169670047
182.6538207052712 69.99988173759822
229.4836504798869 156.22315809031915
68.98208940239545 70.43374514887694
116.76089840086098 103.5999163012428
175.2257440349069 23.67890752531232
176.32257147693542 45.17902122526235
118.41145410153159 181.4573497450876
122.48745626750984 40.07522956473974
158.46963748044084 233.67644863322758
86.50053249710324 42.915918260075486
197.34778874163783 143.2960851683077
4.379666184113701 128.1266413053818
128.30436844227003 176.79674569230812
97.12252201684029 18.041520786448107
241.9361815605999 202.04199332041424
182.09899091648052 38.16791291380831
182.34038774243737 50.44863631244531
187.8170902177124 208.02299502302193
50.446637073540025 236.65137223997814
171.43861627977236 189.02843158648994
155.77514624308048 196.1313097472554

77.4
258.1
25.8
143.4
172.1
17.2
288.2
260.3
34.4
77.4
154.9
51.6
229.4
288.2
172.1
36.0
51.6
144.1
108.1
36.0
286.8
576.5
432.4
600.5
172.1
144.1
600.5
260.3
129.0
258.1
103.2
720.6
324.3
17.2
960.8
143.4
68.8
68.8
34.4
17.2
51.6
68.8
216.2
600.5
600.5
72.1
258.1
86.0
324.3
103.2
258.1
72.1
129.0
144.1
72.1
51.6
648.5
216.2
286.8
108.1
25.8
324.3
648.5
432.4
144.1
216.2
34.4
154.9
480.4
648.5
1080.9
144.1
288.2
1080.9
108.1
144.1
144.1
144.1
143.4
172.1
72.1
34.4
68.8
144.1
206.5
129.0
51.6
34.4
216.2
114.7
8.6
206.5
143.4
144.1
960.8
68.8
324.3
648.5
720.6
103.2
229.4
288.2
144.1
129.0
144.1
600.5
324.3
34.4
960.8
51.6
1201
206.5
51.6
86.0
258.1
137.6
324.3
432.4
17.2
25.8
260.3
137.6
600.5
25.8
720.6
103.2
1201
288.2

8.6 17.2 36.0 72.1
17.2 34.4 72.1 144.1
25.8 51.6 108.1 216.2
34.4 68.8 144.1 288.2
51.6 103.2 216.2 432.4
68.8 137.6 288.2 576.5
77.4 154.9 324.3 648.5
86.0 172.1 360.3 720.6
103.2 206.5 432.4 864.7
114.7 229.4 480.4 960.8
129.0 258.1 540.4 1080.9
143.4 286.8 600.5 1201.0

2 5 8 11
5 8 11 14
7 10 13 16
10 13 16 19
14 17 20 23
18 21 24 27
19 22 25 28
20 23 26 29
25 19 31 34
27 30 33 36
30 33 36 39
32 35 38 41

