128 3.0 0.0 1000.0 3 160 240 100

29.76576752649529 113.88403747819773
140.20626039232505 177.68236693888045
87.7983407809735 113.20345541341898
41.38551368680243 202.4835329471372
146.7350773374481 60.97075950480668
88.6956471810379 162.09005138586767
184.5905918469287 81.13810842035276
106.3975278249755 117.46851053406193
4.481569116261353 246.265577122093
140.21793221325692 63.86065300407407
4.551230465591999 99.74383604441778
245.69337968197496 49.61052045174816
84.96786254028868 135.43035363659024
202.48454286522784 218.235843343378
87.48622340210316 102.33672916153364
81.15299339487753 6.675585056495153
31.749457316613523 230.57142927973982
149.19579668061647 4.0482120832948665
193.0154032979126 226.83676999244875
83.51067189792363 152.60500153966439
113.56699397410836 7.557469798528505
108.9443492195175 65.59225801288801
141.38250126408917 217.07250813746438
62.16752376457338 212.67801608786826
162.6130639530992 140.2904417412549
167.56308423080668 237.40865450234375
70.71751088634673 188.7448314129822
10.511935724537514 34.54089798957452
84.3465646356979 196.9372078399541
191.73703656838188 46.04923253558227
165.24675973159285 249.96094241313676
156.58789179693295 139.10089972675576
23.359985341806 32.88227689873133
199.47565433856954 163.77436930106512
17.98781746465425 166.01040805954133
103.58899431757293 173.3797894396189
18.976471069526742 77.77128895359414
108.31293522396615 126.80888206151295
212.79597768171618 139.03333405773677
204.7917864690998 190.48815374851605
225.05654007035895 151.3633714034526
25.31495031543579 164.4713563659193
84.58620789303029 142.8048428784523
7.678342069566191 68.03073333539771
200.69335206464376 74.84199901343567
151.71451634097153 85.80482360529516
166.09576517392438 182.89157191762686
62.098155201497725 158.26813466285267
69.17825877868673 156.9184160163242
141.77773430924918 173.12366618682353
149.73573089859886 99.08540662843102
227.7936962734248 15.161681405171269
77.34044936326687 194.0131405369712
16.887012717991283 151.71082798903583
100.08061692077025 180.97357653060993
249.11921797060717 72.82753013641293
121.14298337062174 6.3570764021399775
154.25116328690837 203.8648910689249
92.0316816856929 8.601056009464786
198.5041041878537 233.27486892678047
245.33485835193818 182.35326513094918
209.3065075771276 218.0130874561279
165.86877262494932 129.65711750378085
25.91903427640621 171.3850432472318
23.854848378148358 223.95162210786222
182.27399415564014 214.36390951140984
95.78541387152495 3.5469195922192274
130.36907361408666 192.31586868509308
196.42810542453583 137.55169970832455
162.6385206989737 229.90571915437346
223.17680604618914 26.076400913434743
161.44258568183886 209.87844835693178
14.835333467243666 168.0119159877485
113.88636725354631 53.096905523413454
104.70323490253894 164.6227444226785
4.73898345413426 34.41381693825355
234.63883747967807 198.64046064259873
93.29176997215319 84.58743733200794
57.738941784985315 167.1818834790586
10.02900606386925 71.49494843285919
228.5817718592362 66.74596239987707
26.072041032024597 167.19790572484715
142.49125631555125 151.76441479490458
122.56908510431833 9.588141567426684
225.336029407566 124.03195962054473
170.6381675385727 98.5366690633967
93.69865986302698 13.638890690671673
63.30789207432777 97.66517364339275
157.86449972839443 26.962847634594695
184.1232338659411 158.8145948798162
139.38908308875494 192.18216384177467
232.26419461429734 175.38433284695594
198.26740999462496 85.54945785389043
95.03638840093743 207.99861189212888
131.43197215577072 129.68060961763396
225.85676347087147 235.68203066083714
97.71631301003106 86.72859087006515
101.71013973921717 9.467558305113005
151.9332846087954 74.1900344522286
20.709915193797585 141.8938991604243
153.63158474682243 13.88906338459961
151.26278254024623 118.52893194453145
19.86297929747011 37.1232036264976
44.28965350622469 64.4212676612132
236.5885386981306 154.65370308983918
203.8812348217837 53.048089066936335
193.20473742021082 141.90345767287172
7.875019351225032 150.3952673729699
56.80842007153217 60.52640756213257
116.35899268282566 155.53389388183987
52.927881877599695 0.7182742117529672
240.4395884100478 44.1108868310163
58.7663948084754 192.12783199790115
151.42092141494305 104.43887555624187
18.751994055411558 234.21322281770736
98.28348120038005 115.56738425763186
229.00407524580166 63.26692230829226
2.4146837565144907 207.7114664184588
75.65935775534439 98.95734015462138
86.93114209166458 228.19223270200158
176.15583380237248 126.49211906981364
60.10618006326879 136.0060095987044
130.96879117766272 188.4461516434893
69.02646180956188 29.726734831933555
242.55989014486485 63.73712292777434
234.2090102176081 180.4913312571842
28.833598362652673 139.86717274641504
129.88672423801557 117.90163589612268

28.263870548482256 121.9331428343522
146.7552692388894 173.80832775221532
88.48104103123758 110.49074734248846
35.6047657267787 201.80605306391388
147.02458003107017 55.73119656323469
91.7981894361678 167.30846523834256
178.33540396791696 75.42329295717545
108.53333731839362 109.50624745171164
6.505709748471117 248.8244922050038
131.99035366481755 63.997413325793175
8.54340643554341 105.73880568113947
241.26897582745298 54.66854638717611
89.21137792687178 130.51841658573923
198.87385061129183 220.99593650416406
84.39715292034425 104.90190821325237
85.84148878494821 7.427548656064986
37.22213682951242 235.66224137007865
147.75763305902208 7.692084360230639
197.0064786983303 227.9067232498583
79.48306318106837 147.01739011361835
111.48240186840225 3.493133966952472
103.22163261971912 62.855012251194665
133.08732956422315 216.5443761734649
65.97499411993942 212.217142464518
169.02170141439737 139.28332103158507
162.99780762612335 239.3631259340346
73.00343255038833 195.3932737412172
17.852217616362907 35.89065070926781
88.7150421578674 191.90588792880624
190.0410653574619 41.82281179123976
163.12779929304529 247.66384843603322
157.1709756393324 141.17837650224453
31.110595102837202 32.86300947272797
205.71709159054765 167.88815945200687
24.499234040797234 163.5300752103797
104.32939509016487 175.34941380040064
13.913105765055944 74.63963689926834
112.52882755005002 134.05844225052334
216.0584241563596 139.1107247544214
201.96100690527393 197.71444849371454
224.8894934877914 149.70516673030093
21.753747671024865 170.6721859876293
78.55304902232658 147.60360331476994
7.473531512897091 75.88182192577128
205.11359287983845 69.51857526718125
149.11816406808111 89.05275639342352
167.4495720654307 182.87244921096834
68.69626390928788 153.50024157689148
71.98495467588032 158.19979906424248
144.24689602045402 170.00736259782056
142.10542609758693 98.10151083053778
233.46797491267267 11.382612674237125
75.33366282533777 190.1031474176132
10.144045963866976 147.74549650856744
104.79302309489627 178.21469996977643
243.00921574879206 77.42262420233531
125.89248199558975 4.775980727919071
156.18153203365756 200.9419233679561
93.90043545216484 14.515771138017358
196.8518809238119 231.7536833969499
240.87566100632137 186.6892407754237
210.14967665391515 212.44458954893886
172.1514520453541 129.84020072871073
22.157570857989057 174.19965640696884
22.01384378430113 229.7618752143542
185.0255668121772 219.86626047169113
101.26033178136169 9.675379545004525
129.6957098994808 190.1712414514819
195.03400881073296 131.47416354931337
169.80938880315068 227.9701675063643
216.8818008183799 27.6559864565564
155.80361616242968 215.8888547026318
15.29727651765736 170.45653186425028
110.18274173807652 56.59659038437112
110.68401078378865 163.11634643469526
4.526687970193705 39.16992538736477
230.99473897054895 201.00809589078602
85.74692065310691 81.16743471707751
57.93353254191882 172.12974480141287
11.103429277036197 74.69156505110745
233.58746879745323 60.0982846108708
23.002192980547896 169.66943170071784
139.23668799683742 156.4744139783818
126.53401411359994 3.3866246269015354
230.26845442819643 120.09543860379895
171.46090238615568 100.69031468710615
96.08809647362857 18.345623258427814
63.66149095506066 104.53090445756416
157.4460272546314 29.449437998242455
184.50891265736482 167.18613463778863
138.86433407828105 192.70958337757153
233.6728544150987 181.06546654660474
197.6565651251088 77.35956637879788
101.44044326460947 209.6884897622386
134.76543536206157 128.45055167260148
221.30714083735137 240.99371773178135
99.06847437770539 94.5568701109842
101.91352859329528 3.16269867547489
147.37356054987575 78.78674645666086
20.543427767046623 148.61684556309805
154.26834096087566 19.312716712088424
156.14814369084627 114.08243495854936
14.109134574329024 43.196846728148884
40.091423522001016 63.18285166506216
240.70476083221223 152.64204329415213
208.9336594559316 55.24859661944426
196.98540968220766 136.7233453005073
9.624448071955227 145.6882837251774
57.97837154329563 61.96922697833268
109.73763723565533 159.8097046047065
47.4517033890686 2.265238317358004
242.38163824770206 36.57568076437048
61.298272258474505 192.80290556718697
144.1550478500184 101.15561828761358
15.445146939991329 234.87213639735393
106.67260813581858 115.82709528001772
223.86402200640234 57.84513474545969
6.534389071569974 210.1027693591996
77.68956373093263 101.95616593405144
89.14022707029798 228.71000873755546
177.8745470826623 121.38915605750294
66.70625274463546 130.83879613238247
136.4937438175473 182.04818951606393
65.98376980297232 31.63642257480098
244.733222396956 67.74706850691281
233.9240179749229 173.17669725973312
30.159784787494843 136.9496050111707
130.7622865500339 113.9347373493261

324.3
576.5
68.8
216.2
77.4
864.7
137.6
480.4
144.1
260.3
68.8
648.5
103.2
72.1
432.4
258.1
36.0
324.3
540.4
51.6
154.9
960.8
648.5
8.6
172.1
34.4
432.4
432.4
108.1
86.0
129.0
17.2
648.5
480.4
1201
114.7
129.0
324.3
864.7
17.2
324.3
229.4
144.1
34.4
432.4
51.6
864.7
720.6
144.1
432.4
864.7
206.5
258.1
72.1
34.4
172.1
286.8
1080.9
143.4
600.5
25.8
143.4
103.2
260.3
480.4
144.1
960.8
1080.9
288.2
216.2
432.4
77.4
68.8
864.7
108.1
51.6
1201
286.8
864.7
288.2
288.2
600.5
600.5
8.6
17.2
68.8
648.5
68.8
25.8
72.1
34.4
648.5
114.7
260.3
114.7
324.3
216.2
172.1
129.0
34.4
34.4
229.4
8.6
216.2
68.8
1080.9
25.8
72.1
288.2
288.2
114.7
68.8
8.6
25.8
72.1
129.0
600.5
36.0
648.5
8.6
432.4
288.2
288.2
154.9
324.3
68.8
144.1
216.2

8.6 17.2 36.0 72.1
17.2 34.4 72.1 144.1
25.8 51.6 108.1 216.2
34.4 68.8 144.1 288.2
51.6 103.2 216.2 432.4
68.8 137.6 288.2 576.5
77.4 154.9 324.3 648.5
86.0 172.1 360.3 720.6
103.2 206.5 432.4 864.7
114.7 229.4 480.4 960.8
129.0 258.1 540.4 1080.9
143.4 286.8 600.5 1201.0

2 5 8 11
5 8 11 14
7 10 13 16
10 13 16 19
14 17 20 23
18 21 24 27
19 22 25 28
20 23 26 29
25 19 31 34
27 30 33 36
30 33 36 39
32 35 38 41

