128 3.0 0.0 1000.0 3 160 240 100

36.24126849182011 248.0034267138173
99.47096822012422 105.56682191294242
130.36582358719656 242.95314208213648
1.530307838120526 40.733250273409126
67.8118069376197 167.49683085094728
149.74539698876052 148.9836579635841
133.97062277188877 198.44297698861698
184.52577976609757 233.52557670166502
1.006872401588671 245.3473096611898
225.43038751182894 235.60133004658348
226.69633664740513 52.71893469086722
199.0532610211094 226.5242698926006
201.46311117483592 29.57788161676819
144.54367023879692 15.441230049465599
114.71618273158433 230.10942107654472
134.09281016699862 20.623019597061475
0.2621713694284378 121.37025492311714
40.27707054474694 118.22406770625324
116.61466743118224 172.55943511708628
94.87147451638181 78.66335152167369
245.71311128549738 158.9225714435033
105.40098399226878 113.43945966486069
57.284735834663756 179.83272503594625
2.721031469106433 166.95701741782378
147.40379422003525 52.29306073400936
155.4911579760238 197.22563508230147
145.89441680552574 240.61528559729098
124.5139800571084 231.47311264226354
62.810327576941134 146.1826866011973
133.52116610778813 152.16724682674382
68.76326652357031 140.44001181524288
172.2950468859141 11.610202185970058
141.03605765272502 40.289950119838046
153.74929950178603 117.58832315731111
141.4382997867135 148.3077693363639
156.3019016517339 20.262007624960333
192.09602517094424 114.66311064169591
191.57881064831918 212.03457725220565
208.40656912488515 73.48792676482901
117.77642066066274 44.281476796572235
17.173596413190356 10.355550259736612
197.5757671002808 180.796827438795
210.15258435349702 215.74329333453701
59.28185807160594 128.5390714573413
6.815957701218956 78.88801016494887
202.15193067099992 73.4750882811346
162.86163001583182 178.35543883049363
39.093113254333375 163.25752041546443
40.867407628638745 155.77790833629666
20.04609239388555 172.6736127576901
172.3601151288427 149.20431153635778
101.92322308932461 153.58505267289547
140.0695406936409 38.4470609803772
93.6731306025472 189.31419489424547
136.04463066492121 132.4616387772384
185.4005078791612 109.56570063260082
130.0367466090528 144.410475145285
225.85484019768677 92.68586523452288
80.71420021262199 77.2240022481882
236.69020851368458 87.03183568048112
67.96013823208943 237.3765568914198
178.94411050349711 8.289325831416978
226.7071467260087 77.93581861664764
133.094191890541 243.75294164525124
99.59886176298203 109.2819281497078
82.64117284938624 73.63109560440654
63.399981931089364 218.7955077543228
6.884387596015368 2.446495087936179
179.46681240373803 218.67909317984208
215.01237872088583 14.039163420970002
70.73530965347113 55.308541821451755
216.81403433487094 227.15889176931938
233.67502935178905 69.42468323322645
10.766287067243585 247.44604800525224
170.46376031425524 167.6656756709654
240.81689796159287 33.21596824518136
208.4154697785596 168.43951414780054
77.23982007852848 21.590385384262778
120.37883157815274 92.2376420187275
240.50978286099757 212.14843429892213
135.44789533646338 52.612288297220836
5.68219043625473 45.47392797684183
188.0804398673876 239.6560125043496
53.16069864552267 184.33619316166065
122.3580350340856 31.20818398512065
239.82721757969466 204.66230730335187
39.103650603582594 84.09102642782992
42.02089847436538 146.1810302888572
167.28534620118302 57.77372832672745
130.43424709077215 234.5889189572954
98.83938384591825 178.034229552819
181.22213885831897 171.9689191365737
241.57230198765149 197.51592595466235
175.17830409034 65.00233186191403
47.45279604839634 182.23753124692246
113.21849402390366 208.2377187399547
229.8462611153419 96.04223402719084
40.55808293630503 32.81044731508817
178.83869764298365 64.13757905121913
115.1734034079806 37.5414849985731
169.91012765021483 93.71384721433054
221.57439587196404 159.51223754922708
140.27606325755616 19.48406318806084
17.77246422641107 110.864888863938
237.74069798750736 130.92873305482914
228.18990838630555 34.876899350794716
33.183383361751254 117.63244639589598
9.928320071898506 114.76388284983425
101.91290143683463 152.65830021136273
42.52044567316049 244.40304664532763
203.97092507271034 187.40173939435135
196.63193548491563 154.19565969562757
109.30021355295271 124.58113388040834
178.9892624869868 57.88362599513439
187.09217639307113 5.470318917795314
187.92347499172303 44.559734157951944
144.86403402606487 118.6839646393984
211.99465157920224 45.2426780576908
191.08071033057365 187.5879647599615
86.03701696031477 22.225606303987178
13.542794603456004 108.13218077794598
27.113234094952503 171.7653439584925
62.57764003862834 41.99628843298262
23.473406288319538 179.73186987515913
122.6823179124836 46.26628154225787
115.60678615268405 141.8349245108086
113.65862123613324 178.8613219597178
156.41037109515517 164.59805605454102

40.41153808636225 249.53231811339475
101.89250957915192 98.53812873054058
136.41913494874655 243.044011155395
5.367604706539241 42.12501172847452
73.35350248785028 172.14756038344527
148.4185773588587 154.89705120358542
128.7464264376542 196.84629533993223
180.07929340451867 228.2796725508596
3.5462523202575422 238.30721249949457
224.6898805601426 239.1155803760252
231.62240572382325 46.90053446633202
203.34512042636425 232.26064739439792
205.25646112864263 31.18877664039968
147.60102565704963 12.956824729191545
114.39552668775754 236.28860278874856
131.8859962594315 22.12016625441918
5.551182463080617 118.73485688971111
38.3557955501316 114.76702699306368
119.08657581063676 164.70083841111705
99.6317948109226 77.93185953361275
246.11921526564345 160.5255764261555
102.81904659006786 118.0620423924894
62.78259320563798 176.5920239633285
4.271794820154606 172.9297895873222
150.04381832110403 44.95968950703025
161.32172849931627 191.19418475087178
148.77514527008702 237.5936928946069
125.69244460239942 239.66797253086605
69.56710055535389 145.82860373230903
134.11701868980998 151.53735921665267
66.14131801103207 144.07117137342732
169.4372933905265 13.249853353203168
141.9225277940158 41.49420241189783
155.6751523665758 118.85990435960825
134.8064205043998 150.7847529695942
156.84466490219233 22.860591963333537
188.60400402850647 115.57065065390354
189.10516473402797 207.54627753431936
201.8134295722667 76.36731988840539
117.95430942764035 38.75134316896536
21.37751019759118 4.675822657985551
197.48781049995367 181.42355759911933
208.4533190099835 213.56350835270266
56.444667995647094 130.40400857853908
0.6921063095971236 77.41376284872977
208.12017560065973 76.72908714999468
160.96310293071028 173.27436442831407
42.000568951518716 167.77972936082472
39.394677565909255 161.8627231411726
25.7701610262627 173.77052736784654
169.06038356430275 146.80051731592263
98.71508508196086 152.98723655858308
144.7570993230758 35.58275002173061
97.04021688788306 195.2360709022042
138.36074556335075 135.1753550353037
188.34905845049687 101.66575690425114
123.52302890964428 145.80278910011236
221.5335100673138 96.14732096225545
81.14980606994179 84.33980195452139
238.03787000624686 81.03448298122684
63.17310182595396 230.56585877645742
175.85457018222726 6.152433783469579
222.81654133048232 76.72012869230807
137.5140400944555 245.2002351369628
100.33000626467614 108.79758971873152
84.15661369761696 69.74439965584348
66.77198271651399 219.3889627014397
3.498356009352749 9.083875201266828
178.86854901839223 224.19290695223458
214.49087146739092 11.476324544472199
72.32726781787261 55.236355168701344
210.86705769039563 221.37306973834367
232.6632307248377 72.46844006399475
15.100522827304369 245.27695322938976
173.50726166806209 172.0307534716812
237.90837981559798 27.48072647326255
212.0515240932205 172.13626887502616
77.82291822777138 28.464306938331518
122.9964501179229 97.22867947888261
235.18674916637752 208.8328960279697
132.7816905303951 51.898518803900366
8.679389397367926 47.89763897897187
187.81727738545678 238.47010400785814
51.736228897034415 185.51395739704714
121.29744988622859 23.909821506823526
238.0842544460431 199.88300515155524
38.1280491781329 77.62503020617432
43.948950147948224 143.44142502901403
164.35850047528433 57.34030850182265
137.4290551566316 233.57904002494135
99.8479109371544 177.6868481467854
175.53462344832172 167.49563743132958
244.94488445082018 191.47659216524815
179.76414500331924 59.269411697404465
48.1396755504197 178.62198262415032
117.27752206213543 201.76099775162155
233.92691561863012 102.81009076285855
34.92651996580987 35.83942288224881
175.82390712304704 70.61906184470187
121.4958155575036 34.4800229288606
172.83025524655483 90.75759879265125
224.9393691590363 154.61302704815796
133.1144031456951 20.42229606192536
16.36137805980098 114.21390390744405
235.33680408288436 134.6390633128631
234.7252458471836 39.37119381144491
36.63045277268143 117.92430257573264
12.558924643858631 117.37127690586391
98.48602040140887 152.11807447242288
44.04072784840596 244.0692458808719
206.94095964167937 180.16131760892253
196.6543382815505 162.62765557302083
111.88186915489933 117.79445063756117
173.53440820170852 52.4746454515432
182.51361546773515 0.11241649865814662
184.0120473851309 38.448223770647076
148.6130518394149 112.3530172603996
216.23476495575287 43.35597045399137
188.22346730469087 193.96144996418192
93.7307159557959 24.469144157541756
14.957280874761613 114.54542531022874
23.014792535126254 169.00038268423086
64.19337666066596 34.773074583508674
23.330697119205574 174.52976418715855
120.84402303354987 39.270519057220426
116.7301367459754 134.05193613530844
117.75225384188987 178.2838863018807
152.8091265965698 168.68051387300002

108.1
108.1
103.2
720.6
72.1
108.1
432.4
51.6
36.0
51.6
17.2
51.6
77.4
25.8
72.1
114.7
72.1
36.0
103.2
137.6
260.3
648.5
103.2
648.5
1201
34.4
1201
143.4
103.2
648.5
540.4
129.0
172.1
51.6
17.2
600.5
51.6
68.8
68.8
34.4
17.2
206.5
1201
324.3
68.8
114.7
143.4
114.7
206.5
103.2
86.0
8.6
288.2
108.1
108.1
864.7
34.4
600.5
72.1
288.2
864.7
8.6
114.7
114.7
17.2
137.6
216.2
114.7
51.6
103.2
960.8
144.1
288.2
154.9
960.8
51.6
260.3
600.5
17.2
324.3
144.1
260.3
480.4
25.8
286.8
600.5
576.5
260.3
258.1
648.5
540.4
72.1
108.1
432.4
648.5
25.8
576.5
648.5
68.8
17.2
260.3
129.0
137.6
17.2
108.1
480.4
172.1
172.1
288.2
68.8
288.2
51.6
17.2
144.1
34.4
137.6
77.4
258.1
229.4
144.1
114.7
648.5
129.0
288.2
600.5
288.2
154.9
206.5

8.6 17.2 36.0 72.1
17.2 34.4 72.1 144.1
25.8 51.6 108.1 216.2
34.4 68.8 144.1 288.2
51.6 103.2 216.2 432.4
68.8 137.6 288.2 576.5
77.4 154.9 324.3 648.5
86.0 172.1 360.3 720.6
103.2 206.5 432.4 864.7
114.7 229.4 480.4 960.8
129.0 258.1 540.4 1080.9
143.4 286.8 600.5 1201.0

2 5 8 11
5 8 11 14
7 10 13 16
10 13 16 19
14 17 20 23
18 21 24 27
19 22 25 28
20 23 26 29
25 19 31 34
27 30 33 36
30 33 36 39
32 35 38 41

