128 3.0 0.0 1000.0 3 160 240 100

70.7590839012596 100.45178850842245
246.78519800501041 190.22426472888824
26.772433193342522 109.5597495386498
74.32911537069009 55.642493340220646
102.7285187805389 35.06777322097424
248.80935305284024 6.730275265960345
241.62875520288168 6.420062546194733
211.2407922778189 65.10469867680891
237.35821123980915 41.69347130721021
214.11368373529342 176.75443573521116
80.12613862092616 189.9948961155662
245.9182077448461 29.126523526613102
83.89389881976366 216.80748802482887
14.873191069743468 70.50652082029274
10.103265856753419 100.38169943761413
33.183969060160464 5.6243105039372745
110.25653292914983 125.77144562533695
172.36140087653166 139.2626036753767
133.311240074519 150.1695377472513
144.79614776655822 57.65553855519415
76.05120747279598 98.98560051697127
175.344874258365 128.36086958685652
105.21055403948925 99.43073090269111
16.868086880415994 94.4710736793993
230.30640952798026 45.71270308549483
92.1627091088461 18.092350407362513
157.91439916374793 120.02584297035601
192.8941829542964 91.6674973690007
144.96109954652974 248.9911080142388
12.227342328066715 11.952859319915465
46.50261835463318 196.3747272099531
180.30539790277598 56.32868138708669
204.95512773539213 197.80293305720295
70.9705928102049 18.32859236374179
147.82298093258467 244.38337102269332
148.681102140861 174.66537343140973
114.70552514852191 114.88272802883634
52.372048707226085 191.7661762635242
54.80264816146318 196.3370621510225
11.539426756988908 72.69760874466749
146.319645601376 156.46010607589994
74.50293138947944 203.129108722091
115.59559728823606 202.19738477704908
233.71546297380866 214.84951787926312
82.6234827482975 181.814935685936
222.23918845348163 104.85775725060367
247.228905645839 34.834247512479905
186.38316790671485 80.52696541038648
10.759473463650915 0.42136182678848
57.54362037804403 201.23720517783636
3.4272324765965143 67.85137660084112
223.7707639054376 134.03738600698475
9.483535987913323 187.44330655205172
221.3333663684773 26.77731008929288
82.01709113932587 65.47596630407517
246.075172679187 70.48705388169269
106.70972206619366 49.09492170064531
242.57983461545885 81.96252931234376
214.65242058268527 140.53895491917103
202.7238495931354 192.62860405917377
222.94613091383812 182.80957786012544
7.048531247112716 204.09630499328009
57.09014056278364 78.99060105612202
166.91141092194562 129.33936126477812
102.45709968823763 118.29496300827711
73.26280138793861 211.57764483395317
102.93173940042679 165.3202763697146
71.57220786223652 55.89422656952217
87.26982509786144 178.4339080270605
230.24082994062343 58.349986134732355
247.1588417500734 26.497392282101686
148.36437421997124 114.52398118352473
216.09299243826953 66.31090974654651
67.66782607009822 26.056018942504757
0.8019224107880529 149.41250032227123
232.38847147034622 226.69029125108423
190.6253370420845 77.3204655703372
244.3595346663043 238.1551815876026
215.5603460102102 35.74500815126716
237.02932007232405 143.35852112808462
110.56191245142385 188.3748596235727
115.84390477358306 221.30658550606097
141.55237968143075 101.73237030695401
66.08930185863609 126.22946449449704
56.03009533853856 18.51411898283839
16.10751312275452 87.97397081983956
102.29990285578597 152.1567905756257
53.60687794406866 64.76003492861207
148.59432186565815 197.83423837392712
170.07298146463074 77.06650591918451
47.47337410849911 14.509006847178735
21.22000643973218 30.042483603240328
184.39251747973427 47.99212572683953
41.86588667251692 103.40639339803128
202.44061897311758 110.48692008059052
211.87166609545503 103.93573028934443
70.4654581344999 242.21784130768435
128.39009792643574 12.37604537871606
155.50189197838193 249.91892595485152
25.90784085803924 12.260300024759918
157.07300413886827 66.83961633903759
233.8431200304153 188.90585433065627
220.89479037147018 243.61860924212752
23.985245950215976 90.32803946022108
202.87151332574064 59.850399255298754
151.4815202648702 39.43401584517214
98.43109804970562 221.72494058332194
249.6095542475812 43.534127073006275
21.887507564807425 83.78639112665523
86.41261745025058 165.47845149402522
249.84215095066057 138.308297152162
50.26051279059765 165.41199431072994
24.24331396706564 70.43127077835811
119.60592160995512 247.83423953079836
37.12970131803442 176.09768814027186
67.4544137134106 186.8255678847994
68.88281133823459 128.6142569909201
151.39204458976553 200.59634027162534
236.36833557300565 7.277628872846914
102.32414137214563 63.74333614131636
201.51657874637928 37.02310219571064
89.24218420060254 29.50895291987393
114.83728098314499 9.18202550862679
101.6734962137263 148.5052034799229
141.93475713489588 3.1201541812635734
95.04298995177359 124.95899950481828
167.38935482044434 143.39585047224193
34.28904570971217 226.5652823844695

63.32366091272868 104.07244832926973
245.89271076951093 183.61784576778754
27.94571691673811 115.58954610728125
72.06725683980547 51.118526164875085
100.67044417456825 30.171625802066753
244.04469974277043 3.0681748319401345
238.0169334861162 0.26675693302694037
212.30549545989834 70.29592012294376
236.56508271049395 45.79096035446106
212.80431714605578 182.0304097750425
81.62927032135853 182.3412845935238
241.05508407962535 29.17192072785413
88.00930028131762 213.30835512922908
18.272945648173778 78.21067505595386
5.697209442895618 98.78660319820153
27.45585206202633 4.186505748473957
107.00859024466847 118.28279331467351
171.33473062900808 147.28355792167224
137.60691236182686 148.63970886087728
150.90271715514208 54.59715790775949
78.6278656710655 93.59027989234178
169.97160516718523 127.20580007065124
103.17507152616159 100.90824432524958
9.173756877367378 92.51633727396674
236.71183744121137 46.15316098035754
86.76507054457058 11.640999055771095
165.08064031095978 122.11226661594077
189.75069125558315 93.4927294581539
143.59063556689085 242.07584821239695
13.911867554766728 5.008614323140232
44.958211323003674 200.2223770355183
185.90989045053615 53.69576747835561
209.78591640995802 195.64732611193816
78.58645610410694 16.65762318124567
149.2975829683705 238.35448327760736
142.6955337196585 172.10356334609202
112.69266872691696 117.09766451067813
50.31586962206511 188.52829178383584
61.80255955102762 200.84781998509735
3.5624292706778196 71.23548733806226
143.26605483385532 163.76340931234677
73.4708561415652 199.57808505979804
114.66985552961592 206.57006457285655
238.8681250336985 216.21219065833978
84.47412429402083 182.8005798965711
224.30062449427402 102.34047403209001
246.2905791959434 34.46997432079718
188.61693173353441 76.49789470324961
11.892132213738943 5.82250813029192
60.51481550933782 204.09542761945994
4.270845797368445 65.68522733210183
227.63940972834683 131.810950490966
10.980607109689261 192.1191392600246
218.7932636569642 21.911384008011986
88.13459685869596 70.49228871419503
245.7495140144586 67.43352619441809
103.5835335642292 44.37300930038676
238.0696807676999 78.28179048046471
212.95501383760973 133.55700703511462
207.64334669298404 191.8912571233816
217.295208913578 188.37276241559695
6.976070663816669 195.93967439052648
55.54243794385777 87.1593256328623
174.7657456368117 128.30528993250599
97.14166823289244 115.09327174302472
74.70728698187101 214.84834500896434
98.91263067901218 165.88864876483294
66.12362729973256 50.972093292807166
81.90876381226553 180.27471207285365
231.11828026830196 59.17337170583556
240.5453753051877 28.889547512263164
147.49646581498055 115.170161428057
218.4955902773398 68.38748000119588
75.04778830760847 30.071050952606647
5.705991444303726 147.47153959021347
237.99373094787754 227.15428699048874
192.0972657620977 83.3871477460566
248.19217510279148 243.22512317459038
219.92324219983894 36.895194413823525
242.72356223203704 143.1159660126128
114.82454502006156 188.35829403853594
117.63529169186978 213.0856189177474
134.18181919252842 98.92711229311205
61.34200955016364 122.70519738034518
59.628704758666856 15.202358026297741
15.900887258881614 88.487570227982
94.13540590819203 152.25353539081877
47.68117687984308 69.70951167877318
149.60287751789159 194.47618780854214
172.91270016525192 72.80592482138249
46.46753754806507 19.697153100278474
18.306445162838052 28.4845331906477
190.01629622762837 44.2288569796494
48.06355096964515 106.16996188067759
199.96511144546443 105.54042283569385
207.03988872907436 110.15191339182526
63.22390363823291 239.37092084191212
121.68442589680456 14.804525945867091
151.05866049071693 246.77170655598994
22.602177490957942 17.503535503100633
150.25811946911583 70.07847807855522
237.95495483772117 184.6673592070541
220.614042770402 239.3106301742902
25.705454491850965 94.59946746035683
201.1867271866213 55.18387847194389
156.8886404193082 33.89718468635894
100.83482609505765 220.49260149256315
248.23519033575474 42.13217018128196
16.08119555895804 82.62085489841226
82.33241425994423 163.72146980180025
247.01326893885627 141.70077690489398
51.7445172151631 170.27350327373253
21.609235229214708 76.8703640074751
125.83674610015872 249.06007484209653
40.55150554604289 175.90869153256324
73.74648620051366 186.37592904758085
68.78554277760293 136.74558013721315
158.02680810958685 202.83694759155475
241.25295826021332 12.729924494297274
106.71223770536007 69.0970636556161
197.28690112197208 38.28093882521025
92.93132085985631 34.888745343820304
115.27101135693515 6.748035373204231
102.16297773488162 154.53421725057603
135.84050448848578 2.9982502445533576
100.09819662721264 120.95267687281213
173.42870668022124 137.5363687535914
28.902651117647615 224.41265189203477

137.6
258.1
216.2
77.4
600.5
229.4
172.1
1201
960.8
576.5
34.4
103.2
324.3
8.6
8.6
86.0
8.6
103.2
86.0
324.3
432.4
480.4
144.1
129.0
432.4
143.4
206.5
51.6
540.4
68.8
286.8
260.3
288.2
172.1
34.4
114.7
36.0
108.1
864.7
288.2
1201
68.8
129.0
17.2
143.4
34.4
288.2
1201
540.4
960.8
960.8
1080.9
216.2
720.6
288.2
86.0
600.5
51.6
17.2
25.8
216.2
143.4
86.0
432.4
68.8
86.0
229.4
216.2
68.8
216.2
288.2
288.2
1201
8.6
8.6
51.6
144.1
34.4
17.2
260.3
144.1
432.4
258.1
17.2
114.7
480.4
172.1
77.4
77.4
216.2
144.1
576.5
480.4
1080.9
34.4
17.2
258.1
540.4
216.2
114.7
114.7
34.4
432.4
103.2
129.0
648.5
17.2
258.1
432.4
229.4
288.2
77.4
68.8
51.6
25.8
432.4
172.1
144.1
77.4
143.4
172.1
17.2
36.0
114.7
68.8
216.2
86.0
216.2

8.6 17.2 36.0 72.1
17.2 34.4 72.1 144.1
25.8 51.6 108.1 216.2
34.4 68.8 144.1 288.2
51.6 103.2 216.2 432.4
68.8 137.6 288.2 576.5
77.4 154.9 324.3 648.5
86.0 172.1 360.3 720.6
103.2 206.5 432.4 864.7
114.7 229.4 480.4 960.8
129.0 258.1 540.4 1080.9
143.4 286.8 600.5 1201.0

2 5 8 11
5 8 11 14
7 10 13 16
10 13 16 19
14 17 20 23
18 21 24 27
19 22 25 28
20 23 26 29
25 19 31 34
27 30 33 36
30 33 36 39
32 35 38 41

