128 3.0 0.0 1000.0 3 160 240 100

33.11716207415638 153.4027664696366
135.31389841860474 188.3669982141521
30.556895789034034 195.4920612868276
39.99616679298565 99.15952810466105
149.23698432072996 175.98593015608515
166.87456343503186 198.06941785348215
110.23340976326057 187.8017510967036
200.0984048866834 153.83681203920702
64.99074482038806 168.47667717525553
32.58738731027208 125.63386689646647
20.047461807380735 37.79397097410289
20.77447849599151 188.19275907478266
170.09700460646573 24.55623326876244
93.6940170490095 83.65513595571653
237.53431153995376 48.36764022080775
171.8107502964563 155.10123833485605
190.8277750437315 116.80916363482629
50.17093317847268 241.19748025001968
66.22963011117153 139.57223152993495
220.28247684825322 101.65883572855117
93.37557733760323 97.5059118768318
207.9860721726247 102.22574863987013
168.22281507167096 231.10522498187942
180.17494487373068 152.67740125628774
113.14155735341949 10.504100499238056
185.37234136493294 33.82412174966734
166.14780290173454 93.67361290042334
225.1708710045847 74.37842862320545
222.7625609285189 223.24139516277506
74.53797608178009 165.89455920919835
24.642775274328844 157.35798973295397
67.8158335552948 152.57494386598967
138.76645319704159 195.1511951763337
99.9820134092673 209.67585783357745
1.5752048367169702 59.58490241080291
98.36201793866736 139.56648286012046
197.87457654842473 137.4227985078148
81.97503629507894 44.40752003015194
107.2661392968537 54.193378630973896
83.0967140827187 103.22770521923205
249.8710634799923 142.12402814574662
97.62140327752078 86.00803121430525
134.87901570395584 121.9343226881635
80.54909221611773 231.4869845967406
22.099454019748443 118.85599762500604
73.10094658441824 153.27050410774604
226.638818659676 75.69800101771493
150.40135573176096 168.9286470455174
119.91725620202153 244.57623771404042
211.36405869088685 113.3454641976421
233.08064191618297 215.48314033131973
237.00150655410462 230.02518781613247
174.42870763983385 209.35298912335168
150.85233021114155 236.04258184639718
201.6996442100986 191.73844046340585
145.2179247657744 148.62928287800577
243.90096892275963 105.70478003356345
62.507652534752765 105.76979745540999
16.42438586107156 19.395775178095487
47.14369805975563 134.7017515708427
67.21192345466753 169.23676627566797
162.57748620373974 25.95745932287294
122.65519362224228 123.4449622298823
10.65918816257444 238.8089750988465
124.99317943592706 234.14234770591776
230.86341614954364 98.12289386159529
67.26850414481153 207.66131096404015
55.33102300316203 84.12136653367413
140.14146867756554 171.2581772559801
214.01037931402462 133.05943848342173
53.443559199358695 121.12832443041921
148.69407947987156 103.99162680115134
236.76131218759485 22.794061984373087
181.07705532454537 6.288748596839117
152.08685515359252 10.01304927553584
37.64182292247686 173.07925130609866
157.4435599621605 165.2242259032835
47.95901048972551 183.2144320767093
120.6545775131039 149.55948697997852
87.57790430645507 233.06855057206204
26.747186144231215 122.7427358340964
16.588980742503757 220.5362828507471
212.596223474913 215.83677526923742
229.1522606915209 45.95235765162092
11.967916636152514 44.224923092664206
214.28903033028172 107.06395982985067
95.02618494276732 183.05455829650433
218.66230386815192 41.55763873401527
16.476265657312027 25.648867294592176
159.5383912072104 63.78942857534625
137.23099546479133 124.29925841051522
140.6343973674929 83.70206203333933
82.5615879027064 151.4309996351427
123.88721479753787 64.61826747209476
73.17287348614381 122.00648336246472
94.75255192883186 155.2007814999645
82.63702596039855 122.41988574759566
52.905226259157615 249.2648636240801
102.77930181983272 161.01267055902463
94.31246684332628 165.59756026292428
131.17554813969082 93.00240833994694
30.911605010164738 223.17158129745152
86.83529707157086 16.456907676972136
20.233402418442765 200.53723081215512
117.59270311225495 26.41430867052949
96.84524106329603 111.87346447847338
103.40666965701212 185.73337500904904
149.4066868109659 219.18110962503297
74.03025009389933 147.96513335082807
104.15688182012627 231.05117175591903
152.41769630960167 249.9517301659505
12.420731840458888 244.29984292563256
129.13973777119426 131.99054675002142
180.82344022299722 71.63564711828165
56.8519407981106 35.554288003291965
157.99556405952808 214.20836315323305
32.50970124134553 107.44919926905227
115.5697301515374 173.13566395994044
242.48985753450907 25.56989205418303
37.875857116485165 70.9941948425391
60.32567503744563 209.29655469218824
120.93397604101852 127.55529989790001
168.7621000792816 139.49647778370618
174.70829020759436 208.63821706654298
162.9046975910378 240.19285615513243
227.0845154689858 52.39337091223523
245.9579177858997 70.82077205484985
113.3055639883555 206.24874898159408

30.739846084772037 151.88775073000872
135.41862608794804 196.71283199041406
30.519846313518702 195.77093300029557
33.234404372941924 103.09527081014133
147.80437363670487 183.509302765817
163.0732573686909 190.6956558223172
111.7522688635355 187.93621702579563
195.23875512055346 156.82111955588772
57.26082699549654 171.7384757918117
39.05851741712665 120.89969224088814
18.690158232687963 34.076641323238235
27.676029056933725 192.18959397701252
166.6640548271723 23.652475916867644
91.02617011243996 83.49899187971668
235.94312192352436 49.179568149911034
167.54654582411186 156.8357093528727
183.30305030816194 116.9956879568628
51.196347841860806 242.37734085786164
59.8659988969201 135.80901406583249
219.4965356393701 105.75155211789358
96.16363288296156 102.96410071474408
209.6873180352452 104.16211729953537
165.94574338259608 227.16970993431343
186.73083315876542 148.75823121864033
105.55999605570082 13.269482471758632
184.70662793337493 25.875730595079638
168.3760666821253 95.36180947796902
222.85410899090664 74.49386271398112
220.65867088944228 226.41424369412155
69.11875743524512 171.8468882544701
20.427268112647003 153.74959726645795
75.07482007665467 154.28688840773214
144.00424489266928 190.5726761954136
104.86459500500528 208.06892464509613
9.143550678755414 59.11356115035471
93.86095778735307 133.91305398351327
199.30092553492253 138.39420628671093
88.37085795955512 44.072973403741805
108.2153753990962 54.91635306170739
84.52252930328963 97.2937285634083
249.7905380484795 141.01439953548385
98.5979540017016 80.84429701296297
134.86691446139037 116.67940176283292
85.26936085283043 234.56500975883358
17.5797473039766 115.64505046844204
72.6374768043248 146.97724810465516
228.4684212316366 69.45419266482575
146.4848916172098 168.19501610255526
118.59015023784447 248.23163745969055
206.92839132456845 106.76188627029049
237.61505330581434 216.1454020863471
234.1826765322361 225.5787839334438
179.28078658430172 216.27049198496056
155.64445413440046 229.07767445633436
202.49907148624942 184.29896897688172
144.45984594404038 146.12952190467234
235.9780429777644 104.44416319464351
61.204049377755894 110.55078528978102
11.532071599814648 17.06954912200187
39.771444416880605 135.2946799052848
62.08251049926602 175.48245627285937
169.3683052230218 29.895568137707023
116.91669086715878 124.92812157804076
15.920535243767603 235.03813153179178
120.6495957655336 234.2295926857324
235.93766897703057 98.85936878662865
67.08994402439866 204.0832580157095
61.0649727016061 85.18223288156163
136.9140159012445 168.9483147979984
211.32467952937085 135.0442031386692
49.97578334263611 115.38301479911838
153.84721262665383 100.77655412039921
237.1868409566838 22.754807444136272
182.9816516315406 1.9885930911646421
153.55046281946963 16.29355653159828
44.53356697411082 170.8290667131648
164.92971897711556 162.69064263361687
39.588653830232104 183.68143784007324
121.01924701109803 154.56725137555148
89.33630636802464 234.51891237268615
18.898548127187194 124.62666753576751
13.81717310942021 217.48969334103924
219.67611966201522 215.42015406001383
221.40749483788372 44.082064710621424
5.923183209801647 44.53489741137282
216.63720685663296 109.55320745395342
101.05861370632316 177.15861140405642
219.1763702681991 41.00959083037722
19.55491631550918 32.10415991627594
154.72916813493134 69.25857703891141
136.42351305556215 116.77609485347959
147.60198745646065 81.47451975382968
87.24045801703195 153.9138529282231
127.06351033088492 63.18954413112812
73.85435125934508 123.80073538535744
87.69452073152712 150.5750114507065
82.04750257971754 126.57462096620658
56.892745071904365 243.08880627761212
100.36369210692003 163.66194048025784
88.410983161408 160.46050216047422
132.08240493686768 94.85909099567569
23.95725958248976 222.74585936885506
85.97133918352378 17.675231359097655
14.681889988348463 194.38457479979988
116.68386605144887 30.932178485995248
100.41427525045698 114.67851404025353
97.47530145284699 183.86483092818526
154.0993598745893 216.26218534592175
68.93761536728555 150.03440771487018
99.72039369322167 230.4230098176048
158.2157125837143 244.97039122003153
15.872066869427853 245.55814335777
128.27654757573882 124.1530550644955
178.91970764796167 68.01854006096377
64.67791270824802 35.625776382307684
166.02298458740074 213.06546663416327
33.225952303633285 114.36935950228333
111.38293406798613 169.44641099163604
244.47000911291386 18.090542260582822
39.6430074937795 63.18265448745105
57.40602343849782 203.79223211129957
123.6448689735718 121.63602068678416
166.3666231132148 131.8661656186866
168.1154343344849 204.66571704200743
162.81319075469247 239.55698116545534
228.43627793070527 56.34733571136333
249.31763794834777 68.48307874452352
118.15117930331736 205.5173976163899

72.1
51.6
68.8
68.8
600.5
34.4
108.1
86.0
51.6
34.4
432.4
68.8
25.8
206.5
108.1
103.2
51.6
1201
288.2
68.8
216.2
72.1
51.6
103.2
206.5
34.4
154.9
77.4
68.8
216.2
77.4
648.5
51.6
129.0
8.6
77.4
540.4
103.2
51.6
51.6
17.2
86.0
51.6
216.2
432.4
206.5
600.5
103.2
25.8
432.4
51.6
432.4
216.2
25.8
960.8
77.4
34.4
144.1
72.1
108.1
72.1
864.7
36.0
17.2
34.4
129.0
103.2
258.1
260.3
103.2
216.2
68.8
960.8
51.6
103.2
1080.9
260.3
288.2
600.5
960.8
172.1
324.3
17.2
8.6
86.0
600.5
72.1
154.9
480.4
8.6
576.5
216.2
34.4
288.2
25.8
8.6
114.7
36.0
286.8
68.8
144.1
143.4
324.3
17.2
864.7
229.4
144.1
576.5
288.2
137.6
68.8
288.2
137.6
129.0
258.1
864.7
432.4
216.2
172.1
68.8
432.4
17.2
17.2
34.4
286.8
720.6
34.4
600.5

8.6 17.2 36.0 72.1
17.2 34.4 72.1 144.1
25.8 51.6 108.1 216.2
34.4 68.8 144.1 288.2
51.6 103.2 216.2 432.4
68.8 137.6 288.2 576.5
77.4 154.9 324.3 648.5
86.0 172.1 360.3 720.6
103.2 206.5 432.4 864.7
114.7 229.4 480.4 960.8
129.0 258.1 540.4 1080.9
143.4 286.8 600.5 1201.0

2 5 8 11
5 8 11 14
7 10 13 16
10 13 16 19
14 17 20 23
18 21 24 27
19 22 25 28
20 23 26 29
25 19 31 34
27 30 33 36
30 33 36 39
32 35 38 41

