128 3.0 0.0 1000.0 3 160 240 100

191.60089323258399 10.87121895238241
222.11936450822267 100.71826258962457
92.9597721351309 42.89468482344444
14.87637988479662 71.75584678711755
28.634338710523206 103.50872648834239
45.91299115700126 26.60707053598718
7.02526640320969 29.1943125439173
233.5542384606613 115.34240211677881
43.728311009584495 61.4009325901563
122.89960626061752 76.87972853958672
62.63154287793821 77.45175173996755
67.29670267776989 159.9569056487763
91.35891064195812 204.09696080066655
98.72300198765005 132.012277316716
138.4077557060949 227.78694549480488
237.33406344098174 98.69330889894728
238.64425418376598 40.49746519070935
15.01017193148957 123.47368252637017
119.0154869421417 182.69257935980835
86.32215017588909 39.43537586331686
56.717744984179724 160.35184981752204
190.32457343050916 88.67524721753468
141.7413805616272 164.61274585100833
24.17540664553275 82.02296602037576
112.07239972459513 1.9476641527518823
98.48599967684233 185.90252789621672
140.01950727455596 189.85555847526769
150.77747395966603 138.5403755841998
139.31613086068919 1.2382580868139648
165.7342645639659 195.17664498431745
221.79905049756994 16.40219900220527
47.41338350184249 141.9903273892713
149.49737723133984 11.721347668014165
197.4939355443011 202.28759638131038
38.55704007165034 71.47735191827171
120.13761303469131 120.27966863912073
19.438403667655173 18.809684891387178
155.30516551311678 118.61578591304244
200.21205419723458 185.29599964451143
211.47592363139907 30.992389906013827
211.3700095895245 23.069887090274992
100.09714831832284 71.19932434042109
207.76080988318924 167.50573872746924
114.68957636227353 154.23101402045458
240.178434427176 176.23007387219266
102.64799586106437 18.61070792074579
228.3139078776246 38.29743422755377
202.09850593018427 3.4263978713057197
135.63078740660094 51.08960531874598
196.5408290574906 46.679578397070905
174.078445463192 93.2868838014873
43.55058107009127 47.62541616280361
39.07495463817384 61.89203818874964
154.52085547459833 212.07681220862986
166.38764867715315 195.59177462241448
46.26202547185596 168.97365521768705
58.155402531003766 240.26064610052745
89.56110384257373 109.83522640445675
47.34604824942354 47.25543854631023
52.615273186343295 46.479493024936566
20.500276339883662 98.05088780094346
69.16327230745678 76.99265507500327
227.87893106756408 236.68072225885714
159.65736436513112 48.71848558379771
6.754720320021085 149.95567285827912
132.12782478073962 241.05329240732667
74.63072801348164 73.26076962593972
80.62770956796636 170.7781131998107
234.15717444196335 171.27743331409283
245.05908372318618 113.00854117921885
84.78496689728752 18.17807304820704
228.97261692770508 217.91492754244442
223.5480215439053 184.0015845503388
178.04868183126828 170.8115915596972
156.1344589286034 192.08315569238084
66.58586659022322 183.64125144617535
167.86615614463466 188.0957641530157
7.528914053822833 76.5950953209715
57.62697921931345 49.95108981419277
132.12986443066475 242.04536760914786
38.90816204915229 74.45049779905047
240.69650558916575 56.72259660308432
168.53899165050626 144.51338003993644
145.7090997646507 81.77820658024763
54.402736548707395 159.3075776857389
180.33090265371044 113.27304406799166
119.53364330452443 136.30855246234273
114.99330656772585 19.7594751300533
217.29758639382868 207.21262472875856
94.70461170080915 241.24855192871422
173.80071974200155 137.32400678276264
213.88659994001398 169.1709392891953
204.83653459669682 249.61135046103976
23.946059566526678 241.63273691685077
153.44576307181288 191.9772445481443
97.46922582113585 7.459280045847144
169.84584541928777 73.86954106070259
94.81066094816774 100.49358225542763
116.2478842678836 171.7173543706324
119.37164758032561 184.18647782073975
171.94364348426802 61.50005107824774
217.66692370722862 125.93218881902179
88.04392077353232 217.40304835518063
9.637869979895381 204.07893404812904
240.70583071730826 192.0621471332508
184.47850800106647 193.4050586938885
236.27558819289106 63.037765874346675
71.9108595844602 141.01489083267887
200.73086460933942 126.21978739562384
149.708098020828 206.62492969657825
94.93863351014708 248.86028689351974
129.3162722222591 97.97104252718142
180.8325305849308 212.65124595080434
132.54591157387802 185.3452919577744
240.03851077272878 64.33322919576837
13.74320885923766 25.8220403646717
202.36722624480228 228.57229162795326
56.198108762343935 143.06462408174662
176.9231484812721 103.05700739263374
110.23432368901501 16.3056231043274
72.70869254151575 56.865099334151544
24.499641057447285 182.79352671790406
197.8219842045658 125.76214053152016
39.08441086365719 227.3166634393201
9.35098199591214 68.37761997192219
130.46686173594398 108.30582852654283
26.617725565358853 158.94594045781753
110.21501626826003 203.49131893827152

195.0784888895368 9.253324254262424
215.5104812627299 103.98394745146553
100.91204743333468 45.12880683932791
17.06652590208857 66.84810779823592
21.970583842345405 104.67849945128846
51.65658632853698 31.298538131096954
12.784565693492539 25.05836152961452
228.6659765858321 120.90054872530776
47.591307670482 66.26795096015631
117.82868270207628 80.8145834978489
68.84419633710598 74.65671837094345
66.75623712888698 166.21463521996677
89.10767272807993 207.91270234677353
93.94974288966873 132.2826894698784
145.79943012174058 230.28186070441848
230.99231752637354 100.87947935268157
245.7944481326287 41.190324066155945
15.530130410606052 117.65513172887194
115.98722983674334 180.43709206581659
87.0986056901531 32.606756054558346
56.61839622353701 168.3913849170715
183.55185888975336 91.47431022974783
148.23096380027462 159.91389170772712
30.720455695131655 80.21241404300028
119.91327060588594 3.3391488006689896
102.2111128744482 191.94218318107937
142.1722551129416 186.92625991765257
154.09618593805936 135.79142467224347
141.1635305781512 1.2787845534387443
166.64905015802717 195.5399503057252
221.67491401439966 15.713765717592615
52.19825221586324 147.1996956880638
150.11099851496985 11.618518177163361
198.95898288662747 201.438173637874
44.856694105571584 76.46334498405893
111.99015427637782 118.66403539509449
24.898316167740326 22.267335717997135
158.49579292236297 113.73689896903413
192.84582583083355 181.2115748083676
214.22672968315086 29.59780440711246
209.4367416324521 29.229289781704416
103.18049471307964 78.91311905151977
214.21175961408363 169.87547609788547
110.38694463455408 151.1030525206141
233.31174648107205 172.04899263100796
108.18169514577004 20.845770588581754
224.35098595783487 45.19293259260868
200.15633944456545 10.848735729026421
135.12348424558235 52.8888728526527
198.97216583234973 44.36031260166962
180.37173450133906 89.13744137504307
35.99565380391248 44.057646118670554
38.50265389312727 58.86002241282348
159.9776688174511 217.99164995919173
163.30700405011498 201.50171257496163
50.99170283885493 171.01230487490605
56.452063722074676 233.64378795547734
89.87088142067518 118.1291409017031
40.909490832624435 42.30066028176061
45.51657602477954 47.020409363123434
16.10970080898455 97.08254224722096
69.38323078308312 70.04073524803108
225.2141404635475 242.4911820646417
155.00072245642644 54.913887675569455
5.155249573673165 156.46997078766157
134.149803153604 235.39483761890816
81.13748639954255 70.05003242438742
82.54229702838018 167.1097206235195
228.28017130798924 174.12813625935405
240.53948684801816 107.0270385613408
85.26396470095408 25.008231313175784
221.76668805807398 216.1186678658265
219.61739932841584 181.08478767279857
181.46155537020408 175.7649611040382
154.309959497223 199.68356710673203
68.48251814107223 183.22658999668698
167.14328193491082 191.49149016178436
7.731458010679704 76.76286722051576
52.80908204138962 44.24994291607914
136.81228946125435 238.9716961827145
38.675889254131846 81.89986024496216
237.56667052810582 52.01318659099732
172.23638031029893 139.757104724687
145.45411251324202 84.45129737739906
54.19002180255553 165.71755559554265
173.02493919669212 111.96148209790837
118.88064751169047 143.71419998790392
122.47088680969634 23.47142400491156
212.11932805987576 213.6992818452182
102.63149408023142 240.45967843065912
165.6495662918222 136.72118505681382
211.9852036586137 172.0462075874628
205.77389689368852 244.85793602670273
28.497067443596368 238.77553087733304
161.35326475923017 190.75292712246605
101.72622292650965 10.889136843181769
173.02628577016344 71.47314634510326
96.4221523658419 99.65840700289552
110.1420801154829 170.9354785821158
117.91536355524084 184.08884986782846
169.10071838799277 64.76788307907825
215.30523284138448 130.62957713294347
81.262851383885 216.36682664646221
9.53317616545335 200.40962849820977
241.65143096726825 196.01654890434355
181.86837914515334 200.31709606521784
238.69582678346268 57.667401100161776
73.43937552313776 135.25912805933612
200.49338019531035 129.37788971682355
155.46001042339776 209.13580644478915
95.98408194910091 242.07034680144545
136.6878007041483 95.4156360641859
179.7695067920402 217.85113370208632
136.2211053841458 185.14543141265383
239.3169586380988 59.95439680015274
8.050799550333332 22.55909652245483
201.14082697565937 236.5688280130413
54.95263355022711 136.14906728070363
177.09822152604025 102.9349241653047
113.4330661938348 16.69802489806488
79.7867461801498 60.65478983329217
28.15992015537544 177.66485717303908
192.60699897896149 129.55884961264312
32.27151697966538 229.15186737928485
10.397859581056684 74.11205887766631
134.02361820129877 115.5590745189026
31.64900179344579 160.94431931124623
115.72347047562451 209.87154033310424

68.8
216.2
8.6
34.4
324.3
36.0
260.3
576.5
154.9
432.4
51.6
260.3
286.8
8.6
86.0
68.8
103.2
216.2
34.4
8.6
432.4
103.2
172.1
206.5
229.4
960.8
864.7
540.4
103.2
129.0
216.2
432.4
229.4
68.8
114.7
1080.9
137.6
72.1
288.2
137.6
68.8
143.4
86.0
576.5
432.4
72.1
288.2
864.7
34.4
172.1
154.9
108.1
25.8
8.6
137.6
77.4
17.2
51.6
288.2
72.1
103.2
77.4
260.3
576.5
34.4
648.5
720.6
144.1
288.2
864.7
77.4
229.4
480.4
51.6
288.2
172.1
260.3
72.1
108.1
86.0
288.2
8.6
17.2
25.8
68.8
216.2
17.2
17.2
103.2
8.6
8.6
600.5
17.2
143.4
77.4
258.1
72.1
77.4
229.4
480.4
129.0
540.4
36.0
144.1
72.1
600.5
864.7
288.2
286.8
8.6
216.2
260.3
432.4
216.2
129.0
36.0
480.4
432.4
1080.9
1080.9
286.8
648.5
34.4
864.7
17.2
576.5
432.4
144.1

8.6 17.2 36.0 72.1
17.2 34.4 72.1 144.1
25.8 51.6 108.1 216.2
34.4 68.8 144.1 288.2
51.6 103.2 216.2 432.4
68.8 137.6 288.2 576.5
77.4 154.9 324.3 648.5
86.0 172.1 360.3 720.6
103.2 206.5 432.4 864.7
114.7 229.4 480.4 960.8
129.0 258.1 540.4 1080.9
143.4 286.8 600.5 1201.0

2 5 8 11
5 8 11 14
7 10 13 16
10 13 16 19
14 17 20 23
18 21 24 27
19 22 25 28
20 23 26 29
25 19 31 34
27 30 33 36
30 33 36 39
32 35 38 41

