1024 3.0 0.0 1000.0 3 160 240 100

158.12061009124935 245.28591831725794
203.68947459407522 100.19046134129664
12.475327304322438 219.67064392720062
142.52006585302004 144.63484440158956
81.3759765277983 210.60177378559692
216.98245342480732 6.849898386363268
201.37772414410003 154.8707433033206
36.19989690814215 20.86772012336688
180.04767134266638 135.93750679338473
49.892321104338585 139.95839204067263
153.41242252448512 151.13356512614342
18.23322967218255 96.41680833918157
114.61092107218343 60.998813315397165
221.48472218260432 220.87870614188802
101.27584584498302 148.8861952694074
134.25557367600416 163.95740361241155
125.18925157975893 51.54225286932976
163.88722618278703 108.37595098059161
211.0427590907519 148.86769805909023
195.18998431599724 18.2122584931505
57.57387108468584 11.817285785657328
92.31353556947309 221.54389443399089
78.7710951110391 124.59188365864127
65.12452750140235 31.12984334714447
151.9372281422503 2.6310569993871216
148.83873115893965 180.9191793280355
204.7254826770307 53.61446137717929
11.214419378919816 57.11137775884209
21.231401673432654 33.84308108888365
21.01825104676447 224.04670510787105
18.430371160542634 79.27537317447918
195.62561395713223 98.29285470988694
8.506632461164621 141.25256748783357
218.04096521081019 218.31012823358577
102.0701589060071 0.9105460100135021
121.77978448020687 154.9621624496234
181.77467342564174 246.91484448069127
53.22606058635709 223.0841588012315
114.80777415399737 172.99875862790213
189.48900671023054 239.52666048398606
15.809005218654498 37.674642080180206
213.39290510657503 185.05404254475525
191.47715308643046 187.8168031209538
120.27635477411452 60.35050457133323
87.57225109993375 244.82452411130592
37.897947733429085 71.96938556886803
179.86701740600876 100.5757084632044
132.7442794983363 125.57303979077564
68.37741146699646 162.65898985364612
106.66627083327349 135.99637947785442
149.87114997760045 210.87736485162333
238.60928354808465 180.9912898121415
190.6970802699441 134.42379535124195
183.16214539453804 71.63938367124412
18.338465924472025 145.71003988406764
95.24427369409005 161.53138888658583
240.1692544727201 219.29808058024835
15.313858997164587 241.05173546306298
60.010100460758856 217.9707926634549
90.93551578672005 123.25095931679908
198.4383122172681 168.19123279781664
212.82631055709896 220.834543413996
68.24674574031464 45.84235108361498
231.83861750388436 218.67440651333774
52.81738510320633 184.3419060103101
37.18690772639677 87.16693865688998
82.71955313778382 73.03088664693324
86.87125400370942 83.1843267708936
87.25562201336817 149.42137051940918
102.64854593512545 107.09795299350877
234.87179491310144 209.6001920973924
173.56678570561917 3.069669515473994
109.50617780145713 102.09975589771949
129.6444274102456 207.49379815286025
185.10741821868336 192.40535383002822
77.0740172154026 220.30111869474206
111.9000505262665 69.420629150147
206.60937347828474 14.381986558203302
124.13811357083479 109.4357841634853
208.80310179687666 86.24805281900863
20.62318924086745 149.07001453167894
169.88033153028613 72.37996870254379
82.62130759517713 63.902914461123814
229.74191640530285 183.50218105559375
228.02503967389114 139.25933319982883
163.48653264472736 134.4993810641825
146.76047360068304 143.0663711306853
94.0228966889974 105.0929466418461
64.3061771357335 137.28102122647263
173.08758917218125 158.98791108672742
42.628098977966935 126.89617152047319
58.15984508441155 173.6527910925959
7.361554333006614 157.8066936580955
75.72331321056394 16.225790996352767
218.7264661718852 180.07826820373015
174.26209740390888 240.01238899669562
173.08204567195278 123.76422381065392
239.8163194223714 5.4881990429580805
228.7070449261793 241.67325890922285
15.522564715671011 125.31304716796063
42.93391750217002 145.98484853318703
92.07111338561921 216.97923487317271
113.79826123102976 172.09241198333183
129.87154244674113 100.09190361333233
0.3436161768115009 131.58175462292957
124.52854726428423 38.20367432655017
135.26053316625598 151.2912519897229
230.24215297620466 168.7485845449611
45.016289177383875 201.2318194010282
106.37371285698896 107.60049404077095
154.36350705102072 111.53363080584406
172.11917902599973 35.705169119709666
195.86195019725662 179.29650554793977
232.33911584863992 26.74373980794381
239.92854190434988 37.43352047789411
235.20692832493216 68.23461724317467
78.87031754631211 56.271808336750325
126.400500236341 225.8579669402913
5.287988431452923 241.794677074792
9.390558339182592 208.40697322580897
7.570550646026436 129.55389285646288
181.235820445691 114.54731710286204
224.318210352443 120.04230599384208
244.42497957911726 208.5889644997933
22.306724941061145 246.35093038934394
49.87870057019455 109.81093871532885
199.44939131288 207.87413019635923
129.7335044514785 101.38914175904732
78.04497491011689 87.54631261604511
129.9109068586489 91.99567840766798
246.26611521180948 118.6366198137149
46.76314589480571 14.834183186986843
162.95580445878772 2.9732597584900544
57.14975569550659 45.87651645169408
198.3812922500427 174.09695996373557
156.66363953383112 144.22185779169087
50.29313455529741 15.525077194952026
220.51919466732596 2.3358183040734506
186.5004338598759 219.25468426477053
64.45144303814581 211.80737466527756
223.5828534187745 26.491879388526485
47.888677481156606 161.32593298776902
216.5334926338516 74.19917281019198
33.54335278576887 241.08056744449357
187.08018602565434 228.71125336492955
206.4386373663374 147.93424115821028
113.22368852006912 3.4918557230963208
44.616871207225294 139.12464680204934
98.38041220287263 21.424973639445067
31.913888244781557 81.8045270225167
69.66552464081654 107.25134122907987
10.938031452766978 166.16396702742853
247.54586250239817 206.07787404959356
93.17665102367717 90.81357630618369
225.270661291231 247.85762942649734
239.2760787914618 120.0088030038155
89.15128353763329 182.56192923639748
134.21710053788925 125.72613182407675
57.381739094637815 195.95486674115568
196.1483179072041 83.41510988608603
184.78546951507087 176.23193161907597
126.11634148908163 180.7550760020045
135.16814410891072 156.5381115048691
94.53238444147976 239.41021996808794
198.86712360925173 172.12702586695622
12.950569127586354 139.59521750072133
236.37844880202232 76.58070077579174
186.91293273588514 249.98266404431368
56.60262799058932 138.1479583855801
37.40683589129839 17.82150852170125
200.34165901759496 22.753914762988188
48.116010025009395 187.60784003630056
179.30967534795104 83.73920997150306
243.69426389282683 90.85451171809319
56.85663225898485 65.15118395566688
27.23850563555302 230.53361358493916
65.39300732851899 0.774639933191712
21.5440542050451 93.93568633493601
145.66107598457813 210.44515285907792
202.16110980282593 164.76800303306666
28.06796382597043 80.68271828915607
101.74959079935195 119.65940272761291
198.38157142908395 241.56909304455462
64.91566336927067 69.56141873981237
74.6914685248414 126.80152667468175
117.13527427464429 218.1507389398501
185.80139692340438 115.37727213714616
74.40662962036976 141.19764954803333
102.41782775303038 168.3662754255646
25.630173705738557 176.398643933333
176.91642532037696 143.51943587107903
85.9159021248675 63.97286149635578
112.15827423399827 193.97813185233022
210.77927919200954 6.270356031038649
134.55785540758734 148.439546427722
223.8247927093136 191.60929978627104
49.13449971146363 9.35099282787466
89.45000212152685 211.20335499101492
176.86495549966736 42.31511383983572
12.452687815743296 55.83798646438149
114.32542959846923 72.46971790776138
128.60192883724832 190.11120613846816
13.385959332110259 17.203859658746048
49.83717108133112 150.27569197103833
238.3558066016574 183.0660009426243
6.667548513412891 191.714363478797
29.824124624338644 40.579502701886625
123.16080203909185 107.01729831041557
210.0400493266231 64.18215274886799
230.46899192010744 97.63156528164649
181.07252165003936 194.66548274252128
34.16468059988931 239.3570096865804
69.01866013848465 248.05991655100283
96.6034217395558 235.4427504708975
126.39896571852243 38.6253718663791
166.2383818962058 72.24967837562227
73.86925078619774 99.604218267141
240.6381288857087 76.49107053264878
12.852347323460384 55.70679512256824
243.6720001378303 131.3323603023007
191.57110832640888 216.35195029974426
247.366837318568 200.38193905853666
233.14944069131664 56.83100418537027
186.89682462383658 153.94724832911697
189.81318744264678 213.95895781191396
62.63354888535094 177.6871505963969
73.74852685855649 133.56932541078493
153.45392246226848 51.65681261560337
97.61418440782352 70.47716042210314
35.77321778905593 178.74073416394094
221.11771943011405 104.46408334083998
3.4139111161188285 23.00425773943443
81.44987032915226 67.9801517462618
161.26214488691298 83.7347876093123
86.72187238082365 74.89849674908069
247.8011987142295 93.70214933765503
24.020099537273047 65.80749072229847
166.42076688296694 41.069692819519695
25.442587304518092 153.83480985622052
116.25334911284854 101.5762282110275
70.83679990464172 138.4575968563136
165.98947457885615 176.52203720865603
196.6289331833712 15.005687658420419
5.89131051168032 25.061275052707305
97.3934102578379 104.32743476049858
199.8277628105612 36.24685908804684
105.5446724941674 55.000867059405714
92.57874089633464 119.5383344132773
59.718029554352846 225.94744057047149
85.56678401914216 242.06415640655572
36.1015829397906 13.512933208092354
165.69390852248208 222.38341747773566
21.453198514465893 99.77519144895628
183.32563598853258 197.45486459356889
20.925292872974456 71.92537645632949
40.10448255388371 104.65372812820183
112.29020415578026 127.28645536235486
70.91842984413927 6.766731468123677
218.56057166541652 134.213684599941
0.43891014937499917 27.45085255194482
173.87474425718236 226.86096550894115
40.647990364885615 248.38803946884872
94.22746024246342 195.8635412016709
115.56425207474285 46.757610517448114
226.79187357070754 39.697617085083934
125.49729091969358 232.72839502442264
43.32871728810195 214.79508467519395
190.65704885187603 204.65912422377212
113.5018779794934 231.4791743456517
94.33741343931895 56.83214996169467
26.921632156527625 158.78976441629078
45.61357566144533 150.4038531662458
17.19963223314494 128.2766276631664
103.32670568026504 113.52835865800154
87.24741661145922 244.48322598690805
87.38971535692122 224.47589506036255
145.25623638280177 127.94894002802722
183.96846205117205 137.260700729942
203.454903471264 15.828424011184673
148.8930457436714 59.65340753870524
198.92683757987726 19.735855668255446
248.62306495974403 20.053766071898266
224.6213148626885 209.15381505789708
188.08776985845128 93.30390738763155
50.585701922821606 239.01311827676096
195.33312422395275 95.7235595413426
156.80943959054457 83.09968906233853
189.4709805409751 21.549191089454382
176.56759538637263 229.9960427476608
28.501601442493694 193.98856095603827
150.9424096298947 183.83640352776143
84.73830549264558 211.3257596358576
118.91528171436572 2.207987241801157
165.2544803553825 246.78072725159268
158.94860872457798 192.32889524508724
245.56498001012022 206.64937913898834
161.60843793142007 218.28085081652242
167.1984294160233 51.21776641594991
18.732294388707356 176.25684549834787
240.74964023269814 146.7057116781258
48.51092482691821 62.77113784310176
133.4029809992825 28.683273844827937
22.220623871196445 32.46913256239883
114.68875242135599 215.9091598280713
180.32861079103492 193.9227636551943
118.2625170842849 31.148599340577622
218.73104695566005 130.23956297400483
81.22859541407298 113.63951839091888
35.60758960368388 10.813125128294548
40.800418101521075 81.72033436819639
69.87453181680462 206.68648135719224
71.59411295303195 78.08722898391093
165.20485726821144 199.54442866070787
214.9479566769414 195.0088385505273
209.86677447781898 217.75370128240058
81.70286661295157 206.9435852421991
158.77580685190807 34.52823907803457
191.29385167294706 124.59127283836469
247.29445469736606 73.80034750872625
170.86673167516798 175.50207357469358
164.2211811441444 165.09312030318466
195.3338090029214 230.58332680792043
6.02185778554773 89.28126669979086
81.11264868631137 168.86649602058532
182.66680055100326 222.19306496885355
183.4601408653165 12.006300006509651
218.09720744909316 87.25928996799665
200.62507682856918 184.36831591356062
187.89989505826912 131.6368515328384
234.39528888340783 199.60198953214245
23.43870212328225 7.779419625743938
46.86572055789753 132.38047502382173
172.16694658493427 117.86943127351974
212.16338382940936 11.59419382827928
221.4386230011554 168.07073312112482
74.9819182473491 17.014501901910812
176.7271051286729 89.67989344725395
47.80114540004624 4.387281214248945
96.3501593810619 22.14628536271446
171.46666904818102 51.54517816015283
155.18840692956124 182.80627820372698
86.09090136441081 77.13360730796659
196.80901713520825 84.52990745427549
24.044879914977198 227.98510157504256
166.3767265413956 7.678989169782491
127.01663839608518 32.21123258377703
241.68086102583786 137.6707678006729
150.1201722050808 84.14546486282839
47.1968457465472 15.284448087537122
70.29683925852162 210.3898724674637
239.34494860279358 104.57260685379579
27.768561031139534 232.06129540059746
101.94974937950924 89.4036292725794
17.852868110546122 87.33905463487487
148.65388044852983 63.49446221138244
187.82115948160325 46.5868853080143
1.456296385665523 203.483398684909
211.630276158082 42.238673570952315
207.81716453002156 12.745298710009262
235.2635758742268 32.80503678899685
138.988365034617 202.32830359710735
127.1029283966652 56.67980398076231
56.44822196204982 241.48974609005174
143.84922801675714 99.55472376668972
139.6277923465917 133.90190059202183
213.5313308908184 79.38073840459037
239.66174045516195 147.3763695382719
32.29654607479326 50.47112989153443
60.48765143798276 9.611442706799172
248.58452376754298 196.96264256410248
247.69653958125676 130.22317548390825
234.6684601639064 178.1525489046488
117.28023947419031 205.49832676198722
7.188493839657195 220.23980454130435
199.262541316197 202.4447859665185
183.6280298575938 169.71580141238508
157.7638835095097 8.509897850193655
23.532762299036307 243.95847531027556
26.624471749410738 147.3830967187518
205.67886055439016 48.909940129599875
217.60438606004965 69.05098344422846
110.6896038211026 142.2465380014302
155.58986662363142 153.2026836271625
55.667302805614575 100.42104944171196
56.67840563036663 121.82270517055957
163.5378284472542 236.09054897809
80.27704112820474 171.03093741467526
175.9989592398543 47.303039980648165
224.13646337200623 42.42994228892083
25.37801296232639 116.8928273109337
197.36436747391366 217.15337271079866
136.57130615725433 172.4492275401472
134.53806656511702 202.40966209067872
184.76313792916187 85.92571758298631
111.00139215640998 209.48561200148862
148.01980324450514 52.60336021861628
56.37669609758178 54.04858197877252
178.0082679913145 9.759163613574511
161.12993025846757 113.54934620292234
194.47379023942437 116.89609989868852
225.91785936158794 127.33052791782431
182.94648998106976 153.37877710668974
80.64668981184172 38.332022386435185
141.23482854612112 112.12160937286289
94.03268396603717 112.25492032226586
124.02323447907837 42.188660085645566
156.83659503202796 156.809876391931
2.703361937641924 212.6030155543855
46.32294083422334 187.11450841947251
93.50180403200811 117.41302644599364
108.89505134377048 51.50931201089823
10.847517514967125 8.271074468675144
10.448203080377084 154.99903062744886
85.66212852963857 216.02601193516261
134.59705851301712 23.281871112693754
1.7993136327168202 118.8821033885481
212.07000399782694 55.12050658987749
198.54879812168787 65.64648950393901
86.27445985662094 101.08404284581984
10.671582013063896 21.474558178425475
242.33985536513586 203.9932294583806
103.37732696387653 165.18114095759356
46.862140891601484 84.24391233387773
103.4332039456215 102.33469461415878
108.71097641926659 124.3500503641134
153.39763378120392 208.00742702369973
204.66443729162506 169.0227149154857
92.08499383421167 179.54571389340163
131.53915198554594 129.12017483993463
157.10921555122889 165.1814474965686
130.23046666610006 52.38238642844548
102.98898558379874 202.35766921665868
201.57037669754888 151.34517746472338
134.12138955560897 143.27021884837578
209.4937101354107 221.13478521159374
185.2714128652284 79.46304863540671
158.6664307336076 54.56901998811273
27.066127801001482 4.345177445071902
156.92011046821986 12.983701594763474
67.54113272980928 156.81263576876097
119.04067805239713 127.16623777010558
0.010866137101689377 246.0230527818954
243.3584643566834 179.15695939609475
110.45315116146622 140.96574970943516
166.85852226692091 171.05097134910184
16.760941192322242 142.39219868566352
245.31226967728986 173.61353190985494
235.9946294300062 132.5522831312368
195.5857492168729 99.60009979918757
79.79577063428641 152.49627083233761
140.83010305858664 222.88864150848357
177.63274473497938 160.79934631760383
157.68530985321337 12.746088998946636
100.83873141300111 207.04433013765117
172.29624162947908 112.91289572940016
89.58117767727674 79.30297474573419
124.85821250839801 208.76841089942275
126.64156054078732 81.01941246490863
37.167780223358676 216.6080954826725
7.9226230435079925 81.56548438730826
26.74184352057124 72.33067272576713
231.81020026195034 182.21682769489666
233.85765871948155 237.72291110929064
100.63957225363487 143.776802255255
2.135186619504986 227.05308934038086
186.74915386798568 246.71862636790001
54.68274955846989 45.069818586094044
210.20164934016884 177.55381499034226
185.54717179229715 24.360588791171285
87.12366568300112 13.765933857371959
150.86016017809476 83.15655964814222
114.0140695380297 195.48153866725562
120.00324611722758 136.07116401587533
215.39760976554226 175.15121691842864
171.38891861047495 2.82613300070661
0.7287426158828214 202.5956133786355
118.2780011527732 59.358937838370124
98.13639627743385 15.356358484067828
223.46787091569757 141.08234237396073
144.00709439428516 4.396218347775954
215.75862919833992 10.581092097980637
23.82613590655158 144.82433124926845
224.7722325613316 209.34146539933093
64.71911678247791 34.33744118716006
199.61510092040606 244.45824556718716
29.77760385717923 221.56968344151923
226.05716203037156 111.3452161221708
185.6697571166802 164.3586882087992
109.61113598749117 235.5943544753272
98.43829088928213 119.04614501866132
21.411957482871557 6.553765842019166
26.248164228228426 217.088379845557
228.61220844797208 233.00351619872697
243.3152432420963 244.87002782811734
192.5314509488726 209.49448489466195
11.239895914828324 44.26183565384784
162.3225671577554 22.466616088446216
48.23509807615742 121.68025340605928
225.10363702734224 30.368743039870054
177.48121288886432 24.84860396766303
217.817088773009 163.31795285551064
62.75118077766692 72.92666561637348
78.50285181636352 60.98552897417581
70.16226085816248 249.07199758583837
221.89125607406484 110.47110770410701
126.73232100696724 74.41602632812133
143.44829221156 100.92972710158362
157.75526278265974 248.63414130124454
96.36537076009729 35.672579262280266
243.6505773902393 141.00005997164772
217.4323031871775 229.06034739794993
120.50362434410036 65.34294843313556
70.05623494428164 212.26104339615415
245.2125925834824 216.9843982971919
97.57650882462906 80.18386360651716
219.24544208949527 189.8516294399386
242.9780635416131 62.21382769629674
216.31126849136749 65.45389023303441
242.76153129913683 225.25378208390686
131.06705150335193 207.87366981807773
17.467420163416264 100.96853561060595
124.19181698084932 136.01277419376075
127.08750167582511 137.7454699630987
158.78008104934005 194.69609662184666
210.86319993697248 99.43070206271811
171.4346909437139 68.48628897160519
11.243295958795807 246.62506926348743
39.040904362224154 73.93494543493473
229.12842073535927 174.17724792747427
176.57686778837763 129.65972478232686
210.31628439134371 240.05137943530903
20.291471628570314 139.70402104644552
112.11204848649095 145.6612252481081
126.99969965501101 221.93004570353605
208.04916621325435 29.828635637294514
246.03526439179336 40.19291925219265
29.94686562020579 186.5106432585924
206.13549109616804 114.44670159998397
206.28847758976335 33.34939600286074
237.27545700960945 205.64921718614744
9.85015414051102 88.25568800083039
155.1509864255125 48.53093439519732
9.53408216316831 181.13305733946396
191.02984123844237 176.28464564372123
231.61432936272251 36.26954936141069
82.61175565402965 112.22337015063813
148.7431960946664 97.95817883206549
124.34493945045466 198.41888740150273
211.73882913510863 22.989066117555772
137.39590056121713 218.10250787364106
152.72892313957433 40.654398927258804
200.21578155339532 89.2250939871603
5.141186450072722 212.85028720241965
202.42676437048544 139.00578513734243
66.03273548669364 174.80173488476183
23.727265648340683 215.79971878632122
121.57222436329815 80.19368057246231
206.66835656532226 201.23278958892706
221.3989331097276 4.384117167663098
177.27255223959276 62.868975059939466
132.68020760514196 151.95997196759052
167.91211554181453 67.17057035619517
197.87513926099038 20.14906092569718
185.7282901628583 212.80720234614375
8.60691754269663 36.822094228475486
117.27990598676499 68.95921822537998
200.42781492831784 204.8505722860975
36.52781596767984 10.691335001076329
5.561801333106437 188.7082289151126
90.69097913063459 99.96027431572863
240.46487670187497 99.44108698312004
108.96768634113756 129.1246442421821
50.66771037765116 60.32904663323432
175.32328696779135 53.46855947542448
115.48960791601415 46.64784246477158
154.88692647019224 47.66587703351571
211.32292402442775 80.83298949872416
208.42060994473488 4.278855813420468
233.90778614362614 101.45302087006114
181.3546947193264 169.4879703586443
217.17443258442003 0.4654748454583635
240.88890666673493 214.42971195922294
86.52987095714984 22.677247959865337
242.85347754563105 144.47554707965875
95.28316866633016 54.37359959817245
30.55181989240027 224.80804328483603
188.6681451709711 137.81067245575548
59.84345398528965 183.73781670927502
74.01733216057319 176.80023797914197
190.91353796635897 72.96241929765507
13.49849668366962 41.53134165250233
207.75940123708912 29.45407140245271
136.89288085047022 105.29550642432858
4.294775953343821 211.59160084681366
95.44555512166359 116.30634811526342
130.31113282405727 168.51018127287074
70.6610648315068 161.71815834347493
225.76122621085423 77.986330918051
158.1805138275687 83.90671846838121
111.17300750270834 125.07782222863773
141.17711683727725 48.49528148772691
54.02063786229094 44.570300365729345
214.44177040922463 191.42365879632692
163.52611728819315 163.09792405521202
220.43677728313043 177.89632911937764
121.58894319729197 159.32246659698038
72.60376977093571 68.39744711652219
56.47046485002455 104.55109845900904
106.9151756117949 126.24326783092744
155.57023818527216 65.1479270845959
9.218711833530818 205.4485154883547
79.2195989754177 85.40066948522215
74.08641256180967 29.228401570570327
71.49929459209616 77.08193878358713
4.478446545984172 37.56394438780203
154.30270304533073 144.7993261523581
37.65334707391047 241.31411855288002
57.341109082674755 78.33287053869346
154.35832801877888 227.8281686469641
19.18352093433162 239.40707347607778
45.218243755751786 236.44745016930037
141.6284535788301 32.641116459170064
228.78331588541857 174.38853056592376
102.5133715656036 27.118217538691177
191.74575461390143 20.569994987615942
64.15212832652587 209.92751882484453
243.22261262048053 71.89805675227173
180.02298549227422 114.89236111591653
37.2294551189136 112.45145275269375
212.92696513741186 135.85706535394777
78.01621015739069 193.68617918696663
121.50698867380957 104.05457246397462
55.67472855072209 155.84971897788785
146.20295460549903 32.36647722591615
45.320261749109136 20.66390026232029
234.58049818276726 200.1975274924845
155.85540200720425 83.13942219168207
150.8149416542498 112.46677810397904
239.49972117742848 30.970205819198128
191.31726376163687 155.72128224251625
158.35968932767915 220.14426258320404
84.61003473462573 214.97770890179245
141.45757055310773 243.99975573902745
248.36774022939147 9.122780324663765
84.0430911011722 189.47283170006224
171.62479166127724 120.88823477934771
246.6846195585348 104.75160049787624
201.27774585760974 153.63006561633043
86.68413878850495 89.31588767668647
132.1168318401759 236.81984675108617
109.87868125356421 168.2909677236515
108.99691661620817 88.34295852967755
246.3957710491868 177.74719569517652
41.624135672644364 47.11659046612665
229.2032382021879 153.7892031797049
34.65261597390751 35.12312935629214
12.997797287916946 228.42334570386717
135.6501239414369 53.05381545608634
103.90298087842639 125.20907004852388
80.19343449937466 79.29515107356985
133.43652365341808 235.01661050411386
155.94021610519482 186.862662672812
49.33333617945287 77.60569995045779
116.76579154176167 163.32380318149833
90.50184064855296 97.98559215620217
105.27423203262661 70.5757620002344
175.6863495395607 113.0745740839193
202.31828974396453 227.74828965298943
246.31941715881166 135.29183465351466
21.372477677762152 55.751063887838846
40.77138806442157 169.7981061630031
106.88895511203894 83.28711377114189
184.23160080635964 20.865162657428797
154.7584392589424 32.90227260570644
191.19416361981078 172.82899097486325
233.2518513504165 222.14991689457295
4.846707011975898 60.77506567331808
112.30746130273921 179.67033919365568
177.35122368118252 136.32528074590002
223.64824568299716 239.3731668637999
74.07711251119458 111.52516030590304
7.83125733045012 75.44459337528633
138.06503021427943 70.73130676810486
99.7360692877357 20.632132359623494
148.56807702334922 135.72692659073493
223.27871044457416 212.27791071319862
111.87130887271654 182.4283058134896
107.72223821429344 85.77046281121353
15.840137414077832 129.06350639592156
211.7266462605669 108.46430312927986
66.85513650869174 51.21045735552895
26.669437905650657 17.33893238242226
86.70404122588923 26.13391961311126
47.25408966713632 20.15448149725685
125.38080022077983 63.01009322553999
182.69457069211205 105.97760076678853
69.92490149819311 39.33845676749193
211.59434487695316 223.341164382776
84.8941535202932 155.3708651612799
3.9467593001181744 38.09749926935566
143.84094369954045 56.876910179175816
190.39948747444967 210.41403924113249
196.66111790251296 221.8736800970988
56.35544504981033 106.9318901233722
98.11800213717717 207.5976738366952
115.43096410601733 220.77660313492092
94.56656185500285 162.04898607179547
116.0317915751988 14.432252410465779
181.87586566050757 103.38611931827488
87.98639470597428 63.120625699427336
209.4524260212097 3.079415625380583
197.79050219344597 228.24168311308065
64.85122895661632 82.16538619676372
57.54354889116872 170.78837134991605
13.730389968018619 107.65703857203745
146.91084172912815 50.54193012772814
164.59413828991885 246.534562473879
168.60651449318908 160.56133855276363
164.16602920067615 9.13390415080914
222.9455748305102 87.39956570679247
167.68612336414503 231.25327974619012
19.416271122742135 33.91753599256514
191.20121423210608 43.90008923979185
7.771557831401599 83.36114263901939
185.11485786613315 159.84593437391104
200.58806241702482 224.86153123708513
51.32563814138336 111.06212599638604
53.13727589630143 234.65419147992185
3.4965936049927704 118.56602201467375
222.31664515056116 166.62480384792516
105.89803799502806 43.0599931144762
0.9186426773649392 163.7737526008644
125.88932129144325 193.02419926691428
39.694575077673186 232.59428895538358
35.73479674081495 89.92426648704621
40.795785183857625 131.00882988363287
98.83318430704477 59.23015125451378
62.961318902956336 5.4692779755788345
9.553436412023498 152.38001198235057
115.57228343568559 239.3877901248243
136.9854601232372 194.83566857620872
76.8575260876764 229.51868729360746
148.12660519286703 136.57485804372988
178.44208110028197 237.69425131472062
132.2927698958006 123.19862221059
182.59100475413422 185.08465908803137
155.01844771471403 195.46311740160502
220.10803880150115 116.47062053161899
101.10886605659161 165.02536270218286
44.45049303630238 4.3436765684779495
33.92382293896529 169.2374047697128
223.0965526634776 232.1217719387496
52.01653895894401 200.09448683462023
116.0293951341259 127.40575721205013
14.580727699653185 240.35419274341214
211.4272723536936 136.45919920222198
175.56076210642036 239.17519105188296
171.70402125106608 91.03691290566144
106.48298660496714 1.1813484125328122
104.52839127991182 59.07806069018787
228.81574985286647 60.08869444890463
190.4604955565692 201.68705150859228
116.21225865632995 129.98932791112804
118.89936243629174 29.471617603022054
109.88867359759266 140.38037843195585
145.7775836044056 198.81803617632562
127.03805096798115 189.00035664315664
154.54791322712043 54.14844758386714
148.91471754815328 142.83377703742445
248.02548322644193 245.04696203958252
197.9511481078041 239.19915046572592
165.93318699854424 25.339731878509742
130.7999599183757 184.5716180062719
100.36694486382471 210.82743883875898
1.3846939267034286 23.917710114158496
51.03134601502152 121.58721946987222
146.6496547864221 169.3745816717923
74.24198445755573 160.5290489281919
194.18130305951624 138.48225601836236
56.471222668749014 142.19728425013258
213.14796180431776 98.13744718869779
246.75302351438418 34.42074027754316
51.039947120175015 56.735609070851346
239.70004871147398 138.78597479003852
14.397843459685255 210.051835181998
21.327492745053135 124.92543523535696
138.55480487664602 248.9883872054719
89.33630390606864 174.52828624051048
83.79029203085712 68.47931256623072
172.45766125911933 155.674715257748
68.57216344577988 1.0933158859710301
194.61267341366758 201.27909122017562
228.60031494433917 181.1292315098763
213.63332943465127 176.2765694941616
66.14960877871489 110.60978042830853
45.15579296291208 146.49125519807373
22.14656901972814 142.1655391746558
161.37015000457836 166.1265801784127
47.09086477290786 234.63216310369208
96.80194463122265 249.50016738987537
144.8037151275592 116.15863814162213
111.52829428691474 216.73613850378112
41.66288393967316 176.15963676243484
131.27048404375998 122.50498011524274
38.277082350951176 189.85191135420703
43.57808488501425 187.62901214238136
78.63671680612252 177.5546257023089
174.88431081970134 150.9760599350054
189.08199085873798 186.38593462271947
37.82078046280052 54.99150022622365
63.23472679669656 105.97228179323909
92.97671229863167 249.61183661292043
218.4189963815601 162.35439516319752
233.1044695307753 13.598282984793709
166.8065507980551 104.71171778107619
240.78922569552114 162.12922157248292
134.20369634466402 31.905112695052363
214.52096247889938 19.6310094674505
34.01154890239566 235.83913683779068
44.645461002125245 116.88599167572006
230.17863035185025 28.548705756164445
23.71814723202517 215.0556130333759
90.22074123798268 175.66217278650154
182.20727351224556 204.79531988169148
208.96487798166214 58.26586789956298
115.30620987868176 83.77585508548732
105.0961485786856 248.35853818788794
131.54230321939272 186.53808199797416
28.097605271610316 177.52922640293525
19.716367094589486 173.52392856025813
111.59548589523763 97.0430258920228
99.62035681869818 150.8890432647901
62.59336391501397 165.3102518493268
66.43350221006087 128.22536810347628
165.7420441607803 23.740693787501016
93.3365186528756 40.282953420546136
202.77427114956888 224.62874350225815
154.08281446229958 37.85161166152168
159.84743306929542 181.07254319583782
177.43287160375206 32.074437631098185
4.333625184787914 197.66761895443344
245.39077088176552 137.61052317076908
138.54317320431804 208.9035910187184
6.527719517022856 157.8506398947996
51.22319879437789 53.19416228288782
160.9974195022728 148.59106226575457
177.28384160060375 149.14861697291764
184.25407103865314 200.82008372941513
19.16212961948488 217.44551456347668
163.59862455035193 78.11632802875984
210.2500064245961 190.0633765250749
177.79407322324164 14.647530635597622
226.58133935290581 98.40637859086176
136.8245610358344 106.84025985415155
174.22533552612506 0.1493331211003257
245.7490860371702 156.79059906743876
131.70257026468425 96.537368262639
112.51993448609979 211.39023204526902
90.15705792003013 189.4172092205119
19.38642643167457 180.245362788706
147.3827451954867 26.116501227922086
37.08556623411613 248.71252714584483
179.07087647789217 12.77801925288316
27.899047326803565 1.357628702655267
30.027577180963494 187.13584716499415
215.03488505742013 230.88906913799767
143.42427942407954 27.479605728638834
142.32848857706017 52.05789426364921
32.60588039381021 236.47035706867823
61.26533876695017 59.12953851721628
168.41478471381112 55.770368112306876
106.01865646238109 175.43458210756643
14.38615187862416 118.62320135717461
216.52845422559048 74.85098681859667
135.09798098759939 213.79776364889923
44.06333531144593 200.2750459457771
69.26142658316469 66.40984146057998
80.54971040141851 140.15543183427837
49.408706422913866 208.73314641961065
162.36205254096444 127.66299167513498
42.53861039587486 121.36312797345947
103.64773167603997 74.61080594608497
50.70591440815572 186.48542238469602
45.11523020693098 102.60802833419932
34.55961078058042 146.43532427051758
210.46202502628572 234.3211597206823
137.98022995056647 141.369191981457
38.31680808065055 182.0513176318594
161.1313445892497 31.377732700012345
218.85634367422898 76.86273043258291
156.5885084568178 99.59813409125157
200.94800466960632 218.62811625598215
15.278917051741281 206.30917920383484
102.57750460443765 216.45734954253786
11.725103474138576 45.29537051389374
6.663855796338658 179.02310059644924
126.27673036070577 33.168641647161074
202.44051310831387 165.04867221355363
38.18479131738606 30.95221355636571
125.8308361625044 68.92093198111107
127.2858670353419 249.18100269736425
98.18376561059158 133.89154707809075
169.05763513877494 87.82357454342979
153.3971964979048 98.61498757643203
224.56292413511218 232.5069434451567
213.3472944547415 191.52062890214057
33.729833582893995 134.62283129522166
14.891852205976747 100.71571568646873
176.20725951117214 201.52279655586432
163.31145182010232 104.69879277340246
126.34559823306205 136.67339977589918
166.53469476000345 148.10714551902916
114.17088933810413 249.22566528712142
164.40029751896856 95.82495958254006
45.00679230019527 122.78977762505514
91.38161704324787 217.4719432948048
121.79473951142808 199.93487641278938
171.37135469840888 27.972146663106656
174.07641532327114 164.57358859298992
32.84659350721925 139.50386887976788
145.63287877273768 19.923083106134026
215.82732001178763 82.57698227405541
40.65701127621657 70.71429951443109
124.67483238429766 236.74885975270018
19.560246196367785 230.01233243011563
75.6407537042941 50.32298608682337
180.2415208429472 204.3087070048904
144.34273072881626 89.23496988956572
72.97282110033463 138.92159646912046
117.3680383303366 153.0063951553615
4.7352079084476415 7.390526828325555
146.75162806856494 144.54855142476242
127.04558364197321 59.165975703295906
124.40891950229401 158.56214543812786
176.59650626701682 73.8170311339979
22.724180627297976 13.918763054222655
116.54899458851847 211.67182621984858
123.05186730228645 20.279077647685217
241.32503344603816 203.46706412106965
154.7884668133441 109.31756663463601
22.238286960742037 240.35233672150483
27.6575438603856 157.42498199489756
65.76432042926483 122.88152208737543
12.071134011169187 203.05295829290282
103.63833251238843 90.13728463520174
70.96272512190177 201.58391072248327
115.2827267193508 96.07171559138159
175.12708360631171 153.60738073734151
178.17402952396367 228.58694334137303
94.28837866352033 102.17927995232112
177.76382511648933 231.3970177227785
124.86292914509691 37.79941595303049
137.52779962658278 38.531189877077736
143.69471100251332 3.8057613262174605
151.65928703398245 229.90405969436057
123.50801516593293 228.69167138332983
107.6670216088694 234.0871542711392
133.0162840085005 15.740984552103072
229.80557983826853 17.991053167863534
85.5026853958327 188.67991430645714
143.4557880679103 210.38075381660386
172.05167895989365 100.6435860200656
215.78021860092406 223.7471680796529
220.0001268727828 234.46120629186265
25.498792392546683 230.3162366719036
180.81414864597244 182.48692557100486
160.85921619460592 181.96402171153312
70.14770667007552 200.99849966416394
216.96543500094631 159.62505851732868
122.26943390630146 38.57037408286429
114.74908266279036 84.08774498508514
156.45398317065585 24.442503853899318
104.90368000553735 38.709846872760274
44.57672242445854 40.21631281934679
231.02874240400226 201.40022464247127
68.46501424189653 188.59320871332554
192.60537809011427 26.987887087737832
73.73586345502417 86.00465959806566
101.16400190476688 75.03724652289276
17.02996288203057 44.546138139497174
46.49843422022687 184.59695340329267
98.64137165091132 147.5553454430298
3.27345674465096 65.8375574098129
118.12197461446597 11.358550396583178
88.36381060421358 236.80598825251096
175.480782276545 78.24698409717936
34.618601795554014 54.7493255488388
50.288353733765504 59.54722393863599
152.01602778625355 241.75690439516413
136.81458138066702 15.273914328612914
190.285849586156 48.695741607692774
163.16127605072788 129.5414645704625
161.49493470958376 80.485210911826
34.9082891475995 69.72048150916183
162.29828045168819 144.03114874496583
152.08255460193922 219.72110803542878
31.029623407132195 218.26276244721979
121.9448695575665 165.84059009135737
193.34997563699724 124.73719351892026
212.0112667459649 185.65472878074604
63.053464859856575 244.01255555449464
116.87692381680931 191.15540008007832
235.96187317514182 209.54788835398793
9.339319832692123 180.87880481506974
183.03055816335663 235.74433584941153
19.444067691439027 215.21443816605736
173.43261842014064 36.34198340039826
0.35844492263714667 97.27903435641997
126.31609483325542 104.63880312980884
43.75475510083734 72.88352334303607
100.97917921716653 152.37302484167802
151.26638347833403 201.2624338459541
99.39913114755372 29.722124141225244
247.21567919289706 144.45662060442888
9.468351587167023 196.25438101596754
86.1259145719493 229.2429594336945
66.54964127385347 97.79543294000776
211.4397618629922 64.8338236141423
177.9488376960835 118.57547702514287
144.42194492009185 79.04143011664988
190.6829131253977 219.52085186293408
189.99938947957696 34.67788626059715
48.770019779234175 84.29367640899751
47.145236232227745 42.83999055817789

156.37652371312393 239.5591197025477
205.13370189779047 95.67325526686626
5.931717309313384 219.27270056041658
138.09972329246145 143.78554109130025
84.00398982796706 213.93404344745983
218.75733878096025 5.742784785074506
196.10240250140276 149.9546260680947
39.51775413009473 21.652372267764676
184.29045754688204 141.31535817088712
45.60580255597343 140.33205678455172
151.93173156614134 145.19710387946094
14.759598406596409 96.86469919403004
113.81774317164489 55.15516646077342
225.3856178442942 215.74447522601466
101.73039211607416 150.51855110322452
140.6382580463372 164.5256894793165
119.5164588987382 55.756961962403985
161.62068395123615 113.20218200499934
205.21214926110648 152.47258507856512
190.29843611862503 18.50824693608011
56.386268203534456 9.204564829641965
95.81751751113613 223.9989484521619
83.56661784084702 129.0038198223363
70.54608446300404 37.45197706721204
146.60363805233007 2.659206163466793
146.38893100820206 187.25288964628265
203.4301676182372 57.10900170706507
15.372229609556781 57.9570855712152
14.388318748222078 35.1987722851205
18.488282335317408 226.06756071831208
18.13796268483167 81.7880895438395
203.41538846548644 100.38449751486084
10.19936696339943 144.09895186435708
223.61110415206116 216.69380819333068
98.8158677910708 2.0078095922628494
120.53988312606279 146.66153707899238
182.16442333249174 246.85751578320722
52.9669693317682 218.47404720792863
113.48850532744869 171.3081094868458
190.59970678337882 238.60388178951425
11.16885689245023 44.20874589750296
212.78187233389394 180.86496460837196
192.90463317164478 189.1809115375381
112.3184740765649 57.59600405414261
90.3310676442707 246.6195850956468
42.468330799336954 76.05051389407069
178.30712103957634 96.84656577010698
127.70437574866885 119.49247799954382
63.11662037498974 164.9424121495827
108.8850936578251 135.62511699055298
152.10828223066312 209.8568770301934
243.30747473080342 184.28924733050528
194.80723298448802 132.4271241720076
177.0488239568093 69.61086287709404
11.891927615962834 145.42340350677975
89.1202591437745 165.64693827425842
241.75501467276274 226.74974146183482
16.140390326429 239.25223164430034
63.338680376126916 223.67938726904225
94.26813725145533 126.25715830765644
195.6309166774931 162.72591828522766
210.16357616931876 222.6357899559666
64.3081556388158 42.32793051340411
229.00134388135655 214.15612315986908
53.0009541481051 191.36004118401604
39.533394906245746 86.81817937313643
75.6052681657072 75.30995398620318
84.21392404329636 85.88691041589955
86.22132617419548 142.22210991006287
100.74566380132049 102.92251889439427
232.3754037911641 202.0620097651953
180.38417198322063 4.570923548437827
109.60194771849322 107.59463978295511
128.9460026752267 214.9439681378738
189.28511543009213 185.80228513824468
70.67066793715706 217.23592299153853
116.98410357367828 68.22476863158202
207.79716934791523 18.061157759189676
119.9664891149252 104.03550030992726
203.89881766489952 82.54788827259549
15.57466191691892 148.70895193006012
168.8591525337099 64.69457754201521
81.80485754825196 63.323656732965304
234.69481453548218 189.59863712696475
234.79074736485103 140.35204488247166
166.77233659678524 139.6248042763033
148.1551790779481 144.39746255010988
93.87781414768992 97.67800992583803
64.29696678752845 135.939958252758
176.9178568131098 166.0572698055318
39.41122596517374 132.30517792073306
60.47431191065286 171.29404803501606
2.957190964751444 151.52577511795818
74.69858596865295 10.25799964400123
212.54170417586343 177.02250132601569
173.48060301284846 242.40240954498674
170.76619337802052 130.7525591343641
244.15024591451166 3.974258521228374
232.65247333835651 242.53644240142813
16.32546216107181 131.79728286363155
39.66779656864755 153.15525444696357
96.68636889781618 223.86832795189812
119.87623330387979 167.83922821602303
135.29515343780145 104.35304247743734
4.795267347626586 135.0543558917862
129.41312895888672 44.95666589818803
128.1119391773464 153.8990313694533
225.52473191237092 162.00094537520573
48.67773435788436 201.53009500935207
107.69739148542517 107.3973930809618
152.31608218508134 103.98034191822909
167.64910536495344 34.397968759670775
201.6916154454626 181.74228476619768
235.289001267461 28.317458140161428
233.23631532405696 37.24816190366256
230.09799446032477 72.76041820195894
71.38936550604701 56.215191318491534
134.3708142395056 225.46116587998532
12.911401214443035 244.8267341615195
13.133425437820673 210.66546789580693
15.976179780423067 129.20523764350895
183.69373493468498 110.96655943809338
220.62795173897925 119.74107784072629
243.23061719964952 208.49969339760958
14.954666004043633 242.1457110394306
46.738746219225526 111.54951592656059
198.88735777246657 204.6265525709049
128.26410121884055 104.75465574863516
76.32943973497113 86.62640774572064
127.40169236035196 97.20163525652373
249.68321271861012 117.04700682514641
45.32784786806005 21.033744406454698
155.95324341900997 5.721180487063854
61.25139182706232 46.54216317017787
200.69955992865465 181.0145963188484
154.0383768405563 138.34687679475087
50.63714019578256 12.560361908345087
226.6999549111661 1.3274083105280499
182.2232586685241 213.19435336427128
58.145709447136454 212.85845483421616
224.10477729931662 19.492441443448747
46.80759453900627 166.39161206550008
217.70717300199982 78.31869841217117
31.996302172897227 248.58994289933906
185.24145868547276 220.7280672123756
200.5396232744894 142.88363456167477
109.2135346252718 0.38605012731332544
40.31444662159917 137.24754033781
102.40435917514132 14.001283606300651
29.931200552001048 74.9116524843445
63.82690167030478 106.30181107966472
5.017833812583195 171.35124721337957
249.7724665469887 202.91899382073083
85.27352138545035 90.0069550217292
223.4618789426525 243.4885027198589
243.746278538002 120.583280584357
92.70688003111024 177.97703739686636
139.12342815216766 119.99469493600576
53.92708171649838 192.39305048140358
195.32597204807763 80.26417878197465
185.44195963134436 183.4836817224848
126.62516266278112 172.9573123536529
137.72966855590832 151.31905354963408
87.23894813905908 240.7138303492943
194.49223128461512 166.26308665469935
9.015022152693259 142.7614387501052
237.02595955700178 71.92441885652659
192.38096471827768 244.53903001479938
52.691230674794696 131.62929526321852
35.07626002441835 22.199672466590297
207.05650365599132 19.99852412713202
52.1520372556773 194.344674855263
177.3298595488943 87.28886408199374
240.61175142522396 85.86446811195606
54.1255793779232 68.67424883818262
27.286048359247335 238.88007265491385
66.60614925942721 2.681107651076209
27.749758326913955 96.35148528946618
147.13341884551718 214.11075527839856
207.14772334690733 171.13359233299028
31.47131333518721 74.89287982901818
101.73612111522132 118.10273755826267
201.9412532253702 246.17032520823207
69.29281103709936 75.02170073730922
82.38028391941441 126.58384991861249
118.65134275390932 219.49255034440827
186.70193793688026 115.26590636753112
79.95784489517222 134.97194087697005
103.51449323718995 162.87523981761325
21.698021239848654 182.75035039664144
171.8790911875562 149.14881267260176
85.14267207053317 59.62737270001139
113.1573713487557 200.5664085272315
211.74977783412174 0.5876582504877326
140.24009241642605 150.8466704158217
221.63978266713843 192.75388816056036
45.85228097686761 10.78625947907258
94.10208653036212 205.79558694995825
179.22518922286434 48.69981537614079
11.15095641703831 59.75621069004436
110.42350038549101 71.42996397101051
128.6664100859596 193.73741916957889
14.991238301248044 20.18866853615825
44.89035812561243 148.4854521811271
235.12502171617382 187.87143020549567
12.310838427069731 190.0200173114641
25.77149183539512 45.528184277160186
123.19040460077846 106.27176645941624
216.64518902242384 60.146613625680274
222.90978636872842 94.77283892542313
176.01314461112207 197.78986235444503
30.156162984757206 240.8094431435502
66.0280831218255 246.98585560147032
99.34181009552684 235.04079144989876
124.11771315248146 43.412939508527124
164.05519950575723 69.04717055692228
72.4478908923977 92.5849190561287
238.43517171662327 68.43175341228583
20.042202715129935 59.74992917017916
239.3732776963942 128.12308680964324
199.64289013492484 218.32290370613168
242.96539747082355 201.9570955779124
234.408970846339 58.95657126445092
190.91689614069716 156.86194258018855
192.76252005329212 209.12651927430363
66.17281097831332 174.68944730660758
69.17701298792187 126.87358757288165
154.76731739057513 47.404021703189805
95.06452295216522 71.97340221133186
43.069502188580685 177.10664757441373
213.1797090073189 104.34809205980969
2.9169941840559432 14.922686529231816
76.27010283479832 67.15157399953698
162.0209195894881 91.16784560414933
84.4198535636215 76.23276532950393
245.07571866558175 100.99630851385632
21.948328360593237 61.461288917516484
160.62292490974698 44.07503303013596
20.40020485725774 151.64588371047589
113.9186562094423 100.85768854421582
64.67151721698389 143.47427117482562
162.57065442797534 180.03630188599902
189.8583981424299 15.143056082748213
2.5471866868201074 31.379674247235144
103.44478695143202 109.56703550461297
198.2513477971321 33.16288623142963
110.09043916323999 60.50307343030054
94.66668145858765 127.48072750763708
57.53592332625112 220.3649224342565
90.06691819278642 235.42611364465262
35.87355539927306 10.085788448654986
163.43262092080172 229.612228878494
28.555037809585016 103.15622507967997
188.35388399255368 191.598781870456
18.73998341280714 66.97919572469179
37.64454878455623 110.08825816900928
116.98804137443108 129.2714925551249
76.65721661616156 3.8136470616944584
226.59250237933688 133.0609303478156
1.216173984863872 27.535912061208727
173.74664066239225 225.87078071259054
38.283192864939586 245.9833184417382
91.49023595191014 191.9821249883225
122.00396253505168 50.06508437493068
232.59339140122464 44.130623695588014
132.05659214295997 235.05830885317678
43.07236347044741 206.62592989734674
190.81197341976397 204.36027950237613
118.3399205896908 232.06212842556369
87.16592143009561 60.38294836932578
24.595302828714193 151.5137992433817
46.63364824838737 142.63768814101775
17.336972594184846 134.3241330936559
101.91038978512329 108.43206663438484
88.50767825045114 239.22760178867725
79.08020980191249 224.73896465553526
144.46938807631227 129.95892663611497
190.55983636540842 132.0069377547366
207.49926012327413 10.56234467848116
153.35441686758017 65.88527233865182
194.68566538572156 17.741238729950148
248.717106861435 16.08945352038191
218.5515082952857 210.53015582557006
184.7627651756775 86.16514320007951
52.6045586376877 231.64959002946125
192.3453682948679 93.49173357636228
150.27840998699 87.42189314061736
193.30140980176483 28.159958867025438
183.65953912863515 232.5615636971931
29.472697665243103 194.11026264860973
149.57054890988795 176.89479150676155
84.26843895746228 206.53034524967035
123.44181699883472 6.35680309611325
162.5216407170838 239.97464004375774
161.04509875729642 191.47462522617812
247.63194972369038 212.40755259189766
158.94359319634748 219.14561547531204
166.23417805693018 47.79558849822149
17.20366398413059 173.60987490860086
241.23495521794737 147.33693456197693
54.778302949813785 62.076958958905834
135.94594208412093 29.536059076228526
20.662669841493287 35.06386612050596
111.38713815368043 215.60485641450512
178.32295268360917 192.1123936128066
113.71144639179767 25.538109751004594
224.38186608919634 125.90407523123167
88.1326148439993 115.42875319245135
34.42291567440972 17.749574707344117
41.61296699095915 89.96131152393147
65.41010228706509 212.76540445592113
74.56194921694345 85.63337431936644
161.56624158528678 202.57687908606636
210.92965747085444 199.99124587781066
217.74033723169845 217.43923295420257
88.59057241456874 206.21440838102416
165.328086936571 31.375552054744794
197.0071377203219 120.10756449414082
246.162040304833 70.83449280300641
172.61450616142736 171.95747645284558
163.67524940259443 168.36822463981522
198.81442786302097 224.32545992848839
13.639741045290755 86.18958888681108
84.54243304448161 171.90080691392893
178.1384033853945 219.06427958214707
181.6224834481026 16.468535289621666
216.01010509281988 85.67387452544608
200.13252169991623 190.73292530593602
188.96054342657195 125.8922063631186
232.3173742685998 197.13021521629926
23.430593319429178 13.355374468681209
48.18426780823598 130.13125981051903
180.25728368862912 118.32233692836405
217.68216292349445 15.272503128486047
219.57336574217265 171.6246792912497
73.1885583300942 24.0341966103593
175.13315743144048 87.12916284228858
46.58821713232864 9.038625063096244
91.37256936163091 15.775783726336257
171.8413128397965 50.52138185941266
152.60548633523413 180.29099667573138
83.59257579932522 72.71199835464657
199.45618065059563 90.28526791596217
28.11888867824111 233.23615077497584
160.75214873204388 7.345865866201118
132.45023866356675 31.779313282113808
241.4055881158311 129.88401016318878
152.90519494670684 81.97523683975638
41.24809245291658 10.957100666721814
63.61516266512779 209.680630295732
238.52414864396684 106.47226935068466
33.75802773842518 229.81272106857713
100.15720859340304 88.14889596686706
17.163439117561573 82.32165706842152
152.84004405802273 57.16902331313242
193.12495890939738 44.895821450590624
1.0493410906759204 211.5962628878161
219.66961163666497 42.97986487515409
200.49105730892248 10.730642235435377
238.57811327109727 32.38953151840218
146.00047936725875 202.49422236188911
120.25246879107665 60.486442936766224
53.80359445436281 240.3901890738751
146.02193293825766 96.47231474716739
139.39323175079454 128.6346590847388
214.3574298445931 76.28163116269421
239.02171766128322 140.29084025088574
28.12457831249554 44.314305063362674
59.79793642714351 4.662413001619431
245.08192674346083 190.96313425296484
246.32627482505674 134.17835327057583
232.69128343268775 176.6163395712181
121.2414351297518 206.84572336406399
7.722784077779876 214.6001041909858
192.78303734716383 200.8841469496165
180.83131978129023 174.2601895768431
157.63678474719808 10.979831759016928
21.609549893330083 244.3252004726076
31.089300130323572 145.9584971495136
209.51972303126584 49.2554768637323
211.17748529516285 70.03273507582914
104.15143036459828 147.21210098134824
155.86374946794555 159.79301609654684
62.350566570724936 101.78544172681673
57.123852772793 117.5501874605035
171.97160079121272 236.45457725128847
75.43181258659773 175.69399551917675
171.52397036331152 45.32683874931462
223.25635287551708 48.89822122255061
30.343710289671698 120.41778240392992
203.4253508118615 211.81008857697782
138.66289292893572 177.25161277626984
140.7073862243161 204.5016726290622
183.26520882237207 84.77962226977532
113.1331673210112 204.70611320612375
141.53074871650375 55.16648886698791
54.06601375955758 59.912811152284
170.94606054640695 6.983053041601073
158.22335791075577 108.7358987840101
194.29536896108525 112.25382417786348
225.9598445356661 123.16883806882234
185.0737208198128 158.93127589282437
76.90429946051036 32.89687760629828
138.33008857710263 119.7020910392706
89.51238093377457 116.17431265704495
120.71279449693303 39.81406662009848
158.44767943934957 149.94123153401446
8.469839219541559 216.09293396450678
53.355750523604 186.9478041677593
91.46949720913786 112.60966264215746
103.64999997127022 47.698053978913215
4.721438274015527 12.50014095950519
5.606427091283006 155.0846959232129
89.01542062668643 210.93748582985762
142.6247113865422 22.921489406453915
7.9995814580563485 122.58809008093536
210.4249505140284 60.82484091423993
199.75239265033545 68.36202741412761
90.28667890875577 101.50768316859552
11.958343731991894 24.636775654923532
246.30365513931952 200.9036971314263
102.32143835756915 158.4148764880097
50.22515612247591 76.7786457065267
108.52054101807035 103.07928784618633
110.46252560060854 130.8361381687171
158.8147021310014 207.72925672311533
205.121901917362 173.89534975448606
95.72158537972292 176.69987689950648
127.85668849904175 123.54052522122116
161.07237855101937 162.78530993243666
129.7792230209911 54.40078572523985
110.56030031573522 205.82377749551915
205.92425304379526 153.12234169943528
131.89328677678537 136.37923034405932
217.40002656221662 223.1640242366534
190.6514784359542 84.64606274080077
155.3229801382991 61.79430088631446
31.88313307930668 1.4441616633811272
156.86739648143845 16.21067825898434
68.58154666872137 161.50796141015007
117.12811750798974 123.89361557512332
0.8854328044089477 240.8090906535878
240.04645736874744 173.04899125960347
103.30168788272051 139.95376497183486
162.05365750979942 176.61132971077288
17.593790311945245 149.13046166591437
241.401603564811 175.66595093772264
232.09681409868696 129.65027223487138
196.1449890700767 104.65705600408288
76.85235396547654 148.911376611748
138.24285723675666 220.8255056412383
174.86507158292846 160.30790098644027
156.92455942048258 17.397254783604183
99.24361921134795 214.18515999182117
170.28496002770336 110.65993503437358
88.38800812803194 77.8405364483728
130.19809111511964 207.58445285163873
126.19733590194367 87.93448345243695
33.06016315960109 218.58149197535383
15.08733711386534 81.06239534471116
24.18481177720777 67.14800957648393
229.45979783570152 176.04834707099062
227.7076237385875 239.52944150203166
105.34033935877099 138.84143572066748
0.627192752536504 225.6742117387363
180.80083167172808 245.98118758399067
53.21018179678635 41.17692252629057
208.4058213556841 184.07897596022715
184.26475890544972 21.52443556779013
92.78888478918576 14.414108580705493
144.50769049359332 78.69857359205245
116.48253515399551 193.38424032049716
122.62114084685608 132.22451518772087
215.10289406874043 172.06572474557345
168.55602165969472 10.045776956192048
0.06798282355632845 210.44726167704778
119.43506775508855 66.20563359154697
99.51558029857898 10.974438153115607
227.20669097013464 148.18796224882942
139.3242812565643 2.872284477732884
215.98466461131488 3.867252005158334
20.3067204843527 149.03058366948198
228.8406294546263 209.00598283655012
69.22345964221624 36.56146082682648
196.14249890551505 249.89072813102152
37.18053069300975 217.9649621785609
224.34274639328686 117.15520579971684
186.9138434032987 164.02630480533907
106.25210248633343 236.87536656236236
101.75222165655903 117.29034699418476
21.814649626150427 2.241414675177439
29.227590744033527 219.095938739338
235.31695433015264 228.04485793671162
246.13958394320983 244.54562162258037
186.12266602176805 209.3059759943065
3.450111722404725 45.17122505735571
154.41969111575406 23.373063849900344
53.63688006419151 119.22064534393434
228.16106449806287 38.05946273471344
180.95709577637268 22.293658389114483
214.90843228832716 165.75934646188978
58.25051109064228 69.93826656525512
85.56706132365777 61.26651581704634
62.67719738954286 248.75981290775806
223.59976861959865 109.46809512573849
125.00010256833343 75.68322431770457
142.48047523655694 95.27710139897574
163.56442366442374 248.21045847292916
99.63981958991114 35.41311233357
236.70852650207019 141.70665555846224
213.57281921394858 233.04982126815355
124.87056400906235 58.16047674389374
63.76707192831971 211.72554251738285
242.06659341502657 213.25732342736438
90.50003264841239 77.06390743004552
220.52519717942232 193.00278525778145
244.5757104659348 54.16495816869718
211.79295836957346 63.14761801978591
243.72011462855355 225.1366926532656
126.79526174826611 205.61563864112594
25.013313598001325 103.6551058971249
128.17708587196245 142.72942287724157
122.56737778341392 133.25504146474427
161.609270234831 197.23840695035082
216.7226359044671 102.14117945879211
169.71998512685036 68.19860131761449
12.398332370843729 243.12097293308216
44.12686970657687 76.06390997354748
233.049967146306 169.22777698269132
173.22156739551215 125.68627227755103
205.72122989300556 238.92873964295217
18.028824344492573 131.67658677852697
116.51377647156471 144.5525236215135
124.65098515757731 221.53973658137153
202.28488355995754 30.253679821209523
238.50636329914008 44.06894461933417
27.779420342663343 183.26418199714163
198.92276755275327 116.95923199071274
199.01631778329585 35.65458536802407
232.0653134311092 201.35254112194465
13.182698482621463 85.37921955035124
158.74890372479868 54.4163910399765
14.531928779568187 180.46165582079726
190.44651489386402 177.25088786681755
230.45246431891135 28.670387274675775
86.71743302453991 119.33769574643236
150.1171549605103 99.43171539365062
124.17336963552292 197.05632503572429
211.908830980344 28.58928352252152
131.88932742273622 217.34983239733248
150.1175851588147 35.440229630475216
201.8182863910371 89.5156877263657
4.5189535822068585 211.45384121357733
202.78974396282945 134.79265402836472
67.15678169764503 179.5376206648064
19.455882967694127 214.1378187208679
117.18575401703436 85.45435305869778
206.58452298572405 201.12582349240694
221.39765921246345 6.640525562593286
181.81382982249042 67.82061397741018
132.01013189877293 155.72821404313325
165.17629817318195 59.97577891249148
202.6949664160374 26.89876392128518
190.26817750064686 206.02279916266772
5.6939374025869185 44.16183449957084
115.70336587862288 67.14251657346132
201.76918226142422 204.4579537892912
43.60883988139624 12.374455107802302
7.154464724098252 189.23442262541923
85.80436644511823 103.98101000858864
240.26837659310291 97.31985332173382
111.43802754698848 126.20106183632763
54.12841807955368 54.34655314778436
169.0333266352651 55.61218548406213
112.38290630365907 47.35367370453436
161.8665299143933 48.76059419137058
213.64991151284275 75.15041173124484
212.20196285056923 2.2880272099467804
231.28585342951217 104.23179783000705
181.7677987831742 177.3196476699532
210.6262257537341 2.2302541114267713
238.64336834328384 214.66153149358124
86.78396383348428 25.941881638689075
249.51397178574356 149.07993974963873
91.6166951689188 49.706683351761846
31.810590262224466 229.81961125909658
188.7191759062075 141.90090901592478
53.98459550275378 180.00410257782255
76.53116669284985 178.241268568732
192.37727898082792 67.85837320770638
11.183642689804069 43.49029825514755
206.354923743586 35.050930175165334
132.45680586916512 104.46391657363493
1.7872195614723474 210.34719005057823
95.16270455943717 121.84743017068172
131.02497343514847 168.73747911721986
74.91362414980438 155.66634441776606
222.3949291368843 71.64957359632731
163.9914369132235 84.56330558156804
106.79720341770988 125.12944089740782
141.0512223890009 51.92397036916077
50.83647525200194 41.163112518323445
208.89639968306187 192.49086298168965
162.3338269445656 163.82910902163295
222.8686798631066 174.08475016815032
128.7451543896547 156.0666390096045
80.14867115072877 66.38330068840992
52.0825666301758 110.64723214040309
103.52188484569214 121.11559740510772
155.3918956209347 65.46448540139349
6.24760774267874 212.9422137460227
85.71483611650085 88.81973510464486
80.23703490416506 23.527142256894063
65.18560689395083 72.76116641120974
5.647837019366886 32.255912093510226
158.66145071099734 144.071957476571
43.87444843111188 246.15285559261676
53.46621803853988 72.18531736548573
150.45154704386377 229.7467884160496
20.549779563047014 246.18483483502132
42.93901603344888 229.21014957129248
146.61742111935303 36.56960392387379
227.90723435755754 175.37366902138805
109.57074038527148 28.764604377295
195.9102039626727 20.85419228289226
71.43526768660463 213.16411063842426
238.47981786685295 65.91274931508754
181.44951952513816 107.79755872877352
42.19124150965328 113.27935463288058
216.08054970147526 130.9471495445449
77.2374581623165 197.08632753138096
120.35694901925062 105.9888133002862
49.83571946858994 157.31014969587497
147.68138461884678 26.73173687837238
43.75855098063289 23.764478566967256
234.2677548280084 196.25643753610166
155.02548213914676 79.34538717061115
147.2668933964999 106.22607143874693
233.60111146309973 30.935033545300637
187.60689023256919 151.22378740706827
153.18470672390868 213.88055242985277
88.98199187070965 221.9036508241948
147.25168127537873 249.93233024186569
247.5188462120237 13.872898623164403
82.5322884821203 184.00145581484156
175.5371060199846 121.37504568126681
248.1718435637621 105.7399196114972
201.39256259386042 147.91188616767045
94.18619356034158 89.54131332944404
128.88352158451136 231.28219069348987
108.46110674416454 173.66400541950838
112.90265431148566 88.38458854281994
245.51787710544403 174.89773695498226
39.83721213823193 48.61142076438366
233.17749479991437 154.41066847136673
33.69151899362091 36.5843821518349
12.089311797307268 231.60284076595735
131.53907030160764 54.15770424621183
104.89019130323352 125.72403776895047
87.88091670268827 76.5771586361876
137.45407859018533 228.35811382448634
154.56023766953086 181.92274370639993
55.504375397731096 75.700274989692
116.10587458205856 158.96817643722116
86.55506494018341 94.34068119765577
106.13755487418582 66.11835205167463
174.3976688702455 104.83866730409036
207.0872497014334 231.88538158087988
240.71104301665636 139.58612374105778
25.321168907944973 62.763441768028535
38.462862136704686 164.70846113866082
102.28985619006379 83.9125412306855
188.92630487977868 24.960416831005084
159.55774244263858 39.63174452651405
193.27530194174105 171.92377564379703
227.96963760140855 226.91678279547696
7.419096303434348 66.44084577660581
117.15236666023677 183.35511768697185
177.87431469496278 144.22230988037694
224.65666549142716 232.50556579582724
75.6422829274771 116.48056617557312
10.990138577728375 82.06426462866587
141.1128900128963 68.74675082713078
104.48840481594613 14.835120060022383
152.82169419816194 128.72931185565446
224.39252221553102 215.69962205075296
111.99652314977499 176.65644947215074
106.00888725318677 80.58630486955163
8.868197578251996 129.69432090234687
204.446584301159 105.89842379938682
63.24036499127158 53.44361104677639
31.304090247620348 20.61731239866077
87.41647915716285 34.155993765443675
44.58578595677953 15.242234064932191
117.77535953706153 60.24463925632595
179.19112513187602 106.98779937983205
62.711563385335374 42.928566113296206
211.9219802469897 223.95605807685166
89.2796128562638 161.36816387058124
4.124976688546777 36.08215086191896
142.28365705169645 52.544945437720756
191.49861980333648 205.60335349299822
198.824080631711 223.81887067402533
55.88923050549335 103.12730081365041
96.41040071257953 200.17790040946497
122.23851954762488 219.71104339630526
89.49138420170011 166.2473091636258
111.99228731082206 10.445715905880004
186.79526969153375 105.35659476823552
94.0377680454375 65.05558269474146
201.59937000814952 4.919546527154234
199.60371217978067 227.97257977804105
68.98812605905904 78.46809798647226
64.12239531531903 173.62528071123447
14.598898583414066 102.25831949164788
147.2982028107288 46.6019711712588
156.4273515108389 248.80057526487525
166.77988697896555 156.04787864365898
164.21202691474014 10.48153243733571
222.447490352994 84.78181081731998
172.50113288596918 224.43535057236446
18.34741457608019 34.85260771589927
189.3627031444088 50.346857094318295
9.808486620630024 90.77710438956215
184.79878657980822 152.60623390082696
205.3253534877037 230.56490330403483
49.40947985883018 110.38184925954536
55.95635681961064 229.31722739277353
5.71336508365225 112.07117266522376
227.56926818005152 166.04586535926515
110.34410857598864 39.427540775010094
5.539695638060005 167.1108280840385
124.09002077822636 199.97269214060788
39.18058662292187 237.55165223356266
41.20825639217454 86.7094214425598
41.501211774180256 125.16556709750681
97.29250871320468 53.361975452499074
68.91322254320237 7.258382051387735
12.239938217179642 149.40526361362097
111.46932617521315 234.89411193741134
142.107502022092 191.67424790335602
73.66280824590976 224.68595909731246
146.71002553539986 142.95735283817973
177.0475212230695 237.190099879453
138.59770579860745 124.57659845015684
189.73461614050842 187.24679162284275
155.2566198936246 203.2040532610967
217.96263189850376 116.96015817399389
103.54895333847877 156.99919991070342
37.42433156560482 7.408578151557127
34.275648946634234 164.272048319831
230.0598841756104 233.36637639274088
45.763509805885036 200.79278854717046
120.49224266503028 123.54404831798843
17.11474448584155 234.92050945617694
208.94399093529276 133.29049067636237
175.2988439245159 242.48173715269783
166.09556718665024 88.52971219221808
112.00649160354712 1.4622039077279436
110.51312722080705 60.26668728444576
225.1855759913524 52.82033611329681
197.78873864873498 200.41225280922254
117.76487351857756 125.94921232683609
122.89990591490957 30.156304735729694
111.08873315739801 143.0313401698797
149.7646242367027 205.83109121834863
131.86947918038115 183.92184786850942
151.1981440070912 47.15857156630643
149.17632775834954 145.4146661065682
247.31626810198495 248.98282845515985
200.09245562285886 245.30545181228
172.6524813432624 26.780599165326326
125.52168545284606 184.66553108797947
100.40830930319109 202.8750570055541
2.624972475214565 27.96790184062628
47.72397449142338 117.81230835778544
146.3355844913845 173.1377389782636
76.08687848522999 162.07454285731086
188.56434267681317 135.19256365997776
49.607305659010336 145.17316646399712
219.31883183036555 102.89592676118644
249.24452340798027 30.902798282839676
45.50428184743088 59.98895112347366
237.62768577371128 135.6534981101113
17.048658589821713 206.94664387819634
19.736089540185382 132.42954801545844
142.35408722833753 249.5166010132777
92.0923379090397 180.5153242155899
80.14164949415375 65.6506965419259
173.51564563414294 152.5290165900792
70.1854909714384 0.13511682843037054
189.12492854571724 196.9316569496769
228.1238150376753 173.92734528549448
220.92627365208043 179.8374152952033
74.52529693505922 110.82249155179133
43.99113920550057 145.14872187379657
19.283216911965496 147.99014648184647
157.20568676293 173.27261024442012
50.58755867244138 227.67066181693605
95.9244545056594 241.4402404478867
141.34581069175482 113.81965923142282
114.7186861079393 223.7097113313918
49.66247241065799 174.2705052821426
127.13284165887472 127.62683041528572
39.325908307184996 184.45013092583704
37.444975408701175 188.69140045668848
70.2686499128665 178.65522163445988
175.29331094841126 145.45476289285406
193.13914479573452 189.81909586894528
41.431684688965134 51.443822812333615
56.82098241897368 103.6874330149322
96.01154753330168 244.55774956204004
219.97102874638807 156.16811561206006
229.4412863851135 7.926196280631265
162.49167595629746 106.33439053568327
246.0059043157905 158.46871958775534
139.01913434041765 36.45230078715442
214.22288259604935 17.574862479622368
31.211141641756175 232.59361191526887
47.505370781090825 112.09514410710878
229.21418687450944 35.77435550879587
31.841074075923736 217.48092821970417
89.4221929818883 178.21851022549276
185.53670546538206 202.27818554534733
214.16547482371868 61.12720022875981
109.14400207888592 82.35472806942524
100.06874480525626 244.55511669498833
134.71940030393327 186.37713143789773
25.465946024426948 169.54767983975825
21.22150244108767 179.84663832503915
117.1095377203605 101.14428862751332
100.56827392417736 158.20040933272523
55.84826517178004 166.97951447058136
67.09002107694891 121.54256509887546
165.3707061027991 17.179549895377512
95.47045260455498 44.12286355366901
197.75008650474206 225.64650818585994
147.7845969064108 41.2279955576077
162.19725233478883 188.62072641966319
184.79289353324202 30.697817263460575
2.6559284788233715 197.02922878896453
249.6225728505759 135.6232137855032
139.6144857606735 209.39876600051687
5.924934143962279 154.0264083764027
52.11658883154405 45.1267317558269
157.8804991738756 143.30135652739182
170.7485507696642 151.74222680770055
189.33979224204865 206.96481376519768
22.600693871813267 215.42518754277862
168.07836704724002 80.3631161297594
202.23567801170148 190.06587852453376
175.65952231187336 14.210790820185142
228.39160424867674 96.58634978661485
139.39377431003885 101.06171178563791
180.79322275361045 1.205760225081648
245.7812877888965 163.7985924084757
124.25808032326283 97.815339428271
113.02145138493147 214.1495464767996
91.30716744061043 192.25855041714885
22.37954202316203 187.47635246897707
153.30876023297472 20.688234567604102
35.704636310382284 242.23726589143052
182.20342532186723 12.728518780978638
30.189509694203366 7.006343846142321
23.899391044406137 184.05280576369762
212.42151948491238 223.37491217059565
144.65294838185898 30.466901448480744
147.04384947831662 52.51818423149807
40.46136668540801 234.84547504448688
59.3468720667136 55.90920718120695
172.0481044387476 55.080541364658146
111.41340397552071 174.64848665152215
19.577499796224586 123.77117585375156
209.21382137773512 76.96254040481185
138.233249153808 219.63368416841502
39.862423878018085 200.14068090422333
66.78602953019433 72.92538299393608
86.09690970943204 142.8695233905004
45.653226045419856 210.37364460356554
155.57723570648173 126.99641568599395
41.188213256842076 127.68860322391615
96.85289889257861 75.61853189201015
47.79958659693301 179.4470856111894
44.46684265547207 100.55386309389667
28.171728854438527 141.15036010242892
207.3588123232583 237.67994256840524
134.31709783448665 141.41738188463597
36.05963706014473 177.08280926257032
162.1902079841642 30.09795103048199
220.31860939580193 72.97432843627854
158.66554305138118 96.7471096331286
208.80501848288577 215.84361126790236
12.98638356225762 201.53411934926993
110.55199305199623 213.78621513048947
4.104239713345254 44.409556177911284
10.834245427043838 171.80950162675197
124.37845400617442 40.668211689212306
196.63275550418604 165.56087027872553
41.005390527104865 34.619763121806955
129.72148588506025 69.2485581306807
130.85393991672507 242.90162213172513
101.36310714714256 138.13854044459288
162.0205499624234 86.58897306474603
155.03440633911197 97.93152362266125
225.40954462570326 232.71740575119003
211.8988869232339 196.61475383256757
27.649097945496358 137.64455883331095
7.672852188083029 100.78251091716231
170.1085118434314 196.10232947029772
157.56941769957066 103.31604885964154
124.61355802061466 136.19352324484643
169.6908590128815 142.54170212272004
115.55823468004581 249.32801840890588
164.37878375066472 87.54150816224102
39.893231134650684 128.8675315061536
87.04082202635982 215.9295519701273
124.64427640914616 207.54091957263412
166.19211259748369 21.84035492901043
181.6291153913393 166.0765248811004
34.51667839549696 136.24778090238144
149.08264765632595 26.980800271720952
219.04340164518052 88.7618692835174
35.0559184520631 66.21979490409419
132.2145912688528 235.51613443648844
18.936866665275303 231.1082228048255
75.7238262753032 44.452620063362176
185.09605270780153 205.23968493325572
147.00618013770438 94.75844132014083
76.77071625007581 132.5175420637601
121.61159488794543 152.2890319745389
3.3922488376485758 10.856291348942088
149.15240536789614 152.6021590280842
129.56864948679694 63.725689354554056
122.07618347862173 154.09269293411444
176.5150369056718 69.78525882454933
23.750529163747952 11.880027260123022
123.12223471705033 208.68876909413834
119.378874147475 21.940944906138625
246.47929758495096 207.66428303631943
153.4992483251758 113.12025668901204
26.967191995758867 245.8576293894349
22.06087450389796 158.0080025476475
64.08101672985947 119.32292008573658
16.135420764539692 202.95978734518272
111.35403935496157 92.67626977102927
76.34772559214514 205.202139303067
121.32967663687522 98.67397422458096
167.36930565435836 150.49147847840422
177.50830863304702 230.68777890445017
91.40067251473965 105.70174088138529
181.95059598392263 236.35617956944384
124.50600663308495 43.28420452951248
142.12590743744565 41.348748802048334
142.87475901110236 6.131715296232743
156.68917495692597 232.39258977511395
115.51964302252799 227.27905841391066
109.9492656204035 235.00530746168397
129.08205238314926 21.372894782237527
231.3375913116592 24.40798793856283
84.45095274782597 188.1491859012014
143.60097734877075 208.52779521890295
166.33676290204113 101.21890385971139
208.62490968741045 222.4362241672472
224.9490412940901 232.15167078428846
24.512923879058373 227.31989374870673
176.1730206663659 188.98403835663387
155.77946359444266 188.10348757077202
75.01278841971778 207.76489892172657
217.9690675222892 161.14673769342087
124.8767134110968 37.01225949445636
110.57722771143624 86.08150548016907
152.50381621373506 31.385560614005076
105.47939491980001 40.7889373231469
41.94905419881789 35.201538900767574
234.10152831666844 200.70437058568604
73.93123401312978 186.85937683336783
195.84583218101824 26.18212423711433
65.44767803808577 85.27195022309157
99.06125808418037 82.65091574680955
15.44194147953698 38.11176886581491
48.683282947500544 187.7835307272141
93.20271907519059 143.62920769197103
9.468165916622445 60.10961533473641
115.87730982637717 15.308006737175
88.5487926414171 244.03576983800718
180.42535752593497 75.24650008202127
32.07634284363045 47.78815933752495
52.78083007841758 55.25530304675536
151.94804713553347 248.79901836155673
129.65920163474985 17.430828729743773
184.70330832295397 42.94822263696188
169.08970326255542 135.034401572473
155.5190004458995 80.47989349650584
32.280253166296625 72.82423305479865
160.38680669927385 151.94451020403517
160.11049381107105 222.029695342011
30.005892681364998 225.2217556654066
123.7423417091194 158.54755527909282
201.24696480422014 125.38131228057262
209.25547118010596 185.12607527621523
66.29952606644282 238.95540604277642
117.3903744760118 182.77968079629474
234.79649935069963 214.75588811445513
7.16403485958933 185.2112639971796
188.44236379527865 231.9513850090345
15.162781124234831 217.87536009482085
168.89095269983727 39.803867808264116
3.286240599267909 104.05671814201042
121.65537599753625 111.0922072008944
50.26694419065608 73.72157780144781
94.35851784155876 148.09311068081246
144.63946322598238 205.39468358722894
106.1448036823475 34.75649833194472
249.78308594723524 139.696540033281
4.081909474160206 191.256709550839
79.88186662850461 234.773142776914
63.17187328128032 95.54779740892047
203.56935864545403 65.61035441816432
185.93044614261413 118.05048292768289
143.50297457034554 71.76328213310052
189.20531223860834 214.542107652132
184.3812872783775 35.8885035327354
45.29864089099739 82.82077373955302
53.23542834157494 43.77247379109192

480.4
114.7
103.2
324.3
129.0
72.1
77.4
144.1
68.8
144.1
86.0
51.6
216.2
103.2
216.2
34.4
51.6
480.4
34.4
154.9
288.2
216.2
36.0
286.8
960.8
103.2
144.1
34.4
286.8
129.0
960.8
108.1
480.4
103.2
864.7
137.6
1080.9
34.4
432.4
36.0
432.4
172.1
129.0
34.4
1080.9
288.2
864.7
129.0
260.3
34.4
1201
288.2
114.7
72.1
286.8
288.2
86.0
206.5
137.6
288.2
114.7
154.9
17.2
144.1
540.4
34.4
286.8
103.2
77.4
72.1
51.6
103.2
206.5
51.6
432.4
103.2
108.1
480.4
260.3
480.4
1080.9
432.4
324.3
114.7
17.2
1201
600.5
72.1
72.1
34.4
720.6
143.4
51.6
720.6
143.4
108.1
206.5
576.5
432.4
8.6
68.8
480.4
72.1
288.2
108.1
288.2
103.2
648.5
68.8
229.4
137.6
432.4
114.7
86.0
154.9
154.9
286.8
34.4
206.5
34.4
143.4
34.4
68.8
576.5
216.2
864.7
480.4
34.4
720.6
260.3
51.6
114.7
77.4
34.4
432.4
34.4
143.4
25.8
576.5
600.5
25.8
25.8
229.4
86.0
68.8
17.2
648.5
108.1
77.4
17.2
72.1
103.2
77.4
8.6
600.5
17.2
432.4
960.8
25.8
720.6
25.8
51.6
25.8
36.0
144.1
72.1
229.4
1080.9
17.2
324.3
143.4
576.5
36.0
25.8
216.2
864.7
172.1
154.9
648.5
68.8
114.7
206.5
648.5
288.2
137.6
288.2
288.2
432.4
17.2
103.2
36.0
51.6
288.2
1080.9
216.2
648.5
86.0
17.2
144.1
51.6
864.7
720.6
17.2
17.2
72.1
260.3
600.5
432.4
864.7
137.6
36.0
143.4
720.6
77.4
68.8
51.6
8.6
114.7
540.4
1080.9
288.2
144.1
172.1
51.6
144.1
129.0
1080.9
17.2
137.6
8.6
51.6
34.4
144.1
34.4
129.0
144.1
8.6
1080.9
540.4
286.8
576.5
258.1
103.2
143.4
144.1
540.4
143.4
77.4
216.2
114.7
143.4
286.8
8.6
864.7
154.9
432.4
103.2
144.1
51.6
17.2
25.8
324.3
216.2
480.4
576.5
36.0
432.4
114.7
68.8
432.4
72.1
864.7
258.1
77.4
114.7
960.8
206.5
51.6
68.8
77.4
540.4
72.1
34.4
103.2
129.0
960.8
103.2
103.2
144.1
260.3
206.5
648.5
172.1
25.8
68.8
576.5
129.0
103.2
480.4
25.8
540.4
720.6
258.1
216.2
108.1
72.1
108.1
206.5
72.1
17.2
144.1
86.0
260.3
288.2
103.2
103.2
25.8
17.2
72.1
143.4
103.2
114.7
1080.9
600.5
129.0
432.4
432.4
36.0
154.9
34.4
864.7
17.2
36.0
72.1
600.5
288.2
540.4
68.8
51.6
432.4
68.8
324.3
8.6
143.4
129.0
108.1
17.2
648.5
480.4
34.4
1201
1080.9
108.1
25.8
480.4
648.5
258.1
144.1
216.2
51.6
260.3
51.6
36.0
1080.9
576.5
51.6
288.2
229.4
25.8
144.1
17.2
108.1
432.4
216.2
144.1
34.4
260.3
1201
288.2
540.4
172.1
172.1
600.5
260.3
103.2
432.4
216.2
600.5
108.1
206.5
8.6
260.3
25.8
34.4
216.2
143.4
51.6
216.2
600.5
258.1
17.2
258.1
86.0
540.4
137.6
216.2
229.4
143.4
51.6
103.2
288.2
576.5
17.2
51.6
206.5
68.8
86.0
172.1
432.4
144.1
432.4
25.8
51.6
77.4
108.1
206.5
720.6
288.2
720.6
1201
34.4
216.2
144.1
72.1
258.1
480.4
216.2
34.4
288.2
260.3
129.0
720.6
288.2
137.6
600.5
206.5
17.2
129.0
288.2
600.5
260.3
129.0
324.3
51.6
114.7
137.6
720.6
648.5
25.8
432.4
540.4
17.2
960.8
129.0
51.6
72.1
51.6
260.3
206.5
103.2
1080.9
8.6
216.2
1080.9
576.5
960.8
36.0
108.1
144.1
34.4
144.1
51.6
8.6
51.6
258.1
36.0
216.2
288.2
600.5
51.6
286.8
86.0
288.2
154.9
34.4
720.6
137.6
1080.9
86.0
103.2
103.2
68.8
8.6
86.0
720.6
480.4
648.5
144.1
216.2
720.6
432.4
432.4
216.2
258.1
720.6
258.1
432.4
600.5
288.2
72.1
17.2
324.3
17.2
720.6
216.2
17.2
864.7
77.4
1080.9
86.0
77.4
103.2
34.4
154.9
103.2
286.8
17.2
432.4
86.0
229.4
864.7
432.4
432.4
206.5
324.3
77.4
600.5
648.5
206.5
960.8
129.0
480.4
34.4
206.5
172.1
720.6
286.8
960.8
8.6
51.6
86.0
72.1
143.4
143.4
960.8
288.2
34.4
480.4
34.4
432.4
648.5
260.3
648.5
216.2
154.9
432.4
72.1
36.0
324.3
960.8
216.2
68.8
25.8
137.6
576.5
108.1
137.6
129.0
258.1
258.1
432.4
129.0
68.8
103.2
540.4
258.1
288.2
25.8
206.5
648.5
720.6
258.1
103.2
960.8
480.4
864.7
17.2
286.8
108.1
480.4
114.7
480.4
108.1
216.2
68.8
108.1
143.4
34.4
720.6
103.2
576.5
576.5
288.2
68.8
129.0
103.2
129.0
51.6
86.0
432.4
432.4
103.2
172.1
432.4
129.0
72.1
143.4
288.2
36.0
103.2
229.4
72.1
114.7
286.8
258.1
77.4
154.9
258.1
288.2
17.2
288.2
480.4
34.4
258.1
144.1
36.0
960.8
36.0
103.2
144.1
720.6
720.6
288.2
1080.9
864.7
576.5
8.6
288.2
324.3
144.1
17.2
260.3
260.3
258.1
864.7
216.2
72.1
206.5
229.4
288.2
1201
77.4
206.5
288.2
229.4
172.1
172.1
216.2
432.4
720.6
68.8
103.2
286.8
172.1
129.0
51.6
286.8
864.7
1201
432.4
648.5
144.1
68.8
68.8
172.1
34.4
17.2
576.5
286.8
260.3
1080.9
72.1
144.1
68.8
648.5
34.4
51.6
143.4
17.2
108.1
229.4
1201
144.1
216.2
144.1
154.9
480.4
206.5
288.2
129.0
600.5
216.2
25.8
129.0
286.8
600.5
206.5
144.1
324.3
137.6
324.3
154.9
36.0
17.2
34.4
129.0
540.4
206.5
72.1
72.1
154.9
114.7
108.1
34.4
17.2
229.4
432.4
25.8
576.5
172.1
68.8
72.1
480.4
288.2
114.7
154.9
324.3
103.2
480.4
103.2
258.1
68.8
129.0
480.4
36.0
36.0
288.2
103.2
154.9
25.8
720.6
114.7
108.1
154.9
8.6
34.4
72.1
72.1
648.5
260.3
51.6
103.2
648.5
103.2
144.1
960.8
1080.9
68.8
114.7
960.8
72.1
600.5
103.2
103.2
864.7
216.2
864.7
324.3
324.3
432.4
864.7
648.5
72.1
540.4
286.8
260.3
143.4
286.8
129.0
206.5
432.4
864.7
17.2
51.6
432.4
25.8
286.8
137.6
864.7
154.9
143.4
960.8
34.4
576.5
103.2
324.3
77.4
143.4
172.1
108.1
103.2
34.4
540.4
129.0
103.2
480.4
34.4
114.7
576.5
77.4
72.1
108.1
288.2
17.2
72.1
17.2
68.8
286.8
17.2
25.8
540.4
103.2
172.1
144.1
1201
258.1
68.8
258.1
36.0
480.4
960.8
17.2
960.8
86.0
25.8
432.4
432.4
34.4
77.4
103.2
288.2
34.4
108.1
1080.9
260.3
51.6
324.3
324.3
216.2
86.0
216.2
864.7
72.1
51.6
143.4
540.4
51.6
51.6
8.6
288.2
103.2
1080.9
129.0
114.7
206.5
216.2
144.1
77.4
216.2
576.5
34.4
288.2
286.8
258.1
432.4
216.2
1080.9
137.6
34.4
648.5
51.6
432.4
68.8
720.6
68.8
114.7
34.4
72.1
288.2
17.2
86.0
108.1
72.1
229.4
154.9
324.3
137.6
17.2
77.4
25.8
17.2
103.2
540.4
17.2
648.5
258.1
86.0
86.0
103.2
25.8
648.5
114.7
129.0
432.4
324.3
72.1
576.5
286.8
68.8
864.7
8.6
720.6
286.8
432.4
1201
129.0
172.1
1080.9
108.1
172.1
51.6
288.2
114.7
720.6
103.2
51.6
8.6
1080.9
432.4
68.8
260.3
51.6
34.4
8.6
17.2
103.2
72.1
143.4
206.5
34.4
172.1
72.1
216.2
103.2
432.4
143.4
143.4
137.6
34.4
68.8
576.5
432.4
25.8
172.1
432.4
129.0
86.0
260.3
286.8
600.5
324.3
72.1
432.4
103.2
34.4
34.4
144.1
144.1
103.2
229.4
77.4
172.1
432.4
72.1

8.6 17.2 36.0 72.1
17.2 34.4 72.1 144.1
25.8 51.6 108.1 216.2
34.4 68.8 144.1 288.2
51.6 103.2 216.2 432.4
68.8 137.6 288.2 576.5
77.4 154.9 324.3 648.5
86.0 172.1 360.3 720.6
103.2 206.5 432.4 864.7
114.7 229.4 480.4 960.8
129.0 258.1 540.4 1080.9
143.4 286.8 600.5 1201.0

2 5 8 11
5 8 11 14
7 10 13 16
10 13 16 19
14 17 20 23
18 21 24 27
19 22 25 28
20 23 26 29
25 19 31 34
27 30 33 36
30 33 36 39
32 35 38 41

