1024 3.0 0.0 1000.0 3 160 240 100

41.43164408954927 196.3651091044446
40.9738344956426 166.73854949059358
117.66326992277656 90.45400186490221
73.86540260967791 86.67897582689174
117.23609617808017 186.7983452349552
101.12569405568681 163.0169492883157
55.29006517744123 102.03255054852312
229.71864931505996 151.031399552225
43.48711150429338 55.22990149174198
32.27854077890391 76.83313674895487
11.19721714301633 215.59929297640915
16.96256728906534 149.68636518172383
61.347458356108966 215.89779750824647
216.63463832237687 67.02325537175923
178.56879766557051 67.68251479205037
31.59310773596882 52.27976130561501
53.70069570717967 86.72074584830285
73.3914014447474 208.27208851891893
112.61696639832886 193.884532427015
154.3676693970747 213.18747945893776
14.530797603931001 231.15447155790616
40.46923958663975 66.40400479396321
165.40137911811843 76.89064369705012
42.06211734625073 200.02981468561683
97.64431873293638 74.46708775655553
140.98449441898242 108.17303865656974
34.36244170592687 110.31976863375579
64.55166068175191 29.82037218690295
53.76089115021046 182.39397914843175
105.01237054758447 172.24048962141543
152.74671338160996 234.24003031070202
245.02629932714004 30.444162727601032
46.17821376101805 0.5360203231764005
167.3109485505793 3.2956914833632833
237.4631496282617 222.14450370314125
56.394355393454276 173.44555590998237
26.661323909453472 112.39146996342889
79.4177451421689 142.25154682096849
192.15939997101634 65.22011841967115
226.9209224855022 208.76607066596625
32.72845756255025 68.66616776351417
88.46776049870769 183.0157740983765
228.9116322723206 206.44153007076764
158.58167206076843 80.53121184661896
41.95904856323215 26.759115407165247
120.46509549471287 161.02148753546146
95.24030062856612 247.306352097178
126.81463032652543 40.89140687222253
166.25888014992464 178.62316211171796
58.30084370179206 161.18509965395484
72.87736928159761 40.81083186508783
14.593491992716533 140.42036595703595
77.03321543542188 87.37712451910612
211.00271175567582 2.43070529745959
42.64508264586653 45.39011299742682
134.97796537128218 49.658542967658285
228.21553621416015 62.50593482926717
59.799747689908365 220.59238328464406
24.4507073370048 37.251667570504075
12.196998001262365 85.68922137985724
100.97385353317206 234.0447155276342
61.45669964829717 32.933699490984594
101.44521234786582 128.57810463567105
15.342057767613799 62.492655270624894
244.4805447571314 194.14163843688812
156.10129277746364 57.19280055471826
57.49340349907941 4.945000633630431
46.23919682848596 239.98339422197134
106.79116385750989 143.72362065982296
7.186269013551044 15.678074934218522
4.829153371527283 213.95533159075606
59.33167277779863 217.43919534773187
65.96601698415557 83.45680679406503
146.24626274088956 191.78655578915524
96.66663933698518 76.64523790971565
18.28978559812533 153.3435339699935
166.4777488129391 21.4046841780991
64.23514409825862 121.88054187611144
38.13127448082354 90.36261725762739
173.537862649087 17.8894980626699
6.0653206346705515 58.77909854764041
107.5279767031986 80.88755077929946
232.76455837241969 13.793367988729239
239.94302103911625 49.0358461045951
34.135296451063084 15.248706290074242
6.544537729354872 76.93671616217043
65.27607510544136 175.11602830986067
20.14080323957179 203.0763861929111
69.45043762352246 90.40157004542506
218.0167917922464 121.0956320567231
119.44980198929849 77.98179374248335
123.63245150257568 65.0174963503218
6.255464592402643 61.88979021390775
47.16086741185877 193.0145561967944
41.03297012783128 117.47510280451598
181.5380209237348 59.16853447362067
21.274841975637727 146.59327718563287
76.41314334377799 199.06164691599307
170.47192525395295 168.23100248089693
77.34216029977856 49.38864720984015
242.30791035378036 1.9803360658919855
237.26756084035998 179.92349198367296
170.83571092994404 208.67822822144598
84.78047012435863 184.3479495263255
199.78512709358662 61.78505392048303
249.07643176059162 72.2561566010856
27.969370467281678 61.97386502093005
164.98588477462047 143.00362655124675
105.88244768671873 109.726747122659
75.85637902766032 46.17930538825627
187.10225269281898 207.66095274223304
32.94020119925489 10.756883799061978
134.73262293441417 46.93417346716428
96.26974570176495 20.42849497580032
217.67541731569852 155.48747750939464
128.67657161123998 202.3601240968625
129.90403237339945 58.445408413578704
102.67498549767923 187.92929923896017
27.832611208235935 218.06444170865768
81.50095424614508 96.35965573989425
222.14824761074436 19.644554539772013
211.13164101025032 158.50528293475512
162.49734094901063 60.50868015996069
145.26467465419046 130.8612870209467
141.50910862049966 21.19964368036223
55.10731971132354 80.71766142137984
26.625719053628426 133.24699177084685
92.08106242758213 88.08058305443792
224.76386416978687 193.50248151312678
151.8381871180736 204.41121786078085
242.18214538254261 119.36933522747373
224.00985730180162 62.92567449485659
140.6818953407294 107.98633668060812
243.5206142976474 126.56353487832686
96.104283394123 31.539987541954446
127.86420133603984 95.96996607235388
36.040896389674366 17.71967482495998
216.34064825880665 155.292209208796
181.30368343377572 102.36438942702999
154.194990049376 235.0771038425072
236.4015577165608 189.37300555438472
118.63861215755459 225.909253371204
156.49843734634408 182.32511363517668
142.54871703067516 171.75493426323163
98.43243619917259 14.129307856541262
82.24769478344626 198.9084438997136
58.0714275632567 37.68774809903999
231.00565232816226 230.80740306992135
118.36946820662014 237.2233200538654
241.696190130226 144.40768598916137
60.619466632761274 137.42412911737594
46.97476243743889 181.65398987410114
240.37132164542797 174.10543918022606
190.69764258815627 143.32394567296947
136.4963056124472 85.40783597499565
234.04234468034997 224.92642538640982
99.2850291432138 227.40553926307913
236.1332290715144 211.62761065572522
7.872068181634467 191.88885938042898
193.3823621974185 68.17894964575544
70.78164473325896 77.0439358507479
132.56053647414478 46.06305500561367
99.32271568007731 10.581624610525003
175.53671714115967 36.08823312778825
66.03554030975606 90.5686521691593
180.87213644681688 208.77609959534485
71.55241834298384 120.5044117648204
113.03936651756113 158.76080696527546
71.91621567767442 73.97225962298187
168.69360416689008 217.14674105608526
140.93072712154597 138.331642361303
162.5844763969009 76.38504390477021
76.70444498063696 214.17610928088604
127.23747605008253 203.38998468662604
99.69874838856921 49.950861101236896
188.51147873629623 241.00241842660878
217.19458344206916 5.656867818715828
232.71754446928108 211.4233090847516
153.90712147655685 79.24610867313692
131.0176955135949 25.882059364251862
112.48409804846857 40.73608803459908
181.84107686482622 101.1993684597354
227.15302065272328 112.45884197341654
139.06286021031852 199.3737513616322
75.96477840179571 158.90031111567237
87.42848399348475 149.40497580775977
162.90401178221973 247.21342656585162
25.641612816431707 73.67996482154749
177.4758932877824 30.679636118539577
105.09370946597562 73.35326873231041
40.60822333054032 60.76394178099037
128.1803740319049 223.99697538153856
139.9255212606628 227.21353815595262
100.18227559366683 109.3275800023591
102.46143829915297 133.77205243205643
157.53334809796252 152.12860871854184
48.08066171325295 171.62901567889998
55.04501835397873 231.99581017399618
106.32069101902286 14.046347787867147
168.1886178460061 162.35280989244802
248.56154672343482 107.09212789551742
29.414384693255137 55.18376564682836
46.64276583964907 170.71163260422557
104.45663175863528 20.8858027999525
4.302020958738606 231.09777357642207
191.59030315945392 117.56083667138891
238.84620728573358 13.624089991114975
20.63611280556771 229.50278698552276
196.15187167016518 151.12288980793858
208.91069862324028 100.64901986794719
194.7414149119236 155.63737107485562
128.80819972075824 162.27020998048144
179.83852387233827 102.43871181071432
97.78994398471747 189.35693299066565
154.54360376284046 231.23341264092417
197.08378075192914 184.31010451891888
199.67960730257613 41.22397825480623
57.65428454608801 56.48671646005332
82.55862120961044 146.93828159290206
134.2870606981648 37.65438947447888
223.60397525484294 7.0907800071546845
34.80174465368485 39.079980347381664
158.98352769845363 35.228328026684046
244.9782576027232 129.99699858592356
162.18918739929535 2.4587646433999466
178.09328758603922 160.29455386424436
135.23125876057372 196.3585577754352
70.62133436330053 66.9320851544554
119.34752606045943 26.094552094747204
30.619097646017945 12.17713676831833
94.65212928835417 150.96798664963563
89.3396611048061 88.59190867531453
177.49484657026366 89.90556302941086
67.12394553072895 20.59814784425784
122.84386292033889 20.991510836521037
223.03865745687293 243.38498947165598
112.4683693565878 186.9912669329394
86.58583142297246 189.41884383430295
193.50574726122215 117.35825850462334
83.83497528922454 8.907868067953379
16.9136613852241 230.62029848672242
244.03222858928322 244.3833631655542
48.828964472093176 223.11961525128413
217.0920971667345 162.0305658311126
182.97853297355513 178.72309811266751
78.71265999416202 209.4996045084832
184.2920598805682 158.59394072648172
37.63610909961759 172.72073520915401
71.1967980290718 86.89376625491838
224.22268246522745 127.69778976811841
93.50496396012036 238.4022361019391
115.04677031942975 165.15901307634138
63.131159162384236 236.32761544714472
113.78546588871977 57.95464467491107
207.31148201217252 129.57168009052967
225.46973153084798 93.82175132565632
169.95720123451133 227.16234992977584
207.2998946336704 125.64813232458602
145.48254155960308 77.68017679436271
154.3735600628628 220.27224652012526
40.99820173791308 16.086856426988984
114.79450323768717 132.33044734951216
186.25214553090734 195.89444113359866
51.64503883938973 237.19951843561063
125.69850454322967 71.28078980125605
186.94164504632565 180.11935707938812
98.57527846990807 99.20188721361158
86.32971907391207 105.2846375600821
34.63030951436855 238.14743398507173
43.02770737071279 249.11854090521638
163.70904916530742 29.171247908852393
152.30363865381403 201.79492115294948
173.36895856255433 62.36353727502056
175.74274423901358 134.90506116500612
198.7536975327593 149.43503889726492
196.38629787230036 190.38253587982004
138.92265176331142 68.82944860108576
42.39074231387585 178.96636117937004
110.97904754866414 192.64062335595517
99.40321573026806 164.87814825176264
168.5665286792867 213.62698253071522
32.65241202232952 43.71864775500101
201.61342579013356 189.08213535042688
56.9464314941415 108.88552175219334
214.51972184192044 87.69381614678595
96.29015603837776 218.2213574401099
31.46481944801441 169.9440811000328
152.62251704949333 201.59791748960203
248.27402455146776 158.64714694140736
86.62920490274631 105.87412457854842
61.77344911139304 85.3684759632102
30.12413465399219 213.29507732555138
125.49685694870554 108.75918273022097
229.86196649528625 219.3210758841331
218.65341145573603 143.50173479460423
131.29514310227486 225.10147729313476
37.69627925850597 239.16118834033492
98.48342863326606 37.175720269964714
209.66113870245115 42.92241545572692
65.00597699497868 166.5830575635301
131.7061174534561 234.34962275145156
243.6296368664953 222.8329473169313
106.03614436275328 72.01714558729321
134.0290255362394 23.31726516009275
165.41582239383237 202.0773272425142
74.98607197569946 66.76051355296819
133.36026257291616 53.925620413862205
138.60910299163896 169.41187178292924
232.7654574099285 141.88468920194404
213.91223003807252 131.41835661119956
109.16377529670446 102.94631796620956
39.11021013576554 200.59356432018478
43.3897287711825 25.592410514058557
70.03257005415378 59.41218456208344
185.7698702830127 129.0316207786068
213.12332826842587 236.60716479106023
218.47439349587094 228.79339691054702
152.7904325013033 223.12869297436688
193.27255481000324 206.7902545236195
26.13384123481613 109.38052651092909
51.71825087568638 160.19253695779938
112.12277762142774 204.13947551443607
65.00913629058017 119.29817605313563
246.29240995484577 92.26357528793885
169.12251358774586 66.0223245942957
57.41244047562921 88.37013371007262
69.09720969393138 185.61999885958292
85.06000415868401 237.2571013215925
60.28841079209471 169.20112393862013
73.54096154152352 48.281145464167565
88.9148302899164 244.38226445219794
125.44196387514819 231.64471542206462
49.86299485791884 48.76597948045741
187.26827153349927 70.36905798065746
248.16539100818997 206.28036812475315
160.37591521355776 144.2080905268185
71.41797993310134 98.28107067430003
106.94857484692363 216.2406293913022
81.57394787386541 137.80521077499594
155.62395050022025 137.57879581438954
92.16814671677409 107.6525341169893
24.70838584480023 156.24290183677797
139.77926014739103 69.3090751941022
109.93121062173985 222.22367621405334
166.03047441973777 8.767638030351494
57.93726235948646 80.32252879742516
166.8661902711833 73.72363127774845
105.86543815464233 164.5836262310325
88.43626705243813 22.558530513990675
141.20147265034498 153.12547553341338
177.06071573194222 126.65733261706622
125.11283498493161 220.2047545442043
88.4987899844134 248.22240721912738
151.02022115432496 65.93568637696234
240.85399569830273 238.25160502352338
249.58454220362165 166.00247799243502
28.726084822096265 105.32217830752592
166.47977600468715 115.6996136412607
170.86637801263672 173.7548353759308
41.72352409000912 53.40386497035282
100.71951894622805 25.9521632204745
4.21401540439767 136.11527962769915
27.816431887133895 188.02938326615353
84.36446884679594 145.0428344086994
205.88856673320134 131.80059457829788
161.95817547341207 58.4421475542303
145.916781700648 246.38121412680718
123.15076610419473 246.15413680944854
138.20218452004445 180.19701634986563
218.30348144208676 155.49599096860607
232.71448458418533 21.09065931834661
200.6721309184857 65.16368948833839
222.79685497831645 193.91119464496006
121.20022195043973 129.34445379942258
75.13796576692214 107.81938393612073
86.99572930184918 164.53029180476943
155.78700113699773 156.7924242509015
161.37964969174365 186.71232238847676
189.7383671665402 153.40773293376486
203.7008140024852 95.94676733479656
68.87882305588191 149.32295316406942
163.53422294572854 72.3770537208121
222.9092388394524 206.94952914869285
49.43900100919735 161.2591045382215
221.70059441343665 8.865491460112313
155.32933301687146 77.41199485649165
161.4213145571365 205.89408025021282
136.21389561305352 189.0883917105531
33.66941273579297 159.65184614530176
140.58355175354635 151.65309375064606
50.4903973318821 92.11670637445852
141.12910405268616 8.562281411448991
92.37138693047925 41.320318878323796
133.18111710266245 233.00633689463666
73.07917794536051 61.71493652995308
243.10317871570396 108.04764289505844
96.55745951875744 183.06509503078473
196.33498460055037 154.34499612341128
19.275820448648783 218.20185777219154
223.42771572967817 182.1129004268917
192.5235794155085 104.46941429224127
175.37578157481258 80.77666604851969
23.771199755848237 142.5777118560362
128.95013307258554 196.34807942146819
151.3826068970907 44.45316436806368
56.401805852217684 187.57363603823325
175.00015418656133 207.02077771266042
12.94364010903143 180.45795663108623
9.579896114274177 188.32199120837666
175.917110992359 191.41654002768286
106.23843501529176 161.137714607091
158.21480407552536 148.8599277506244
59.07730536943112 244.15176007310146
112.56145679740438 82.26240373238197
20.866167591542833 9.279646757064858
134.50362642610392 122.615492345108
163.5060028427159 212.8228636741115
31.71893528051792 37.374395802925704
34.89845112343165 131.95823450234866
25.892330843724555 222.19303333998178
239.41348898689785 172.19801587907503
143.66655722536154 3.958732527371139
124.1234048988401 169.01202168257126
55.97049459502601 231.44852124629634
220.96681103715397 165.00447615946405
224.8568232136224 59.0934567204072
61.98634984077353 115.72001428666256
67.87833720960667 189.29839632904003
218.3414075251043 200.22344068612134
174.1952260256529 107.27938797330191
7.442116604199106 11.714124038443769
214.16209817773256 10.457857858569842
29.188796444059445 119.03379394481107
245.51434110357383 39.379895487055755
30.747483392312176 117.77963464029698
97.00291652620163 20.772410430293153
155.8567604037099 203.4784852315881
160.12717483796075 21.641018481622226
215.44897743471424 209.90995496331888
52.328365247366946 61.27388842221457
206.83201267353894 223.04546516439078
79.10966883397508 238.04253747546386
224.86116882590912 221.4166179104644
231.414303932213 175.441258614399
52.921752026985374 10.893264620500553
47.72216085219527 234.50025190712057
83.75980071309414 122.56140961507178
38.00666490810778 15.119515805123552
82.49951520650656 179.397318507209
207.08102733489034 112.52842451510928
116.79645674549951 156.674804316646
159.4391735540345 160.97505165678413
231.38239241483228 198.14442782633657
248.1426919249612 219.10063770434368
26.242402346701137 30.880544061386434
12.374013013562973 115.58113429074137
152.94501100815594 184.03237606616824
155.51804967841477 98.4017651553403
139.42352634513304 15.839012043389305
175.81043073862014 166.05903246621418
24.06457069911197 195.4316849811936
42.126613608988315 174.2771339088717
101.13081282319045 62.52839142945535
197.13400525209929 145.39002709341844
199.642668568011 222.84999143635747
198.7854682011485 234.32537881842572
19.037945826526347 190.6546740119215
134.9815338830233 144.71463579819198
18.122737474598082 7.612910332666479
157.8985451712387 68.91929304911504
95.74549459133324 155.3854552681249
84.96317357298705 82.38189257822413
174.09706205189164 23.641185283957615
81.66429048664908 110.60540900435909
215.69443528140357 227.17770804911737
29.348724420717065 200.00023356147057
55.44535791409439 208.93327103419344
75.10867453639422 20.076487582610714
144.07541781691194 121.08241643807372
44.1937474014886 168.30418144173717
110.41688914169806 58.34744356997634
194.38300456741334 203.78028842952602
74.51607807208264 92.82977310152773
225.66660075820164 82.70773776208529
179.1392952268642 232.224311923629
239.10907786540054 127.63301587797807
90.92870368097658 239.99374457525286
41.08497363603106 101.46829159979218
93.94832019790947 7.285079057126248
96.79603957079664 58.64418126829404
48.54428075686745 163.51872640061094
8.025085867441634 197.32731934932877
42.52542744626747 125.1918185421461
178.90440577055236 234.15839706317976
142.36598771680673 155.4658032259413
13.371658252916891 72.955417146552
111.7413233385629 38.7353270749467
61.52080945185109 98.0740727386453
136.34613164610377 58.0327026975761
126.35173422058604 121.33849629165405
189.07159948722534 62.61089930839989
39.98312705194085 20.432448474532322
46.09932237775577 225.31986392694452
64.05240818722174 43.46251908765805
91.85790933321866 130.2003615097026
229.84218105631416 76.13121287343927
202.2365249825511 119.72952434236377
25.92628962638699 98.70640901737416
49.09207219237041 147.8998146249518
93.61443900822918 39.886847040770476
135.4505876108921 120.35702896170416
124.96849632732402 212.94668216059105
50.317065176666425 28.011889719105593
4.378679453123896 122.12190867431843
85.374822265989 243.708047101998
194.66919369076865 32.4987944672028
169.04497698087792 228.36927678573187
226.78517965074101 7.649832984618687
206.02577909995534 108.07006457520963
64.57741470235916 178.35120497832062
17.533442668297816 83.029984200537
130.82344196155162 208.7178017349637
45.59573643883258 215.71543540934556
78.9585385703594 11.879596240366553
36.082642314536116 212.5393989752139
73.60539916339987 142.2258271676914
80.23097894118153 155.32118346030538
100.27726183077861 203.69214307484327
33.310372898253945 96.2677583296954
160.72981558552735 80.19917165925261
30.71084481344244 28.156448862978273
188.14340564033947 247.82236600642705
123.4711989112443 51.12506594152194
110.27591222576099 197.0462580268281
105.62916706565717 111.47262770264985
188.08212794427766 156.82283524397832
229.38958735988663 2.8348732821284752
119.242685175869 13.16877077138004
74.87000766726854 206.66398880558341
21.350088324881416 242.42780042452316
65.51016122050687 30.733151096947324
8.929514604023247 23.067400543692163
112.40417636949596 193.03733814181214
63.77826255259975 168.73746298788618
222.58726704863176 120.81244061298594
21.579494897097707 191.65194067473755
136.358868216207 173.61124546084457
224.78391049865132 125.28331001089707
25.136843603861287 124.11499462319652
240.1389712379789 1.3606813652764782
152.97046389374373 25.559904568429577
224.84400137374965 78.0836560112034
69.48868515972586 204.12209740747238
6.062859274340054 138.8694914107997
79.24159813648673 5.819747678893123
209.36443841526503 177.9230437727327
239.18453290499085 173.29896039153473
55.51365083113302 151.76779240786507
201.5290105487918 90.2549046919671
100.22738845068302 156.8490271841151
77.71088138189828 240.43307718640727
73.66934418160851 128.3870027124226
50.55881148327329 15.541467077147765
202.46051372940525 195.6053748905577
134.61540813981452 161.69542745109678
76.60048782535975 19.54981744974882
216.5802567385293 6.2778000364566156
150.68165616079958 227.06831320311707
105.89639629778775 112.25773337749864
38.62669208757713 18.52421813593538
79.49104717973454 0.5762848660068876
241.95571716790894 152.47544159097487
175.1433514729566 44.16716382546954
248.06833567040775 125.83736371050853
207.45231248027744 18.82493915646169
111.55667531632079 222.8404462867787
49.73875265125097 41.62394972562428
91.65878606479045 160.7450016547298
73.23194095423644 126.2855696649873
32.53032504324482 201.8675235610093
241.07902920977665 185.01280546919133
83.21793506881764 79.46667023914073
235.07259566582275 29.885921042557108
187.01619246183364 77.88397516495391
191.51801538933339 233.24018934891623
218.91447006058277 72.32686696816654
30.486842791163344 234.80703262328566
74.51546660393268 168.8079349839241
93.20583987912825 91.54724580895702
181.4275287717031 132.7677342776831
74.59268350888557 2.528549438507971
121.7926245754829 16.17845678577953
239.84299793805215 197.2887689277512
220.26600527719668 181.67940343848082
182.35254005173712 85.03862402253598
32.15180661926015 18.381676821047716
152.3015455518903 36.70609397207836
175.10884159746104 44.226803921566805
190.5181782329229 34.19306478828737
236.55786015305168 93.65591985840935
131.66536434270606 238.73955071876316
62.42156429948639 74.06952064340506
2.69234456871148 193.45475970302346
192.76635992661255 153.14753718949808
117.90473003528085 75.423499639903
122.93803321288976 225.93896450060922
63.19387552265918 211.31621194522216
17.158531551949046 10.722260836941471
40.39949943560092 54.27314120966859
180.36861828715786 67.21241677124124
231.72037771156656 48.70969447476622
7.068904488232191 203.1148358256091
216.9048964049799 40.94297390660423
119.72005322501539 96.76788450665708
3.627594689918828 231.30637703229567
202.40693978838817 147.74523282091624
105.80415257028535 80.59422083760448
99.61495920465593 133.21419894418594
193.75536117605108 82.92641245686924
229.77095743650764 41.79085266450591
28.23333248743534 61.66146520080063
75.32596214119225 9.174008667634459
90.61370424102358 149.64031061067575
47.61684277714162 4.197362552937234
163.39628247888731 113.86022468065681
202.1072092931206 85.66722611868182
177.3304115678792 166.5297840108681
180.39662294783545 17.099338223570985
110.31299186784719 113.24015590182415
181.66731962155623 121.63694469298841
199.86748708063848 148.14674935136364
72.88458359482863 149.06207868255893
249.107615556023 162.99853155454068
77.54326058904535 178.0086195686684
125.58565911298896 104.813635025055
160.8867307533731 57.04039115078996
174.80871377589315 54.71530014312459
6.64746833699853 226.50547950272073
203.8871000258201 162.1511601841308
240.80300459733735 150.83861749603307
165.55775604778188 213.67143830385874
30.23261209046074 144.70783250501873
12.468690942905619 88.47482370592482
199.16636766787573 210.10430065274684
137.17851068874043 185.44164032925914
102.90922496703628 158.96983269951804
7.473243878180269 66.93767509061549
177.63508001613258 223.40722474226163
121.10182547841791 187.48080269151453
13.789589851069373 100.14328830684686
15.999831036381945 105.3707129847388
170.6063740432131 26.354163012284076
31.513610524156356 89.05912043519088
57.29442328113954 95.63702761372558
197.42085571054858 70.64259184986152
144.75163703651435 28.15429169079725
161.23578983048807 82.65945641649769
72.67728702175624 97.19908522070722
23.065841321409874 167.37760307555445
200.4785964637525 171.90233002977985
143.53866136084451 0.6357156714491274
155.56834056762273 75.14423243592891
131.55052516103194 11.638270479045948
133.99831562740752 229.31587297286748
149.45995492396224 40.81653495304502
178.38128394639176 89.68580822789906
75.91258141079624 4.916250349303014
137.95290273108498 200.30989377759022
213.08337270469423 35.06627937703868
11.818801193494544 89.3924616849657
206.4930918210724 127.32063167228144
61.03501552435026 25.73804186437706
188.70146430312624 136.46836496123822
201.86113632021133 164.24037510203087
76.96732757308867 30.170770767175753
213.78008292804958 210.0675042766405
222.6785229550472 166.93597624742034
1.2454280004914053 25.16382372817588
181.85057874824471 249.4427960500648
122.06555633726909 75.32334007780345
16.941653840796377 241.15161836896183
185.4902619590713 77.55059306882717
34.41791335823527 168.15964387008248
74.68158974960407 37.12710913583864
110.46214279819827 145.43530390076288
11.512470665923564 223.25370915652476
155.75917050315527 219.26063784093958
229.23168557077307 67.62608160808809
176.71844018683487 173.92181667494296
200.41927170209408 45.02008429532245
156.1727127581621 75.2112338207862
72.79243955700315 104.82219424930767
140.02280345918817 149.5278690347844
123.82342270249156 169.69061347187062
230.9490428902597 175.78854840400408
11.60190049977386 52.58891051519221
241.41849604662843 146.52553543186954
242.4158206780079 232.19312335723163
236.06111556537812 108.63740280406456
86.8133508545527 154.213673819599
116.28073101944844 68.30109133754952
83.52492732322786 185.5870772070937
163.38531031675623 222.24232231571392
188.40384756051495 216.7372944860138
31.242642839148736 72.6205052597779
216.71098457540648 98.96155221417594
244.91270645959295 185.411099318154
71.06955495767153 146.96968923939065
60.93456527398738 88.05638788071265
143.8455443391133 130.11424049399375
87.15635968300295 35.241572495812335
98.53350858037626 55.540416057128866
220.1938433017957 105.43165568560536
102.84894122968078 119.44610400670818
205.07252732044313 237.99362996908317
103.23296893762318 22.24541700070784
50.31180589826706 75.5392995649578
11.560023476163472 35.63458242935813
214.90076522762706 185.90851516422444
171.81245317893416 170.73111123725712
190.65242293442864 28.446102315044243
130.95619300956088 200.4889198798391
80.464010006527 121.85471042372376
50.70468980156975 151.31652433050294
204.31333097497398 61.09729501580552
187.22549471705594 207.86502459553344
42.84830513520363 204.6272652745813
236.0561532722749 27.661258030928586
52.081734694155 172.03665068822133
220.67694818603965 31.90968956775103
158.30685355030738 101.20469083628316
41.735502443742355 158.63528557182866
105.88781978110929 14.797768056812155
201.21036811664848 25.776314932662775
51.555404492838406 114.43667451797532
130.83187920881784 43.55682797788099
24.088460177340178 74.44210972341769
239.92847214856093 21.118994507092452
96.56231147254863 209.897157332112
54.92963302065584 97.31098143340716
44.677644447686156 154.0929396165276
237.39633683032753 222.22812948334212
155.3392445716396 201.77281987305136
39.957219141299795 180.3821367825094
40.301885644474986 190.23381134913683
179.63859046961764 158.07090947947907
76.72583316736431 214.72075708836212
146.69288888291845 136.94638650522862
63.51567722356785 8.047539105116297
140.34684580279756 142.33495176477115
205.30324144049038 110.53090585158019
51.89752853121407 189.75150676343995
204.47204394561965 75.10404645951724
156.12363616553722 116.34025943775677
9.905645548118791 223.54126319642035
146.6794294068344 75.23460191023231
147.62779470453808 113.03955620042397
0.6325330450485944 90.14335845400959
56.71064616608423 73.4881343013516
217.5500615193015 71.69694564087717
15.976382637026553 28.452118411314675
178.03708938324672 148.26414358925405
220.34658636135367 45.86704847243531
55.34265746592623 237.36931237281257
28.83096047882974 53.64096045734201
231.88450792803792 226.76240202091932
98.78907863930696 64.09345931457594
121.07767671310279 64.50292002315014
57.73961346365741 23.752340952222646
2.8082992859586042 204.27449666569916
36.25473938209956 10.520697452961025
179.87793166856125 133.4543125293504
185.02846900922032 43.9283255837975
44.75420043710765 31.887858026836525
128.3936699107806 2.659291707381634
145.1027553122273 81.47160657363123
58.857620125611184 101.26621325613985
43.064150114911826 31.318348201391426
142.0147252073266 173.9621805375776
84.31924743343075 198.83687283222926
100.75643800636203 79.09257092463942
23.203350705478936 113.12205733864661
101.20689125128479 173.41476805531678
140.39721803120568 228.69923620284618
90.71622870173132 120.58236267729619
207.40666968496856 133.01130906514348
14.356481582677521 184.80027755307466
238.07957031071587 180.0584394340898
147.15860444606668 12.020009493232509
225.88672403184955 58.70013141946967
72.26303848469983 247.33437140421577
191.3876863913507 165.13992658781456
183.84351939731562 5.16243060611804
160.16266182585295 7.42570755884639
143.4560744326194 74.7952518583827
193.55242119901354 135.69173978929834
88.87297302806105 187.4926426247615
90.77537659801385 177.39993955011477
239.003689071619 230.3410635785766
64.32930579642998 192.39209795485328
185.57657165149683 66.19836795155695
106.61973116144836 18.205901382164992
198.08403570815642 203.90273715931346
174.57388604491777 219.5953208297009
144.8478454458217 64.44834537186617
212.36084488681524 106.40873505255674
183.6174133106811 158.77139390141022
23.22368886272522 45.49056479573441
129.70543853112483 105.18501919034729
75.39559898871445 65.25109261223407
61.456013533404494 38.81166895836138
12.673760317448796 128.94599719020442
77.358196231406 135.7694087726739
218.99032010486738 50.80472848681544
94.35846246091099 238.8944795337822
195.27819824708007 64.37293576121245
117.28761467639032 39.018522731877894
244.96778729896002 12.58821292844231
109.18599864665491 68.05159276357098
146.6578313949245 0.16551227267344593
38.60447840861342 74.29217428798896
163.93578577222968 75.72467084041922
45.57793833866719 134.3259566303972
195.15053115250495 151.04938290561225
60.06910229652435 207.88090153785677
152.3376988311361 167.97467243520052
203.95437980325147 26.656595623041095
222.5292504899532 215.37506693382048
222.99431966821655 249.53336436397404
191.1991848072268 146.38899271214413
119.37296547750101 200.1677588308112
30.25271091384593 87.58822360182455
136.67350632420482 126.5541977643802
130.28230947357406 209.02304708776916
210.24030582929527 121.10146431594993
177.381884611022 217.91155237516455
79.54944732054898 209.83439485341592
82.49214882492365 70.46711295579422
70.84847413017684 167.53567482085143
163.47470358892676 146.28189791499514
15.704299739259408 187.02353386196
193.79183540498295 219.95052381203303
241.29395512220333 233.71393463584718
114.2613497826814 49.34710969650957
4.145686786879377 184.54470729995842
65.56102029487602 78.1327568164219
245.44612632074023 205.19249527272254
55.076314159460324 152.14347375933406
209.99347959675347 205.0157438578398
84.35999921898326 177.53968853061025
42.72507763007627 1.6605302905412511
151.1070472790535 115.82559455151784
104.5270422566161 159.28319373805053
202.65117370579188 227.8195626901473
84.36028163493123 100.7235372915145
149.67715818931603 56.511546143572815
194.95815537027744 99.31746944028322
117.49362082390199 32.36279572069128
143.9170262822432 5.1686432437282885
8.755437952500362 159.71864084502505
133.37773329318853 68.4291517555354
145.96308349625366 160.3356894483004
5.212652913756887 192.46864202620444
44.64972477254223 194.17856029693127
132.73560483330107 226.27532363680385
210.98602195562754 106.64776312606564
55.67588119465663 204.17735392185972
198.89042096574445 82.9935305617921
49.462382596542895 107.82845566844243
197.7288080400386 208.4288643321427
83.50154250634232 153.05903103682212
146.75082585339132 145.73255340319122
223.48155874562266 31.59745458639668
11.359718846159605 180.93802801877828
196.1163875359638 107.95107863036272
152.56504350607966 224.1463771357548
113.92854584600387 28.813373980632743
31.727371679362044 49.691470451402765
71.92434319611779 132.2375554410495
224.8550289606024 213.520600337632
83.10159699318667 104.10362438807248
88.40294298498152 85.24364480713214
58.41207743244309 234.58883344103683
46.9242724269055 63.956826978041086
62.179458435671656 79.85893737708743
245.94725908572556 42.485951438813146
189.5052537291782 85.34523698027641
205.41555979371273 128.3139005703108
143.31336716760177 218.52073718073416
109.78020036272312 176.50994449947328
173.34393710126062 143.46373406688053
137.35836123431403 55.379471489553076
128.41612184650572 171.1187715589543
89.47074418791856 222.02369132905574
245.7637795365946 246.37998160297775
27.702925877456234 204.03547133021215
39.06088937742805 109.47027779819452
66.2184425822083 141.96406085422615
133.83422852797173 207.63582537398685
67.44857819936625 78.37182675592518
53.70929845472261 178.5760178693133
126.25008548845204 163.93900493729464
233.26716478850548 191.5838015702773
148.41704227953403 180.79832282449235
55.37540830772808 5.782071656088017
102.21157051176067 146.38186779164516
45.02735372454067 116.62008244617437
159.6580860043295 58.45162330638473
202.93722596662533 46.266680959070214
178.84470762492919 65.23695636981685
119.55234740494855 196.67834139721796
12.783593201407983 26.919054865063742
27.626626986839902 129.06817430748993
203.73378739740704 149.93285970460457
3.867549401510267 25.85830736006939
212.63377893842014 9.37153397236276
173.85334926484666 142.50220300774694
72.58596611488902 226.86269772866245
9.379206128784901 51.0328861894358
155.5525820979298 214.97139865421133
91.15053214840158 113.21532677048987
183.51390132996474 218.42029950675564
2.454650642109868 167.94915866006997
204.8961502989298 101.30299888369312
218.48855422743605 218.35658141639843
161.00676589117984 66.0517836834535
160.3572601516952 166.35031279463144
189.15913356515662 126.73256955533316
189.2763622381078 41.765101991693534
22.57818330642225 169.23497479470296
80.71187497656592 173.8848254958419
66.17153225989517 110.92274767650426
137.7895176705406 3.4559012683630375
66.79020052945134 228.08790298404458
71.57520538673845 107.20940577884377
33.69623763745672 226.75313464445887
171.67601082304924 245.5318033713937
237.73209756095886 136.1152015448065
11.45997844222671 232.86798399451953
211.9668513309501 126.80149028611534
209.86301028750435 144.51656484204346
201.70471034586436 162.7561875498575
0.839471893331778 88.99172260433663
188.3728602027326 233.3742121211129
142.42400966267667 42.1024025954917
165.41526675387743 14.081145461625699
26.924760888968365 181.31865763962725
178.1054281197158 242.1806428511889
40.203221312615 124.37307614703901
89.65584779151744 164.20381478812442
198.43263306556358 190.05999508508737
138.77799531260843 222.2643764386781
154.5647961712174 225.0524287325865
49.2277706644893 55.656415714107844
108.99664894706149 188.99651902561743
200.06692705907875 162.10113732803927
22.025268848072265 37.20743972652621
24.031898364946763 13.629886682902741
172.9743325203177 175.7568002050941
93.44697484009912 164.98542444164417
218.2915705291318 234.65880702741455
28.684720767182537 44.26260585012842
212.7299622356116 216.79768750628565
198.74227572910885 120.58964323085213
185.17658466598175 16.233350282001236
23.03214827450256 65.81542944154705
209.1004627607101 117.10257414381331
242.13226480467114 66.87472531545689
202.37648381285695 24.28173139025877
188.20240346796024 190.13405414607385
120.75338956449832 75.00424742500694
67.48328023642291 32.51870068535001
103.87908210740116 110.52704743446034
39.246045230205254 174.91805767809433
48.807122532023264 189.82442555185636
42.97832585281219 158.48095549644728
115.40427907409403 138.6709513158162
67.06186982942414 44.86848781229788
249.58175754059403 36.60721908248005
241.47071912017117 83.21198010099265
190.32885354496082 42.51595021566138
135.01854844649623 107.91306880212507
184.7686050217784 90.13399494068888
161.52586938599333 109.30609300487579
38.09443117902136 104.72914911170925
104.6050668004244 34.104755812338574
60.582067361499654 70.76225181758359
182.8136528220707 110.30146541849689
39.30461561192755 170.8191800191904
138.92752316617168 187.23511630153743
232.63915378014363 228.63490043772921
205.98150688802212 225.75639769530088
193.52985947031672 65.46968217045043
88.70549970600023 190.20837932332373
105.6810378851886 12.668714410835975
145.17029006667698 122.23847548415486
183.7930770178733 24.669138395243678
187.65113794635926 197.26404939157868
133.5084989380603 168.4063369876442
170.71634014612334 33.23419989413645
186.91286165807432 52.23188289930813
203.2195104813964 184.57783088495015
130.322389484359 25.21585285933542
166.15086493823338 203.21336832587198
139.19710573181533 154.4685260513136
56.763594397272854 88.41123657750875
163.83940641175022 2.1336467362493283
225.48477952121902 152.97684936756733
69.08911390161757 45.47542537015911
160.72322608709948 21.42393708729204
64.92519432546895 78.51198363809337
45.35260770607272 171.23316859277037
193.85660034653918 89.20325809117077
154.2378525565978 51.867942278235404
77.16601433173909 0.6069002385300781
97.9014738465901 237.28892784050484
242.248824716154 221.86271040572953
176.47172083011836 9.304667865605465
68.03925860087406 184.46982630692824
189.65048061025706 6.754921226047594
217.3574435029373 116.93456274544711
21.62752302720794 247.6549241858863
101.54038150853559 6.689329248389026
180.17727896758936 42.57235843411025

37.31918190235625 193.11606866424424
43.02515484810843 171.2024415432476
113.60489281387979 96.38216668041447
73.5853984121868 84.35693509822345
115.36676273121516 181.37931639538607
108.98516732365218 161.29461648206765
49.69388898219162 98.8197193867921
226.3496062560838 158.10571533613108
39.48353654174752 56.2938116237372
28.691051310611254 69.51180645299118
15.70583138882195 216.90184775330243
16.305028405339066 151.9826664779112
65.0016233467919 219.1239643655865
214.0438898442722 63.961899073179005
176.99776191903769 60.214289500266304
33.063196922297365 49.18807444422707
49.91436718162254 91.7780589768921
68.27121311362883 207.91624648316372
111.10459804101302 197.55487403164926
161.75909126497473 212.75513985191702
15.693678480757894 225.59976741344215
47.096066124817206 61.39065267309385
169.57854868502406 83.25102859931155
48.76850463673515 203.55414369072238
97.12799491061011 81.49956690582985
145.38505909408016 105.60679988765331
31.03289305071877 103.06628002785514
62.53228141229869 26.91916169076386
50.367802942303 181.1935467513721
104.71884121809077 169.5573516142949
154.478589224293 236.106502567541
243.73363291627865 23.56853225633801
39.87201579497887 5.1433724998937445
165.56153558423003 10.947326477800361
233.21961633022704 221.3409083328535
52.54634168350217 168.81017425671482
28.541045810241055 118.13325104291738
81.95232606293035 150.20453522945127
192.7546982965586 61.35235238294071
223.79092475130787 210.63240712530052
31.804366456889525 65.89525909752625
85.54310646458984 178.3288865283387
234.85447923760162 205.81901185436226
152.84907980097788 76.15129899277315
49.06992846486693 23.410424839919784
121.16177574213854 162.22638284008733
94.37934873571326 239.15448234191254
121.96602307744311 41.4588814586965
164.15991753459355 182.30092890948796
61.56654540153483 158.0469129561528
69.44495795040906 40.26086204379528
19.940976374747454 135.87908656044135
82.74127091110995 85.37528697210412
207.80457276261697 2.705129005743101
37.624931705367736 49.48206372487671
137.93468212191505 53.85547293749671
232.6798783840863 60.718752445930726
60.265512285312795 223.0103548004281
32.029892337158664 34.95362357577916
12.182231807033899 87.2890355442023
101.9944181273044 233.08376356946204
58.55103794065417 26.559614043877524
101.63705114610283 123.78992577970907
11.330393608524808 63.64328770662425
243.632657148689 197.66744807635465
159.90183855974695 57.194785439026674
54.58465828198156 11.052390543115465
44.67972364477077 235.25002342349015
111.3997013055103 139.29500034895622
0.2699847071945538 19.824094499837074
2.0364185302518543 219.52097582374574
62.58207157779602 223.75690982706834
72.58127296789458 80.38661619920387
143.31584642138355 189.03016562797518
95.06355125088811 80.8899735828473
20.113603597431307 150.7682850628982
163.58620230078864 20.7308382916474
64.6629862674938 129.8370410062644
38.97258922356103 82.80040586537008
165.87977623512225 15.006684650451852
4.923017952796038 62.36246494928144
109.88791008029897 81.63455303317149
240.66939762599284 12.787340630676713
245.6716111562495 50.77307100992404
32.01810653218773 9.953522385238667
14.197200947050264 75.65703415710512
66.59328789345523 182.17945999145377
16.516067570828657 206.86023862339601
65.32247361820032 84.70072760109815
220.62743502297286 113.6618195719521
118.00830318314925 73.93149521815818
131.7036690758462 66.69734257623195
1.2865726358245455 55.08100928888038
52.736599958210064 196.83693756715226
46.43179893786631 111.47357710262759
177.35772722636358 60.682197154357965
20.918341614507064 141.696005238786
77.67476499862036 203.16065751174833
164.49655208525232 170.46281527368373
83.31429329004055 50.895168805969334
242.92141438962 6.946546108976631
231.50476815109326 180.16571484638314
173.35540607870462 215.63789612126905
87.06938066520742 188.3746114578542
191.77757988638652 59.9341242168302
243.23437672885245 77.95751645642402
22.671162969982227 64.31529469930902
161.57280356216268 144.6069185017748
108.20582267736309 105.59870641759181
80.65182853803282 42.22212263573177
190.05099702967814 210.95047336143875
38.79661217239841 15.826041709119941
132.3841755638002 42.37572861381661
97.09023723024565 14.75381942780804
214.21964797171375 153.51743503913673
136.00630833549388 204.38326247420162
128.8012280823739 61.46016610536589
102.63877240420999 193.2319220874891
20.302694663566044 214.4581199640249
79.98582958059508 99.99353365760483
217.3849363518417 26.4308620769107
213.7368392779525 161.4480907578953
160.3257090521361 67.84244806743474
151.35495377378012 126.99591204721011
138.78763709350682 13.449085970043907
53.45355624885686 81.8277676045426
27.021584475098727 140.44260532533903
94.50783399670482 80.10191290498422
217.0671926689509 191.38467055698226
151.8894911459496 212.362695834772
241.05780539229008 121.46477292922565
231.92467318882413 60.11823093350227
135.540091509461 108.82481528784577
238.20997575378416 130.42879542978247
96.22699322893332 28.242473772880555
124.30909486659073 92.17376638975475
30.88275327704476 23.695089400831538
217.64263079198616 156.08149971288051
184.25841875740747 106.09367445024834
156.76352920514623 241.72396145176845
230.55193025056437 187.75405324812365
110.31896499160048 224.51265088081516
150.5757289774472 188.32603465949668
138.15978886792735 173.4145889962289
95.14790511976307 17.835176252271907
76.71030596467057 194.43313813966049
63.74474414055778 41.40070050322237
225.58429642799982 226.80637571576506
112.02191426990521 241.2424800581179
246.91552928883124 145.8872758815891
56.55873708413361 133.56131314034823
50.3137323197084 188.3815303061889
243.17085309415245 174.658764983585
194.41466472568743 142.19920306208655
131.20330538038868 88.72946996104369
225.98750256949717 223.4223235221789
93.97953767927133 224.47158553467494
239.09984035098324 216.60055371754396
14.028446972418424 194.2171051270197
189.88534814866708 60.70248670733372
66.02257776127759 83.20449437209257
134.14189380712804 51.972497454272876
99.64502328515118 6.177754510820782
170.7536803413536 41.9351401238417
66.57126478181088 82.4527465431078
178.9584049663145 201.11510820193607
71.14665915641147 117.9660849701002
111.6477622695454 165.13838883481316
67.03195861526906 70.70231281945996
171.4197945669681 211.75710964965847
140.69083101868804 145.87222709721115
155.61424516621358 79.59640015378707
76.13431331222337 208.78532753322122
135.26949768177067 203.48017604592522
99.6136427511607 46.428279325379464
193.22747409471742 238.1042757013217
213.38261433283702 11.084555965140991
234.71464677950988 212.46807168728608
160.67634443468106 74.50820891885826
133.83890572385883 19.118516427273192
118.26456745273723 36.33031340027782
177.6767057510769 96.92134133581737
221.05476017164096 107.4764300150052
135.4975782850782 194.2356831610687
77.07936609059826 154.6643909725904
83.42821891575599 149.41018865245508
155.12430979199053 244.87333912612357
30.443759772505214 68.17599240252758
171.3982183787951 28.120021199597943
108.15353574042092 73.29029740533657
43.909217332638335 56.284102124125795
131.97014518946173 217.3812791800664
135.70242066763592 229.45450259140193
101.49864013021606 111.42046214917231
107.40132144625669 138.95796372911406
159.7177615415287 155.63527439828263
53.80972952025545 167.8539129152576
47.25851660989225 231.76570304957204
102.05796769785368 15.355569054214035
170.6489594321134 169.23176904716382
245.54919686798547 110.95383285301675
27.038925179147327 53.190592898143514
49.15641478643285 172.26362187261188
108.0397647950487 24.752551652983346
8.615867954902074 237.34240490550678
184.23092601074578 118.14175023014955
236.0789929320333 6.196943197256194
20.40790355756136 225.41101893397686
193.85673531521257 155.610413708112
208.61842220650354 102.0742809486432
198.43913731258382 158.24321372097285
133.81932424938614 166.53158491678747
186.83216243302155 99.94873956691295
90.87096529591093 188.29220886056632
157.8862986677 236.3900611796389
190.1753589886613 186.08818826478213
194.7146507268066 40.79013497240081
63.64371923062836 51.40550919119491
80.89323860940486 150.10871604985027
138.51523138312498 30.880388772851543
226.32924757854403 12.411248350240184
30.022676142196698 40.916817991093644
158.5050310524036 34.93967565587902
249.37750561168326 132.65253344331802
155.69811715158596 5.70262889191489
183.554900521923 155.20180322289968
133.34762261570364 189.3903133961897
68.08205421613935 60.03873146756678
114.86268699790838 21.131376681885943
32.85913952362729 12.086642785042818
99.60858309919546 148.489710711295
83.77918023454997 89.96871860604799
177.12440788968837 84.3248085119061
70.11659609347798 24.058124325526954
119.9043915258638 28.10763156147883
221.84774689738617 236.93529653138015
109.96871322765689 181.5692257921229
79.07910234316054 187.40654847179258
189.44565270699957 113.80893311207929
89.05572302996892 3.861394882646141
15.665617537346355 230.18315009806935
242.65352088677707 242.5086191776277
51.05284608513577 216.78876909814508
218.80431604059538 166.18216069104284
181.39760902511958 179.00630794462504
79.20556866894016 214.05102200264338
178.17747550741797 154.61076722816802
36.12813507773788 173.57936181724466
73.14879305806014 88.862173879632
223.07155300842186 120.5124396931494
92.73399786643594 244.39423694455283
123.10317208547508 165.55370552653545
62.71219989085952 236.5216573202378
113.39454965237042 53.84133011211695
210.18104855481246 133.96482713450828
230.56173230148968 92.58770496878357
167.7373422899775 226.74798088159312
213.28219727458426 127.8805916301291
145.61999368059134 72.18572937520362
158.5081638552392 221.01821458517017
33.58327180475648 16.806532579854316
113.10687944574721 129.987376217107
177.9452454548429 194.33157164552333
55.01290415851173 234.55186644034478
133.59784538859333 68.28321369007617
192.4604153114075 178.2269009760508
103.72983960082952 95.07047875201849
87.74637416153932 103.01072694080796
40.24522477398518 232.45471576515675
42.07115987379373 245.39513875838162
164.47900245018195 37.329175552212575
149.43404644276984 197.53423443665474
180.12065311648914 60.56312244930698
169.87492872346547 133.92771673835455
199.936053451013 151.03474532653962
204.39117086334366 192.53532866898843
137.09077572870012 63.213198732902015
39.745621459903205 173.5444575595068
116.09339697592219 196.5037107202853
97.92671231770775 165.8775388080725
168.66121662143965 219.88842284633736
30.811411800045512 37.779294126535554
198.37882150845053 194.5019941803336
57.32609669296834 109.5772437753311
207.29203174037048 86.08733537347288
88.92560873935001 219.55425101833077
39.32851576195595 172.76121326509502
150.68845702313178 202.4105146719892
248.67414052368386 155.96177329980011
84.7840539128778 100.50257903641993
62.53406803259431 91.39728008560252
33.56202143169526 220.32810146398165
119.42874911068895 109.20418335918558
229.5538097302753 227.60816543567387
221.02780789345644 139.77291647627243
126.28434612468395 219.84002694941705
30.22507065107971 241.21239742125672
106.49154947374274 34.85231837243077
214.55518925017194 39.67205201155047
71.4502289779706 163.66349025534592
134.93695408141673 235.60772304119982
239.9249839693065 215.63508050680628
109.85038291802852 69.80220454488398
129.20996489897468 18.868063100766776
162.221028530411 205.1422278487126
80.85471423372425 70.68789246025075
136.0600807422178 60.12139290735538
131.94181631028948 171.99795616367157
226.47894265385008 138.25987100583944
208.079329218253 129.87135516272699
110.05602854609273 109.95935840162655
37.32367398298905 207.16623278953642
35.13439074861754 23.979774760865823
73.02604844573737 57.16405642777506
189.86718874531007 135.2433590688537
215.2587063302184 239.33163827409547
214.23441233134994 230.31455087226635
152.6269549831626 231.47962491281606
193.00996411815393 199.95908684991838
21.084011150025283 112.83020510695336
52.1698847279573 160.39357846254768
110.17612617035033 199.34726116321983
61.31643604203854 112.71080415961795
241.4474425507338 96.42162416331443
171.48799699445559 65.0824096301362
59.12268148209837 82.2313053909875
62.59243591997182 182.8497589706895
78.44258430130158 239.12965482510774
65.39315249366808 167.98807330934383
67.28133862962629 46.03803867290188
81.5147793179248 247.12230721376784
122.76598543346664 237.0411681720829
48.99552869458826 55.67943511954185
180.4947767195542 69.67041004309768
249.5871318565268 210.00547456778395
161.55382515400578 149.42553194482696
77.51410015757065 95.1230259849507
114.33161627012304 215.320110444045
84.2967878450873 142.72878824567013
159.5399429420994 130.07523190019094
96.02577785857297 101.21291114505446
18.88711705163468 151.191709982433
134.78498413605726 62.48387775117939
107.5469607029489 221.88727891508861
170.21195463005543 3.565333931188408
52.54981434307307 83.05932740105793
170.1535676302293 68.50293137436475
110.07244049002493 163.46523378748475
86.1898410518189 24.13997276903418
136.16263197469985 152.07216915115322
172.9633266143994 129.2628843531173
121.13644288722463 215.514626988353
92.65548163633031 248.39976004176455
150.6245516524295 74.00841818330817
247.79308231440132 235.2420079264294
249.12808355452955 169.51649531912355
21.7641101064133 105.76672566180432
164.31043540749286 109.92759123632732
170.00671234006964 172.11776679362285
47.425137522384254 57.219306183293654
94.03048215722413 28.545642322564152
1.8696714156885008 134.01156166604773
27.112990322627123 189.679894435376
90.51754465505348 146.85414156621036
200.5435115460705 131.18096248265888
163.41176073438442 60.692085284104415
146.4402837741092 247.79438642593036
115.70310065279473 244.59514524691238
140.13949349379828 179.86680275608322
219.53100170934002 154.42381994703422
236.7034139856263 14.227200831499282
204.62499749283106 66.08642878502255
216.66127479606087 197.41369282205505
129.63758158279643 128.61886822217448
80.72013843846324 101.70467461330027
88.0640209311826 165.5185849033772
154.6723842411877 148.70015933823072
155.22576942833118 190.881878713664
184.81943887329845 157.37770246775216
202.75936135544487 102.45371317104832
76.47088228995338 148.70504915316585
171.35307717887233 72.5662695005339
224.96199056840842 201.5290122213145
49.11305066789698 158.28500083389847
215.1242924323425 12.582560757232796
149.93857341369542 77.90816616764617
166.50548201059684 203.9022249572199
132.33823768459104 182.11055789388996
41.17100109048527 156.90413017669633
139.04737573444268 154.70787576754824
44.949487665361474 87.22777524079356
148.06230561519632 9.530806672442854
90.52521232027563 43.70986124595452
128.888898433255 228.07111738266408
78.12619747007484 65.9900162979471
246.4852622341367 107.93378719548927
91.36016247966546 181.91103737527177
200.11050729159763 157.16119093202224
12.675384910839638 217.33435868037355
218.46460230491317 188.80232282047604
187.40773553966216 107.18822580997808
176.48811816504593 87.47394395433805
31.061945518963185 146.0321245752191
133.2404648339311 202.87316445742837
148.2842510894517 43.113147144059674
59.70492246170803 188.63875390474888
180.16857813816603 202.9850208416363
15.730135299078823 183.10364777616488
4.760411181858243 183.93018488792913
179.11128318754385 191.57601317609786
113.63296061125571 158.21918893168117
162.27199200733705 152.52179438060142
61.69128092552473 245.96867923769375
114.61789849475598 78.39142324816365
16.934446965371386 7.517692127141984
134.40054462650548 126.4354761857995
165.34324391665368 219.47368894430136
23.588953374146932 35.27896732437172
32.715416306871305 124.50623260518961
22.53097998359041 228.13115950910867
240.78452759518504 177.97396309059866
145.88424739962105 0.7522935210247383
119.48415452644976 172.44439898285108
52.947640197337996 236.71600332718614
226.05973325156316 164.07281635712062
228.66449704171595 52.10520962396656
63.51895377675407 110.89689296757952
66.4868771375366 195.34623859109053
226.4926445441841 199.3873237763362
167.4394432582935 107.56850679082133
12.377103052189309 6.360643731421228
212.6556038385603 16.871832913927438
32.84982777998499 115.87392688367807
242.04178358626558 34.24596330534676
28.03815805388732 125.53908051658247
94.5924411654466 14.171434877716049
154.93414560104912 210.16929048517378
164.81435291818985 17.399407247916415
209.966130922439 210.3298523225237
57.7444160965653 58.82336960864051
202.9771446344428 221.69989434023879
72.6063139985845 236.8783621470772
218.96294455025927 215.5134209942245
236.4366004821582 175.1158715340297
46.40925740230664 15.462089099876398
47.217225762408084 242.25922981711273
79.07997987710318 124.76587055538205
38.13017498591295 11.559524712189045
82.06408632712726 173.67728638717944
210.3600326769815 110.41167600083135
124.30219254644159 155.31435279359266
153.89919136247443 161.86743737585485
226.6538706282836 203.5304068719677
249.746223556416 218.36751079633086
27.00998481234429 26.040204763563445
10.660488279568558 112.32588571624419
155.0850156700621 184.85132995388935
148.79399907281805 95.31151780443012
137.38194646613428 12.35524076282704
177.94305410102965 161.93931863915125
18.101724748211755 198.3670985416626
46.67483194300967 178.86042166688378
108.2800851290491 64.35892312945404
201.24099632245677 144.936636936727
207.70399561800423 224.91005486483755
194.52977781228117 228.17352254706836
16.914626546881863 190.51089649801077
130.47875980494769 148.3666904314278
15.74082776723737 15.598729564748421
154.8826810863168 74.99076011123671
102.54944347088124 154.12276057145675
82.89920892399047 76.45849599143781
167.35658952530605 18.995868599088723
75.66884376821962 114.03209214828073
220.39965132749072 231.79829798351946
24.994269069283675 203.16653270132005
59.2478341563239 210.50477519031958
79.94548763076736 14.408115672956662
137.15493081732467 125.56031728675424
48.468935000809374 166.3053827240497
115.33220971718237 62.05436239387266
190.35487748485477 202.03181994267598
72.6920466938642 89.99431062189758
224.62090368064327 75.67213202015446
183.39629418671856 226.7196156819056
232.57990237818538 124.5007095947366
86.72960181818662 245.33396034492233
35.31049588255275 106.84611436554906
97.7896656687077 13.473551628395503
98.74063348480658 58.17794052005301
41.82172757591737 164.96614372513196
7.3859998116829475 198.3541547237152
44.4300601399448 117.39674754110571
183.3244413705704 228.1110188808038
141.47815600142167 163.84182947717943
5.80769874468734 69.47396215394636
106.66499040137978 44.69333671430062
64.37640610480344 101.0682571793202
133.50506344776082 55.67516694754465
127.30232286210533 117.07993978013168
186.52521329474953 55.81891007128883
39.279530670897735 13.002020176287987
46.83015479443575 226.46244506995313
69.40275150204084 49.787706171237566
91.34498347783519 127.87278080133183
234.96926092953316 71.88173952556457
203.74659351232702 122.89557681938729
22.731499302182296 105.2094874226508
53.53608807745091 152.98125742523476
96.58480236910891 36.25738552194235
132.5113842540544 112.78598662430365
133.28444168949613 214.5580944900578
46.76419853699462 35.500384622848934
11.23167026137617 118.56275242159565
81.72656706649062 242.05859687100937
198.28781040688443 32.702705540529124
175.66469967835332 233.47008103910287
227.78275055447057 3.4437065531331412
203.50883988160973 115.36719634181541
58.56057479123264 172.54188182824552
15.313070267051865 85.89965960667966
133.3983331139997 206.5761744004451
43.96738077347598 216.1473960153997
78.84814646923799 6.124111141423027
31.241413832946485 211.67794098214566
71.45190138361401 144.86885462657483
77.66829313937387 157.6806817855268
101.39388510146094 203.41507430918503
28.279563482106557 99.13517238878364
161.62168917248053 78.58498215088657
24.025266519350552 23.466479005383622
192.61926714472085 242.35106972556363
125.8882010421806 50.75928801741084
105.66387516041725 192.88548573192884
107.78264300422055 109.35039406625333
187.27009885385334 161.21805806761262
234.52380845424574 1.3308676644659956
117.0231647693246 18.42998478537941
76.17679780896272 209.67985611487558
17.41381236353362 235.109781018986
67.87617827889363 33.382615289457185
11.631561348650315 17.617956736614566
114.73579573284384 190.99851342025994
68.12388885459977 172.50014565120935
220.27147521293034 124.01808291771879
22.489867070500157 188.76280559712478
141.1663245850866 171.1704623382225
219.9316097097212 121.1926644655942
18.296141212334028 120.58203296974798
238.0090692918589 9.019917431393743
153.05613560456518 31.55477740069551
226.73538086487997 84.44711806937855
63.19911929333305 202.23700618885925
8.842112762528775 146.4815293295373
81.5661426451825 11.172440417311025
214.35267687642815 181.1432748978208
238.62167926366737 172.38936501446557
47.92030785527432 154.72592799369906
202.13702828076944 87.33437720392362
95.85357844091335 159.84927945666402
73.2917139354399 243.8735089080338
76.69460129050573 121.63075730722714
50.234393459142936 10.84490385209308
207.5871112325903 200.47370916443828
129.2372868022772 159.10075630888247
73.92229130836928 13.5533882433021
220.722664930981 2.1818698176606643
151.68934834098707 228.85978010076883
103.23684268216707 120.2453819407903
37.61500744707747 26.616742607632027
85.65543200244285 5.2934087343590175
246.56320822287734 145.40330696671492
169.5844588414129 42.73398202742473
245.85857448643608 130.32147805754084
205.39129343539224 26.216538228010815
108.62138845734992 223.03820804033492
48.13005692431574 36.17595565572926
86.91970271026727 159.7224019928103
67.21850972153668 129.29803969867976
38.28371542858414 198.71181682166423
243.94151309820947 189.55195798309276
85.40129965827539 82.60690509383839
239.2555040788177 26.33634914624072
179.75370090890908 81.96069519500223
197.0778986832473 227.2991255080431
219.10417961337095 78.97955830330552
35.0003546654683 239.35286899382024
74.74726409244914 171.44155793952945
98.67036139319993 96.31113401769642
184.02591631482778 124.77002391727542
66.69999667022266 4.6831573721404505
122.4626272537151 24.34434710876235
233.57143386857254 193.91308486465542
227.74243613917852 183.94303634232887
181.5738310518788 91.98207004463977
31.45726029556864 19.20264238174174
150.32438236332868 29.24536401026495
179.17736048155365 46.70836626856018
184.21333702533397 39.39757933450344
232.59574580552473 93.39383933517709
137.22250107259316 239.92599247717828
65.12020332205573 75.2741200932635
1.970777985548705 193.4747520458275
194.21276737236997 147.97762893787888
116.89270085661302 82.08120563918919
119.53651240759544 231.56282864361975
67.2133196114787 214.45365803278608
22.822878515510514 12.222581260263599
41.85445138692789 51.620536010010845
178.30222093929922 60.20242515399282
224.03584762264683 46.08605972316071
3.300081238633318 207.26207663438888
210.66041606101965 41.13192318464293
124.13918056151665 101.51353925918488
10.126279936554738 227.44833200494327
209.49422575665332 149.9981342470856
103.07997916580459 81.76247503235878
105.90739542243865 138.64002854852382
186.13398839073471 81.12542678449067
237.64374453906296 39.01883672574258
26.354396457460183 56.080014455622496
82.30620469102215 8.239935360829092
92.70509837603275 141.74639005686115
39.77384463897571 5.535504300552913
162.90294040728455 113.81613252837353
202.82249183962466 78.61005641843299
183.93790576935947 169.24989757404555
183.53966878470513 11.665458551368662
104.20397612380594 116.80101594241191
180.23115680917354 128.20498766231213
193.25268138305833 147.01359627183604
65.76546386693325 152.40281395345954
245.08248508701035 165.76303987899988
73.46225985873156 171.82153504052008
127.67335720381953 106.46000940436717
158.79903751907696 50.976488334635974
170.7984092251797 56.492790604794365
7.062131323261251 223.9781239595948
209.4975915547715 163.9846276489516
232.67810128978053 149.2612467478077
164.85936989244954 216.74464277342412
34.89198658676773 141.50625444562718
12.83218795495314 85.97671938331727
203.55631601490447 204.4158181638063
138.8502107524392 188.10271339748158
95.03990146049102 160.5416997808747
10.968849056424922 74.02644485359112
171.79558334078 228.84176705085704
126.80582186691377 183.7389129309148
15.083518003687956 107.6803986871958
11.60116904160996 99.67715592192339
168.42395754945358 32.816159098242956
24.349961319690166 90.63757296694658
54.83703510087515 95.66363257238406
196.7504336119881 62.732602755664665
138.41264709881958 25.70341922659519
160.15236030352827 87.62790328351514
80.75375661751441 95.73750392975356
15.87180220785242 164.58182017823017
204.4163631274066 178.7966215375475
137.8968071131065 6.802324038101743
154.79734377623151 80.83308252821556
132.101063345613 10.835728737547484
129.6517759652917 225.78255945925926
144.93653095011555 44.34355595257397
179.18715801333786 90.66662171765205
71.9972800971471 5.6973987556167565
131.09892824670194 203.86042053247584
205.59840571694684 35.76131073253352
9.282243224609271 91.71880182740533
207.81123306276052 123.6640974596108
56.44051950482376 30.639355467404318
184.3857137447321 136.86397801850566
203.91654573111015 165.47991268653684
83.29257928189462 34.487205086885545
216.6502757380807 210.50019522309657
219.664116276463 167.30570460179572
1.4992650522036577 21.902982390771736
177.51992710150768 247.06923174549394
123.38822688164905 76.91164574753023
19.198529215632615 245.1076794590694
177.7533668426992 75.61037467896078
36.50187591335383 160.7140900650551
77.90368716243101 33.40550720423885
104.68495328012189 148.7494093807357
9.165143686335975 231.18222228706787
151.83827889747172 216.34086251596793
231.10757333003133 69.23649830108394
177.49131840217825 177.8991908391179
196.02687706593701 49.06344520054101
148.25010329046023 73.66510288990413
80.02429810870099 108.47458052983447
141.04821111841497 146.11043989904633
129.3478445302618 172.92666789256845
233.92894284064337 173.98476020929735
9.014438994018187 49.636107833363255
239.96914761137796 144.09996700543795
243.48413264611094 226.62804217785472
237.3362422114694 103.30218316186851
78.4407474727733 155.42348550158067
115.59026296208405 63.42266288334056
77.5677570631893 184.68457759704717
165.41082829316025 230.4131243666734
182.99330592694812 210.74171532162396
38.37882460482875 72.78859222022099
218.65749364704166 91.96203667698474
247.82454420355745 182.83371848805217
72.43562614627427 143.17467359716932
65.52773115448527 83.45992586645434
137.54036306486142 133.61353863821864
86.18270190679311 42.84177993587054
105.50111557241212 53.62937835422291
214.40019974807407 104.29244638712012
97.27269912420253 120.30258431899138
201.4750920121727 242.3186471421467
110.51003749994015 26.0141555588303
48.753084810518295 69.90698903232858
4.324398292656878 34.53009519161712
216.04120758217888 184.74715590373424
172.64594174510538 163.67419638944742
196.0803284923069 29.751123146373875
131.83127969588674 205.63800465060288
78.20955961621762 114.90869207077209
51.06841344985719 150.0531073584605
209.54176995559843 66.33989207736671
188.11247874280622 200.90770477304017
37.74714784631944 200.85442631833394
235.2368620924281 32.5214392476047
57.591367202552426 173.6312521023852
218.34479397475573 32.65997310223073
155.85038063713233 99.36460942447525
38.559966801455545 152.47966767205733
104.88712621653052 15.61657215222631
207.99681249750867 26.135640671411526
48.48887001201588 117.80052194683549
132.5597032112245 41.43273078419202
16.844773854269135 71.02307482382558
242.09156846015608 15.641412135958433
95.41976663704288 213.38514974396568
53.41015563276641 97.89066758259116
42.118368152023386 149.33067849857287
231.5394386024853 220.46872049639526
150.10281262067434 196.685431195721
35.28018191151885 186.2132805376761
40.2379513270936 192.13883379242884
172.95712328658337 162.3477317225487
79.58337498314755 217.0591029337441
151.58568186863963 143.69382394962838
68.18261196945718 14.902904853866167
134.92106402804285 143.14240103686626
209.99198158128036 104.1581814695616
58.618135089517494 187.92636531800804
212.00335600624902 75.70981044162089
161.22029746122803 122.87216115286442
8.545395723921406 218.85755972530228
143.05529676557836 79.55201010106883
149.57934606684225 112.27445742146786
8.713999362702035 88.4531239167136
55.798475838900046 76.9607310423
224.46192037206646 69.63379065331773
19.126509211344956 32.3065171168741
178.09173673771048 156.70001506802075
223.59992536935547 40.40349526582768
50.94586051101585 243.64015108235586
35.6971882053281 58.20467326684875
233.23352637447388 224.7765774791017
101.69501564035119 70.36607611502268
119.38113467825659 72.579058227498
54.46146853554853 21.595289454429928
5.40821957031859 211.43255697090433
42.25587515173429 6.364486665421387
179.84857676529296 135.2407845311676
184.59443857596276 48.79407009946843
49.27698123425861 29.58108422469921
128.33303958863897 10.963088960624507
147.25085230357575 77.67211537094954
64.65753090886147 100.77287977108185
37.348055067241674 28.516019597185334
143.21860329236432 179.05938617060744
79.8232209540956 197.83740116402413
99.24384389030547 72.17816992640603
25.870193935959517 115.3942518935463
106.56793932181114 175.7706657300688
135.15606791551107 234.2693083459017
93.20484139508567 121.63834215879157
204.66584510852834 132.18020429575702
19.108371208077457 188.42347272715483
234.47591598836414 172.65479077476775
147.43640318214906 10.389937295838786
228.04028507396086 52.0820226382536
75.89135447972012 249.30651019623588
186.56716449623394 163.97698432915442
191.91653306781944 3.850733840351228
153.7859198835346 3.196365357410497
136.6781373628742 77.16937834464402
201.19960721520783 135.14812259307652
93.42805765074971 194.15510814978666
88.62847043534863 183.80202787685025
236.75652268648832 231.13427863183648
64.92234626808141 197.37197484513024
183.50024908433562 71.00593820624782
105.06097657294333 24.38372931553931
200.50922594474122 200.72483414429584
169.56579263456172 221.13411834036145
141.84734404920422 67.50504258001622
215.11240592086298 101.38616400305162
178.66225003058835 162.96837806222428
18.04806696469838 39.650685302661415
128.26891682809048 101.01941499286332
67.42745007801815 65.01383402516092
62.11131335463679 41.15119414078872
18.948308161278543 125.55869657052945
78.0533224543779 139.35797316786264
215.6145658998574 43.24767375833394
97.8256757146256 245.54934245579057
197.55005431730643 71.68340582857729
123.77105875292426 44.06834972182558
241.59462248241013 6.372411784222987
108.66194996411797 75.71134257048267
145.51341623548248 1.3245618053123742
33.512616024733376 74.26723411762698
169.34211005908608 78.8396962802856
38.86682340564327 135.31968904314405
190.96082168370822 153.69578883253112
59.91112197289508 202.0975637430902
154.9830348786889 168.75105720970188
208.6496210720906 27.538616402725925
223.68615922191623 216.27109748095586
218.57476268746098 248.40247945179732
186.55667172831713 139.9205936901181
119.90195798788031 204.59659732983624
32.73466234208192 92.77279947557543
132.8865003987774 133.05146799096
129.66456436514392 211.29211052977524
216.58591071354866 125.15135950241269
177.8878851740676 222.7538902294571
82.42899441126667 216.31647339082693
87.17434595435816 64.88703615252095
69.79775461618043 161.07150939660357
169.29269889180577 151.1371373228462
9.79812495948676 191.86131061232504
194.5497790273401 226.4205508880442
237.65032419557684 230.87465311839597
119.99759651751363 50.57904029258034
4.582115982322444 192.78256253720326
60.39487321009365 82.86893792071481
242.89442780810964 199.01380991656086
53.582264099305775 159.63180602743452
213.0060299341051 206.06324384829173
88.08323939197571 183.15272749433322
47.82565581844494 6.29483500993272
147.59163943923625 116.27768347914727
112.27541740650227 156.87476245113766
200.86384154509298 224.70173629001152
83.97320736642929 94.28468705337347
156.41876787955627 54.96082309228279
199.41323653449848 105.4098970267435
114.6727857108811 32.377323487092575
149.76419295222408 9.733857629003584
11.808917609613168 153.42709497639524
138.8963093299171 69.00054737927233
142.6110001839032 162.274848430819
1.8291897073784424 193.30419627256944
40.50764818308153 191.14027607901414
126.52778155203947 224.35602638186515
210.36410565084273 103.0011562278432
48.812450198060354 207.16390636609358
203.54428302818428 87.87968013899139
48.55872535504921 103.08035704830223
203.10465010238715 202.44734275741249
78.08375182270346 153.938007061993
141.52651353313496 150.78360891525725
217.7577756044749 31.9540417049467
10.094026180881926 176.07318033220227
201.92324487510305 107.56283180529056
155.50110237195412 224.6496819582182
116.88621758319587 30.55768549237714
35.94134484616027 46.54528069443373
71.4199140171517 125.21483669698577
228.45096091912018 214.7668627385637
77.40587508461181 108.50294036461736
88.16832783485032 88.14854752466955
54.560685852209495 231.59545867205597
45.76216330887725 71.78086968889866
63.08921116288971 81.84485572015271
244.99487227613093 42.97287367672964
183.77288083133763 79.34155968447007
208.2467569209407 128.73342856762923
141.4928613723807 218.57477136424657
109.09243209575237 175.78824324601766
174.91526273151734 145.45577112092414
133.70281455456075 62.99678104058845
123.21054571542628 172.61269904118743
88.99821012967828 222.328600859914
245.30901068795893 243.80258421942364
30.735154944175225 207.12111795527696
34.936879297135484 112.03690039636047
58.60299825328769 143.4379624894546
128.9710071774374 212.5224568430063
67.79696031940085 76.5791254775575
49.84145645454138 180.94725933618201
126.58977731532265 156.57045026740724
237.6311783149696 194.4359731925113
145.07296106854545 184.73675947624574
56.52085823675293 13.47594636135635
103.6879990322073 145.79497527733315
45.271146805729714 110.27354310668034
154.71283541131214 51.930658610630424
201.75492265744276 53.4408038380787
176.83875209505953 59.07080053131117
120.39507878059888 201.54955051277682
13.755485793236822 30.387512841391352
29.647219715567523 126.11959296053458
204.79652395592552 155.4188606434482
1.7490937319693256 20.587353413924202
220.48715581871994 10.741425362360335
170.1120227332253 150.04090675858984
70.16566247090206 223.62688212899715
13.123060515780688 58.584074973563574
151.80933354776698 219.78645897214886
84.06414821701166 108.97624210297063
183.52949168667146 225.44539606734378
4.058464745220203 173.0400888319726
200.59658559360756 100.16864508882281
218.06324147116575 222.06436276375544
156.800181535266 64.7434386134744
165.51900768078576 166.701777696451
187.69014149397 122.44950584711157
186.7152711521303 38.98531459014546
19.59280323952467 162.32545053298423
80.77485989369131 176.71360844686387
64.41849339472061 107.71338821541332
141.7143845336919 4.677932460465911
66.57470403499039 235.88693795291235
70.64674138160726 100.27667601894171
29.52850707777724 222.90979728239657
176.45960872418357 243.38397418325692
231.4080980826023 135.323199605887
16.190707798707876 234.1759131352455
218.60722488086867 124.5026757316867
204.60176374479101 149.50818657722544
202.12609388157452 157.05402192447386
0.5070432054022356 85.31224373625348
186.07289082929555 236.24575654814947
143.6157440808614 34.669517123163686
171.50221639838688 13.547492367513957
22.15180458081578 184.74285411751413
180.3809666575971 245.74052772892915
37.01354486555469 127.00681270947508
96.98171505029943 165.8536273409563
195.01142006235023 193.11455975044117
143.87943322570243 217.5049204710175
152.48420547608055 225.27352597100003
50.07772806517399 59.808679451045705
111.1027322285657 189.68859188184553
194.20976971805314 156.3779818794458
25.208590746143066 33.26187667685731
22.467478986299525 10.161715591575776
167.66994391519498 173.61920758546128
92.9149534278188 170.28507096015582
214.26154403120051 234.6956466866458
27.96368978640862 37.17315805957064
216.88257714889946 215.78561595870534
201.82566136688837 114.30909783254923
186.18593377093165 9.930135771158783
15.083689158485846 64.79142708873589
201.76103662928608 117.35185527421594
238.71536162378996 66.16946440040996
199.97079362504286 30.562221948707002
193.76754329390457 188.42383591805535
117.27429286808153 81.22312922237806
69.84986922604494 39.138945152338735
96.7199061235135 112.54440101864813
31.18997096064008 175.01818055451852
51.83197975011414 184.86891218858332
51.217818348408215 157.1498044296564
111.5444263458911 143.72699762188873
60.109652164631235 44.43221134277584
247.16164795951607 36.26658717714362
240.59030061282655 83.18096923994575
189.09228376741916 38.643953750182895
130.92020535334217 103.38937283784131
185.8911768365543 94.5272176511277
163.52984301171958 105.15821995683633
36.09298832952759 106.96279557589766
105.77198423669262 39.87858285093415
63.792905351203714 63.57136782462053
187.03401341158227 106.7891948756608
43.74536928798881 170.97832970059684
132.89501132811304 186.47524657247445
226.3649609660468 225.9150400924708
213.93039262695032 227.01651413341844
200.66144548591538 68.45299679264369
87.97737691686206 185.02144038619727
104.27852978617983 5.823987300476285
151.26422513152863 122.68084290086811
182.88080270750288 32.067768470342706
185.2870548181547 189.66794655509293
140.89595070867642 167.45741228118916
169.98902704309478 38.219101670846214
193.71672114637786 52.12945658850629
203.00301382034993 180.21003608123667
129.25967606572823 19.150324729808517
173.35456152041107 205.5507659144887
138.63927022470108 146.7830296615492
58.41867036700904 86.05078933380597
172.0966376328219 2.5996488118212313
222.5011461648388 147.67087362989776
70.37457729896634 50.214097956669065
156.11177658143407 25.108323451810467
69.24602491604831 80.9735329127835
42.540108728219614 164.34192994262176
189.12277982849366 89.13686275173663
156.4511758736213 44.88165323089247
70.92938340017649 2.152834087638722
92.43940546178206 231.55470036131942
234.12499651192786 222.82965860070237
174.64990196596352 3.1492975569396564
72.25513241635446 187.53076799330574
196.05603435225137 5.808940862648409
215.1129856621811 111.51289837259237
13.816693713453398 249.9593050738224
109.51580366242597 9.511461699899998
181.49906017054306 34.313256778321225

576.5
51.6
960.8
576.5
960.8
720.6
288.2
229.4
288.2
108.1
229.4
114.7
576.5
286.8
172.1
1080.9
144.1
432.4
86.0
1201
34.4
103.2
216.2
34.4
864.7
51.6
34.4
8.6
129.0
77.4
720.6
600.5
286.8
143.4
8.6
480.4
216.2
648.5
34.4
432.4
154.9
432.4
1080.9
960.8
108.1
51.6
129.0
17.2
432.4
129.0
143.4
154.9
540.4
143.4
540.4
286.8
114.7
17.2
137.6
576.5
17.2
17.2
34.4
51.6
720.6
143.4
108.1
960.8
258.1
540.4
86.0
137.6
324.3
51.6
480.4
206.5
432.4
25.8
144.1
72.1
36.0
1080.9
206.5
36.0
258.1
72.1
154.9
51.6
36.0
172.1
72.1
480.4
68.8
72.1
432.4
216.2
960.8
129.0
8.6
576.5
286.8
34.4
480.4
72.1
286.8
540.4
86.0
103.2
137.6
576.5
17.2
172.1
288.2
600.5
432.4
229.4
72.1
288.2
258.1
144.1
258.1
432.4
144.1
432.4
103.2
576.5
324.3
216.2
108.1
206.5
216.2
288.2
216.2
72.1
288.2
86.0
216.2
68.8
172.1
103.2
114.7
8.6
540.4
154.9
108.1
576.5
72.1
77.4
206.5
600.5
17.2
576.5
143.4
103.2
144.1
258.1
260.3
960.8
288.2
68.8
144.1
17.2
51.6
72.1
648.5
108.1
216.2
77.4
144.1
25.8
206.5
324.3
34.4
103.2
51.6
25.8
286.8
288.2
17.2
68.8
108.1
51.6
68.8
600.5
68.8
144.1
576.5
77.4
143.4
960.8
51.6
51.6
432.4
540.4
17.2
432.4
137.6
114.7
108.1
72.1
137.6
864.7
8.6
25.8
144.1
1201
648.5
77.4
324.3
260.3
137.6
143.4
206.5
17.2
25.8
144.1
144.1
720.6
144.1
8.6
144.1
324.3
17.2
229.4
129.0
172.1
216.2
114.7
144.1
1201
324.3
17.2
68.8
72.1
86.0
864.7
286.8
288.2
1080.9
432.4
129.0
648.5
720.6
51.6
51.6
1080.9
25.8
864.7
51.6
258.1
206.5
108.1
432.4
216.2
103.2
480.4
576.5
103.2
216.2
432.4
51.6
108.1
114.7
288.2
960.8
17.2
72.1
114.7
77.4
108.1
960.8
103.2
576.5
288.2
260.3
36.0
206.5
216.2
260.3
258.1
286.8
260.3
114.7
72.1
1201
36.0
432.4
432.4
68.8
324.3
432.4
51.6
432.4
286.8
86.0
480.4
720.6
432.4
600.5
540.4
108.1
17.2
72.1
103.2
68.8
144.1
288.2
137.6
103.2
129.0
129.0
1201
137.6
172.1
960.8
288.2
432.4
864.7
68.8
8.6
540.4
77.4
72.1
216.2
77.4
216.2
229.4
51.6
25.8
51.6
108.1
432.4
432.4
103.2
216.2
288.2
960.8
600.5
72.1
1201
432.4
17.2
68.8
8.6
103.2
34.4
286.8
288.2
129.0
286.8
51.6
34.4
260.3
34.4
144.1
1080.9
103.2
216.2
68.8
51.6
129.0
144.1
432.4
288.2
172.1
86.0
229.4
114.7
576.5
143.4
108.1
51.6
68.8
258.1
103.2
864.7
103.2
216.2
103.2
114.7
480.4
600.5
154.9
25.8
72.1
129.0
206.5
229.4
480.4
34.4
103.2
68.8
86.0
25.8
51.6
77.4
540.4
143.4
143.4
960.8
72.1
576.5
258.1
68.8
17.2
17.2
432.4
288.2
720.6
720.6
258.1
864.7
258.1
229.4
172.1
25.8
108.1
8.6
72.1
144.1
864.7
260.3
51.6
648.5
960.8
206.5
600.5
17.2
258.1
72.1
72.1
86.0
172.1
432.4
1201
600.5
229.4
129.0
86.0
286.8
260.3
137.6
77.4
600.5
288.2
51.6
216.2
137.6
103.2
432.4
288.2
51.6
137.6
137.6
648.5
480.4
576.5
17.2
480.4
258.1
960.8
144.1
8.6
172.1
72.1
324.3
216.2
864.7
480.4
260.3
960.8
68.8
144.1
68.8
51.6
34.4
103.2
144.1
108.1
144.1
720.6
34.4
34.4
1201
260.3
68.8
720.6
288.2
72.1
286.8
144.1
17.2
1201
260.3
25.8
480.4
51.6
8.6
1080.9
8.6
286.8
154.9
72.1
114.7
258.1
34.4
25.8
114.7
540.4
36.0
86.0
288.2
576.5
600.5
103.2
72.1
103.2
103.2
432.4
68.8
172.1
17.2
25.8
143.4
144.1
324.3
229.4
1080.9
36.0
34.4
51.6
137.6
260.3
216.2
25.8
258.1
17.2
34.4
144.1
260.3
1201
129.0
144.1
216.2
288.2
1080.9
576.5
229.4
229.4
72.1
72.1
576.5
143.4
143.4
8.6
576.5
34.4
129.0
68.8
260.3
34.4
103.2
432.4
172.1
216.2
154.9
51.6
137.6
34.4
77.4
960.8
154.9
51.6
864.7
1201
51.6
432.4
286.8
600.5
229.4
1080.9
68.8
68.8
129.0
34.4
288.2
432.4
34.4
216.2
114.7
286.8
1080.9
68.8
103.2
72.1
288.2
51.6
480.4
258.1
286.8
51.6
68.8
206.5
216.2
960.8
864.7
864.7
137.6
480.4
86.0
17.2
600.5
72.1
600.5
540.4
600.5
51.6
216.2
600.5
34.4
34.4
229.4
17.2
864.7
34.4
216.2
960.8
1201
480.4
229.4
229.4
206.5
480.4
960.8
216.2
129.0
648.5
648.5
324.3
1080.9
8.6
864.7
480.4
108.1
34.4
129.0
1080.9
17.2
432.4
51.6
600.5
260.3
432.4
25.8
720.6
17.2
154.9
17.2
216.2
72.1
172.1
51.6
51.6
108.1
258.1
600.5
864.7
17.2
34.4
288.2
114.7
143.4
25.8
68.8
108.1
576.5
1080.9
8.6
206.5
143.4
648.5
960.8
103.2
258.1
17.2
960.8
432.4
108.1
68.8
72.1
206.5
216.2
864.7
144.1
77.4
1080.9
86.0
288.2
576.5
216.2
154.9
1080.9
72.1
108.1
432.4
216.2
25.8
103.2
72.1
172.1
288.2
258.1
576.5
51.6
206.5
480.4
72.1
144.1
324.3
144.1
206.5
258.1
68.8
17.2
108.1
648.5
36.0
36.0
260.3
72.1
720.6
137.6
216.2
143.4
108.1
288.2
17.2
600.5
216.2
114.7
720.6
720.6
77.4
576.5
17.2
432.4
143.4
17.2
34.4
229.4
72.1
8.6
960.8
17.2
260.3
648.5
1080.9
864.7
103.2
34.4
144.1
432.4
51.6
72.1
34.4
260.3
17.2
864.7
8.6
77.4
720.6
172.1
34.4
103.2
600.5
108.1
172.1
72.1
216.2
103.2
72.1
172.1
480.4
144.1
17.2
960.8
1201
480.4
480.4
72.1
229.4
288.2
260.3
960.8
1080.9
258.1
72.1
68.8
600.5
154.9
480.4
600.5
324.3
103.2
34.4
258.1
68.8
172.1
864.7
960.8
51.6
137.6
103.2
8.6
144.1
216.2
576.5
144.1
864.7
1080.9
648.5
1201
216.2
1080.9
17.2
864.7
144.1
144.1
216.2
72.1
1201
432.4
143.4
34.4
1080.9
137.6
960.8
103.2
864.7
17.2
114.7
103.2
432.4
260.3
86.0
1080.9
34.4
77.4
8.6
576.5
960.8
540.4
103.2
154.9
480.4
114.7
324.3
648.5
288.2
8.6
36.0
324.3
77.4
114.7
216.2
286.8
114.7
1080.9
216.2
286.8
144.1
51.6
600.5
216.2
108.1
260.3
260.3
34.4
51.6
77.4
77.4
51.6
720.6
72.1
25.8
72.1
34.4
172.1
432.4
1201
540.4
480.4
34.4
216.2
86.0
206.5
143.4
576.5
108.1
286.8
600.5
648.5
229.4
286.8
114.7
960.8
1201
600.5
77.4
72.1
206.5
17.2
288.2
288.2
103.2
216.2
600.5
432.4
86.0
51.6
144.1
144.1
8.6
68.8
143.4
137.6
600.5
144.1
144.1
260.3
324.3
288.2
51.6
172.1
144.1
1201
108.1
324.3
68.8
720.6
216.2
137.6
1201
34.4
17.2
154.9
600.5
1080.9
260.3
72.1
51.6
216.2
8.6
1201
432.4
72.1
720.6
68.8
432.4
17.2
206.5
720.6
1080.9
68.8
103.2
36.0
960.8
8.6
103.2
17.2
258.1
600.5
154.9
137.6
17.2
36.0
864.7
137.6
206.5
648.5
600.5
86.0
108.1
216.2
68.8
8.6
86.0
68.8
103.2
229.4
68.8
68.8
229.4
260.3
144.1
72.1
36.0
129.0
34.4
216.2
432.4
216.2
216.2
229.4
72.1
288.2
143.4
103.2
144.1
103.2
216.2
68.8
86.0
144.1
286.8
432.4
324.3
600.5
432.4
144.1
114.7
1201
172.1
144.1

8.6 17.2 36.0 72.1
17.2 34.4 72.1 144.1
25.8 51.6 108.1 216.2
34.4 68.8 144.1 288.2
51.6 103.2 216.2 432.4
68.8 137.6 288.2 576.5
77.4 154.9 324.3 648.5
86.0 172.1 360.3 720.6
103.2 206.5 432.4 864.7
114.7 229.4 480.4 960.8
129.0 258.1 540.4 1080.9
143.4 286.8 600.5 1201.0

2 5 8 11
5 8 11 14
7 10 13 16
10 13 16 19
14 17 20 23
18 21 24 27
19 22 25 28
20 23 26 29
25 19 31 34
27 30 33 36
30 33 36 39
32 35 38 41

