1024 3.0 0.0 1000.0 3 160 240 100

214.25114476426194 226.01040502933645
195.34270676654566 14.860247861266773
86.09170244237197 168.47354047129093
62.20488453118711 206.16032978049518
44.50271829586236 2.286322871489749
134.22137629083286 230.1908221042337
158.1235920445875 55.16737849777864
195.13869551354676 164.8081558690249
170.98812337949698 177.35776988087554
175.6248416790891 78.60267657575723
20.018524071183762 32.35325604079159
190.5212069380792 244.404682674834
170.33262175801377 210.2224011701307
224.21788979747836 77.42708419462069
246.96139850171807 126.33079138089886
164.74422444706175 96.15692578094448
146.923110439922 211.03658338080098
88.83667258687933 111.33040748240496
5.394966940909435 186.21209008488532
4.111593197295759 245.44675088216158
53.95972137111443 107.86626065629976
168.16233763943302 59.47783578809657
232.63060043020002 209.31658510750322
82.88150767535801 133.89980915896342
187.28712872027987 20.16855152740904
78.06649934642992 188.80193780189165
61.01902542960644 15.812508111151951
78.73573296334952 200.88092278299823
125.97785618288954 191.3259587527111
117.81573055138355 3.6261079203174784
38.382340030206244 245.79550428207227
12.526048299348226 156.31517200223453
10.457208282346198 19.478351975698637
89.29956891776978 57.60234331882524
9.225821605891472 11.175950358577575
159.35118736988292 127.64168918159561
196.5531608554785 140.88059255375464
209.96745334983405 177.36741700224343
130.48797136992877 89.36229037864499
235.09719420660423 22.83605692995988
221.9898726427175 104.3074224503923
105.5890330397917 52.68372655655818
193.63310461890694 145.6754471847459
82.09111349597516 137.17414184568844
172.68611063516502 19.28263309538561
132.0353094467526 242.52592113700257
208.47376471710578 234.49721614718712
105.5114489159584 7.007396460189636
155.51730688193183 197.46406817774516
181.99052894296258 104.2605672247918
205.1829844647585 67.49221234799407
233.9545861753515 159.10452497143058
195.56138871869078 181.75645900617099
186.80186174117904 54.17952302788401
188.74259628162133 92.02254623140391
94.77996929014957 162.95020763820858
184.4367108946829 249.26953193214752
202.84087907363286 205.81894288256652
238.46070442742715 5.62808521169314
199.91138381821165 40.23872725021807
185.13679198000247 245.9005257519656
111.57977992099372 183.91929438846947
50.6995882703308 240.14823669711328
178.23675995796205 232.53345286207215
171.51574035828372 194.31921871773866
123.52491401115115 81.69163480125086
153.73448552277875 143.39248630791622
29.91089409467379 215.2583429758099
188.56694091776313 208.85489346341018
5.060593354598103 111.89253171846156
186.63774023832082 172.78574379865742
233.7041857202589 148.58922983463899
221.5061192214213 56.24010268425625
222.61069182041382 153.59618143292158
38.250590390988684 127.6626258123576
2.2765857869705695 120.79734514720009
146.3289770256642 99.17393099894132
35.218115901359205 239.03703003281956
2.6270256499518196 18.732555486884934
61.23640455555368 18.154792253630564
186.33763727473826 98.62670423371434
224.83989168682194 163.9080800535198
157.63200532653826 199.3261933239066
245.52432347245139 10.08638949328819
65.97440579301397 224.9687651180884
210.68897984644695 111.59775862688798
14.823901602062401 74.05174661391628
179.1349622711361 52.70696484253157
102.79183952182936 47.74282535555288
96.26062215773551 243.3769135123937
216.6513200002413 246.4760801899134
183.6093340392389 223.4282433234755
115.54480455364319 125.58417459536173
168.32897269313142 189.39782242061554
60.00888283205194 153.4836178212181
176.91963649669052 93.69877983338313
233.324449689713 141.85946787707894
94.51589822273557 168.54611064439862
18.22349806901691 248.48452703152233
108.24213821231288 177.95042409072724
62.63495678222805 43.92334185764976
86.2108567621872 80.09498876448589
154.9832128416896 193.4636346992974
208.68179251735742 5.517492663978663
120.68838570134236 88.76851455861134
186.87818473554637 161.03749006663801
242.87687558628164 24.94250505006626
27.056986186877435 192.23601883399346
162.62043319695243 87.85027284806196
189.8192148857513 210.74879294971282
210.3213704957506 189.84542664490004
186.6635381997708 92.21508867291212
168.60812496297495 135.86854588973605
151.19379849931957 237.17943680231426
165.10167682729139 37.245745558542595
103.25844981373122 62.63538996603938
17.721674081604217 54.25660099251148
31.128983366870365 128.33611239727443
72.15595273190046 5.20091826388791
20.509357528658512 205.0393808875229
56.47711965165617 163.5160273265874
156.16358262236668 226.49815496518633
135.99909807151315 71.78719121718319
157.5165524009973 249.31748619249794
202.0290015729227 177.620766007632
198.15196627107798 7.225645975415751
187.4418418488764 219.84594787908316
154.66174788639026 203.92776455264314
165.9807477721318 172.02843340574643
239.8521191818157 186.22980414764126
158.97914210244312 170.7536539155256
224.08557063934913 233.4953149280242
79.85400969062417 4.354338229377863
15.008256426440298 229.4864238458918
183.80846619060497 181.52722026908825
55.11573977266323 50.75917437966057
28.69994193925962 97.06425914324556
21.82447590016193 79.37771463700766
36.39389272963817 74.74084314652681
222.31792476764446 130.83630396404536
75.92807339466448 122.34799955701267
132.16176962379163 67.81676045788218
224.65838602859833 177.53669043917128
20.47928656608641 145.46714393317663
74.60186226435114 90.12638549410597
169.79928319692436 245.49210233012718
91.39536010849794 236.09196979625318
6.431149394357266 64.69651227599523
167.93260310414374 44.48021557695167
169.20997295016036 16.536495153732872
140.94411851613452 188.2140056681099
247.5346360417572 98.8618028313046
160.78008842047984 43.80954094163666
183.0973812435758 100.81416974427884
189.95209357905946 179.62414296862485
78.21635895434878 181.4640049559037
92.85883665510666 69.22114884082633
236.14259391477077 180.51091229414496
7.246936716321373 56.18181506758896
19.659308023131512 178.34897557058667
8.422630325313957 102.21172323002173
171.47261386258003 91.45954628869116
57.617865542477084 111.52454640099208
220.1030238455106 51.773134695306396
146.79416304979767 177.24051998684902
195.4988375666765 109.90193283340746
95.56862597934149 96.59059185269861
215.96067069730947 118.13529679379847
94.74492250889044 132.5308940115774
109.51672109263383 202.33446433603112
124.25563214613058 105.34120218006363
154.49569676080415 33.97099182501071
38.23975441655128 197.6116319984071
132.00908273425503 28.51392407207756
85.16670372260415 106.38607754000704
58.09488833477669 159.86851185165597
98.09168530667462 61.30120547472823
191.2304192655918 54.720488288482
114.0961629133215 1.14678870693663
181.16584757661798 155.29080171113884
87.78640507673208 174.67483539839975
239.34294624906533 146.39982137999755
35.98234807884959 161.05280851173944
219.19176120252277 127.90482636979606
5.272086283282961 190.9150333129109
118.2410920166101 173.93410187301043
35.111280670080234 220.7884733038139
46.45034880056226 111.77683946358461
69.88577399431628 230.7771094102532
144.36848013863113 212.00318373533665
99.84456398464148 237.61730146177229
116.50992080915151 207.54547136351158
239.13600484872902 66.40937434563939
188.00521901061506 39.888185899593424
63.60893376808849 35.99904758287942
202.93430382342555 216.98784254617078
163.0542528083045 218.99786418225958
196.31600091445625 201.3635261995595
203.66472498270232 216.9585853430416
88.57167739499289 72.86302243342676
89.318759454771 147.18020618556068
60.65397267179684 71.43701661014836
68.36474220658582 228.5244990377452
7.787156451139532 93.02659068048771
168.36300077113103 226.7033740352408
82.57966462602023 125.92340549539128
75.63395282127627 225.3504495668429
78.62027926315946 92.32627254043693
195.78666956038484 156.24262857049652
126.08901834072967 119.32322554707572
197.81517944368073 236.6012172520416
50.75302705936746 198.68801037364545
9.660643767052695 160.38773519440127
156.4916457667477 174.69873491895765
246.83144093927902 59.05971682454897
82.87358394221569 9.463333969046056
128.62445873658663 230.4096889699883
136.0783892098074 46.42379460830709
40.490002730243226 132.61478137075986
167.76840298705824 64.33929386669324
123.83983756510905 247.96112371013467
100.5006323704429 165.2372810491283
47.76699597219622 247.53695608690006
238.41330789645855 211.2477247259066
80.83994269074768 218.12593468283868
57.86231566437741 116.88623553211957
170.40402973629602 140.99305103378668
118.48835553714696 212.57454443925982
86.19435006677075 147.13626668783837
225.6556665687617 8.420155717416888
174.1362764609345 88.9992847020852
154.8488321774324 198.45828952982788
32.431860289067 13.796204121830858
125.46023093861517 119.02774026227058
102.47712154143898 30.677488437577505
184.14392711432012 205.17234579221872
5.031032721968781 29.5122840261611
102.5926059481904 124.45213942461345
197.52588011361732 0.5097187053946239
222.2271698693909 139.43940045144342
197.76079151525875 200.34600658140383
222.18504494886506 119.12532659450892
146.8446458518214 89.07064826694005
194.74694049489688 155.62853099178253
101.57651044334723 199.42757949095366
4.434862288975605 218.11407688660427
193.75179791407692 125.11236017121271
88.93601004882126 112.91477237173478
230.45805847897458 231.87095116228082
246.77862539326875 79.30179867532264
3.432115598465957 20.16993401622713
27.913900832875484 203.16734842174847
176.96319343918702 203.65898483470406
220.84924548443192 40.81731536107616
163.17674662010376 85.09962512686158
168.54195239718223 78.91961546935109
39.66572313352595 12.10099296426037
249.49306442258202 35.319905123727565
140.5266673656384 82.3641266686434
112.8074752703645 41.62604327333547
122.30997709275171 107.23227395938741
46.76262467419184 45.02268013130445
95.43621774652638 136.90008950099332
144.14245902202762 43.11632171943286
101.25886661087719 45.41490490870936
115.89169256877291 45.09916741928286
66.72930314974465 208.51185086086878
48.34121438118344 118.58869692693658
17.72347794221174 34.31350744222639
247.86933881233782 169.51869734896187
14.258765905389604 59.80294257670452
210.88010607805032 200.81731279485032
112.11825772656734 239.39263859830038
212.53458240505987 249.67744114517663
155.06295928105212 136.03748450270572
157.32114309171098 102.62675955950482
78.65314506623442 125.61091995344775
165.5746983495389 163.0786719329484
146.1704793797051 147.59637003964187
205.40060886003923 135.53734041775604
17.718699271682514 150.61979317015107
54.96655793492228 85.3060405205078
10.266183386399092 46.10120605131793
156.13199524505342 64.60460470693234
74.81110663951304 167.16245459633063
127.46516120284288 105.23808136480542
180.09659835484536 154.4993696203682
162.70358243507377 127.39823207305878
4.088039329387671 83.49371423908045
154.44849100330197 195.30160091416764
216.42446981063122 202.7567265869732
163.9466269904301 150.93709749932253
55.96078206425389 175.96307452092054
148.228526682962 212.58329215115126
85.98791064608483 74.20698543430254
18.854344908794257 75.89979267943048
136.56277096544045 96.54310796552573
202.59970021926287 106.66805189608044
62.25997198556812 30.318861625097004
230.6352632528995 154.30442270730904
7.922169347440278 215.61460781032594
73.73973366884783 195.71877676778266
212.58638070623718 180.20887666945032
59.79346225477805 145.88047854861992
121.05473238513443 217.2002808042603
225.12284312040936 71.28870424679305
11.891386577743551 113.95921727553662
227.87982321634163 186.727344684325
98.23679766425921 55.92563488582494
9.349419723851781 180.39885846118108
188.88672732717458 79.27854935877384
183.16166433256973 177.33684996382163
183.6902791146496 93.05842852734148
221.8282893150846 38.11182700561219
49.18165444674191 180.99467551660626
89.47916440797901 221.95736747240935
88.87192210522679 225.80790828954383
206.857077734601 77.48071238483378
229.08143678865545 7.0213878607377485
218.1072231333252 113.66437101388111
184.68657338696968 139.50699828703438
37.87844507087698 240.8434472399639
126.06668674612978 8.95975177820571
37.65971424250358 155.77959605692246
34.170684482303066 38.41973529735629
76.4410440031122 128.54299414999832
67.3586173893447 114.77652271331971
53.226965415867774 102.08812818087387
164.37641451049245 106.61684560154059
171.49316492257458 235.04397371530675
185.521485046404 0.2355540060910155
168.88468975083333 89.59137378137397
144.34057844731018 197.36212561724494
162.91765557712276 225.20097754225768
26.2901817349889 119.76900080604244
224.7267211020698 147.26843993350693
107.51963473460694 196.22313661332018
210.8920194200691 48.853982094156116
150.5952652509006 133.92533115559095
119.45849063771189 138.82252600972643
172.63798023441373 83.87151404628102
238.07597362875325 87.85096105961976
212.97768042969832 239.1849780974477
115.27161318479598 191.60680403806387
164.15262411444144 86.98687412901643
3.5126869444748188 171.2783921883395
44.936028692876164 19.721638855413364
48.88305860929437 77.8550191638002
57.723999395196486 89.00987679471025
30.713392659641485 49.886292293385345
6.469172004322232 159.7780072513757
214.8841472385737 14.515491132386927
201.26635828850078 95.44245581324334
68.06190641667074 73.37782926055431
155.2680403026539 83.14465931143941
96.5273061840691 209.43501864058618
187.85392782565646 48.42589134266739
120.75422796837462 3.635907995105103
131.34004980125206 135.73537591776835
41.193494629840316 81.76672032415524
103.44753113093886 178.93773992404465
5.633927038576986 48.790353652293504
68.10377931558337 199.23689688434172
54.4288547335704 192.1390096160551
25.098515480331347 192.35265956309965
211.4977160313252 155.40528896558615
146.23051161595933 240.312480591472
1.9126073760179496 150.61549262286772
128.96552886267798 117.80834139935547
204.51971311925232 236.83305722606673
85.81640055457038 53.66839549528626
15.5174577126313 7.227532772869166
194.55446805731015 108.94003677459204
156.91819160426448 82.43178103142304
72.7072781729578 105.63997557855758
236.56476083239673 53.844454817445545
66.1930413536852 248.83777233804292
237.17686479363027 23.951187993642765
213.68277064613403 172.4601001980841
107.30003364598304 213.97077095783993
64.19215744561374 97.86671756490777
36.31318454949012 200.75006569903846
91.70794977212634 159.25928807171002
124.79784221213383 182.43936945412239
143.2613231602596 110.80666116326861
20.29102338796296 204.2487480522475
111.74066416425485 52.13809627764657
31.058994776877874 249.79819792869108
228.56571363657628 73.88553142353702
83.27025654565892 120.21423066455877
95.47827509516563 114.28757026970044
82.41299541464572 89.25328051194492
113.43088529493645 167.334215479281
175.61875345742394 247.28790942000305
28.068210618486745 167.98861296373994
67.82651738700591 32.03840586180676
241.14897254415445 196.99609920976368
96.12392051899518 23.324011530674234
93.14929986297827 129.98832871551306
33.21098754120078 217.88852710342132
69.0771527731997 127.07881529840515
37.51108508391587 38.8812803617262
61.872158976546494 129.04150261095546
196.91178935977177 240.50368099128266
230.809183602333 39.95816458774176
130.83247939515408 59.23648789250152
184.96885826183203 52.56990685178717
231.47992614124396 8.623340825590159
25.01083256726322 164.87480951537972
190.8055727364605 57.6229354339986
97.3625257647533 183.65462716834196
209.64082727775198 147.2674152511971
11.81793601549111 172.3729496162368
45.11867823642229 85.34643082813845
121.50711651587048 108.42315241376016
158.3392041574844 28.276914022325766
140.62905746953552 106.21790050881702
15.285340064254305 182.8362766814635
89.70402233815739 139.34167325865775
107.46275969879606 152.29179834410152
7.81060434140754 15.781942653911058
23.921253156603623 60.12498913471384
23.67986554562618 80.24051768090182
106.94764216403618 59.52800254268858
100.96772816088797 129.14448840257023
84.32355042612814 52.760400709682465
59.40597314653892 59.32492248358592
219.07860125567632 116.69262899542824
224.06500155333026 150.26118013065914
214.93435355487466 30.676233133948433
161.39124059110793 181.52289764330783
22.099974728679612 150.88843135389365
145.42409004079553 171.69820922537033
151.78137542503373 133.1287452472431
151.46682885060142 218.50208283062838
83.03697046832146 65.37370426611821
179.74434696078313 59.92993520399281
140.61874701965914 239.55523902632416
9.662236311190842 113.4380374509778
220.93261078253965 220.34543134034743
232.25261556843148 83.47514382558447
132.07959202785648 197.54071569988164
22.62708490762272 70.32788590501063
202.13380125106744 92.00064224775915
24.132237646776467 235.5695247589542
202.19492195374568 102.30065354105572
200.96766045386968 66.52080103691041
106.69895673201613 148.44747392219804
185.38702169326604 234.13860323194328
131.76610140038449 207.19247557368635
146.89838219848832 175.8918907789036
53.16210923930001 52.367457753698886
120.12936453374101 93.94431054886334
140.9300626473413 23.46700870334492
11.926721289380993 10.120850528536119
18.003403948594677 128.93101748930926
177.8570945724021 51.60403290156226
105.87569013431711 182.7498752738996
193.31932741245276 111.0495638864693
242.03720848272124 225.03573781891708
98.42374373330254 31.847241806703895
158.53540227598384 223.5197474120676
6.9721471217048805 91.23354012585189
220.38715985613294 245.9217049641727
11.424849066433234 7.500433957464386
58.74982658596886 148.9860811477978
249.11316103649028 177.41058084152874
193.45406164520534 1.8292433594012114
135.7813933264571 231.96792522423775
203.0093416747935 237.37226320394333
17.569074251469946 147.8719673663729
99.44233975911048 202.32707948718198
56.14087432933867 165.38570287319584
198.49248002267868 44.46414478021998
237.8849126021829 124.41945756555617
147.17689372122217 100.30215261696027
76.61335668275521 134.1218651761301
18.99526418826064 95.48211957273661
88.98197619343945 127.44772359202996
96.86578959866651 73.0275267887569
133.76792569097282 10.265890213374096
227.91157282090063 176.66855827525288
89.92663580731319 173.04331250061227
180.41828363332323 32.68791987576258
96.24434718244723 236.35212577116073
155.94272732470301 84.49929462765502
3.3316696713747707 155.6712594607839
114.31037867380886 138.0801377959591
159.70428901724657 154.50024716698627
243.2526392983987 226.29245429364704
244.08315702988952 77.95982912888901
110.08570515880986 40.16250369952881
180.90310741297492 230.09183841113565
55.586831146089615 34.24156888650148
243.43134068366973 93.8617283080242
198.18188540658946 60.52480955920792
161.66222100793922 115.33546895867222
149.56874848663364 148.94746084545847
111.53566296188816 185.19364236403135
27.904423438799427 91.09555042184734
165.54090054974736 23.80421644704733
3.899758093848571 171.61712834220586
154.58137351397878 244.8671158166419
67.61189438365992 169.74752206604398
243.35183469744865 32.13652237895248
244.1856735362111 55.103511043136436
107.20170280759226 65.53956847901516
80.85584961070292 201.69373065863374
115.17130021592517 162.35799067924248
212.81395323076023 246.7680892705387
76.03557411040101 179.73255888692603
244.48719890870606 143.06921065986887
22.719945912927226 208.97235771601316
151.4191464800937 247.95117550075344
240.4010738781103 65.89393281050926
129.98886316619118 130.91203859092022
209.53597216210784 52.701764348143
152.22311184129276 92.3225495459323
168.42641587828857 23.364527014287344
139.88056971559237 196.12037266196833
56.44489248066972 168.94988586701936
245.59505139258147 211.13288240837633
155.92401915272964 127.95133050299182
197.64227865293103 111.79341577161433
73.78209014718115 49.68249229857508
166.59117137036273 192.7194433199228
150.53143230299327 199.59707582142565
177.4977991196294 69.76691108776073
77.96078333971079 42.784290180021806
23.371798854982334 47.862152264344395
139.51046077457175 77.12564467001829
204.2199117690581 119.51145775852035
213.42949387895945 47.64746511663459
2.5552156164610484 57.20667681469963
86.53837248263547 212.70036448042254
75.35805433134755 122.80249153693259
2.5760655405791253 241.86712417286415
23.400002725012996 154.03177006445839
33.43411185101014 84.38964221439363
177.9685535682605 150.1809862966245
31.693584428698824 119.8635761002502
30.732533581679654 239.716601827203
24.607345868223245 22.071799426050475
88.34428116444367 6.654876923647607
48.15458190139857 229.51853522092713
147.31681509048383 238.12047520553378
112.47062431326502 208.91552646573837
67.84234691046278 96.69455014423639
169.8463201523078 99.65419452006525
43.55368068227467 215.76400921860971
113.41475007211213 241.86150373337665
122.66332088008858 71.72027196338884
78.22080096303475 14.417484874093667
193.50219847496118 110.31940809034077
44.480363111770835 54.51773826444542
55.87975735852355 118.26204034120418
67.23731625150742 136.40313361365332
17.581694038431156 49.23136246282517
35.607422949307384 5.242579756094989
55.528773766696546 76.7501234853819
125.54774624743429 21.53896445914813
234.74587065167313 191.54417768712918
33.40036134453181 145.91625518057992
229.52994032521457 70.98949454053158
180.15309148649052 199.99126259666284
71.96583748008491 245.87733671622675
58.7284860513152 161.17876014510222
233.67548804039495 124.99109060503413
123.4613435304055 199.83129120740253
248.28255748977102 109.59648544918885
58.3581766206479 92.26680258865602
17.385283790117196 220.9278026052122
203.65228438319932 174.82487916729923
171.34062553611466 99.24453998392413
218.1578736840379 46.35084170466438
10.789375917842431 107.2737722090569
170.29695049607662 180.06054116842358
82.8055065800593 93.6152056243295
23.802490900785067 170.71273898233838
82.4911923871221 175.81959918080307
154.75453237220353 15.518235440728528
198.9962241098593 226.77370783303107
81.3311232701024 174.1684444945666
151.5375299260857 197.18211133322373
77.74914049822698 103.79622810121533
32.102222861384696 6.156081613402447
88.35263905641216 113.77844592027276
240.23035897547925 142.28835184548367
59.604556817026086 208.2471454495934
81.4959625365578 74.60757437277202
115.12657292324513 5.794336523869459
101.55345052249295 64.71977736016338
64.22099491222893 137.99313531573472
154.32300329259203 240.68780466361966
152.16857797369636 198.04197775031813
139.12696034930445 119.53876323978189
11.898135879802819 35.921049242235185
64.61922913023038 69.8446622837981
205.02660536909045 231.89251295756043
150.5239934334517 64.79904945441375
222.08807852492944 7.592239503281667
67.7881299963709 176.38548692747977
239.44710910486316 239.94003232798406
153.95850923219496 232.7423577110845
179.12100710229157 6.598909585499163
137.1611195817134 208.1543188338436
115.46892836236248 235.18624661387793
211.1877303842659 227.29621126071453
59.31109199818763 205.87771042999762
62.696244012551055 234.70265711278
104.79887135835794 165.8031648375029
55.69281048125596 13.186073745306558
160.6052641695172 208.2266444129963
168.60784492042606 61.50765694213386
158.9592565324437 63.09151385633968
215.11104996667984 78.87217866451171
154.69672162060115 52.17758055548147
58.45469264250411 68.75467690338274
80.13957139885217 30.341043655145032
148.83898653014137 77.06599599695399
174.41772742751198 217.19903536165523
169.67415543189273 85.5083299939389
6.983250256340473 217.63675978456675
69.92752458534676 71.03670648818894
177.63553683990068 185.8575875896189
114.23502752742498 22.704743452345884
190.06539534441012 212.55065510853507
205.45294713219872 84.05749517398792
118.02929283847452 109.29854199849373
163.92395484800204 107.80717887872571
72.34476255158174 115.56412598018801
80.10470061472647 237.93711590270271
201.42014138199167 128.94070509035822
215.84964406033117 116.25250827510908
48.41827640704422 202.23242226471388
117.80390708543312 26.292235340648173
64.06975920614933 39.98222780551613
71.55118694756402 18.785880502405593
226.1962323717549 97.25322323783334
119.9601741449761 192.06285496953103
192.0831817195268 225.9384956814618
116.84475192487572 51.02543648561253
182.38822853073304 3.355924126376447
15.157066603628422 68.04712367665836
60.84543716084706 245.287341878246
197.9353257919862 45.54159540487593
190.32816382873995 174.70474190512832
187.7260411252038 52.10692058747507
100.24415452529419 221.1390386796745
104.8852231494358 136.00521976454456
188.01081396770775 241.27486785362552
148.0828060566683 229.90026806408807
97.18003724221109 125.49064357949644
217.90776458533352 10.2316947037695
71.70630586255209 158.58462222513066
66.2567152718366 231.11296588441553
211.14122860513876 8.664701967924627
82.58895109587245 54.47075826079203
249.411211443867 195.53538191356893
140.79379376113909 160.19991853002412
231.70763770220833 104.61865508126972
211.61520014457892 112.54876814672471
25.968300780677133 249.5924226254647
103.01598107758016 242.17648766433624
162.81003575238162 58.17169425144172
42.1581622844939 89.8938981544587
109.31124598491732 133.1613881629343
171.20341443607472 149.61027668252345
39.13154008933531 138.18900018808162
108.3316309537764 5.210942885807867
96.61308112492235 218.5577202213203
81.3598813379614 21.48215541869236
68.62412139424579 232.85993716623685
217.56264139095802 152.62824071076474
99.94320870046548 196.38124268478697
8.933230019446958 29.084324076647295
138.17888943333887 239.87794884441715
242.804825430754 222.62737658117683
160.55392185867078 4.052821068728202
189.75987220590713 120.01416317813415
59.261739343473785 114.85869923411366
98.01410485833401 54.522010351672144
61.249113030862695 147.78605100281055
82.99685051533923 15.779234938650049
45.54675816498035 150.3122425061953
96.84583377171843 193.2773288725168
237.53119747157177 188.79862240980722
216.53085445882107 154.24356412928745
196.15312925828087 182.4155565887397
229.12273804066828 111.65380967598351
4.062501978161465 62.7272098423437
142.55116680232047 16.62314032957793
195.93772167628097 4.150344505367998
19.69139450294127 41.579822541889136
12.886576462810078 1.6655183371780125
128.19479536537614 13.776982950644223
216.74160812356772 104.97591862065545
114.97531879674588 239.11093136472996
21.170747561772924 188.63915768760987
116.8569647049337 48.347565755107844
201.4302964600826 177.1953137177307
214.3252518499464 3.9063512327133787
16.994033426263876 13.8098704806624
148.01341340101578 193.93507031725548
22.457439607575846 248.50189358851352
105.22817486437239 22.646896159549456
156.21991386354762 125.98325348519721
42.53330721441742 182.6524059302404
135.3272063444671 91.46126952727026
204.40628929125256 181.3287474002264
238.94076790074382 33.507943460089926
81.48705478904253 21.07605372414248
143.63276957766084 174.90560652662805
143.74560243449835 128.13824501548592
247.64322449768304 148.44939586199263
36.86366010316877 123.95648175418275
133.1925183203704 164.9903740710982
205.85292901132647 80.8518180758696
5.724897253608086 106.74098835230528
186.38620666628884 166.81924645427262
31.1389512789155 39.897070616079276
48.255374154464484 201.36170454672873
112.44299337163407 234.93197738840547
232.87318178056026 36.72510975736118
57.36390574772651 100.32427003380998
41.80011688666263 198.77931585434126
120.64514305442736 117.98907177501786
130.3067107729425 213.9741209436528
84.8242448188706 121.20202824121779
137.90534312483956 165.45275752793816
66.47819308177952 36.86311001550954
107.54985379415466 206.74779653099395
78.06654282537151 192.99121925479884
249.15265556715966 166.827516947045
191.85423914969894 210.49953263388915
21.326646671785966 75.79533649885603
112.86890664962074 174.27263127220905
145.23268370412168 5.170076237690529
77.85647571556603 232.1871305751984
128.30731743099471 162.88943321347472
22.68152860512418 162.1525984108037
161.66884680121552 66.27881220379633
186.83575001813134 110.01182029195256
55.34496613470205 200.3829271651558
172.83906667210704 1.7781918892741388
133.6691800599847 200.04176738272648
176.70849322788808 170.68113770840313
78.90211316672973 238.0855246028383
188.50100901260348 97.65485701842971
110.49977752827739 217.30992139927568
233.7803617788319 146.0141749857509
245.1773706096591 197.55840532186338
50.94597828479558 128.91208799348044
67.3465975948303 162.57627212281196
207.54317903183548 64.94918256265156
51.15083428808878 182.0152216125395
16.928907625536144 81.7832761129985
116.87490201461428 29.28301223492147
17.83220047075637 6.829446572408776
156.25385853659628 9.86563328842982
209.59285210070593 120.06631592996969
237.3902921360409 205.11348734308575
142.4153084006055 92.65652519461376
231.1330851873139 208.04219324948932
183.63203108332146 240.70556276576818
64.67053148513338 54.29304206679383
74.72355617891463 229.48365236671538
56.02020835834173 18.669640254000253
142.30211403986965 184.81093653581615
193.94618540981094 175.11968161815088
242.08512063880562 73.08621795136213
151.74053917702742 5.366031842375052
149.8673002727451 27.37690094247594
57.155443136916396 69.28558213022178
124.76170269140464 79.7833266276668
196.47577298998945 234.95082678166284
154.25529194479537 85.69634481116934
60.133506075711495 69.63467474854055
201.85261768452906 215.37813036401997
154.56945097628073 96.01444856512626
144.672202247441 235.8995294436168
198.96441732439254 62.18982017417876
238.00781823275906 90.78372813339632
221.7476404563584 154.95684012941584
188.5668899164845 2.8041741378329044
173.60238939843944 8.05336986788499
95.06565484227441 54.0486807396873
196.22015710145743 124.85435879214776
187.52123628458222 244.39991201447103
61.99801271654975 82.44154732403156
148.74247279078597 18.738767772125687
218.88118685151358 188.6381149555016
189.83858262324347 104.36383646558383
152.85095262702913 177.23128611887822
78.57432276831034 210.4577469285329
128.49739048955865 124.75092528033151
241.26051179917965 43.00698236986394
249.14438533157278 119.79896579739818
121.24709270178516 110.0369320445868
168.799229256849 242.62531586397665
100.02250717054598 213.53767856427135
156.92418648677403 155.9059098497748
67.96288970741409 167.73219088586612
154.5826537614522 41.070596314743746
239.4013790599605 27.315765306446554
34.336648898626144 242.26529064939652
238.16781338535807 159.42517562326336
27.05840287153033 168.37441915084435
238.65906632596997 40.809279449565665
156.01719450532687 31.443334602355154
58.03282440839383 236.63720828316465
137.27057254857309 243.47997512580375
103.73871163886805 57.82278028156648
153.64012113218587 45.06767095794515
106.91522596751065 148.98816955801698
117.53153809980768 108.99754930921493
14.947952513783724 174.5768221960421
144.34401239437446 68.41499097590659
138.60356842427535 193.59640553496914
161.8789409187852 109.98671562654907
238.68549223397378 197.79808177016793
233.1975037663475 246.93346303150514
89.16532860826592 122.93983888795579
7.510732218513838 237.70696856144122
234.62835160772974 104.68339336563321
107.88584153200786 53.24690850453412
205.72578373964188 71.89369633888715
125.02674011539536 90.21503395613512
125.25815162816097 82.7799219969589
32.654932553978 56.547434092274
220.56108465516394 171.08243104299362
32.89714785161407 241.75109997880352
174.41636266646393 217.29975816681835
201.66224494296844 150.97841731327281
163.47814272156523 155.9561522615522
90.46554619328393 28.40604563670554
28.91579673703837 93.89779797029938
114.05154086841199 225.03062637035853
123.13740548385599 239.2593462337639
212.69188324487067 80.7250492866354
113.24888292442157 165.69567901625842
226.7401497011108 122.89317173270703
79.65903055971249 226.48452794286374
201.90668540563723 203.82240663637364
80.43326922749752 186.5977810231571
86.33131840118283 76.49724470556471
6.486571625062498 189.597260683739
81.56375496979528 52.09242276521925
65.63965208590866 70.3078217970884
170.57441628594734 179.500058743359
131.57633400080283 135.2413595667877
83.29889313742139 139.2319536127554
211.67150806201343 181.92452068220575
47.45174073253119 18.1944278773441
10.850472549755018 145.29488741088306
67.76592883595978 47.55907817135907
166.65815235364363 66.15425158684438
208.63369130391834 210.12093801014717
15.112393154451453 205.26968281165998
92.70505406055763 78.99737503389437
246.5812211496809 173.95302555896788
125.97083072790497 128.83854519142966
38.276541814782824 241.29643954750313
200.0882803978711 86.42997778720263
205.9747986418 127.67890029606299
114.11500981540406 1.0329866474430016
179.93545957998413 20.280665952791573
215.56262625198806 94.28866011975853
40.268681945678644 28.981881769226668
167.858559205404 187.1440707187541
1.3786901579540822 77.13685353879899
245.22970909249983 15.693510359270357
82.89210865653662 247.83484034992222
39.21714384590955 214.52580517259815
155.88660229253725 199.43395348944512
83.08503027837286 29.58565911442307
83.5381142599335 119.04807400641654
132.41522232143254 90.51787831231037
24.95029163028911 12.934943142117545
143.23300965388742 216.85269079872694
172.36775546338845 86.02700713193568
176.87694642999634 205.45829527945017
242.14276723321714 244.79200501747113
120.0677960735515 224.97494723900803
146.02758587210187 156.96556126262482
171.5615519016831 204.66073987734572
75.30284047658881 25.699128580430415
171.01336493410471 217.65955842027915
19.642292608909234 59.362008743416794
151.23937956421446 207.83805394907884
32.81298625076151 99.75246405658986
96.04781667083637 181.8871936282018
150.1111056368245 179.23247650963012
193.9418120974418 6.746097020896818
46.18975841915105 138.03874592019272
113.90955195440347 145.77750480368738
231.77907232607606 85.6663207741975
61.65517593458428 146.8848963546138
92.0587973371472 63.01709594927812
90.41855660560164 222.2111973194045
20.73266943759375 20.92636760094463
26.536895783176195 78.16703377151185
9.486609838015802 139.6192994600345
148.18603182477156 4.575787514970619
199.5740121960848 217.83405456753482
221.04367454040965 11.459217692490615
37.664031656477746 14.916211200236202
173.8422902997441 125.85978629230202
156.4814339694169 127.6724039456962
106.73001120497072 142.05548455066295
203.07750331641557 97.78307118582569
222.89265224242916 58.77941717974075
213.7111147454783 205.3645700653051
112.97026096944427 105.64556862509517
119.12357575346574 192.75354488914536
193.97306902597924 14.102006560784059
28.434904358227627 82.07710781011731
56.8651283405284 224.50397276274538
100.86102520620416 97.4543408559858
113.06130103465209 97.78707830948858
176.10472945981493 134.6358330560388
245.29715530210592 169.56506232864848
137.2867027253655 180.93485104838865
166.09723465912734 156.37733128482532
170.9268224464881 126.92094758481181
155.12697080418056 247.8357700275239
182.002545576773 100.25017000006336
61.53859170727468 183.99556900677877
46.2837637593568 1.8393735498805075
102.09774472650129 86.156685579547
52.500649267481656 159.83085092180718
124.69269728680324 125.23767921436624
164.9783371990919 102.6008671923793
172.26001892146317 8.469303864205136
197.2074628185479 66.63355443789226
229.72621768435118 3.0737344531358293
59.941819466529516 81.71049998679858
177.56620449281627 42.93340238912677
84.45995040626661 64.74307992475342
129.2849062524149 83.75743492475945
141.35729915980997 249.06690852678025
150.28862433278965 25.729816508218985
225.97649041575698 187.3553363838825
22.16849263447501 227.85698561930874
23.735844427133696 74.69431980555515
111.2896304663 10.565514055861842
7.241953564201792 208.23021986036247
162.87524667473684 58.672767744520655
212.6965094073584 91.78554239582759
113.6900112281944 4.191132381127782
225.64920915230306 104.75336077526798
125.9482867148691 170.96013843242218
103.36552942865288 225.37395199126755
202.12706539289724 236.81952037863758
31.036354642957537 13.002327238875704
80.10991849851509 162.66391321135745
159.05867007633063 40.426824804427106
42.123343614044934 91.85265669577333
83.20657678473637 232.00331788627813
62.56167096448184 124.41819207945886
117.00419454056876 25.840054712216983
235.92158621450517 48.27948160766476
183.47200766576938 188.21749981288437
47.04618351181447 145.18668508027298
81.01383199243237 196.44231098981163
39.67648600606455 100.65851734399358
26.420482564131735 29.719015098646828
235.4094671161675 121.31253526485824
22.539649238133507 116.09971450330502
243.74247715495957 54.219926434904835
128.16705266522288 95.8082293501491
155.25242872811813 89.31866797275143
100.48478687422974 195.21196018088722
181.85421892474557 200.45500286873198
176.399959826328 45.6565902757344
114.67908079327496 218.84094153321325
247.71915219381705 77.25045918469642
195.3669921447755 223.33576590047065
51.39862538840953 154.946699171776
156.37744048263013 74.43257365954439
239.1436323058886 212.10264502554568
108.06650475309951 105.623325740479
46.4661150228399 26.79115246903652
102.13653851944542 202.1271831821361
165.06371981283857 88.36051091141256
220.43786329182578 169.9280930716416
226.9520774883806 162.21605924719012
226.07419653782867 61.863583257166425
205.5049109245546 103.26095656630268
84.49225150664711 116.9376992303785
41.79809543689103 103.55078706003307
42.191610345644364 208.0254705488595
82.9112017820627 173.31044584123353
10.549314906677376 33.84896271910928
36.241582443298974 3.538771775345423
59.263688580262794 33.792898388389894
68.59276230537156 104.58250838372498
160.67876575529604 124.35854036213345
117.50019020998509 224.1177419809841
157.30701544958464 173.54743553391066
184.38921683912832 129.56610729924304
238.38432835824395 15.03838432093585
183.37112657584203 19.4000239084936
93.63434185638384 244.53098437313636
100.50950172899812 232.80736706524232
220.54448563253035 126.34206854915075
103.66079628765371 167.88707533166877
179.22211743660486 187.15307625591558
31.66248980399794 80.19190787884156
219.60105232297693 195.77050680474792
35.7759406223476 181.11392333081145
133.84328658764605 240.88513381500297
181.52073829310444 133.4065008104231
230.60138323750573 202.24053307618573
95.37509278620382 43.79359471380437
132.09785794586085 83.57348140438792
231.76285409620706 14.575645765376205
190.93762055338385 173.23477357824817
187.17747844214114 12.31777154523317
110.29678984309385 177.40791925840537
124.22363763581468 139.53599602457678
106.60059731958299 229.86130978547428
176.00052460033794 110.80038132756248
195.84495161477216 36.1839107083019

207.78947358505027 223.16447170214514
191.96365667560715 13.769011825083194
78.07930556195505 168.91636332987326
58.97752521155444 209.83498618859346
51.840788398562765 1.1978681499737187
132.47680888786266 225.804302591445
161.5578580580529 54.14185969207597
199.89694948212565 168.9465448844423
165.42547448287388 181.55181723918074
169.27120032017757 80.40940028732155
17.095454033644735 29.59798629404059
187.48328720806782 239.62505824654693
172.87327389604937 209.20454572494853
228.17018144259848 73.2504326457754
242.58242147505246 120.80260240785415
157.69264873163175 99.26147727899792
154.543644167933 208.62924872378184
87.56268666894726 113.04308395128118
5.610163485522291 181.9135469432332
10.958390665532308 242.84429717577447
57.19579913038492 110.62163172737813
166.1084666519123 55.04854557440159
232.90829524909304 209.44538446905977
79.39606898966203 131.42445757696203
184.05196666617937 25.79720064387761
77.10130479883678 192.28292989733248
62.33331880380932 21.488424807267286
75.59353397315677 198.89332082714225
122.71911834099572 197.17988084654849
118.46759475832022 5.595935226713033
37.9230763872872 237.48746814784502
11.709237211395578 157.4782194347247
16.008741607123568 17.37651603100099
83.75499839146607 62.06264701130412
13.095232984704246 12.882799013581526
162.96775130303337 133.76102758185598
200.40383685209017 148.28941823811974
207.51329215155047 175.2727971689144
133.98708364588964 87.34460473798228
240.18937169789635 29.280091711467726
216.74362409544693 106.69842614000075
103.87042156831053 46.52545351499512
189.22119887929293 144.95888400775618
80.06144115073177 135.1821956881044
174.5788277532547 20.657593155001347
135.70116794940432 239.9543501277361
203.47426836244347 231.29350253700977
109.90131509346409 3.775770408803031
155.00225318228485 202.83662208070163
174.22913207228382 101.34201278151697
204.41524966223648 64.70281126302422
234.35819781639583 164.32514888382076
202.0385230695164 185.49680255143485
186.91562161794812 58.88272525074939
181.72241029416693 88.59169338893736
98.37389343213255 164.71386015319723
192.21973349947558 245.9804451299192
197.51761914724725 200.07068186999192
246.0326222127649 5.700053824264001
204.389292435028 37.549414541038
186.17317090445897 244.5160409681297
111.78314007247972 191.85167286532396
44.497616184491136 236.29561451257663
173.26236455669223 233.8634840262171
171.9972935821332 197.0957463179833
124.4890818090078 76.89183417470147
153.15490754875694 146.52671061347453
27.92110431508224 207.65859666278507
187.63137117671138 201.2956332870373
2.2663218964270038 117.77476041252375
191.73547647766014 170.49478925887948
242.01160200297673 148.369270195351
223.630015327061 55.69024793730456
219.94140080300184 160.20591637464426
30.505427075765006 127.16036996156905
0.014347347063514704 122.68410453262501
151.72068375487473 96.01160116349708
34.052481874460774 233.32856177570764
2.7096985286118036 15.185908922048409
61.4980954636592 24.30525976156658
180.19269959722786 96.89265435849978
224.1256692491085 171.9354175748424
151.60741546742526 194.53876407429064
247.65213499419403 7.4164129042601505
73.33008564652319 225.47030684135916
206.45904864460977 111.23542431862715
12.412615939881716 70.26582686671465
174.9404498617515 47.11541292641183
106.01892804995427 53.443301489007695
100.18951973216178 246.6050715868443
223.88795975530812 249.42897607552783
187.30623730838653 221.54031095218224
112.53615749940099 126.28677959600246
173.50241949873214 196.0459585969032
56.320557713292644 155.2872007597572
178.19828872219364 86.99973222932927
235.25449688445258 135.74769929190987
91.21353407991387 164.09416533819856
14.358025012349174 244.71010248842322
116.012642822248 180.25092373843336
64.87349223459508 37.44438874458964
85.2787078726858 73.44661854711387
152.16751763447087 190.96738265182506
213.4316011650901 2.4887412174047494
127.49203463000298 84.04110724779682
193.98136978713035 163.84449198095479
240.48632258693175 23.923346866298655
24.496036437959944 190.15089627649357
163.9542428885102 79.72735925453742
188.47642818419354 202.85034583620256
217.36293219231732 192.44066205833485
193.44198641073015 97.28383613757919
171.533374538128 129.0139427089018
153.5861340918446 237.4302191122207
159.1932197170361 31.761502683639335
102.09134126061653 56.363917966864626
16.461834923663183 56.87056371573873
25.163959178562457 129.64482532114496
68.60324281625263 12.150053514496495
24.94711186647419 210.2866761486074
51.5546572581865 163.1036258647387
153.38136228445 221.82642872967628
135.38409268348883 63.90655689133956
164.04861109523986 246.86108738568328
198.52772509238054 176.35841077690696
201.80601027004246 4.674844557801872
189.17400258605286 213.3553379588803
158.960527807155 209.10274112562587
166.8988880246704 177.90432792255723
241.17805229032192 180.38879520069992
156.8193800058609 170.58399283784368
221.14793578178737 239.04437998961282
72.95286212855251 4.4925306057286285
8.710805290349095 231.872820417737
180.74274763735278 184.49947378649682
59.75341672116385 44.06203521085844
28.24566735760789 97.92419320231093
28.224428559190134 74.0926419999772
39.338480494990336 72.46003437622315
220.89333131847363 130.36639167069282
74.3834174563644 119.16385951052801
124.238505595211 66.43908593767061
222.10472066873436 181.15348613933864
27.33863894421923 141.58774503056898
75.25351441437559 93.23353492166883
166.55852899202736 242.72068447041352
94.11090583337301 238.7694156299243
8.01115583536624 61.01715414681802
174.926540238222 44.10513180437326
175.66530960877625 18.52387714527337
144.30063702639168 195.67867569584152
248.01018494713304 94.3767128263443
161.83158676864812 50.723988340930696
189.42073493984952 104.39061482109629
191.1150181487654 181.10059131814756
84.03366279342441 187.509022140889
91.38781715871822 68.90157309506334
230.22701507892563 181.56254305575706
11.573615087427381 50.10253032387643
19.41260482079385 184.81379950746802
3.1523599979483006 100.17589166534124
172.5998732614514 96.7443299385399
59.40303628317939 113.06899068074003
211.7425388245978 53.1567045331287
150.66714254527236 177.7937344950209
203.03013197436417 112.7007374278951
98.44915299368779 91.19568032406103
210.33918629796446 118.00541404267884
92.14447219440194 128.4075400836759
113.51222670107708 200.17282938033637
123.4929239615917 103.36208942110217
153.5186793745171 33.13354934025092
31.254003404620672 200.0059732205355
130.73048223296692 27.760820009484767
86.1342767556646 108.48840992807396
51.388704052776205 154.89479655189123
91.67740112636274 64.79449248663575
189.48146160024655 48.92317427758022
109.06392465708437 6.889879591242626
176.3223228161749 152.99244559139612
79.9401881404069 177.31104682313105
243.6907324189237 152.81438548839895
33.050751510271674 166.61340438821122
226.77942123915088 127.60073517232622
0.5955803709013219 185.59145393283166
124.40614320129814 175.0691566833981
34.793486063206146 216.06160780390294
50.75979923181656 112.76866430519073
63.6311809922549 229.2531210828459
141.40056736844704 204.39618102403708
101.8342313885559 245.76630356174013
120.34048239411119 200.35386041766807
232.1908567902585 68.6229658332507
188.3582653721995 42.24353399776551
67.67033303401473 32.39267902703602
210.64091655015673 213.56205609740124
158.70841572303058 220.73803287682463
196.08813192627272 207.99388560444137
207.35778135644267 220.63907543002884
84.08539430059298 73.42693551073302
89.05227408033845 142.73867184580536
63.36536509618387 64.57471345391627
68.53377020962404 230.1182133674266
11.449856227616294 86.39818186886342
168.60385326899035 231.96594489616896
81.17476329619561 126.44721415663291
71.59866477391435 227.29110717982115
77.81830511340863 93.68613373795779
200.16746572396823 149.51763978840012
130.9451223535963 124.87484794992524
196.3765983217771 235.32514354502152
58.324531816932975 200.23434655011712
13.741874713133845 159.7005612358156
153.34801173081937 170.3811504942404
248.2768597887794 54.48857689412276
88.63947355080401 15.55082225429949
132.29430190321014 226.99756999449497
142.79650432277592 49.17523298039922
37.11507394042102 139.97703642677214
166.29860020101108 70.46196756304649
121.29139264694503 245.864872152229
93.6127264048866 163.81315277452865
41.56123419051702 241.8153183669116
240.52526055364524 218.39454747653474
84.87747450695635 212.61275324581644
52.10871577668166 113.76080024321925
164.67942959688108 136.79331133562982
116.79630732832241 205.84383490278336
89.61706712642564 148.17900969511868
226.49519369413167 15.83142554229619
172.44411664171128 86.07358225681492
151.7554685134497 200.70214343792875
37.102439589050434 19.413813693792996
122.83093404088605 118.48173922537269
109.52526354093403 27.816210850754032
190.29535937689172 203.71914132252974
2.700050113050134 28.842501338435607
99.874266968274 130.8131349749038
193.17918036883538 5.610548613744909
221.03088780942716 136.43757496153137
197.1474853761753 199.05896492757793
215.32360243856678 121.8953121375583
150.67565877550607 93.59428903324768
195.68021565081798 154.3862714095329
106.27040020463716 199.8627168094667
6.551570038573512 218.5705916803085
196.93328362482333 119.57557637181446
86.04997401292982 109.99515706182575
228.90401949227774 233.57651660104432
249.11612614766437 74.38542745765625
2.8847549944790996 20.474221759822665
23.55599248451698 200.30031514000373
175.57791647065392 205.530146352953
228.05027349119482 39.49431614831564
162.97659471922276 85.53298359847814
172.37844691344876 79.35895236420346
36.86849634646333 13.075452424837069
244.0955483106233 35.801113260356175
145.19315712183462 78.89869395820037
109.33825323521559 38.99516799036898
125.26091194049813 112.75208790295302
41.42018583323912 41.092851440975906
96.36642198349219 142.44398925498618
146.1764084941133 40.260697791176945
94.69041252835356 48.415500947901755
115.78360017600974 38.559697965462355
62.40131336872157 213.88011464636696
42.732779100594726 117.20215451518135
17.51517058122304 33.78092524072604
249.113435884894 174.54035720654375
14.355499531024968 61.66593837338558
205.93050707669644 196.18091625242116
111.19377487891305 245.90021132254046
214.77629056311858 247.67115712967959
150.99853604391345 134.11973155753938
159.73731607947846 101.62351714363912
75.24748684061628 126.81273796215714
160.7701496033485 158.1067963397687
141.88182538659845 154.6928892934363
210.3793095648978 130.28330491852498
24.208781323828614 148.13090933764587
55.38319009756931 81.49868884223197
2.4698607793145477 46.36047201731255
148.79503520313526 60.898900982499725
72.08637997419096 168.8185906459888
134.30655082462616 107.80863694532333
187.03320540714205 158.2327026125323
167.50917446257088 123.78928924484408
5.708914034703333 88.6428000994155
152.97797694478209 194.91228868906862
211.80379771651383 202.01756841026355
166.36448252718793 153.11212578343975
57.751894986803606 175.38301025511558
147.72247704463143 214.69547833945055
80.41239109521115 69.59099360569762
21.683906584293673 78.494313895131
141.3353201884282 95.01057129027771
200.20183565915775 103.12292665801733
55.04890654528827 33.92335304464425
226.52419181158467 151.95210441398464
10.134262173503606 207.9901008763924
68.7206054109432 189.60801019369822
218.59489502853376 179.8485794187325
58.036072874454696 151.92364882212237
115.68543896710959 223.21042643887466
223.65526150874865 67.43797154831002
12.126202200188063 115.67986729548443
225.13571032288488 188.26584650989759
101.74044641349919 55.88196181280261
15.078120524840505 184.7286773450751
193.96859374519045 74.80412251815291
181.39719641770006 181.01183420416208
179.37828139360198 97.85100467487604
215.0030685975775 37.2280660914272
41.6513225313995 184.07536211245466
83.20774292352498 218.1201582127329
81.17097981000768 225.4128882031194
212.59939145171822 75.94766486938853
227.6212106904062 14.91167438850874
218.20759770577038 121.95019982405725
183.5902670358789 137.82711483177707
35.93069408700328 244.61944717623186
131.87636491154166 12.05070260232155
40.49573291931941 154.28307160181382
34.90030005098163 37.8098223368096
80.8215850819689 130.84166532354763
67.55939471975545 113.58959699283663
52.78914168675131 107.24218407652845
170.6672666750445 101.34983940197829
168.9472464251399 240.34379823342914
183.97133866728265 8.167244098789162
173.45452969066872 92.1368951066826
137.34876361574638 197.23542628270286
158.23314783473097 224.78280935976437
32.061533602398995 116.46718497953724
231.54165438155084 147.65800506164757
105.51269134587696 191.51810302432227
213.05352158261817 50.56224499637374
149.32031323022497 131.9621337157677
116.99098198288863 132.00014595260907
174.78944960368457 81.54444954030768
230.8197881555423 83.72019194536887
208.52271441618507 244.55247409722827
119.25960046342598 190.41557427310119
168.87837036763582 86.32489941137774
10.219058169423617 174.02284572021398
43.41802753123955 26.58426845153422
46.753476726620086 83.79309712771766
56.386052641843015 91.62954946625251
34.292303422458566 48.81290939924243
13.73149408258692 161.6971278210275
212.8654343210359 10.355692708688968
194.1174616479207 92.39214029632734
67.94313711095457 68.0285439877138
156.45286228205123 75.79266882050672
94.67096432333658 214.05495565719497
191.9282198655585 49.999669888625
123.23904664524227 7.864564290650633
126.10271531100925 133.68101348694194
45.61723291266129 78.44604158885329
101.11056969353574 172.30127619126577
3.5852679724711067 56.533906866700875
72.89319056010233 205.31339160032343
56.44126839563299 195.92882029744217
16.955163924196576 190.28921434977224
219.743248070246 157.31396291285517
139.0026892575082 243.16113103022087
3.823028491537844 153.85561140255516
122.7007734542723 121.01588033488187
208.77723082041604 241.05751977413362
81.89575425699836 47.59812890268056
11.088817387776423 5.333581004149463
187.19916166559773 106.21968823723549
159.03341883711477 78.88439873450848
66.30202078631834 104.67657599646115
236.07098118990083 52.47753256890025
73.62331292493133 246.78531820353007
232.1014514942306 18.82402026471519
210.56880330757218 177.9644614483659
105.57834045041878 205.8963702149
65.88127225647628 95.54631954065651
35.5851406415415 207.23224319528538
89.0299147600824 154.61169343096577
121.38312203975454 188.0691468554196
141.6040019632116 108.29149100826372
21.635620996720423 211.8663768760622
111.30602129540861 44.46100356237231
26.29450194885147 245.30230121962418
236.188765316281 75.57604635352314
80.094495634048 122.45927178286145
96.87977668467701 114.03754378917141
80.67884413192868 96.70367032801933
114.0407713492215 163.8777715351116
177.78046515082508 244.27585699820764
26.302799050962555 159.94679790778557
73.93038093465917 29.82190170242674
233.60901341978473 198.67297970253446
96.22291979868031 26.703371779872086
97.81117977929699 126.13247151376797
30.612629192752177 214.37875140386927
66.00752922746366 133.14265995248994
41.20478049937615 34.94291638944794
59.557581445392884 122.2276496009797
196.91815052634084 239.96484283677123
238.41676191770333 43.46097010239491
135.4538291317674 63.69381228133136
183.77756281260105 51.00378199913469
235.59142041053775 12.116910336499476
19.40814523418427 163.5661978357923
184.28618023563132 53.26619325290993
100.71120900246247 179.87277479340844
215.99940334510623 150.32284711478604
10.03083500021143 173.82272384768484
52.97895239108194 86.10804105847738
123.57528068868746 104.45022178271698
157.7528138957796 27.287981348496636
135.05765344742116 107.55343836801998
20.95730609920887 177.59307079326553
92.98083517537265 144.69650143413494
110.36356974410505 157.07857920820103
3.619169112154874 8.668684395903792
20.959277542221542 61.47593056498463
25.420398807063815 73.36189235017693
98.7946228248281 59.844675920109474
100.60568348670623 126.10698581279142
84.08146853559478 46.185287923054375
60.12644177963489 61.71689968609026
211.67998852521643 114.85583863457919
226.38096008438887 148.2446726593722
223.2952737494245 30.414871479726934
158.33950201874364 182.96513936586274
26.476471795573804 156.32002715150475
144.123686497211 169.04438086070184
159.01832648142917 135.74607311696926
148.1967568552258 223.94076717491936
78.9092756331115 58.170248323416025
182.36364069304753 51.9647737483396
145.19202105507472 239.0994296378648
8.27687837626484 111.92364935558096
220.88120553756323 221.04679211296803
235.9216569220146 79.27621658928027
127.61262971733586 198.1101137794795
27.339072532443996 73.98353285315576
200.17784512470323 93.06345522970894
27.78886848089987 239.39477026636084
197.03181551228636 105.16026236781615
202.78893211720694 62.85851491537153
108.84612425735065 149.59393709664582
186.95769485850298 236.5697477645942
132.30038061616432 210.1820235784277
152.8822709455105 171.0331835735575
51.93175489780144 50.41546389559357
127.25282685813954 98.54272438648127
140.7208820599701 23.863661484348377
13.707185780447745 6.575707366302586
10.863683295973647 133.11551231480115
181.36895644527368 57.94340382015542
106.27760757306176 182.68510744716534
186.23237964301774 114.82101060338357
236.5410570969108 226.35470795255517
100.80331822450006 35.43599940576289
156.2756305967169 229.9192359847803
13.804782495923234 95.15893113216681
222.95101002666638 249.42534319924695
16.613838685610503 5.393770984433333
55.10632153471065 155.87215835243487
248.65979510898927 182.2488552283382
199.0269265607051 1.568039063497756
143.18166147110674 227.91301659018654
203.20161889255087 228.9921157126092
18.72692160629688 140.5201135374219
93.65814098285796 204.40048437642247
56.55815720811122 168.40546031814463
195.44947049005583 51.64608918488906
239.5700519501985 120.5128002580522
151.34829258847705 101.41910994704791
81.58589602930327 128.87812931756716
21.0156409828961 94.72754806901848
90.2556207559703 122.56402375013076
96.80643921358512 71.02639660506799
131.68542453487174 4.803916681138193
219.4483283711278 176.3989960672568
83.43176846915276 174.28747734151048
176.05202433774124 27.43567032670513
96.49125159464423 235.36741197767242
157.36842921435675 88.95717135391214
1.5382460303140777 155.49782395469325
119.10527744459326 137.56326726613375
163.31381635345525 157.74143943543274
238.5123089538468 231.14628095291266
246.9402100568717 70.91868371837637
102.6797088622444 42.022941957950785
173.161925309503 233.4243568463865
55.50655788421604 32.751810000111014
240.440122085377 100.79157263263292
202.31657838366962 56.42303926722353
155.1268566391228 111.87295833916419
155.4914591317303 153.05934265417048
107.21257528307257 182.02715801149733
27.614695532314048 97.28454878393414
172.81321894381182 25.60548522928649
4.4930298522869725 175.8795725749712
161.27289105781895 245.25659075773135
60.463701523207156 166.29296658194139
236.11276948426817 35.436899383065686
239.24062034368566 48.28313011893165
107.95190449622025 69.3274679428198
75.2524939667304 200.3889209130242
114.90193983404751 164.83545741236796
211.30940015077087 247.4962035971525
80.96462072662148 177.63023518445925
246.77740227440609 145.75950616090435
20.65090682020354 204.2909047625191
151.2722017517958 242.99133597638541
245.46036977552106 68.70501455605238
133.81378311554508 132.72493481084913
203.82442245054997 56.16187911828929
152.96451262955554 85.1332965441422
163.97959483692597 22.260297349331935
143.01322709854963 189.46657629050915
55.89759713582565 165.8059065258337
243.86457788278219 217.33327447877127
163.9499487068357 129.75420735634194
197.41804299999237 108.72292003539374
75.15318749650478 53.66457215609699
172.92989977619425 192.46068137295535
150.23839337506976 200.8257692964949
183.49555410841037 70.60480583734957
79.88422423296542 43.353368082001076
28.546591935651232 50.5743989123679
138.92276671158524 84.2810308840559
209.8579854339949 114.96759196551551
219.3604252635711 43.13402000630326
3.1662341998167367 53.078992762588925
81.62261298637199 213.121155669599
71.25258307391167 129.88046544743617
3.412214727191526 245.07499434958262
19.97187964513017 150.1152874699627
35.481616204909 86.73239597968211
183.23659563937565 146.61512584978988
30.48316466089701 116.6149372289445
26.429669835947106 239.25146360466655
25.79476532491251 25.825672959276957
86.5561366883624 3.2655002035848204
49.85035881745889 230.49706841245614
144.09802940542835 243.17800700742632
112.7342131056106 211.544923681396
60.27075706142937 96.68176041903453
171.12546058090922 104.35266029772761
47.51805251130267 215.00272022082964
111.47191065675058 241.26180495455486
124.19569978294109 79.6569980392261
79.83181788768734 10.279377267272737
186.5242304345646 114.30077412531072
46.33970256524572 52.58463878741734
57.885904889980246 117.45047973720365
64.25001033116676 136.05506388338847
20.5582650558985 51.02922820312209
30.78702172112599 3.5822699760365007
49.73275532758448 76.57184227078196
123.15328435150238 28.4980364362189
237.73042814425116 193.89242586686748
35.16937007472776 141.93839496981593
226.31734530044244 67.0971819247028
178.69717315688982 198.39821452682875
68.98754088741651 244.32446636767833
57.71353807322499 157.91766192182808
230.8735614392908 132.97673283038532
125.1742009786975 200.82595429278746
247.6390135529171 111.59623797284543
54.79302619047247 85.15957429436644
23.576921139568856 219.17398397512378
206.4632586807455 172.59992490728533
164.77260934172952 94.08270537760471
222.48929461463825 48.075279460867456
13.728988603078307 104.37252141506306
170.52770409564587 180.1545720125172
90.72354873371825 96.28104016291437
24.331113162130602 165.73458664213916
83.4407042971424 180.0232209379691
150.40314326745653 12.156971723826071
198.93233932690111 222.37600830815896
77.01860838675928 169.45957582832432
148.61204934148574 191.43821559379143
85.57073954297125 104.80597911613307
35.91510512211746 2.817767335116322
86.00496185044265 115.48730081882935
242.88003881992137 148.47008233887487
56.65992079687496 205.27248237377506
82.4337266565843 77.29577318470827
121.97400117594573 9.450813766053667
94.40031656049871 62.62202134535441
65.3017007353906 132.0587452281247
149.32711445382031 237.8447507996331
157.35990892715574 202.24718849274487
134.127930785544 124.67813545341347
6.240734814639687 30.97303498999382
61.244575677762455 68.40273036879222
199.80886013604785 225.65008294084552
144.9707333497682 65.52942742995415
227.87747902901236 10.444106668632324
64.44538839347463 181.77158731059413
239.83416501558273 240.6320984525553
151.39675826447032 231.45228491842144
173.18175134395415 1.3890746444602253
142.57654688188902 212.1293337355369
122.31441991410841 237.86363433607426
217.10760477703283 232.32432482580245
52.64659761324164 206.7490797202727
67.39683971823715 240.19560931117297
110.84497279939326 161.6825448139461
64.1299597471622 14.075813535536607
157.48560654971203 202.2561841348554
169.9548571477291 62.18917494064002
154.73940938355332 66.19819050966608
216.88156582729954 70.60656930019343
158.62645890189214 55.435069686930156
52.53974161637956 67.53025173372701
86.16899211739401 24.865318522556745
144.37971738270556 77.14698349254704
174.84853572243193 220.08355285780993
167.29046940849474 83.89498250433819
2.3443899711746985 220.6472367222111
72.63524349183615 72.3810620958317
182.206344218204 187.05068392180004
107.63613169419305 23.345777848597344
187.10380773352355 215.9373287346936
204.41667734325338 85.52923585704904
112.41210915132302 114.25937265595282
170.60607935019803 110.13684604239951
70.92492382536042 120.57630954542353
77.90643014776111 236.0798702542047
201.04097923485574 130.72463739173241
214.9407627727053 109.77526763939271
50.431862202370866 202.4020231949291
119.42154848826215 31.85658168548486
64.71080413482281 37.895557786126076
64.0879242465969 15.677493288026978
219.45684087875588 96.90211567293458
122.80307857127728 184.25831997893854
185.1229221674955 229.3653880026881
114.59573394774023 48.80188897272738
174.6318197896937 1.6946686805257294
15.690835611915894 74.9092938395848
56.15561312307146 239.45636466051317
192.99955253306294 49.13448154783229
192.5386709538707 181.10839640123177
185.19308302221694 45.47616412758043
101.35858305817447 225.25659101606553
99.8949424203552 139.34337334652423
195.3574429830693 243.0007120183355
151.32463561070696 225.17302190889248
91.68221730887625 123.58567154302835
218.55775313474606 6.770970155443923
72.6037703134908 156.88291061392135
71.17102757168028 224.49833108734035
210.8494194852606 10.346447422004662
90.24990315470905 56.981057048622304
248.5028736217155 200.9154585915811
138.0715400348277 162.3354138964205
223.65277464764478 102.13845486062098
219.37672096649175 110.38884300510523
19.312895605337943 249.7958007165981
103.06131319026387 236.12800893559512
163.40854353653526 66.12109470917335
41.654996889062545 92.17426520645378
107.88082786961608 138.99282956474454
168.25244631575777 151.02608590510872
31.7386937007455 139.9121671434579
104.70008667652758 4.15371338560827
102.62542614276512 222.56710660916968
85.50548318321768 19.888158937892502
75.05469199037337 229.7664713108101
222.83168373778892 152.1055331247146
107.21344636717689 197.43944278412724
10.113189028274988 32.66810643101336
139.65823952913604 232.66028994643656
241.95303850638788 222.5987573471778
154.96483325797925 9.156469877367707
193.8876337586461 116.20881475548502
56.98902996235242 120.92620963860351
94.47778432126711 47.377376480666726
64.67592979322775 147.2309088999849
88.4895577579941 20.51225801297646
38.55529739349831 150.19179825971113
94.81439205287501 186.1181574217049
234.75277372451805 189.24839552311252
215.73272375344416 151.76873993888321
196.60505617782763 179.85703250518412
221.63240756083033 110.80970040756839
7.092423038807749 67.72146507425033
141.44094512585102 9.146127167705743
191.04520169596637 7.789668310739517
27.397766511987054 40.31576486967622
15.422420943237537 4.4418968786732735
134.2388626640928 9.249434811836766
219.15816311292386 112.77742223637225
115.53944260396767 239.21409703372447
27.07831124092619 189.81674762317923
118.32816655159753 44.43498882274541
201.1829573107345 177.7448821665449
215.5636132897138 8.864561985374857
23.32022222180577 15.782195629635732
148.14184836977867 192.88579267003774
23.779652985866928 243.88024129679803
104.75008779363856 15.721237844104591
154.97044778314302 130.79739610834153
41.91250314797243 180.36023394973662
141.13169381248946 95.22842195382336
205.3688098398422 177.6619214136199
240.83502392012744 39.583149092917466
81.63581434059877 24.3643406154985
137.79800631349875 177.12224781516295
140.67932034557515 127.72403061116123
247.4569035570854 151.87150971275327
41.94304374571053 125.05504264845774
128.37203080390927 167.3505310583308
209.09744835023955 81.34763372986708
8.627269344664068 100.52378481490842
180.99189621113857 171.73648785931078
23.02492527657915 37.88416055952393
45.70856393284697 196.37604027089998
114.45308841244776 227.56109184510194
233.1145560937059 31.47959194744035
60.08749340759742 94.08565448738185
43.83057760973402 200.16779309379055
113.81552442338169 117.7411124361557
128.94131394997737 208.2891020575055
80.54904572897811 114.08081384862682
133.779389160055 171.35053169837826
61.69188565200301 30.06238911449341
110.98368189372864 199.72110063234518
79.96864171001609 193.54396169909992
246.81005377771524 167.4612058801911
188.54929354301728 213.96815448679797
27.77085975564028 73.80739761409797
116.7356336370147 175.73228912371948
142.69684819613164 2.0609293477502346
71.8262521376631 232.95262132713373
121.48571768658928 158.97659524258222
23.988166456223592 161.6676694697206
163.7709301765302 62.96828707114194
186.81243131089164 112.72131411000244
53.95849369298267 192.65458565946747
166.46957606789366 1.3470266127317276
131.26125081211939 198.48736712938867
176.14174297906655 169.88001757435157
75.04384697940736 230.69618983830796
184.20771870183134 93.45580930108721
104.5230870308915 216.0288909998929
232.13374786705276 152.3630021648747
246.09914169367113 194.29054781903207
45.683127102298215 125.65223310181486
69.24111453195577 167.77274151545672
213.80195760826544 69.13773922053853
49.49449779598491 188.97049463620402
21.4261330439495 79.35986634435233
115.94785659705373 32.4323743506941
19.16620581221426 11.521709802147367
152.33151563249095 4.341860820645832
206.24097610674642 121.23996125940387
236.31424329021627 212.29935607590852
144.44203306838227 93.88779842961608
228.79120328381566 202.96655659833476
182.47511076744928 240.87622110973135
63.86846807389071 54.79887845926679
82.25452024327772 225.72990610871716
59.42198801670076 18.310287209844955
138.55113880599342 182.7871007075459
191.7740493330935 168.15352679317272
243.1903955160599 69.27242461491073
143.50769741252947 5.204072187830283
147.32923394821066 32.24246386644933
49.52146231626411 70.85493522791741
125.9396732524696 84.31254390172224
191.59917977153702 236.59027144885493
160.655358141008 83.04116485123855
55.839826739347814 74.98874817417789
203.49615628297127 213.4820762807935
155.49016045803072 90.0869760558576
138.6385288025367 232.698033257288
199.0123642612676 69.76408954332273
244.01353501344963 96.7711619899958
225.5052365002962 150.01339967364223
194.202717776024 4.799665764075506
178.42685880164157 2.2603430376552103
96.88510902631003 47.80104312608824
197.4526616031439 132.4366274347526
185.02750397491647 242.93056298907217
56.08487351584338 79.9252550212414
148.76768509006243 13.394293667458285
211.19473074166467 186.0709829875279
186.12307155580146 100.33676490460033
159.25303771744555 179.00821788261126
82.72217024225897 210.895768850349
127.5442776584598 129.91976421611983
244.30758636469577 49.75352908587236
241.55193158628032 118.75063130913155
120.7538510117806 102.66729565716106
169.52203694523197 237.94537588298007
106.23031515529772 214.56703810414254
159.89982191079193 155.30452511419367
68.96770566829704 167.41498364054002
154.50787164286245 46.094166730189954
238.54304835529493 19.130109031094772
31.92703289981816 248.6030053535757
237.49294011850125 159.15017095988853
32.48699131071492 165.63268831428982
241.54985793906252 37.32182958235142
158.7500792415296 25.320689080403554
62.11787118851483 242.71083323359625
138.01931084264103 236.35257325369457
108.84959034822073 56.65703688554752
154.91857514633764 44.98038116518657
102.47299840565732 150.68602387363669
112.61980398348601 106.98489225916111
12.718825233385827 182.638934863319
138.06566478818868 65.04496366720619
138.52597491957374 196.23000422997907
166.3848112705573 109.32812040008508
244.16374188013566 198.868594915237
230.389064544603 239.52643722864437
91.97458895769972 125.22126298872543
10.92720966937541 233.4150507539982
238.43926784656685 102.58179108949031
108.15521171481343 51.36042326509893
211.74721651936366 77.15106924746887
126.94661987329278 84.42829790975532
127.98281256902963 88.90516916046909
30.800038205401503 61.60260396100506
213.74482854263078 176.02138774797612
31.966317629121082 243.42587932453762
172.66561245787173 215.82178179359303
209.14285430843304 154.76452116246082
165.09789288205246 151.94398792291219
90.14142891384544 29.97509139762311
26.71768943773617 97.73030816086425
118.38915205987426 225.30959950772146
124.36532198614213 247.07181937918918
213.97325688136453 88.12749698774
118.38546869734043 164.27479210034355
233.18999910485866 125.58922838503658
84.81041023301417 222.41348754049835
195.55399908149334 201.29493013538993
77.38935087075335 192.2523400734823
88.44479768730831 81.84099305631054
10.724266110022086 192.3736285484977
88.75904326488742 54.018056901569
66.57334596966031 75.32206220579229
172.32732038521988 184.64214976503848
134.7786950418323 135.8843101387286
86.92437659581189 132.66793397428043
208.37539828313746 189.62363256387562
53.33334676173898 16.927434109228617
6.5422638541793035 139.2137735012721
73.03741239791628 46.16227049933658
161.61790702365252 70.34462192571131
205.29774625087092 214.79911272684387
17.919580552062943 205.44630630547482
93.20408727144391 73.55145127107038
244.94167995364 179.73483284101727
129.23114120631945 136.55316467842124
44.03272147771009 246.19072583739543
204.45086086037426 80.91671466560662
212.21689798290728 126.87813723634811
108.84592117468524 3.342915364133531
180.81285283873893 13.800549286484
219.11853920970253 92.02887062707855
33.186894502135 26.60176098226158
168.58978542615105 183.91993861234866
2.3106806536578315 76.72711527562565
246.39875663603607 19.33088377669018
89.43881367259412 245.89451572427225
40.839000967142994 213.29498785245298
161.4865118790743 201.2983383654002
86.72821608414722 24.9101394519049
86.45721008881591 115.55910508370346
132.17446294969588 90.1239453587987
18.98560809956862 14.221734419980258
139.7738782787596 223.23547838484822
178.7512546544755 84.9281436926399
182.11243268232036 206.68505432849798
246.13695421359986 244.75079657522866
126.19276644517983 223.2710353032154
146.54633563110002 150.22078082101305
170.31638303555403 206.01915909479442
75.32061329852743 23.139524238310976
177.48790098900776 214.12900473597668
15.691087111620178 59.57662161820029
150.4156209898701 207.64283401796288
40.86124710330097 99.54775290080222
90.8569434779114 181.2888806813863
150.75570718920895 176.61144533124497
188.9794986268447 8.899810449904205
47.74198744508812 136.81910741881723
117.0584408295958 152.5884927944216
237.12810866315732 82.2826279205274
61.53972222669035 145.27115961627803
86.58900665738491 69.26380316800953
86.6598226590851 214.9350185871044
12.782934776410237 19.08842042894107
23.75942114562804 85.10652317720097
15.567971456576151 138.84219109603916
150.30383339288372 5.772139679941112
198.4184557447702 214.38894496451329
215.03229713789366 13.878772116069277
35.79796037649624 14.708309769783213
176.5891141044514 121.42790359720857
152.668525176712 129.07082484208743
105.99569732213504 149.65338343532903
203.30324719793677 100.12661913850535
218.43329564085053 55.56447241038606
216.87232872797244 198.28713657023744
114.23594055742367 105.3866408057513
115.28914092471234 199.85158991877415
190.1220230530959 21.116097136104766
27.688412062077173 81.64901620001281
61.74342335234417 224.1571093015294
104.36373747079783 91.66455047753317
110.21934711514022 98.82862612558432
168.908463562366 132.09024028816575
245.54414972490014 162.60994180037585
141.93462654570268 176.05636830733286
166.36110076751848 154.60912023148774
170.5583420722489 134.58901602513802
149.015596793289 249.3474228543419
177.83355615263415 94.887471316597
67.32822530027433 178.9423520362082
53.16119175496545 0.4096142550225612
96.97524281915767 86.63184965947393
48.031505670472015 159.25010069441237
120.85298518226898 118.57707146251789
162.85921743824935 110.33516274552319
166.84615295356878 14.914824943639854
201.7291681185806 63.71502064903445
233.87358904613288 4.312790874192202
53.68746202318836 77.86255563590633
173.36150097376304 45.9758918277606
86.58726906153139 69.75230453628717
129.38934024967375 80.1016461544822
140.44740151964987 244.47573294236025
146.77895424020116 33.21189341742381
229.05770469711314 194.58454547448474
25.890177460609205 223.9717576558909
24.72973418590624 68.1390811877079
113.13058182873226 6.797070648350278
11.462289596855053 215.54244236378864
165.2237070391807 64.01320324615075
206.92539286297583 96.99236089528019
117.85597566993836 11.330117207815432
227.50953369944702 98.21498092364139
132.3245794912794 169.376923879992
101.44800079958668 226.22157736857497
202.71998805942917 232.56694095287244
30.744031289587166 14.440473927889858
81.78513931792058 158.44514343283066
167.00859764881574 40.94164928605773
38.851018074613386 92.2620874818899
81.38097168346023 232.24022433523575
60.32617681637873 128.4336370770305
115.12080426857163 33.900908119940844
230.31183701209326 53.84255517603717
185.5648797586554 190.1665408505528
52.60061298680907 142.90872249707692
88.9634440608366 196.1058667840232
39.28470387650676 97.26250534532626
24.47464788323031 26.13282187859062
241.72526146388446 126.6707019186434
28.437760941197627 118.25495873444713
247.14771716296204 56.77616261938384
125.96175920159477 100.94402777754485
152.12030308481766 95.51725887400778
92.70492143391249 198.19722245692523
189.92320468951743 200.49700608206774
178.08573171692066 51.06280509400357
114.03211013128292 220.62747933473693
240.78458351636033 72.82343896325924
195.81508933594193 221.1529906791716
56.167179791465685 159.3234973224028
161.70419795346683 68.8192241396929
238.82441088243675 211.72489325124576
100.24989855500347 105.92400429769239
46.07183067257464 19.92795642073747
94.70242759971886 199.0008843001232
159.8587399393908 92.66088043094578
214.6317286830361 165.65035418815359
227.1646973822492 164.47888722233202
218.97910055422392 63.62735993420562
203.518726234598 109.00195583857217
86.49761905076986 114.78725734356019
45.967021819184275 109.7235069271689
43.7476324864082 206.4752482894979
86.14899025678378 170.311786068917
13.956925017852118 31.24193382418333
33.02458524745597 1.6052827107704004
51.431582041904036 35.5935899735686
76.83500600496704 104.83074115716529
153.86625239220328 119.32999321970775
116.63917257735388 225.90084719342832
151.0138849570017 170.61305423053753
180.7830831223551 125.0209210736023
238.81002035033555 15.88542271423013
190.0383270866538 18.622618612727848
91.11936179929914 249.65083560196513
93.16172600161568 233.1913004582223
212.52600919668836 124.62286125664603
100.36916095896426 167.39064967741976
180.33817264014297 194.12290261687468
30.566082443363424 84.81791550641282
220.46716450873015 201.62792771095476
43.220562266042265 182.93447336823746
133.03125358627486 239.62927855666968
188.37092739310881 131.83321846320536
232.26825830778878 199.9338461444555
96.1137614984754 49.00594471598602
138.1822465106899 88.55081142695565
230.88947952759938 13.47642716625752
186.47584758482043 176.7703431192209
184.4030922928649 19.299952938443806
104.31626869140948 173.34098488279082
122.78821127072906 144.72857627434183
104.86217153999259 223.41351289425825
182.08498357387865 109.01953881030396
201.35224866596542 30.53442862304856

432.4
1080.9
288.2
68.8
540.4
114.7
103.2
260.3
86.0
172.1
288.2
8.6
720.6
229.4
51.6
114.7
600.5
129.0
103.2
68.8
229.4
288.2
17.2
216.2
25.8
1201
68.8
72.1
324.3
25.8
1201
1080.9
1080.9
432.4
600.5
216.2
17.2
206.5
154.9
36.0
172.1
77.4
432.4
77.4
143.4
960.8
144.1
68.8
51.6
172.1
25.8
103.2
34.4
144.1
108.1
36.0
144.1
324.3
432.4
600.5
72.1
72.1
108.1
540.4
143.4
288.2
432.4
68.8
72.1
68.8
1201
720.6
8.6
864.7
114.7
172.1
1080.9
17.2
720.6
34.4
648.5
576.5
36.0
324.3
103.2
17.2
260.3
288.2
34.4
103.2
72.1
216.2
540.4
51.6
216.2
144.1
258.1
8.6
25.8
72.1
8.6
143.4
324.3
286.8
1080.9
68.8
137.6
260.3
229.4
288.2
34.4
17.2
72.1
77.4
103.2
108.1
432.4
72.1
288.2
34.4
648.5
143.4
324.3
216.2
648.5
17.2
137.6
576.5
432.4
68.8
480.4
8.6
324.3
480.4
216.2
72.1
172.1
154.9
600.5
288.2
286.8
229.4
600.5
72.1
154.9
576.5
77.4
648.5
600.5
324.3
258.1
286.8
576.5
36.0
68.8
229.4
324.3
72.1
258.1
258.1
324.3
68.8
288.2
72.1
960.8
1201
144.1
600.5
216.2
206.5
960.8
8.6
8.6
260.3
137.6
960.8
72.1
114.7
258.1
34.4
34.4
600.5
648.5
648.5
576.5
258.1
206.5
960.8
51.6
137.6
154.9
480.4
25.8
258.1
68.8
286.8
86.0
260.3
86.0
960.8
17.2
216.2
144.1
68.8
144.1
8.6
1080.9
129.0
324.3
129.0
288.2
960.8
600.5
103.2
34.4
600.5
960.8
103.2
576.5
17.2
286.8
432.4
1080.9
288.2
144.1
103.2
51.6
144.1
540.4
432.4
17.2
103.2
288.2
229.4
216.2
648.5
34.4
286.8
229.4
216.2
286.8
600.5
143.4
1080.9
34.4
216.2
68.8
260.3
8.6
51.6
480.4
432.4
720.6
51.6
288.2
172.1
72.1
72.1
480.4
480.4
172.1
432.4
144.1
137.6
68.8
114.7
51.6
17.2
216.2
108.1
108.1
77.4
600.5
17.2
864.7
143.4
432.4
648.5
144.1
114.7
648.5
72.1
77.4
229.4
206.5
137.6
17.2
576.5
72.1
864.7
34.4
216.2
51.6
17.2
288.2
25.8
17.2
260.3
144.1
144.1
288.2
103.2
216.2
34.4
172.1
216.2
480.4
103.2
720.6
86.0
72.1
68.8
600.5
114.7
103.2
143.4
103.2
34.4
206.5
432.4
86.0
540.4
576.5
34.4
103.2
216.2
34.4
77.4
324.3
17.2
540.4
206.5
103.2
17.2
216.2
288.2
72.1
540.4
600.5
154.9
432.4
68.8
432.4
72.1
77.4
144.1
114.7
137.6
143.4
216.2
103.2
324.3
288.2
36.0
34.4
143.4
324.3
68.8
114.7
8.6
540.4
648.5
77.4
720.6
68.8
17.2
324.3
51.6
432.4
154.9
288.2
25.8
51.6
864.7
1201
17.2
432.4
540.4
154.9
77.4
72.1
600.5
144.1
720.6
172.1
129.0
286.8
143.4
86.0
960.8
960.8
172.1
216.2
51.6
480.4
72.1
324.3
1201
288.2
143.4
960.8
288.2
129.0
720.6
129.0
34.4
288.2
51.6
144.1
432.4
172.1
36.0
260.3
68.8
144.1
36.0
114.7
720.6
103.2
540.4
86.0
216.2
1201
720.6
286.8
229.4
144.1
103.2
129.0
154.9
154.9
258.1
1080.9
960.8
229.4
144.1
286.8
25.8
137.6
68.8
286.8
108.1
216.2
154.9
72.1
137.6
144.1
77.4
144.1
540.4
36.0
103.2
1080.9
1201
1201
8.6
960.8
34.4
172.1
480.4
51.6
114.7
17.2
288.2
480.4
8.6
137.6
144.1
576.5
68.8
720.6
432.4
720.6
720.6
17.2
68.8
216.2
576.5
103.2
1201
34.4
432.4
286.8
540.4
480.4
288.2
144.1
17.2
17.2
143.4
143.4
68.8
36.0
72.1
206.5
864.7
600.5
720.6
720.6
77.4
288.2
324.3
288.2
576.5
129.0
864.7
1201
34.4
86.0
51.6
1080.9
36.0
288.2
17.2
576.5
103.2
72.1
51.6
114.7
432.4
206.5
17.2
216.2
143.4
72.1
216.2
36.0
68.8
864.7
77.4
286.8
720.6
8.6
36.0
288.2
77.4
51.6
17.2
288.2
206.5
960.8
72.1
286.8
51.6
68.8
576.5
34.4
36.0
648.5
1080.9
286.8
576.5
103.2
720.6
154.9
324.3
143.4
17.2
103.2
72.1
288.2
864.7
86.0
540.4
432.4
8.6
600.5
129.0
25.8
154.9
77.4
36.0
260.3
17.2
1201
288.2
34.4
1201
103.2
260.3
108.1
216.2
17.2
114.7
286.8
229.4
480.4
1201
103.2
432.4
960.8
77.4
103.2
144.1
51.6
600.5
17.2
720.6
72.1
51.6
17.2
540.4
172.1
144.1
540.4
324.3
34.4
576.5
432.4
720.6
229.4
25.8
648.5
68.8
864.7
17.2
137.6
960.8
144.1
72.1
324.3
206.5
103.2
480.4
36.0
216.2
72.1
576.5
480.4
206.5
72.1
1080.9
137.6
864.7
51.6
114.7
206.5
206.5
68.8
288.2
648.5
51.6
216.2
648.5
229.4
1201
216.2
288.2
77.4
72.1
34.4
172.1
216.2
576.5
68.8
154.9
51.6
480.4
72.1
216.2
1080.9
137.6
144.1
72.1
1080.9
34.4
34.4
432.4
324.3
108.1
1201
216.2
68.8
103.2
68.8
51.6
260.3
114.7
68.8
432.4
68.8
144.1
260.3
72.1
720.6
144.1
34.4
129.0
51.6
540.4
144.1
286.8
864.7
960.8
51.6
216.2
1201
600.5
216.2
288.2
154.9
36.0
288.2
34.4
114.7
72.1
648.5
216.2
72.1
108.1
103.2
72.1
77.4
129.0
17.2
216.2
432.4
137.6
206.5
432.4
172.1
260.3
600.5
260.3
34.4
108.1
324.3
260.3
288.2
432.4
8.6
8.6
103.2
143.4
137.6
8.6
288.2
51.6
68.8
34.4
51.6
1080.9
103.2
432.4
260.3
229.4
216.2
432.4
258.1
172.1
103.2
51.6
206.5
288.2
34.4
34.4
144.1
432.4
77.4
144.1
17.2
540.4
103.2
36.0
229.4
144.1
288.2
17.2
72.1
36.0
648.5
600.5
540.4
540.4
432.4
206.5
960.8
720.6
600.5
288.2
154.9
108.1
51.6
114.7
108.1
144.1
137.6
216.2
68.8
172.1
72.1
864.7
25.8
103.2
432.4
36.0
576.5
288.2
51.6
216.2
51.6
1201
72.1
137.6
324.3
864.7
137.6
864.7
34.4
216.2
432.4
143.4
258.1
1201
77.4
576.5
103.2
206.5
864.7
432.4
103.2
103.2
206.5
51.6
143.4
576.5
206.5
103.2
432.4
480.4
144.1
576.5
129.0
144.1
72.1
172.1
260.3
8.6
258.1
129.0
324.3
25.8
114.7
258.1
68.8
103.2
17.2
216.2
36.0
206.5
172.1
34.4
77.4
144.1
86.0
172.1
432.4
36.0
324.3
34.4
1080.9
114.7
34.4
1080.9
1080.9
1201
324.3
68.8
72.1
144.1
324.3
172.1
25.8
144.1
229.4
576.5
114.7
17.2
51.6
144.1
114.7
51.6
34.4
258.1
144.1
288.2
72.1
480.4
1080.9
432.4
540.4
864.7
17.2
72.1
51.6
324.3
576.5
17.2
34.4
103.2
34.4
17.2
432.4
216.2
864.7
34.4
8.6
172.1
216.2
103.2
143.4
103.2
540.4
25.8
576.5
286.8
216.2
206.5
172.1
137.6
103.2
540.4
172.1
144.1
229.4
600.5
288.2
172.1
34.4
68.8
258.1
108.1
1080.9
8.6
432.4
172.1
960.8
288.2
51.6
286.8
206.5
432.4
108.1
137.6
432.4
864.7
108.1
72.1
288.2
129.0
960.8
77.4
143.4
68.8
129.0
288.2
114.7
154.9
129.0
103.2
8.6
216.2
108.1
229.4
540.4
288.2
143.4
34.4
8.6
144.1
260.3
25.8
432.4
648.5
129.0
154.9
137.6
143.4
1080.9
288.2
144.1
720.6
600.5
8.6
324.3
143.4
600.5
864.7
34.4
17.2
720.6
286.8
129.0
648.5
1201
229.4
1080.9
103.2
103.2
288.2
1201
216.2
108.1
17.2
108.1
576.5
17.2
324.3
1201
216.2
103.2
216.2
1080.9
288.2
1080.9
540.4
229.4
17.2
143.4
720.6
172.1
72.1
17.2
51.6

8.6 17.2 36.0 72.1
17.2 34.4 72.1 144.1
25.8 51.6 108.1 216.2
34.4 68.8 144.1 288.2
51.6 103.2 216.2 432.4
68.8 137.6 288.2 576.5
77.4 154.9 324.3 648.5
86.0 172.1 360.3 720.6
103.2 206.5 432.4 864.7
114.7 229.4 480.4 960.8
129.0 258.1 540.4 1080.9
143.4 286.8 600.5 1201.0

2 5 8 11
5 8 11 14
7 10 13 16
10 13 16 19
14 17 20 23
18 21 24 27
19 22 25 28
20 23 26 29
25 19 31 34
27 30 33 36
30 33 36 39
32 35 38 41

