1024 3.0 0.0 1000.0 3 160 240 100

100.3131477640543 162.9567143915805
66.42087268249911 170.76219125439144
36.80968113491975 27.68894892410187
230.56452326322187 54.260693708033905
28.86018880890631 69.60107327851472
240.33032655893427 167.219027132763
46.83576316960053 223.22371243817798
150.22920537384474 97.93418156638303
133.7265495017349 116.81556119386407
227.849177560189 34.70753557692036
244.15181395959027 11.46728541646233
63.673478698935 164.68831092780925
111.4023479332234 44.88974765711215
149.26617772118465 25.612855333008778
183.54626844343628 141.08606385005967
181.52116936273308 140.61781018545437
122.08040074110185 22.845438382847167
138.1636286165252 190.7756248688777
62.786666641935746 82.45121488859924
142.9606179042318 20.212735685738586
139.16651848074252 140.79910785640885
210.20881483530016 142.38915800068685
161.41619798541706 242.21601966740664
12.1891697250604 119.31895945921609
19.88485669407539 246.93428664089464
35.008066423067476 138.90836792906302
8.538846582591352 72.76302720858999
79.85585659997632 187.2179565837721
145.4013445229913 130.72174096974865
135.1073364566809 22.283017975567336
53.92370196163526 115.39269662219945
77.04342963934701 211.77152460757847
152.32825134453861 42.9254211317035
181.5395533621157 125.86083425137879
191.44094036871022 152.13570972464294
148.60321521044577 209.45201677912573
199.67377627111645 49.95964273185052
125.6142866866277 103.07202966542026
63.56488391375403 72.09928192153315
217.5538735631846 58.74086385525554
61.689648750015174 133.4455903075991
139.3931835998473 57.21893981214099
151.6723699788984 93.3099614226715
128.93838932686427 129.41306254006415
150.35083436640147 233.1124714590447
229.72061226606613 52.12005875529377
158.36161219965047 46.43859958543295
13.295419754687288 73.60857598942397
3.8045132622646918 53.579932630062885
154.34557100394872 175.01513335437787
154.11365439579623 176.27324913654456
66.47620748657788 191.16430213321976
147.24390147114696 160.38414988167548
90.82852067894193 20.306205477338718
47.99683381694994 233.5457732125365
48.35364196724953 148.38303956320388
101.22761203273525 128.91088665135482
130.69983591925495 155.20389888468864
150.93988122359926 69.7032468644459
71.78303959713931 160.5799410036588
87.23613440770318 241.43904467172314
85.82946702995572 23.842394720318154
0.4751331865400221 103.35973661078093
165.52023512157803 118.89777509603891
133.44429633225428 222.01579632780863
113.34365680671176 4.371879775201121
113.32196593593166 168.82292444744516
51.32540464572175 243.33517588669062
30.704432331936705 166.42845401291086
141.4346560908106 67.1822569629679
199.24505097566473 72.16143223205671
110.1667767214016 21.746487655651098
224.76287313118422 36.9655637040483
192.2065650748767 11.531630651969355
152.40731396383836 93.2848393493905
179.0200233217596 189.68104791980596
99.49250854373653 220.91019970784484
246.41835726764842 5.474891268596322
242.34493618262462 184.24038146795442
76.48945977726254 186.3439994775092
112.07802295463861 83.2104689227919
120.0417780902359 193.51935298225175
226.56593119823964 170.78564314971112
23.556562006027765 50.109779354130104
78.09157100853781 228.03546918989633
221.94890184864258 45.15072947583598
172.47317868200113 133.61146141537859
194.69809799158065 236.12463049253023
194.07525577342588 157.44900611989237
236.93946778448787 17.662691740734566
181.66045799280818 43.55351957536433
56.1024501055771 12.817989932922714
12.174915955846133 21.03473184889662
120.38070280782249 230.1845143059791
208.82717447891915 199.81156592686398
203.38848911406387 105.34166644372314
60.24758191446652 190.23045133825164
114.81619349687075 182.6991191595198
228.8331812216339 204.7323941843505
82.48078109775383 75.13803852321979
174.79071500688633 126.04509944162731
229.89230498679387 25.64510508908094
43.48770465380255 206.39417670123225
107.91248573750018 147.11340542261556
139.47497877219593 70.17477211558992
99.67430262167495 35.5216515636165
201.6042959347224 237.10453459678317
202.00321328996327 31.54923981800131
111.229714633822 190.84931125891666
51.54200626044081 151.8563155702927
138.41750105105552 158.98503884460234
55.571422712289205 198.85777844592852
1.0191851998296864 145.39497731014637
121.71056412372688 9.014692672135698
40.03791832677287 116.96045587346909
146.24839311269602 94.21888496183209
2.508758666949995 194.1154501906836
49.48154963984161 145.02257914503164
30.946973194326212 227.21304536492934
19.180055586740934 16.50691067729257
0.7607944279417467 102.83755346704382
76.4154845206444 86.05802231186516
164.89480898744458 148.14903241953465
172.700480076542 33.42775504590031
86.19833350677011 80.62899737851976
220.59221593738064 73.3143428591629
122.00287260340892 168.77242224532594
236.46666630434538 58.7001436662202
6.4949433196905275 46.623859315808005
163.0154366984664 92.08829341092407
81.8805434535411 192.73787110215414
215.98125631859764 158.85455731758174
199.86107842918392 98.40153695923642
152.42672935011453 29.00172255974115
135.34111682767502 103.11913561429218
202.16954356913118 68.58168279130741
198.11876217978605 197.6382948416517
10.052426268757603 14.72058367234444
155.5980917798996 32.025790388849146
111.6195990634278 63.18759408517549
63.835412668406754 41.29601181445167
25.5025794179394 10.709666526181133
54.12845238504327 131.53295883647635
85.02375414761009 218.62472313181584
108.76878619873018 2.006852783218771
38.88757873449975 5.260391684140442
23.37094189772049 234.69949097940938
5.622074448674685 123.09767184710654
214.66215760659907 175.3085072745046
16.451695480535626 49.38195857071384
59.55068374623348 232.92677505961345
145.79725596124246 183.15803380804604
72.64712459653197 80.86473559975165
28.493211696955957 247.2137064416897
8.179325323564829 130.44816998202523
173.5545486594056 50.78363129633287
245.1768419900039 152.85629858435811
137.25589526309946 63.78064190658367
190.42460158486273 106.57368370005621
123.03467847477714 115.40325154531462
75.23137553700649 223.8702517721017
72.85824560545726 173.47605915806156
201.61581847290768 117.53668724595445
182.9047117467568 115.74160049611648
242.1512367217504 156.8064872288295
14.411740123090489 18.456753024127
131.62584694483587 229.82185854890045
225.17775030533934 28.235021722937237
245.69456323785002 89.40288516327085
52.26286243272113 53.11013017082916
110.9867175316418 84.53265681066927
182.88203813277278 112.92384282174211
98.73498434606311 75.63281615597556
109.11810380422376 103.84424710492834
245.93893649501527 132.58519392041535
103.1603207009705 52.83365667304424
28.897419827848157 90.92162317670311
115.13361312379772 174.62547010540413
3.578677245005768 13.71596474172071
230.97591889945699 153.94860331119946
156.00031890857764 62.63810140563727
247.09818082090976 136.37384561375248
179.64191705789062 51.89873835538436
231.17973678189583 209.90410180624474
196.19200441804043 3.194957632355555
226.7050950123317 244.7127756201148
213.5385423425349 70.64537439226967
180.2638252770596 4.109108511254594
134.38888268308224 201.5149692114231
224.45797372680323 188.07918758712896
8.01956207915086 175.46498141483906
5.727016856355571 189.9841948712307
240.83624718617313 39.88540299385826
149.03864911270938 55.35277050521653
164.1864315162951 91.37795958659662
169.81733558969907 83.46691597412476
36.34443206095711 205.72204373411955
138.4795147785883 107.00026969138607
159.87753133992362 5.33582761705842
115.0275431261325 200.9963937751471
0.10779441260738709 122.61659025909994
167.08686556507305 239.14002240943302
120.95964090201409 171.8687800929101
9.435534726947969 230.18683312035117
198.83028677907268 239.20075149455448
84.28294890074059 89.97246615542845
185.07887148096287 171.46454589469465
199.93951928479459 161.3961425937594
55.920435389471365 212.04213877845368
18.152728924027308 209.84337298447812
145.5624468778743 29.55454343281774
43.29945566063123 218.14765166160424
210.95676997717845 102.6958771498576
194.84086720941932 47.53957690349397
56.52744368303447 20.949798110680373
160.4770575646977 103.92275872331014
118.7861949355967 32.99949921766249
234.9846071477017 138.06518828260468
171.01224320910265 57.86719133562107
146.06867133606656 125.74792759395505
162.36000578153974 140.8523324793432
236.79099463792676 82.52819661973626
47.80099889028524 186.1204836708156
7.034912640467489 75.28449052639589
108.33950125233241 79.8180761766791
83.30174717375583 58.73862587024883
67.00899449704143 102.46345236915438
68.6137677585866 135.63239638302858
182.43561756947975 69.58142657880894
234.87766559914468 5.256924387854495
102.9727176627015 83.04395987412438
7.80360715149861 24.80534294360942
104.33728116497318 237.92766337734898
65.96711256196302 120.11728223052317
201.56096885168233 197.45526371548397
203.05711989415298 211.99934447929886
109.75190387300185 98.53025489460693
31.13952125806993 23.72751957475927
180.13747812787676 121.02719336400337
96.0264316995176 229.740751105652
249.36022732997208 120.57447058303889
40.20337943838403 77.10389085501274
107.0317522800227 53.82719936905356
12.070572316218248 182.36253297832576
199.6313271307651 139.51932776106926
4.426329383368288 63.53237410660537
3.515940428316072 42.341337960855014
73.94684045034563 199.66511314683777
42.07438370319108 169.9532499178466
151.8186340625459 89.77613209187088
12.240598815723509 104.08354727758947
172.9987019946127 127.50404406531965
99.38926204905674 117.92333003797926
224.19856473342244 35.53564226892997
13.604057275082098 104.20680729487691
69.40976431778459 2.7975122298812827
175.44658214545797 102.5721588933091
162.14343666008475 167.52358878384976
227.41972913587833 49.05376010814719
174.37646472406533 176.57170344726973
207.92880857903617 243.3299362926977
226.03263736791362 70.12837826679203
142.85364908116802 200.41473447671208
189.40862287707282 203.92654594655414
14.804711421736783 212.6300680116035
127.69797275846298 149.08791502951541
177.3497133750998 96.17812811783436
143.7323573462514 46.27971349781795
47.27932775197699 168.85628430248357
79.11788542006154 236.18754282365785
30.507181409634377 199.75820647132116
149.55099204876745 139.10574054094883
209.87082374067927 109.76412805100792
40.15106548573088 18.169495732723224
50.47829949933275 176.97989646625203
61.6888559867288 147.47153322942083
111.71667663512993 16.490051258293835
21.047051029806806 13.740613734903457
216.0381473184755 204.85192887576116
20.673045026273513 172.02058972200078
134.47478645286472 221.7040209362828
174.806845609916 238.56617821110612
248.57583204196735 11.606895281251722
205.0361818314507 86.9467157504245
64.1447075936121 49.71169896115529
160.92301567360937 217.62433256573894
142.63026818891387 22.748730221587188
214.96985270795102 170.80284357731125
207.87765830577192 222.63062833766097
247.05246493793214 11.745482859107787
239.82879616022464 53.726660851448614
149.2236989536491 196.68779601481418
198.8545861293127 42.7225411946521
172.41230864409397 186.74025130204822
140.91112139327728 182.82990682213014
124.55554008731104 211.01071063635618
106.11102591030486 27.35276954940688
140.0531256708169 12.768966429127671
47.830332667693185 50.17572244361479
223.73792988286286 149.59728215435192
200.09824957366024 148.40091488058823
125.5109748713054 178.86374490373166
24.0622805971229 89.88311041531644
127.19816288176294 72.02228277581227
40.576967982074024 137.13829386623533
183.94547332109633 130.59241741350996
246.96585264362264 210.8660020000792
119.34653636259802 9.569663232203373
83.11756368350382 41.01283085067181
249.82930250815463 185.13862458421562
232.33342081454927 206.58686379893328
148.2132199583531 224.05922435548166
67.71812474342309 82.28203624359567
123.38704388135424 154.3621139355668
85.55367287524889 238.56175554919886
46.4278443658972 211.02444087942257
154.7520323520858 149.62582174771748
218.60674337697995 247.47238684681818
106.11822950059516 229.19550227496063
39.19312205951792 172.39085570023886
134.07215211124384 205.62907649853645
42.75737023117396 154.7848660702187
231.85107413970297 167.49024354098563
1.2881932138014973 233.11244231521894
30.23358214010205 19.629314313021784
153.47843258548957 160.86829125042289
146.4983684569718 57.36270120846093
233.32321182025223 72.80401498120919
246.24846927218326 84.80503467330145
208.67102800587185 133.2323160712299
22.802761253715996 5.906592941446132
213.20441623622625 91.18022867401874
34.98768783972425 47.064793056036585
73.60067648684293 235.5743940395539
42.906674717457435 59.60877291207947
200.62932377376293 224.31039360211554
211.2713858889183 140.17716906254628
237.80831080078363 197.3676191906384
138.51265463496196 20.827116867426636
215.9261754363437 6.941706783296281
116.01163538357869 232.95991306260268
215.81393109561375 200.62040927694866
85.61485178309078 150.09123179044792
51.27884969191246 61.56103038822416
92.66607737261725 46.439795563168076
57.93769369673748 52.47290312757424
38.38115038967469 148.90886604115846
227.70709768791357 136.28925290304923
114.8456351773891 119.41863902649582
128.17945070180923 153.28670095196287
137.64497531066814 56.69226505870467
146.68622532689022 77.7722670559084
13.146037324318877 69.34953111845024
35.212168758671645 47.98349244369712
230.9672365371739 99.65299743539558
193.41197588021234 152.13152184445985
45.54791041594322 191.6828246638172
227.1331791038914 70.31308962500208
7.95534724423172 86.85363442320623
248.3573768328959 73.16796933881325
204.63324637028379 110.41473132910839
116.20094206760612 122.01386872771536
115.29080501623903 46.108023626816234
60.30174497725721 208.94474598646275
175.51044826273332 102.03581483218905
127.00257562880482 135.47561255033267
9.899746887063825 128.93161564338726
92.3705012227994 130.21563583176345
27.82611355030329 20.434370975103256
94.60771210120959 108.9174107503049
136.61503594470958 35.47623499597371
224.23565318122994 124.80527626905408
163.24523265946206 165.5758527564768
168.72118351438763 245.5084919051761
63.72977195988794 158.2895742818498
204.93043241805287 0.5964874993891478
21.325611463856088 224.9429474073583
104.07679886258991 19.264736131258093
1.295067445822723 19.369295493573773
243.1642141666355 9.402165221030433
10.875872613857002 77.44149871261946
198.62593643891267 83.38647284638617
69.08365560868774 168.87493343059214
183.1165669658886 11.18296825556081
182.75435237658067 212.41040359770588
3.772598712512676 210.48020507581631
34.81504878736249 21.409082298574994
184.38837973446488 173.99680055497197
58.28235944947199 74.60729931163989
246.8436653261975 65.42044882227668
208.84436393240662 48.72188832728227
89.76415878655766 138.82494316654208
128.5526154114511 67.47589671467968
89.0431785147153 11.017419527222378
92.67968845324226 53.66809180981727
114.18866649139717 246.37890519671583
66.0220117135489 79.80888246603642
125.17611190165032 193.44470592973136
102.06529298768972 23.000390538683746
87.54484989151801 49.37824444110001
148.70036671595292 84.388660276908
9.47612345294152 191.43837108095465
55.06026795720226 183.3739090957379
202.36835129177297 155.39391277406835
140.00759872058555 107.7994007316587
44.87329106614535 133.8701540804929
19.863536541100512 236.8310518439696
111.80172485495657 119.19013222567604
3.647669371247275 118.99511201411079
60.00118534542265 95.47224459933574
169.4997410284137 160.33951865173765
177.22316527739542 197.89512624580195
78.79920227862792 183.78674638542978
225.16683946339813 92.67812112371132
31.093059339065615 51.40463902173359
196.69860249307456 188.3301176617563
171.7408335953385 143.35485539284343
98.55695228001294 32.908738725189984
246.92599752395483 14.359824280359812
6.98690133032856 143.91228943172527
42.98965648853703 190.9663574468138
152.58468414829073 203.8057397971415
184.0629968965618 20.38552630004828
64.33025644613924 147.0197575704081
212.71203029682147 133.8175352319243
75.03300621542905 0.7342074132470067
170.116906928355 17.553334645424773
200.45597868229655 48.8693855453988
62.67455941517453 21.905657861178206
222.1000123880622 102.58122111866463
92.58171509147714 181.3212134819058
215.35775630289857 69.29265788946034
190.6944532888453 55.162660391838536
48.745060792244416 53.05526167436053
36.866409453403584 121.37759228357123
74.56034202181586 142.69920401445427
25.932259952048316 189.6851252992326
62.83297032824728 132.20576144309834
105.10910278571461 62.464093042345155
195.06444020952566 147.70308582874353
243.10256464198199 215.19290729679682
77.534235275105 89.3362795015836
120.99832410315325 237.9468034072908
192.54425327070743 238.64538550119806
213.59355220639364 6.407995353993084
228.9867595144854 120.67186374636127
63.481354770874546 10.637743819519264
236.75245484791515 219.71761175353606
144.22841438658008 79.61828505883317
4.061586183732785 103.82392240999391
226.72200867941564 68.34660605395993
27.10419794013916 96.6995232584717
26.127851386514994 186.51331544697024
185.30934162299985 14.113693762779544
180.90386600448747 211.52976331490757
100.30175151560091 219.7993931615553
234.5940774847674 1.6539721399949359
98.4590118782468 95.70347527036418
128.40470081853513 46.84081919670763
197.93137352902335 95.29367575854441
242.49727936111705 243.4768487404788
71.40868534533595 239.64294539057016
7.680141014022396 23.542616664980727
244.08045789069897 74.67719693975444
85.75359995367975 60.43652816379302
127.9607441829746 239.54982135636766
25.205214896338674 8.56627868690149
136.72861994634607 145.14979412842348
80.00579751002034 210.68412010597928
63.67399558454806 65.23826591498965
231.37739392055437 101.6753586221169
143.21095927668932 127.63098181831728
91.41749784743874 52.956741146435895
52.705769544736434 112.08868765604552
137.4661818540688 171.75529119386667
17.99543896045361 103.18274749485177
104.82765359413793 96.83106433578253
104.3300403824973 73.62410567346728
249.56417939964362 99.62649876280099
68.21201150405629 177.07383026594374
237.78453589417606 86.62410189592093
170.29012042595582 75.85837866527359
181.65005688261823 7.872102860194047
247.7349572403278 249.91286258311635
105.60041635165405 167.05745164294476
92.75751768240647 2.865379846940491
183.04435956880187 27.761461507840785
13.536329604244418 241.05684965564834
62.329727598719245 224.6276171982965
84.69816590528684 242.48842987699666
40.18716668948522 121.25734867399554
118.86550645261754 3.339288745522029
79.59306162966962 114.2952336229228
198.23578344772807 170.97017654249362
172.27633187558195 242.93032605026872
237.2378971916284 235.32658958496185
131.85044376092756 166.77983289550673
37.141841064435326 129.5216960676151
22.130318686165356 99.02711149476423
217.23152983309308 109.87815171723369
232.8293304468117 153.10726239200474
198.52701356515814 2.1680763929659284
34.37658275961136 67.97279348231858
182.88314993402912 29.04909065214775
183.61847803150073 49.852430346245455
57.44222903389468 27.4887181121988
109.74146567049556 111.91695110686348
203.27808898910456 71.78914451626619
143.37606057307391 216.116071894355
77.84704033225964 196.34291940608333
28.879526637339143 121.93775355057832
185.88497505145904 204.66160548763403
153.1223958155145 185.63406557222285
145.52132667499163 228.72326939445236
167.40989196920674 60.56819792528448
110.90045398325732 116.28892658752899
221.10614954246938 137.0043142886676
139.12254715524887 203.5319953151102
138.6056419213229 157.26265223049273
212.95617150223345 32.5304851988075
53.520104111458274 235.20659850542307
243.41825205448492 27.577988552061118
126.66682169997368 180.49409043563824
41.56177579497314 227.6975051370624
238.13620646577553 7.1663847715768005
244.6540225952424 125.82397419972673
184.58766840979763 161.10287563321228
205.46831880914658 152.55313655925445
41.471746684052874 11.458136735321311
48.979143382635705 37.33931690729389
167.41001796510957 229.74927572123832
168.03993752419774 173.04015291250704
210.77298513898273 80.46645878728667
206.63753649759417 85.28883792378117
106.6924761415371 80.46967582090254
90.49801928469206 92.69392718018885
87.53177757271696 205.2017630370122
17.561618447605536 214.09433091105697
96.05798125277946 235.52293692482752
117.78656585110633 77.71842988257998
100.32471102081314 105.7947090577778
139.30504173866737 13.005027811205327
105.67554940535254 79.06277069263714
113.89289914285192 0.06312701219274297
70.43804571562414 43.69992211244308
92.97530364029949 19.643254396733674
34.7350414561251 198.81387511168958
137.29479796116078 184.077164137789
71.4007828954944 189.52992936157034
138.7203205989595 185.84593462289124
29.621185725906525 147.38037006901033
81.19388548040163 221.41975212659216
209.9621737118648 153.37234060752786
244.26536809094952 112.80408847469268
209.27028873866354 212.28883276907024
135.85620122950246 0.9411200862616542
13.774221337160581 102.97423855054593
200.186714291085 78.0314498992461
70.43478209859686 36.731440367239465
142.57593368515455 242.641483008527
20.020071447686444 90.89775947793241
103.99159460663876 140.42342093397258
214.7836508598668 224.7323224525668
231.83073079582587 9.38279652747251
140.56900062727934 170.68708325622725
20.805413446434105 158.9089182132452
214.8545234574512 90.82062418968279
77.71088294011975 86.28879577804213
138.79274173306865 95.93311533906152
96.45073735406659 217.84967370824717
59.1868429817026 179.9551973483065
184.0455209437321 12.645969658015149
195.20620828739513 102.60143254461143
115.76854397294086 78.5013867174294
220.33327417223975 56.87089694907155
92.99646335382863 170.2421990323273
189.6737129731791 19.13694828654247
105.83736866829821 39.73322868141757
217.7378308062846 133.63247355643625
190.44114141167825 104.1116235007904
170.26922324628137 11.909185075139412
211.79100133113218 193.4323028894359
197.3794853048188 87.52941014820401
198.96824622719066 123.74139909199258
23.92150319003994 99.31872329162553
209.30524375461084 127.77366816605779
105.38279738270221 133.80709682510238
27.54576540181172 228.67257506530416
131.24397487979255 169.33996464274304
61.66655185738007 72.20790613839392
169.91372382083534 165.37576809275652
181.02528549368841 155.97674700508287
153.75008331472085 4.578641615247375
165.00268107787758 213.80301055419244
115.48957709909335 70.90289388282464
55.45730863473566 74.5021986513196
145.137272696301 207.67525122282862
242.46359154878385 100.9440572003524
35.55796292646626 225.34412721175295
80.92505864055713 36.0826506168912
96.21649671859988 4.44868536957474
102.5385325599982 186.3230065678703
99.79739539935534 58.674995665874945
11.617944105018708 243.6702964285815
139.2656338185943 4.5379859912244305
49.00963392019461 99.29502801290263
234.12884732731183 127.84852848628411
141.52355672371854 90.47476630872012
148.26329702418388 109.82706691180319
46.7127643457482 19.675033430084476
72.3090978192813 40.72045062173799
156.9852446836932 146.34265787928481
202.9475972056717 165.40146292687754
34.38958110678525 15.729183935787288
103.05358145645462 33.661033303844874
59.89294273533963 89.84106506664894
163.37421681745798 180.355634597481
3.364808819353943 194.256062316628
131.780210446028 133.2902369239975
147.80765583505115 99.76624434849454
110.12468390462821 64.11619391523767
144.48338155773587 91.43502940353775
182.57672297903068 92.4063966938034
165.43464632775905 80.76512672811684
25.07804918027129 161.25218283301965
171.8627355127659 80.2990472359685
129.4071876018402 55.606378056559436
203.56429377126227 129.44217362059197
191.7404921703289 147.6716736578659
107.95674884271645 3.6377339411929057
246.94573676749192 7.081085058151082
0.1433990023126941 213.61396942693491
191.61424898878968 162.75259244921034
168.49023446844646 122.59111589676728
186.210986605633 159.9140114665385
105.16163145528145 226.03761043619147
245.33792830267896 167.38042682622313
59.1166937298781 228.42532830167775
102.44571369944359 213.8781482859561
155.81753025264803 47.796412778229545
208.82257309233665 150.77007501888198
158.9668807154381 87.55442094165578
153.35806736238933 120.67616733814404
90.08479326785957 24.857393565687282
205.07088173127363 245.93936196853446
223.24947944110383 204.78762385162455
159.40420455902407 0.015468954901093346
71.85110377310511 58.68534124620089
232.6597680154728 115.81911583265209
119.74698283012589 123.27150737032643
26.003308164734257 227.7209853699151
110.96527352240673 47.83260810538137
143.7200231137775 185.18324774516574
208.44350627615083 65.740554932431
182.57263139329558 72.87226108001518
21.267502515598448 219.7810486676021
171.55651925481064 236.00474898234978
116.38704040463021 210.22750760889062
33.64222467291156 166.11517498332344
99.79696419541526 130.36688761748636
198.3049776623579 203.70974856229728
166.41751130675016 40.342565142072736
112.92080776998122 156.93667013966402
133.6264584512199 6.3658544796821595
79.0381987824004 40.156283309050885
139.74407832428278 207.85551812983718
62.77227259431326 67.71733408479383
119.13732773734966 164.91575462036405
44.19843074701704 140.74230710272857
98.76998198574438 60.55951235718124
55.86709743382451 60.0243508449547
137.6648978717071 199.21756319639616
118.15661098091282 136.9166633812829
113.71575308595463 127.45602495107963
138.4227192841647 226.18050138024535
41.35046070563786 236.2512096699767
86.22698172953075 27.424550928323217
75.31343816190613 155.34963027010514
160.7715966849947 121.66683836153867
144.9699966787137 112.79450011291436
11.431997662068898 139.06308054031405
115.45719977466915 57.47740112837385
191.80583298043786 41.33109084608419
43.68628943333663 111.85862702319471
67.82101628674134 165.9107147884925
30.442150943566837 22.272970842814487
212.9193531563894 214.18534098358631
239.14306597379718 151.00497523772185
46.60487418010431 146.1009657131127
211.8803151562965 151.10352179522002
128.37215293681592 128.72982267825475
57.72130972292058 52.84841966948814
11.788544851665389 237.62832829202685
153.56266198247008 138.05365786219593
36.86969083694006 83.28778428043154
237.76084082981333 143.5623151542383
34.56540556037094 45.968884488565706
92.44990116518356 150.7601525229892
91.60402498064066 158.61712026131167
54.06144223881609 245.56605974414285
138.91939856163785 60.75550570414834
142.682223547619 137.28075853648994
95.36039431823883 2.9232813640754363
228.15886448599582 117.25987602442412
142.2948974522393 243.06857493034155
1.6361307003852077 229.42459778815476
43.19301930123315 92.83680785901566
139.0795290727797 232.96323575617683
211.0463198129751 66.43480875866179
158.19717167706668 28.824574932154317
151.39370263321916 24.471006794957813
240.4417209097187 44.05361748789333
214.6071727075268 140.5710389535481
59.431791013685206 139.98899745220737
230.1659571696481 246.8354387343704
93.69245979539542 186.1948092834029
44.52702656061241 148.41426695764426
169.22465284937167 152.06139258188793
77.35423109064766 46.819430506069985
204.24142200941338 117.97483296872524
113.9795842389425 20.686890531614154
21.650260353000604 184.836680312585
234.66029221055396 48.356262357449026
158.17804617286765 1.0286805684650568
40.07763719144944 84.07280143025353
35.642084300886864 77.51016177870065
160.2763768481785 186.11009388536937
151.18046849944687 18.586540813655212
39.473759071489425 40.44842203656551
30.1941491990666 65.87570345598893
79.49571440298278 90.94339344665434
101.871018233789 167.15712538168444
240.39144158789787 191.0653653651816
82.58595711166517 176.32032492765654
118.47942797079214 179.0526302092301
29.140155481213043 231.51360993720445
42.17502197489406 107.88848246152297
37.09018095791444 83.36510424294949
160.79202475128935 33.36285838541264
92.73541382157552 107.46168844524415
38.034171076258865 243.64442621434952
24.389112954467716 222.42853085982756
174.8318993439671 147.13553720537314
86.77814626289576 76.44985325823144
12.387612714298085 75.65341013456084
225.76827196129 55.871566438068925
56.99965602707655 30.54633856028502
95.0723243011837 159.68054436738083
124.98951453286136 200.6778453122666
34.656779092135466 111.80540189459867
125.1187281196188 234.62526190043832
23.68416725239131 116.74673866745616
79.32549029116973 58.89321470733991
129.57406781261153 243.26065807377995
45.31629793914502 10.756435223995526
238.77583381979167 47.70170830237211
10.32519271825616 6.595525339644054
240.18024703563864 149.87135227554302
130.7938224350037 52.07616566538309
168.42947992024008 150.8722477511736
24.38703581009133 177.5330419650889
149.03347887263715 171.30153908498195
234.69692807958617 65.11467887972883
198.86305675467028 115.4761284119464
218.8611845966321 202.44280234845925
182.76224992045204 232.141678862036
108.86656599774055 160.08527638757107
242.4989011215053 154.2207049361913
27.972042961501465 184.3496527177875
9.244927549119181 242.87559015904534
38.25640375016573 78.25809600605155
138.99961601951378 205.02794345834633
88.05058599856616 191.506133679363
3.34808805727374 70.08419363497498
104.17459636544862 91.89772586674347
62.52480979464886 171.0722956654947
113.05808115672009 158.9465900676277
88.5887822177493 104.99887235142991
187.77011389273352 202.09999046320047
217.65332909145243 106.00257183833975
48.851997112340754 195.08597799459193
66.45460078346574 213.50639521059506
239.43154818462227 231.37261142138541
50.532573946501316 94.1555552628194
218.7486508331112 208.0104000347477
233.08129173496954 118.6635928002718
100.08870909122139 80.61454484695798
45.177597000950335 208.12651401359275
12.415017526068883 60.69451057345146
8.704958017548003 133.96589396244687
161.01047258062357 133.0988380247771
74.64888784693561 221.60180146410275
28.861849596240415 17.980046031056794
36.628628782703146 77.12769701176941
59.22331673344325 48.3369638656603
131.0137163176522 59.95592328000518
190.98940425847928 214.7575356605121
180.7824806682292 217.30273850630672
56.34069921902868 75.61062469232225
26.874653877720174 7.751887376986566
230.19332464108132 53.73112895221443
234.2401520208764 197.01709225885762
239.50619901383317 16.08653321093914
121.2555370581817 202.34846222848552
108.45920422205843 135.885951968769
9.199155358632222 101.61444628279376
212.49742932371373 212.6066896411187
213.82716776990512 99.40707958755779
221.72062325049043 203.75834997643895
152.91161657679515 232.42939247857979
237.37116940697055 18.888562392014336
231.23791707251686 58.43460604675702
67.30592963789589 241.08668663145755
159.57193770731863 56.87685187196309
154.80020572185117 48.20410014545185
92.58730644503166 193.9508762883477
188.99293577969357 56.012928416507734
200.15543755437338 21.74181785685031
134.00677483153956 152.10887842037693
18.386573164714648 219.93571138015875
169.2694379417958 10.997617961976486
202.81839554968434 25.651156634307533
96.78793431009514 143.41103470891522
29.83844415496886 195.77600042182272
81.8362027184055 212.00082909648503
162.33990503282828 151.8632634231511
195.24218255016694 138.87858627898976
1.5376083951985364 236.86300285878406
155.03986754454672 29.39138492694421
77.1674858229629 24.06785527555813
193.5654633547867 99.47937765027565
188.34831354316472 91.20162743329868
92.50303946287924 165.13424104034485
21.79717526030278 86.36622857838161
96.84521583612235 108.46715782121203
32.177362420094056 114.47291754352565
74.87117650190605 42.37395728774918
76.84288180415084 8.965564198904708
112.90757395731771 100.33208929887074
6.730446796709922 38.20856036181619
38.8869118637461 61.25092260161297
143.68491444959756 233.3864040342962
174.74262076499173 134.26034535126524
118.09751792838513 156.33643478663987
95.3539874845138 154.49633780242178
148.0661643826874 11.985009669129798
156.940685133896 69.00842953423982
204.63396548607957 46.807001108280424
144.12143999915608 189.4450778083942
78.88770288296787 234.9596564765769
58.698749146291696 41.071112576676036
234.5899500068458 164.99813973112452
126.13236786411292 27.09866051504639
239.51602948372923 111.39991916749543
194.16340299695653 143.15600153197613
179.60530541806324 34.1999866304758
249.06882868313818 104.23002690486256
206.65947623434312 221.3744040299936
239.9539390752179 170.90265947382886
227.8930029602715 156.8139718752457
132.03815470338478 178.84760405686387
170.8843400144669 168.84511848008808
125.61673493395237 160.3315659446501
118.15645121625829 42.114105081492745
246.09523454293657 7.204790609858458
150.94920415265432 174.95936702098757
151.61426771716518 237.22339707319804
196.74035311685242 5.415265233902872
137.26468778527158 41.97968076690967
229.10404969384885 107.23917386814058
198.77950755919255 179.90348808702623
79.66772693565687 94.98628520213256
112.00548500401285 0.5027176686510926
106.34713634352829 48.20131845529538
25.99296849611982 65.08745249607428
66.97290804025901 186.93859139467278
197.53711577567995 2.127853570694671
60.32329067935627 78.61365072189969
52.01895373948403 62.78137515216189
136.59819776793609 130.19167522789962
54.94514847073381 207.21096857170505
60.22992702243382 216.8427793844697
220.74054367063297 147.69873635372676
167.2015879235433 46.59392862481315
41.27921421750671 148.16018147297157
136.91157796252304 133.7627085985922
79.850500736606 193.4899213839672
225.81731950607355 94.99645721880476
169.04071621914244 216.39272259850387
155.03301985369117 150.05458385086644
41.01800020370305 70.6314492749757
51.90529848809386 215.44183393595773
162.6008872810778 58.51808771409808
98.4982599430915 200.08083936533953
74.18455231399717 217.58076096448903
226.87873879868982 182.76412012835564
103.27538291131225 171.7606235106346
180.35055897536637 129.91675715320983
212.6519935934075 99.00547443615693
144.71981541875604 241.41196748021906
148.75197107578882 169.84594055459493
207.37742081367222 45.764609691573504
0.9796464259523852 75.88587424589916
21.583523882729633 190.60303272230593
174.9762488184101 219.9186578610509
142.42006176972862 68.37169202019567
89.10476913063157 178.0747641233914
71.72987789435176 137.30049879692615
170.24395648350412 69.01749589914647
128.39010057271628 65.78358217036978
80.63970506581597 52.7011924553189
63.19657714881177 177.51155634263333
208.30648054151902 120.18809840847608
114.63226725822098 92.29007817938661
44.32495381091786 5.7290805476528375
181.31858215465206 2.521531579560615
106.09596094971313 94.63939246354686
195.33386166981785 46.39348949728586
141.39004093794233 202.8936711422927
39.168015240471945 2.048109464906106
242.4146873512391 37.90312101437301
6.30331853960317 241.2087753546052
95.11171270027275 223.31077128483287
117.48748822457652 22.017272579116316
127.58619430886107 143.95704752690813
197.93338666658155 142.1508701857958
71.79105292758817 52.80173159806151
136.58245746006642 165.2271939619985
77.24201052743938 46.031048764056145
116.96590820199901 123.47952185473068
68.7131782697769 52.91274749305125
66.01019625434235 245.2461655746309
130.93942093118065 227.86671030013397
118.29823820678546 22.909822095966287
249.72504669633466 58.136565151747895
173.11906281661965 108.91502385106081
13.540096341746215 128.62356115133304
173.63439848961804 6.126085237812967
74.4692670120167 109.44126637883441
57.55017951815491 30.423323413144214
0.32021875105794906 242.7007446374578
246.53557655828232 102.47782103272988
14.521997178439577 166.5611015636124
188.47093834122506 75.63991848182123
40.953218472948194 64.20323456907978
212.35023021400875 27.05309623152663
65.66379944378345 175.5229076639128
146.34132440313718 53.6938380665149
65.16932597907044 213.4673679693162
157.30446502871274 190.5082332780833
191.31182108401694 144.696366280979
89.63740925647775 187.73201570941777
114.57309529869569 17.579575533675452
246.6975563621945 140.68113051081053
41.05083027558282 160.56059021931918
72.00936887001941 51.487689775002146
138.9901685044459 123.15026397987472
231.85771056024026 112.31942530980827
38.67285104223861 8.343532013288607
109.44438943191315 242.16226504224835
78.36582719171808 11.963863363721627
129.19453723956073 42.514666271056186
225.06923059289537 186.07575387640688
117.6781502046419 172.17758889770542
79.56879596155333 183.0104844060514
234.76760700564228 121.89727060771699
109.54229010890928 80.78649204514416
0.7996906193475928 129.7322654807652
242.97289914949715 30.326602375506717
15.468814553019516 235.3879027062132
91.49188448822396 100.11529041634893
127.241988043299 200.00814770106132
143.93172343523588 75.08144577934873
182.45956463978231 43.67042176578801
182.5582684875431 85.94400127069868
55.14035696501285 51.58144281847202
169.54742248436537 118.25048418213754
7.543005512020418 108.19659151646188
181.15461077956076 7.783496098442255
90.06585904540401 88.44568492769861
91.58995564477645 118.7495930918494
25.114825998279024 5.478272475942402
15.593702355895578 160.95968752905023
188.2134781249806 222.966770462492
109.83218755348284 94.67045484268702
83.86784205408479 241.77645506054185
122.46843458607756 34.86083635772963
83.09105543326514 40.24573811978433
220.10966460384893 6.835403349922331
146.42664726246625 207.18837567256386
130.87974052317037 34.36924597304572
119.54308815313577 186.8457553531126
6.6516948184590365 196.05481634988473
155.3942600960194 234.21934689359193
0.6420612687740301 34.70496404214765
212.4323811419973 118.39936387559594
159.47438332607265 126.08288488960362
86.63522011419117 230.73455483571854
134.20710567528977 116.52282853438811
97.9220584675924 227.41694500078088
209.0551568379098 37.33123631028537
91.68216702561449 51.019450580923134
55.38694697278657 105.6253251496945
179.2596063752461 31.73532121142486
77.32355965705942 155.86266765650902
170.35301501949493 153.21788142206933
31.88388960003799 178.12689294979327
112.77815473359429 82.74930036337855
111.30640678346072 234.17848802331497
110.9008419002746 2.1585106371486695
42.70373401552141 89.50399921986873
40.368847188428006 138.71627366474374
104.01248903905125 244.15845763306442
62.980827922457934 8.509563596678287
25.7874660045945 211.68197099354217
157.3041387897327 156.35939176140366
146.7628381105462 137.64293856060738
113.88142147540306 156.72307737886183
104.12693126580267 71.07332229686989
0.629009484035159 194.9368393821282
228.16257905872612 89.01982423806406
123.81945645189415 35.290365033981196
149.19350097373723 180.7136494211982
104.77887955036836 164.0151831106652

97.26921727671642 159.5264610404652
61.03236811914253 166.3252227809877
31.341305217498228 23.731988536882938
238.75416354292526 55.45560351631013
29.599832268270067 77.56020810701553
242.14655546841558 173.48666378419662
52.99679614517638 225.6306249337032
151.69227450821617 90.3747904706011
137.99464348890763 120.25298872379258
227.39500239836994 36.92530103016695
239.1510740747388 15.927905054259062
67.53819826669316 160.81819701191503
115.69471872510343 37.98233538408874
148.574206407366 26.193895693440965
182.69535125227003 142.8389182343418
186.13671040212816 136.73975054327644
120.48479517155572 14.712643482796217
133.78224105643613 184.42285972241893
63.953327921396934 78.20756834978066
146.55950046761785 22.60777571143302
133.11931900752143 141.93866250364033
215.354714210638 138.67866191108726
164.9731151489388 237.5998333750558
14.252826914140842 122.88163114983247
24.043105722265977 244.58930603020866
27.52303275480453 139.20061133384107
3.92240134052263 71.77953799853954
74.32879299030893 192.36247596361906
144.1922385608751 131.64791168644874
132.7320870917075 20.59488021473188
54.3562037047875 113.72670258656898
79.26452949977272 204.49649857492054
147.2914642599907 46.55179493866138
177.01234102585002 128.6346483418049
194.18145568281304 146.03341666636476
150.3600905766396 208.06046515765624
205.48817374483954 50.80394631824939
130.76363475451873 97.7277274703432
65.56374962741188 76.3300798887373
216.15826776814336 54.44823651621214
53.38408957351845 134.62394545266108
143.79878345947537 53.49317942141907
144.80110109430365 93.88389806625719
131.56690678065374 129.5221460189002
149.80939655864614 239.12757711576262
227.39533367312205 55.1115667789947
155.83842246345074 39.39487859750842
10.340262824042629 76.72267550812914
1.6691525388227713 49.74365445872472
151.25721484746768 179.00621080661307
162.5066418475966 175.14979178166473
62.87419149893142 192.15129876478352
142.55458182590968 166.6350447850684
90.49834423289774 28.56033626743676
40.710353198842 231.87511645528497
49.84202806565488 146.31405599809113
95.13273123564275 130.44147985218387
137.71632095305526 152.72335506388674
149.1768234703986 73.63935821170529
70.22487820328588 164.39970758395754
84.61036597436095 247.43660840374338
93.05618704464855 27.338020541187667
2.1268399730738627 102.53200848038607
166.42716042547494 126.98484745794953
134.7372378549883 222.1507161568663
116.53418239969119 2.2964745578303303
117.4889074006838 174.92406743100022
46.25920714600926 245.24750004786415
34.98829094103076 172.5372460774647
142.90961320691008 72.43117107261457
199.96845798470508 68.74532480404608
110.70926396651126 17.688506309206346
220.48319327364945 38.80308588538056
192.6433242212605 8.78248070939794
149.73346685495804 100.39484236272698
179.68994736842558 188.89150663651907
102.0674303134648 221.83955292751972
240.1521255731156 3.753944742869608
247.23546842407708 186.75724331931093
78.16874230934062 193.5661010499189
114.70674310668183 86.90880357328304
120.36949941092217 200.46347906875923
224.44646297147975 166.86194875191435
27.50273148417273 53.74554369446039
79.21040124336103 227.82676350465923
219.70163153556499 49.354594161648
165.62544736305767 132.56832240748597
201.40467642351308 240.26320728706216
190.32690304897724 154.18127106410134
243.444164497577 12.988561176100283
177.71205076722134 40.627662479216006
58.63568720314424 13.649753445414303
7.7828097598851285 14.537708777750764
115.98059320981385 235.33729253579972
204.03689425087256 202.89544294206496
204.14453761589715 113.49310858180672
53.7466400878894 195.0787779555217
113.24205769334478 189.57586408315797
227.52418017423165 200.17249837120397
89.09043651201448 72.49042914819643
169.85563760836308 125.06445698997726
224.92136194233515 30.234395733061888
46.625428739691884 204.76908944950796
109.62626683110621 149.8054436810518
142.16821376527903 66.64567972773148
102.11833316719269 36.96223627565354
205.29586340521362 231.6177195569463
209.26515038835123 27.936449299312187
114.22605414408076 185.25826069485666
55.5127625060961 149.33800182904437
142.7338806284484 160.08501062771688
53.16626616970579 198.28787150581238
1.240103702322748 137.6594628978751
115.3089061728514 4.983945154149044
43.89458648049133 120.86143421094758
142.8314422065763 100.81197744470327
3.8872290808664167 195.52833608663002
42.79067459736247 144.578097505915
34.013949106254245 222.23016261302672
24.71999175704051 14.371906528831301
8.78960835806833 102.15176485380073
84.82958537846172 86.90225022139053
168.70158641055514 153.96820600085633
177.09574918407912 31.94327522263937
87.57545601118983 72.75986561021777
213.89578904488718 73.40808852691922
114.6204841133073 166.47321888569778
240.03593200250555 64.80701445712866
8.411156921043245 38.674678584008305
165.05072805792113 97.38936666507803
79.89807543310121 193.04166400098958
224.1143692844639 160.96964497446024
198.15957442994022 92.90768928942272
149.50987198764625 31.9591120104184
137.69849081388872 106.28412534028456
207.68001180153033 71.11314266932841
203.19703405051948 192.58018016000074
9.580918889245865 18.10993021322424
161.96280511946094 34.25234869305971
112.39059823959194 57.23020079896507
64.45757451448209 37.85685839756217
31.90860391310596 6.403421459281522
60.15063710285032 137.1637898502094
78.00713094158706 213.8746189327983
103.18765196843522 5.8376210259696855
37.9021525233243 11.437551442001649
27.976199456239385 235.95587874383043
8.066102530816327 127.67751916265787
211.26337824978683 175.90323288708885
20.373570437781126 44.36767353096533
63.45945487028959 232.20633243307594
152.25025046614286 182.94989716597613
67.04581683765528 84.97971437793971
21.442570502736206 243.028822256393
14.115176988478668 129.51418477162937
168.21960422687573 57.13673323435775
249.8951025296369 149.86311397970792
137.79231510759865 67.19713324170418
187.3871831830441 107.6840866591042
125.7760395228637 113.74829033009911
67.56108618221832 225.7877198192713
74.03465546222095 167.0475381611774
197.4483332037162 120.11029205084212
186.2626103782657 113.55015924340329
245.17131328174906 163.82323961294384
12.782506239720687 12.47343014834712
129.93645900055176 230.3412342009649
231.4648933193392 29.421138374696454
241.42326638649146 90.45394931301604
54.96316935247012 50.109262614968955
107.44217824867536 81.4768867181492
177.29537845048523 118.72162346319438
93.72606228421118 77.30059622679534
112.21068599124867 103.86312462965373
243.2940322555112 138.77845544978362
109.1188523240966 47.12558667035757
24.419209957877026 96.66291963767657
116.06405686818478 173.0827935475156
3.8421088295982067 18.035990161698436
224.56131031916448 156.8943248674696
151.29101909570835 63.181168935704385
248.67696512432494 132.10291805892658
186.36722265871694 51.5013688303822
227.77368634027835 212.2148440192718
203.36819145177782 0.4448467326741423
227.16391427765993 239.96619511930115
217.84992505508757 71.11555901114752
172.62686887278218 2.7628393131322317
134.55165396944315 201.1749802301854
225.20172933235074 179.7829643133663
7.383777846475787 181.6526901591759
0.2522699434777398 187.86345652608887
234.4620316756006 44.27043311842721
151.27669769495088 47.429247710596506
169.92931824564803 90.45613849785394
170.0299355104458 77.95076473685997
39.7674195423684 203.75239870236157
130.5309620902199 104.35221926700919
159.2329674132404 4.522066986979267
121.32568266422331 196.15581341310386
1.439115235340599 128.5139105665388
160.7540108110733 244.43857204844667
122.96619552752061 165.30817389560397
9.440906492055673 235.9697660191377
195.31368984243724 238.95324503950783
76.18253725565732 88.13576013716833
184.16335542561401 171.6839739421027
200.86814227686202 167.08536783636146
59.84345190535231 208.08609673570083
12.5120858739447 204.54117346308135
142.977451705888 28.641353502584316
44.08225137361571 224.09185275441834
203.18089395386667 101.43454637314703
197.2298238856122 53.59249956397366
61.729315564730406 14.90101790651982
164.9637026835741 108.13699422814541
117.81872654088527 32.58450212264169
232.97714238600216 137.7255244299281
164.48590063071802 52.90996968298839
151.57332422415365 130.67521257653718
160.35644017692235 141.41757820120483
232.79759394364774 86.16788206286708
41.18819715168326 185.50469697186605
7.330816323178474 76.5579678019686
105.34116113505743 84.65928540959169
83.20018370475022 55.22448131118704
68.31453550054148 110.64745484738178
71.54259998918488 140.818983805646
182.9093712409848 65.02085706223981
239.4947971917011 4.8464603334121
97.7257329580138 79.52053572848996
2.036079372026239 25.44218241447166
100.78745679504178 242.13568597038085
72.2819031001037 120.64645851236503
199.95073825504477 194.23142904711526
199.26618687833434 217.99012852023057
111.45882458343489 91.0142981905257
27.462611280682502 25.415294810531787
176.45906626083294 119.88547344314476
88.57372776558087 233.33856453456227
241.29545481376996 122.02050434889317
40.55826277278038 79.74448317356578
114.58492130125089 50.26950043560477
6.69693649013392 188.15889272180965
199.2485778461249 147.12487250752744
2.2108137902298877 70.58220683723596
7.91681112271228 45.527676100316214
72.30255823781026 191.77887041744728
44.279521010556905 165.66248064854346
154.87755857259168 94.24194216584475
6.599838692314619 110.24767279921363
167.80718340578244 125.21629987523924
100.71223699073056 117.5188705462602
226.90268365410702 35.90789911656348
12.261346875069052 97.39945838017248
66.82336000681916 3.5159567380310675
179.31519527564885 97.8607518055837
157.25205870887234 169.85475617123933
229.04608958316297 45.126228940063044
179.33605741347992 170.93666038650508
209.735689486204 236.08007710746205
231.79358850813003 76.29781234449467
144.15876696686934 208.24933308428083
184.60619554359826 209.18176655980622
7.270963884391829 211.05573588567947
120.50653323882382 147.65659944482533
174.74200679427082 98.37296397652939
151.84265914063184 46.387241442014506
48.84691149444656 169.50915782660587
83.91655630504077 232.4962006808529
25.870551561708698 205.85721784510054
147.16410968746814 146.2193978037974
205.6960580709211 116.71901651635442
41.299689432488876 21.933440644238633
44.69172639773539 177.12722820817143
63.512499016812995 145.15981040702374
114.1732640889099 12.607169984939798
15.457020574186242 10.992319612790624
217.0464972628208 205.19329229634124
16.963783895517643 167.45321902275398
131.91250776222415 215.33215447915805
172.46894732982918 244.96204743254845
246.55189000640652 7.739231382775186
208.08701462083778 85.5024039107797
58.226888180715505 49.82383551083283
164.05537592142392 218.60322847831512
148.05122988313747 25.477863445106912
210.50242955191788 177.64556056295328
214.11263957096688 228.2633805716168
247.88743363737194 5.697371736886392
239.54418676941336 54.62948448370622
147.29810171556485 192.15742657821002
200.77997590723905 45.38611601316522
168.35426093711854 188.22273988933455
143.3651471613142 188.51854694334173
128.17048762716223 217.82283566810432
99.09785258892201 30.716417897733216
145.76067167675123 9.371611328858053
52.68927541823174 55.29673797750806
219.08279753669694 144.54719704751813
204.02230911093358 154.62166211250525
125.97390621293044 184.6274153080253
18.24151845539121 86.99274817004566
126.20543506478386 70.58700818436809
36.06957193719151 133.0839557303727
187.607781497249 123.64456838524964
243.25187452916478 205.31562676131168
113.50202908858905 6.533564893874272
88.13820785086813 38.86930237876568
248.12410135522566 190.30986552454613
233.77271989934442 198.48843120791906
155.730744301694 222.38714847781534
66.53748088516154 78.46037298132528
125.92166917829437 161.37961009832875
90.06452293496426 239.7437508649203
40.718359474358756 205.5422856175619
152.1959540905507 145.91940164930978
213.31914756097873 242.03589983501902
112.46919107367775 231.861155471987
35.11655107742004 176.074925658943
129.11897490652478 203.6612806272788
42.77332925237751 154.07883640907338
235.68430791964727 172.95461271310825
8.438731274516249 231.90671471562732
25.554567928265964 23.539000974686225
151.5673535907612 158.36087946620884
139.9933257538505 56.57231602320304
235.8733178445524 74.96599838277648
248.20045810213742 86.44599590131618
204.54843484823613 140.6188392290404
15.94775338566809 3.513190758270529
213.95180562440532 93.57142619104083
41.337682452929734 47.73000180647455
69.1606990059459 236.75171590063084
36.87325518443188 60.21361827992927
193.3495390343521 222.3844385102159
207.0810536983826 135.32109862508293
235.02710815102898 201.36738151839538
140.25352968736874 15.952855721404841
213.21474101854028 6.3136237736486915
124.41802007168093 232.24579562014816
223.45456108632524 200.11353060727845
84.09327440197397 154.8314461699653
54.499292167856424 69.09057666637456
94.18925667908687 46.81523795163403
56.627533451368365 48.12460829137341
36.829344727489946 156.09379699596045
234.94333166068355 135.83161063883233
114.75776326578388 125.44374782354717
132.12142557677353 149.19287336217656
134.26865579693666 49.871490404205076
150.18641012817545 70.79360432501794
8.998122244018608 63.40025393658319
34.23932900026 49.58570920069783
229.1571652517496 105.2839042250993
199.50185641973104 153.5033470114652
49.55467973055255 191.14052731278468
235.0749561078062 67.50309707630863
5.368884649158412 81.98126198561123
246.63762427856975 70.35908375034012
205.97825237082384 109.93961849543832
113.65997962830978 129.12190562920264
114.45367967499607 42.730280661849754
53.03036437883094 212.57604412244294
176.27131619781474 107.35578037419816
134.06131276194134 132.93214095929727
5.648593948837655 128.73765783644706
84.11284868198257 132.16535453435856
24.54702108486598 21.618268637251692
93.21213316023183 107.79177046055216
137.88610789464894 33.53508370955435
216.0661013618114 124.56663119215334
157.24589645419758 165.7351998852864
166.92212728712062 243.19407857803895
64.27421013823881 156.52250161659583
200.64124985905647 6.482681730227591
18.02950688129504 228.44755441768703
105.77153730318648 20.818699503227734
1.006770151030234 26.113294445040765
235.14079482363695 8.720373855171603
18.07102307260075 78.61595648706427
203.34251424939507 84.27792193524326
70.57064883368508 176.91530832701403
187.02527995409864 18.022342782744893
186.03584133472884 215.42989367051362
8.955485582715916 208.5855385404879
37.88245827712031 21.38913677472734
182.67969856007076 181.62073750122283
50.69069170873311 72.59588055945603
244.67677244333666 72.43449453424294
208.3612780182409 44.639244284714025
93.03835695516615 143.39805086314527
130.82036443481113 64.31379666663025
89.23464990560592 7.752279786040928
93.48438682353913 53.03639490651277
111.23175006983705 248.27143081288392
61.815496418002546 72.77468089476133
121.16377769859125 191.9840289542624
107.47749145043916 20.323308982206523
83.81176330428595 53.6458023607447
151.965506023443 80.07760404687042
3.2057156594709757 187.4010193192353
55.21587089695562 178.31552181078123
199.5842861960378 149.65185460851788
131.5815049036037 108.78646754762936
37.67056110067382 131.61819658467905
12.878233382034033 237.93199346733215
108.04300910105572 124.42615915648256
0.6505169523162435 113.03094516702095
61.47739203921096 102.01251135823638
172.33596912364038 160.72524389764524
173.45232616736013 192.02745334798323
83.95423815756276 189.70849449763097
227.97592680251688 84.82416620424036
30.741478412149164 43.812132621727145
192.2193642508567 188.05904391498905
174.63655162881005 138.8169861301199
97.84023695933156 28.341516866618093
245.64286051810254 13.26894776671264
10.219917037163684 147.41897617555824
43.220705027733366 193.88941293294982
155.567184080895 208.65934390552493
181.27803040271712 16.364311964420647
64.26303987725434 145.89666099341332
214.37013781683618 135.09999716923915
80.81186104763371 3.8423565972509897
168.91947943332946 18.045675727855066
201.13532624265187 42.31628394163833
65.45902303529249 23.810240216721095
218.2961907962038 106.81344728982567
92.09872361651655 184.74551493614283
207.34270881445192 70.17464557540282
183.11467724702706 56.101943277314994
42.88160421867499 59.12088898125859
33.168652247326484 120.63745307284107
77.46107252752635 141.81014358595436
29.91836877481166 183.01516204975064
71.08129097737526 131.79334386139718
103.88153454486739 60.45037917243712
194.79324355269543 144.87602994698827
247.70612382700713 215.02809348592547
82.08106868583523 94.03477436771782
121.08495226084548 234.031877127229
187.0995225590696 232.75550815582852
218.8480625477687 7.932875684706492
229.41968313138577 122.713668909708
63.96023481409449 17.6211192503678
233.34465387281006 211.9926134768192
141.72496227567837 85.67076342130974
9.33445345858297 100.53621944522384
221.781366288243 62.064121726004146
28.933828300941766 89.46400115720077
24.463202634244674 184.3140122275337
181.7315397321182 9.329979935161159
176.28715606537745 204.77367409999616
95.99606413680497 222.04289854708162
226.18644734699845 0.6975027607535045
100.8413776666138 90.01117561016883
122.59258510839116 43.08202788609666
190.2620892494457 95.50849553472057
237.4965891073084 242.81928560924587
65.50313691643491 236.59488040674898
5.492737978815776 17.007221608306782
241.41201135807003 71.02003777893206
79.80535435524332 62.30910275917154
126.64333609780346 237.40571370320754
22.04965336405662 14.002520626950954
136.84484046037213 146.913819879742
72.7629884438919 213.92519420359028
58.68276243830894 70.20486931994182
231.76078950200676 97.63879892003787
136.43934822450765 127.71996423781471
91.75788404806526 57.35914682966864
59.429836274839495 107.23692816209402
130.66073725519857 168.6472297412242
23.157372656903874 99.31052395397077
98.99713816751986 100.3818736984011
102.05583257853296 69.90253650595018
247.737798723152 104.45722365424697
69.78448099804923 181.8470635587849
238.2158914028048 89.38430634241479
163.6009129848824 71.40039367066755
174.5117427167318 4.469366280171277
249.27763979766394 247.138557159664
109.55743277340282 168.7703541813542
94.30929045857589 7.1181524687123074
176.6589838434263 31.996588064004488
12.291239506096119 242.2283099958815
64.93127672558721 232.61446897717067
88.01488082347831 241.5673699370175
37.397961354578264 128.13442454520924
123.67119716697744 4.169999330501689
80.00044932153088 106.94082128972966
197.07386307145447 168.88015572646236
167.72420729355943 248.79212850332843
243.69614530774533 235.6299030145451
138.2317046478155 165.19404910838324
40.990985211005444 123.05709137413184
24.240739560545176 91.06681006396872
218.19916774121452 114.63992585118422
226.8425754350682 150.05853648285645
199.6183867179958 8.017149161415437
29.23685193920417 73.94781936930092
185.1265522294173 34.2023988018133
186.7472602738362 47.11109351630674
60.74690508383851 34.842591282804506
116.22388331468758 107.12811817881868
207.1122436953981 71.61722160490098
148.36040461564963 218.1689016766236
84.90483489891587 195.26487740859324
30.098355948666196 115.47484949874861
178.73967806607047 203.95392500444126
151.42651493559623 181.15108893099605
139.19693283108364 232.4926026596774
162.5196058885007 64.18192966253383
104.997375409428 121.56720966404939
214.97662307602133 139.96138684626482
141.33220121709698 195.47300854794818
133.08816877968553 152.9630475739066
216.22055944780163 31.121845516632245
56.13036639069707 231.65468835044075
241.02706918394549 32.95708101996742
125.9624090200935 175.80018137854054
36.04557923998758 221.5828762396827
244.03095097447022 8.795787722413934
241.6636498669355 132.98858916725777
186.28036398624334 158.8859121566176
207.519979072611 146.30318970051457
40.54003232414593 9.21874361206415
41.680051214086106 33.81805057865145
167.38377462759044 225.96793102663804
165.16114838555148 179.28217400691628
213.4401232520114 82.0223005971065
213.993726329027 83.91476316316377
112.30455335712122 74.30521969281392
92.07527359922707 95.14073731730338
81.01103233140913 200.01799078145203
12.940267915768855 221.03642587753666
96.30764379823582 240.1821155373635
122.92369832086122 72.25605269542542
107.89110372450614 102.96517313284743
133.67460646556296 16.897084595395018
106.4679428613955 80.40178450849369
113.9261042895211 8.442092172375181
70.12599596195604 41.942229640530655
87.10841209804532 23.206025742951773
34.2158615931121 205.93310318869243
140.714065158473 184.7529210556097
73.56971065372564 183.82336980686026
140.40774573732122 185.91133772411726
32.97951910493999 148.0251073809018
75.48998490708279 218.49102174566642
206.02695055231976 149.66110502700397
242.28329248438317 120.15562161935561
210.0771406330875 204.56713773672462
137.80870965538864 8.302327558152022
19.44654182304531 98.71913741970481
205.5053500490771 71.7715873815864
64.83082049770955 39.061180343473694
144.78739934983165 243.98276225226545
23.7834429033735 97.92493919280409
98.10201520036941 135.0653266461698
220.73773531719024 228.39869504550816
227.9193813509561 6.907129606592067
136.6084684600612 166.95920597110188
13.432650331291734 160.50194918283256
220.03466721616155 88.11842530870612
74.23998904885396 87.6940983981504
141.75557840588831 101.94588450057456
95.76468643901396 222.3561900123306
55.70865843141401 173.33908486351476
184.4356325395948 15.734878162860678
190.78275545908042 109.76985247914645
108.85065519059425 76.83479703024068
216.98728604762152 50.044757543080884
100.14349892149629 173.98757592239494
183.52852244787593 14.676192158464913
103.56666415048518 44.61793322965729
212.1055813444291 133.4724084623773
190.8856573521056 103.79073930154897
174.58866075478437 19.119626692428366
219.62662583696178 192.6828988768812
193.95818878955876 83.02169192437184
207.1013733882185 124.80477750105584
30.768336102429682 103.2136767754261
210.8444238738862 127.53473165866173
110.47773047364981 130.83431213957536
35.179511124780596 226.49539068615877
124.95173987671771 168.66313831021304
53.61436143831802 73.40776806846597
171.5042704281473 168.15203785347603
185.4096115820897 155.9548182906918
146.41471125614444 3.50669978415738
161.56675488150782 210.89674020744678
112.37876620323652 74.06254953105895
60.549466406115 80.61593260855301
143.07316774389088 210.04855276929553
244.27557620860105 94.49420157279786
39.51461888731031 228.271519296475
74.7825916634517 37.37704600679059
101.33190658809657 1.4164489785733758
100.32939825081006 191.17664031621848
105.80931042156566 54.60700173279151
10.58101102864653 246.73188797567502
135.68851679284288 1.5316094631946942
52.75130180886081 95.8357320988231
231.2307396089896 134.61801733900316
138.1641133202432 92.98629296240877
154.90518652296865 111.29441606212576
49.11845229571746 17.82122905445413
73.37067790468186 36.39507276359444
149.69784969119314 148.21534462972525
206.6998157697226 166.30072743646804
35.78159805073397 19.449514901184628
102.10270838673513 29.729819711112686
55.72580820858097 86.47849300930405
168.81809095915563 176.40315633270265
4.622255596334973 192.09683105676623
130.9857283872306 131.1393036185335
153.98441689655644 101.43020918502275
115.8174656547406 68.55281597518321
151.18701557164846 93.19601284067944
184.90414786456594 84.8753771879075
158.84700843613618 85.76279169827941
28.655990591086393 155.30442928716607
172.8596780006901 73.49789507894636
131.0396111043683 56.364587099347744
200.56531466293777 123.86913397414706
183.95510034073695 148.89860857882732
109.69849542432497 9.376136218068376
248.47917509640988 8.260183223415874
1.7800598460529782 207.53721580363558
192.83293107668112 159.30794288293896
173.27327576866423 126.03197387702913
192.84929015768222 165.1798808067372
106.4512544394014 229.65434536156653
237.4693396304809 166.32282236644122
60.257405110034966 225.1876145144163
106.744946239688 214.0540062844145
161.05928775966012 48.980268174287914
209.66117528416396 158.43150249096215
156.68633878073868 86.53251331055303
156.60365438012062 114.44043890692662
85.45439433719685 22.199872687020587
199.90273650174115 243.25696960838764
217.09409710278948 207.78291128161206
164.9994170348009 6.001177737421509
65.48042104365636 62.76253615028646
230.38608268547443 109.13152530349079
119.0376006501642 131.2970353962581
28.246652975458392 231.8329028823929
109.47483622761933 49.84171090338555
152.0201536883197 185.20709762394662
212.7471160456419 64.96564554510553
185.11135763867173 68.83231518438504
21.568275458219265 221.28269598520868
171.81025619208913 236.91463259000167
112.74712260133555 205.50773455196415
32.05944215196549 164.31579585992884
99.6662209011879 130.79894312005712
195.89044902269492 205.86698487515238
163.66191399561694 48.22976460105322
106.63798453646939 157.2228712022044
134.79899589814696 0.4783831789766102
78.55380305440765 46.53062006303438
135.2338323613348 212.09574289835624
54.442755221498885 68.39910431888497
114.30831342670547 168.14318567048545
42.51244681229835 139.4755460751219
104.07581833620422 62.59463129683179
54.13593829864402 66.45339118697066
130.486768058042 199.11978120102833
115.18809434657396 133.54458994126546
116.57389574983395 131.97873590141205
130.49326580561586 223.2193666535747
49.04253863991656 236.58218376687645
90.25725663805673 31.835689654603787
75.57379042230944 158.7253995002238
153.89159572147872 119.3982232556568
145.24669752685526 108.37966847701696
6.055757927939137 138.31745123873534
120.08937595627408 60.65695977291602
191.23914094110714 40.32189486909799
50.45972593197226 107.64701497746724
63.98781422831182 167.02775784977692
33.0098915062135 26.213409469829724
220.93838360030267 214.84633325711616
237.76997074610716 155.6117047831374
43.58216365262543 153.46588734717474
215.57107449661825 147.10336916248508
136.15257689418192 127.77649673409888
57.0899254273515 59.63803139839419
10.375234819301749 231.5472880601501
149.515463257812 134.5770685287817
40.068461646449755 80.7999759814777
237.7125011471021 151.08267758385028
32.36665889965454 40.088142445564216
84.25150072196763 150.32848233382614
87.10541466660277 151.71831407879034
59.20533687827783 245.5509581947644
141.97874089430226 65.4836039023493
143.65577009848482 132.8460412263546
89.35561862009239 0.7464283767244506
230.45934417512248 114.2610362150972
141.85494328222777 240.181057112874
4.495444057717624 235.20827964361962
40.870129062281016 92.88994247417928
143.9602927404338 232.41344808682214
217.65226375908648 68.9516015197669
156.234316420361 35.015138617085825
148.81654827833552 22.88951418132931
243.92589968662247 43.59658998627419
219.23992260136058 144.05295452675006
54.64607286928397 133.3908066722184
233.67677101073903 243.74954607661232
97.16987468743469 183.29954494062076
48.259670071172486 145.3020512331612
168.79054829812358 154.3450264251213
70.90010638086333 47.227366750114186
205.8385999120103 123.25603988365755
108.04070863884164 26.644081421662275
22.726305410906672 181.00533129297148
233.4873960522143 41.5239727007822
156.2077853090577 5.865680455660965
39.36059564748637 91.48989226686041
40.93423987680228 83.05554494983299
157.60986201240001 183.71968596054933
150.8673684243002 14.813238066136936
40.76312928617859 34.21352748524761
29.386400632258503 70.07635127425729
74.42215608691599 86.01998310457145
105.84295597238474 173.9092413945525
246.1028963737265 193.4907383611379
88.5427298989957 174.50939624942117
119.84828801689126 184.74649621007958
36.10604651668298 230.78133991416382
37.72048358866228 112.56195635392247
29.907926226485554 87.14256001740095
165.02894548315558 29.729351407421667
86.94941444022116 105.59647878446127
39.31524786580609 248.26993259254786
20.774535532048166 227.3489095233549
167.2811213228303 145.872422967032
87.76578644135938 68.7767272952124
9.767641055843573 79.72511655219813
220.35790313150812 50.18052457565175
55.25015384606066 37.48427412759717
94.64776538303934 161.7227265815069
130.22807832913765 199.62294342873224
34.83210845468484 115.74629769781536
131.24066780331043 229.78502531472049
23.661509044460736 123.2575845085242
78.56934075142003 60.85432250993703
131.89490778925057 239.47702336475209
50.3540662061803 8.890674947792748
244.17716429541417 45.83717860205644
9.514541995615605 2.315667994234744
236.6272944917543 152.03469549767323
123.38314032389228 52.29223783616596
162.3954176476853 148.44611886415117
21.130590682788302 170.16244132465604
143.72863243936297 167.81419533611322
235.36617659010693 70.74862681530684
200.50810766519584 111.18320235235194
222.59873756406822 197.0943675444137
177.49986563015443 237.62869369441265
102.46313659770334 162.09127803889552
245.24712916245156 151.00268126139568
19.907699465522928 183.3066605798143
7.150631216778058 237.85585143500978
42.99033883692094 71.5040533556702
136.1027452173064 210.7886710199205
88.10875082661701 193.7580399390935
1.134818004817184 73.55348696735794
107.21013209509647 88.61090760412819
65.85678103367488 178.59710094638555
112.11644909722577 157.2360931092265
90.97364016769998 106.4421479172978
191.4235749970074 197.64386927280847
216.18490002982986 98.11972339315919
56.70853393552097 197.60754241782615
70.9830634923716 213.98656398571094
236.28617258078225 231.49311045965044
50.992380168995545 99.48099438039232
225.62008439650637 205.74580144799106
235.89086198654067 116.42945752528757
97.17039874080982 77.64433803073659
43.680413461214314 207.26394779090634
5.797417423754059 58.0047709266667
15.752142491727822 130.54803653510777
162.30417796441884 141.40852426618167
74.71881456176425 223.27842930081687
23.146972142252782 13.620319459673652
41.06167536523 76.72616757547688
60.72626945628573 42.987557164703595
131.16919362414583 52.679949649448524
189.8322827148112 208.7581267330728
174.33284873661475 219.29880287118175
54.43233575497569 68.5253770430293
29.15236387061759 3.679168637039848
231.95258725698287 54.93324796333599
232.0453948723735 197.39205312495574
242.22332419177042 13.417399903161737
126.88363815422902 204.38520264851653
112.62153802287744 140.73253024666613
14.266170010308555 94.96634415999041
217.3727094892215 218.5864333448198
209.4301349117901 106.25117945607745
221.73687262677785 211.17705613546727
145.27030010514963 229.45150939749945
233.66680583947357 21.376737941792317
237.21685188783803 57.66161510096082
62.9597607824289 235.60724872677355
163.32448880110402 53.30527549065339
154.1823588059415 43.61591205653284
96.03082355628878 194.64058582665612
187.93028184551136 62.112778441845265
205.37109433062432 24.853451592718123
131.35931243802693 154.07499950063823
14.345989423717425 222.64095688416594
162.32575565303577 13.169927648070484
203.49137310022016 18.001268508628236
95.92425352906278 143.83714560613063
30.410549311974815 201.81771221045247
80.44614265695421 208.23640002899802
160.3903516952877 151.0291835338097
198.0936346093431 140.21885851565185
4.583458594576484 229.15307071581358
153.95283663011148 33.58225579254748
77.7326009575931 31.09745414021073
197.29618928096733 106.50144970167666
184.634889704579 91.54325948108205
90.87669287752261 173.2376960967548
20.397055601331786 84.05663731734455
96.88684306179526 101.87464563642976
40.605127182119865 115.13810676255393
73.07312635162525 39.058940495551056
72.73375200945645 2.291532091290044
108.7746911846591 94.77173655739823
2.31008488838727 36.108983521388915
39.53369369463064 57.476102522693445
143.52912006796612 239.81685511933347
179.7543600060631 132.54494646321746
112.98964955949329 154.52550476834588
95.11292216342542 155.39203811732068
152.72366049626498 11.451436772607709
153.5339557415224 62.675187768359066
210.65248720512605 44.247856959670514
147.08556619734077 192.84709468396866
74.11262547001881 229.4739917276532
55.11958834205088 41.500832647318994
235.01341222987915 169.94783016863389
129.4053976174381 28.394309978786808
243.4605368761402 104.00563364070194
197.40681116705565 137.05161474051337
184.7067097443527 33.89458515199076
243.22616419200116 104.87881578516067
208.04975927839806 218.44098878361797
243.82914159722776 174.51452843049813
223.77185935248522 153.70295848623428
125.8246538835869 184.29279747469664
169.93506230851762 170.42596428604782
126.68269260242171 154.9157065655525
117.07040601380031 38.71562436211065
245.78544504219693 5.080552768597258
148.74106242269767 174.1628680373496
155.44429415628514 239.79416605620764
198.165410983627 6.788366653602079
130.85711027009572 39.38185716504319
229.2948971279704 103.08734316401838
199.1507050259481 185.30517214884847
74.71566509339858 88.64968387616015
106.73094687494064 2.2625854983665814
111.89829817420977 51.802098090725615
31.533264403264706 62.69431764578151
68.39416338468715 182.833488980115
194.0398080212431 3.602082979978327
62.30303123411102 76.6794465094302
51.21383268475818 66.85420498634767
128.82906482160084 131.76726450529193
53.709263894718916 213.04689055027958
61.58472564855616 222.45424223099664
226.07870962676756 141.70261107525425
163.97239215583576 40.50467624043647
38.684807130240614 149.9262009855376
132.70826155179165 128.2300042662072
86.78865879697508 197.05498267851556
222.49577426178905 93.5072721399054
165.40211158933158 219.57881006375402
158.46641261591822 150.51837761357388
45.72852331493754 67.4086388372854
48.75973987927207 211.0766069412355
161.4167849662225 65.10760301073901
103.56597826556153 203.36410937607275
77.66173518612717 214.3337630699479
229.87455822848855 179.81636798472599
99.81289819492503 170.08821031241044
176.81383663368874 123.0884133802575
214.90535414234697 92.7058448984078
144.30433101492832 238.44213678845463
151.812005937797 168.97373962447938
202.37996096686848 44.53161994600788
5.671185610969381 70.08011581078402
15.702380374359532 196.70900342363691
175.18247384124734 217.24425567625383
135.93410149062584 67.17805264091619
86.92620419900415 170.23927905224414
70.67200418781077 142.04464403176138
173.6597887263357 72.28297289951519
134.45683984157634 64.84429471666078
81.16698747980628 49.11055703727305
60.088056968783945 177.36801365895585
207.4234802966564 124.77139099462626
118.66294512240144 85.99295239886368
37.03755246932994 2.043122597142677
181.97691526960543 4.092877784077214
104.62506239175306 87.4701287135446
189.6402637855522 52.34300586872881
139.17951537849365 200.07806430572936
41.75416297161899 3.63351916663307
241.20220584432693 30.984975496506696
1.2698173771664434 243.52193127813322
102.47407038374206 221.25486719114582
120.27070986935637 23.713327007185896
130.56198193137942 138.8840359115444
197.28044329180398 134.4097076845164
63.62914498010752 55.00004743918161
137.23786742170816 162.5288461905733
81.89420033603683 42.031858421046344
124.44018886349845 120.53915514849625
66.49659535092997 56.49032571077742
74.28159640413712 244.85888356414105
124.29698568404235 224.26184235404037
117.36354709814462 20.985548726899477
241.95327131086233 60.48936045188641
170.70205284470848 107.12463548311213
13.391801871585313 127.78427428985073
181.2602371024223 3.366745807406285
80.3178172932819 108.02756949026666
58.48797326204747 28.38217473337848
7.382352792647873 239.33862311759327
249.96704305852984 102.00879794185225
17.293485093213462 166.74657294781377
188.884014198149 78.77940978532219
39.18164078183781 63.32988566251524
210.4045877206184 31.949756009646528
61.8359400491689 175.3642397917168
142.89969147444225 56.176231753241105
70.9715142013189 212.65165940078896
159.44665263022264 190.16209414733405
194.79424827056826 151.6769525257808
82.84868086506106 185.7015714829484
118.9918656453736 22.015895419584155
249.0104087792976 138.59933569588605
41.97774664575868 161.9420448487672
66.63000179026935 56.99205199627869
142.02704192691505 121.27986857587794
235.16082376760247 116.83618165441528
36.482861963725604 7.987631650538784
115.17839954095999 238.1652318472258
73.20266580021956 15.802154444619937
136.15599537573604 46.928361932061016
221.95844053787079 181.76460811129272
115.6769759292787 163.99833394464926
78.23919568845817 187.49644057480342
234.1320251495662 120.3694808377686
109.10757873299399 74.68336832465303
4.017789716638576 131.889349523911
244.717884729874 29.137483689944453
10.20723049685343 234.33021072013554
94.21578685111842 98.93802781197328
131.99623179459223 200.07820574335884
151.17458930733665 78.58722520429242
174.4096830331636 44.763367594553046
175.7528219409835 91.00437153664997
57.806793959439936 57.966133656755595
171.26850157889936 120.83866847068786
11.19071633687771 111.84011527221627
177.7199981114078 6.222476191771214
97.01968613288881 84.44875780578096
90.45804546388725 126.34106934221661
31.983505058122972 4.702532914038715
15.709405593508945 165.11000422789354
186.58380365804314 226.10696294294087
105.88576773803482 88.84790638361781
83.85901122346706 246.4711625121515
127.54897223176393 28.257014206332503
79.56338577956559 46.79619379296049
216.62857222901854 13.940875636735933
142.10509706219474 209.88170909053628
129.45040428666735 33.63834792287337
115.46239034115608 194.0509664268643
7.833683256679825 196.543386300123
151.24043814152526 230.2983595075774
1.8636626890021213 32.14948733919359
207.97579100379252 114.86857301412189
152.23736984712917 129.0919306852116
84.5977720841983 232.8579494418215
131.9042717955783 116.66603406028439
90.00610906383122 230.2589211260555
212.64480136028843 40.63124553024178
85.37043934726535 53.604627401380526
61.83701460196414 106.67582080524107
179.0257605856947 24.569966624029714
76.89931960219562 157.77524961287324
177.88660484372113 153.63049402009312
30.47474126704708 180.32751154416326
114.58134052063332 78.20444104800228
111.76511770473718 228.67220213532772
107.81867483842001 7.708432909622309
49.698108426822124 94.12521098328935
40.10098862107306 140.76910422602464
108.50876587283554 237.387267053389
61.9120989463498 8.69477830620194
20.272024117712782 213.6548255164809
158.56029076792052 154.53258211350115
146.15707902622216 132.46438956579402
118.8051047628568 161.07807881076343
108.30510387151374 75.63945921461432
1.1427765390849554 201.11363966997558
221.99785929885329 88.1459543185549
125.67338355574375 41.33770352411639
154.00283182063347 182.18621011766274
107.84231308433925 170.5061156051655

600.5
137.6
288.2
51.6
1201
68.8
36.0
600.5
576.5
34.4
68.8
72.1
432.4
960.8
144.1
216.2
77.4
648.5
576.5
8.6
216.2
864.7
288.2
1201
72.1
258.1
86.0
258.1
1201
17.2
648.5
216.2
51.6
286.8
108.1
1080.9
143.4
540.4
34.4
77.4
36.0
77.4
51.6
17.2
720.6
480.4
103.2
432.4
51.6
480.4
648.5
25.8
576.5
648.5
86.0
206.5
600.5
68.8
72.1
51.6
72.1
216.2
34.4
51.6
288.2
432.4
172.1
17.2
51.6
8.6
17.2
720.6
17.2
68.8
51.6
72.1
172.1
288.2
576.5
576.5
229.4
77.4
720.6
229.4
720.6
648.5
51.6
260.3
143.4
17.2
103.2
154.9
540.4
114.7
960.8
324.3
540.4
1201
600.5
72.1
720.6
206.5
324.3
648.5
229.4
286.8
108.1
137.6
432.4
34.4
258.1
432.4
72.1
720.6
286.8
648.5
68.8
172.1
36.0
8.6
258.1
960.8
144.1
216.2
216.2
1201
108.1
540.4
229.4
1201
260.3
480.4
51.6
229.4
103.2
480.4
51.6
72.1
103.2
103.2
288.2
72.1
229.4
288.2
288.2
72.1
25.8
72.1
432.4
143.4
648.5
72.1
216.2
600.5
129.0
51.6
77.4
72.1
17.2
25.8
103.2
432.4
34.4
172.1
229.4
1201
1080.9
229.4
17.2
288.2
68.8
216.2
144.1
229.4
103.2
864.7
864.7
144.1
172.1
34.4
288.2
960.8
1201
1201
34.4
144.1
77.4
480.4
286.8
648.5
229.4
229.4
216.2
68.8
288.2
1201
648.5
258.1
103.2
288.2
1201
51.6
229.4
103.2
137.6
86.0
72.1
216.2
1201
51.6
288.2
432.4
17.2
103.2
216.2
216.2
137.6
114.7
137.6
154.9
864.7
108.1
68.8
51.6
480.4
286.8
25.8
288.2
432.4
51.6
25.8
576.5
17.2
258.1
68.8
229.4
288.2
324.3
34.4
258.1
172.1
17.2
288.2
154.9
17.2
720.6
17.2
864.7
103.2
216.2
34.4
206.5
720.6
480.4
77.4
103.2
216.2
480.4
68.8
960.8
144.1
36.0
260.3
648.5
286.8
576.5
260.3
216.2
576.5
34.4
137.6
137.6
51.6
1201
216.2
34.4
216.2
144.1
25.8
144.1
143.4
260.3
114.7
154.9
206.5
432.4
229.4
77.4
34.4
103.2
600.5
216.2
154.9
432.4
51.6
288.2
144.1
17.2
960.8
25.8
25.8
1201
480.4
103.2
648.5
432.4
1080.9
17.2
68.8
68.8
206.5
34.4
288.2
172.1
129.0
17.2
103.2
17.2
648.5
216.2
288.2
143.4
25.8
960.8
103.2
260.3
960.8
77.4
432.4
77.4
17.2
648.5
1201
68.8
77.4
960.8
288.2
216.2
143.4
143.4
1080.9
34.4
432.4
144.1
1080.9
288.2
144.1
72.1
288.2
600.5
720.6
8.6
600.5
576.5
51.6
229.4
172.1
25.8
258.1
72.1
1080.9
154.9
137.6
258.1
154.9
648.5
288.2
51.6
36.0
34.4
68.8
137.6
154.9
229.4
288.2
36.0
34.4
144.1
51.6
229.4
77.4
17.2
540.4
1080.9
286.8
324.3
432.4
86.0
144.1
103.2
143.4
25.8
51.6
144.1
1080.9
288.2
154.9
229.4
137.6
864.7
72.1
114.7
216.2
8.6
432.4
72.1
143.4
36.0
288.2
288.2
206.5
36.0
51.6
324.3
34.4
206.5
260.3
600.5
258.1
260.3
34.4
864.7
600.5
34.4
286.8
36.0
103.2
1080.9
25.8
8.6
648.5
108.1
229.4
600.5
720.6
229.4
77.4
540.4
540.4
108.1
51.6
8.6
72.1
216.2
864.7
36.0
960.8
648.5
1201
129.0
114.7
206.5
432.4
68.8
17.2
114.7
432.4
8.6
108.1
34.4
229.4
34.4
864.7
34.4
34.4
206.5
432.4
129.0
77.4
103.2
1080.9
324.3
206.5
576.5
1201
17.2
144.1
432.4
600.5
34.4
206.5
36.0
34.4
432.4
36.0
103.2
77.4
480.4
172.1
8.6
114.7
72.1
34.4
72.1
600.5
258.1
72.1
17.2
286.8
432.4
143.4
51.6
864.7
206.5
1201
576.5
540.4
17.2
864.7
68.8
288.2
8.6
108.1
720.6
324.3
51.6
8.6
720.6
229.4
864.7
129.0
288.2
68.8
432.4
432.4
1080.9
480.4
576.5
864.7
68.8
17.2
36.0
600.5
17.2
34.4
288.2
720.6
206.5
17.2
600.5
260.3
51.6
144.1
34.4
114.7
72.1
36.0
144.1
216.2
648.5
288.2
137.6
103.2
229.4
216.2
144.1
324.3
1201
1080.9
432.4
960.8
229.4
432.4
129.0
17.2
216.2
864.7
324.3
432.4
77.4
480.4
288.2
288.2
8.6
68.8
114.7
129.0
1201
103.2
34.4
34.4
25.8
960.8
72.1
51.6
216.2
1080.9
143.4
1201
72.1
432.4
229.4
648.5
540.4
864.7
258.1
288.2
1201
137.6
1080.9
137.6
68.8
36.0
206.5
258.1
540.4
154.9
432.4
172.1
1201
103.2
260.3
600.5
72.1
600.5
864.7
8.6
288.2
143.4
72.1
144.1
1201
8.6
34.4
137.6
144.1
216.2
137.6
77.4
77.4
648.5
480.4
432.4
144.1
216.2
600.5
216.2
154.9
51.6
144.1
17.2
864.7
77.4
34.4
51.6
103.2
34.4
77.4
68.8
108.1
25.8
432.4
34.4
229.4
648.5
229.4
864.7
77.4
286.8
143.4
77.4
1080.9
432.4
324.3
576.5
600.5
51.6
36.0
77.4
216.2
17.2
258.1
129.0
36.0
286.8
34.4
144.1
8.6
36.0
172.1
1201
960.8
172.1
72.1
68.8
260.3
258.1
34.4
286.8
108.1
864.7
103.2
258.1
1080.9
51.6
17.2
144.1
17.2
216.2
114.7
103.2
8.6
8.6
103.2
36.0
288.2
432.4
206.5
72.1
229.4
288.2
108.1
68.8
1201
86.0
260.3
216.2
17.2
144.1
103.2
540.4
144.1
154.9
114.7
1080.9
206.5
172.1
864.7
540.4
34.4
172.1
108.1
154.9
51.6
206.5
137.6
77.4
17.2
1201
72.1
34.4
600.5
432.4
600.5
17.2
103.2
1201
648.5
288.2
34.4
137.6
51.6
432.4
432.4
288.2
720.6
143.4
286.8
286.8
144.1
108.1
432.4
86.0
51.6
68.8
103.2
103.2
960.8
51.6
51.6
34.4
229.4
1080.9
432.4
216.2
25.8
51.6
129.0
68.8
8.6
34.4
258.1
576.5
288.2
288.2
72.1
51.6
34.4
51.6
36.0
432.4
258.1
432.4
172.1
286.8
144.1
154.9
960.8
103.2
25.8
216.2
34.4
68.8
144.1
68.8
25.8
600.5
144.1
86.0
432.4
143.4
129.0
648.5
286.8
229.4
720.6
576.5
288.2
103.2
258.1
114.7
34.4
77.4
229.4
34.4
144.1
144.1
114.7
260.3
108.1
286.8
324.3
108.1
17.2
34.4
600.5
137.6
34.4
144.1
108.1
68.8
34.4
34.4
229.4
864.7
143.4
216.2
172.1
540.4
25.8
114.7
68.8
286.8
25.8
1201
864.7
864.7
1080.9
17.2
137.6
229.4
229.4
143.4
68.8
129.0
600.5
229.4
34.4
172.1
68.8
144.1
8.6
8.6
432.4
286.8
114.7
51.6
720.6
144.1
144.1
25.8
103.2
25.8
144.1
129.0
103.2
260.3
114.7
68.8
720.6
540.4
68.8
288.2
8.6
864.7
480.4
17.2
72.1
864.7
72.1
288.2
103.2
77.4
34.4
1080.9
114.7
77.4
206.5
68.8
288.2
648.5
36.0
103.2
72.1
540.4
17.2
34.4
258.1
576.5
286.8
17.2
324.3
229.4
720.6
576.5
216.2
144.1
86.0
286.8
137.6
576.5
144.1
51.6
72.1
129.0
17.2
114.7
137.6
206.5
86.0
206.5
137.6
144.1
72.1
288.2
72.1
576.5
51.6
8.6
129.0
206.5
324.3
648.5
172.1
103.2
86.0
36.0
8.6
144.1
864.7
17.2
154.9
288.2
77.4
600.5
206.5
600.5
172.1
34.4
34.4
17.2
432.4
288.2
77.4
154.9
216.2
144.1
108.1
576.5
34.4
172.1
143.4
17.2
137.6
72.1
432.4
324.3
1080.9
154.9
960.8
51.6
480.4
432.4
34.4
36.0
72.1
864.7
1080.9
1201
108.1
576.5
229.4
72.1
154.9
864.7
576.5
288.2
172.1
720.6
34.4
103.2
114.7
68.8
206.5
864.7
36.0
103.2
720.6
72.1
72.1
77.4
154.9
108.1
288.2

8.6 17.2 36.0 72.1
17.2 34.4 72.1 144.1
25.8 51.6 108.1 216.2
34.4 68.8 144.1 288.2
51.6 103.2 216.2 432.4
68.8 137.6 288.2 576.5
77.4 154.9 324.3 648.5
86.0 172.1 360.3 720.6
103.2 206.5 432.4 864.7
114.7 229.4 480.4 960.8
129.0 258.1 540.4 1080.9
143.4 286.8 600.5 1201.0

2 5 8 11
5 8 11 14
7 10 13 16
10 13 16 19
14 17 20 23
18 21 24 27
19 22 25 28
20 23 26 29
25 19 31 34
27 30 33 36
30 33 36 39
32 35 38 41

