1024 3.0 0.0 1000.0 3 160 240 100

215.42836947065294 85.64219905355391
89.10573688099807 110.48047050491924
18.13668646046718 186.40737925111702
138.44254090792987 95.8957130229888
167.6504997774518 46.94597519224244
101.54186288173858 99.6892773722953
203.41858885711596 26.372481892059707
241.41746241006575 171.23411318868935
2.967963856273265 74.60173864511776
213.93180460967346 154.61237348492637
130.80384321558438 137.7839870433987
225.56331927594437 122.01068329034598
167.22750755665248 229.679172964054
23.213089587969886 75.03171267815281
10.759199279856551 25.55657892750726
214.2822780331572 4.0735123039420955
7.75857411198963 73.24925489493678
32.569088619619016 74.90631013216553
75.20927537221567 9.233128262972429
56.094147419035565 234.94032907686403
147.71225154564544 241.0982573040806
206.80032240332895 176.0391308254197
206.67371764740878 220.92128072693433
108.98558530268463 49.71321273530563
92.77907893096393 65.69128462090707
133.44973999456496 82.4439371749686
87.7537957485173 77.21572317857023
108.56410961069129 162.14270328724675
236.8845999600137 17.856053314546788
103.5000536588025 189.60375783128856
98.63970606076764 91.05981664940285
97.26552477333347 75.48486933003079
228.8592765604756 165.09909765776968
205.83847463676082 92.82866590138991
175.69390451201545 112.20327981287936
161.41234790667264 212.64550017339985
48.72518567953043 122.86668312771654
162.03094908898726 246.6808691680333
20.742181194929486 86.04192438473507
105.19570542111728 189.82188057176603
129.97953795093582 39.17897317414432
134.3955414921469 94.96100956430162
25.654441708901523 162.0126132976628
192.7152561351303 198.84276020257707
164.1967580616061 32.205760344995284
122.66095486066617 61.87991642269805
246.13143616469176 185.27442078184004
229.16442440602148 172.3646958271449
122.6029891271579 207.9885207709929
164.90952801853598 132.40776733600745
92.02780043400807 237.70758988407275
24.593205731149148 161.60700356806262
97.83000300654481 33.721374328056804
108.78595363813012 165.65232558841515
99.73335875664485 68.67468037113595
63.53354639124251 249.21326709282266
249.0280345565851 188.06063763138496
233.76347089770482 180.29690722300035
42.916676583787286 213.19300634057646
63.727091054097215 55.75855657570061
196.16960707942388 162.2588004950633
44.54338145570752 33.3936290542465
68.89368447914227 102.82763100516173
147.28921413658745 71.9496504964158
187.01735081874313 7.875147273534944
132.29243341471448 77.84116577814999
91.09093407475483 38.76553782032216
215.79769973449206 131.33053545984808
136.2159550511981 237.51596399135593
155.83171724811587 222.79835737573916
230.77665675923177 114.63813923579441
161.83306734839616 100.11545347331626
46.13863039402194 94.28641284398384
120.33745633161696 72.99204308347227
159.0575072068028 58.12146280435951
106.91996931974782 127.88840777700209
243.16359521016562 54.620685259264725
9.842208049858026 91.47246480866767
124.17074419321969 137.32367776003065
38.63743538173048 76.77125476949942
39.91842843540619 225.09570934771855
232.21492618072517 39.61028797081964
234.2867784863038 223.63259431533552
178.42221573622436 216.6994982617922
90.40330207627406 182.92527917365507
87.34764106096871 66.88381589388187
85.47751023061717 112.97871428669765
100.2887273890935 118.61678450947966
73.00032862217628 108.64906466356261
111.29585646641348 193.39293476837378
161.77868465857844 242.2191374557941
152.48724145388684 247.17161595084806
157.43141674904894 214.32084517439316
217.2474762589071 221.83518580414434
203.55149369831315 163.66928633385334
59.56847412157526 138.06364183400038
54.14979476422452 99.58158345361714
168.77908814997406 119.97525578055776
165.6651282353002 19.871857483744844
238.48019599690804 124.51740423759394
77.56850596106327 31.034048666478824
32.773031891050294 75.56777768234296
73.04532111522569 121.47146995946636
215.33448250230097 211.4576431814392
150.0065611516305 31.831119014194638
112.48463332213993 39.53283592392049
120.99373866451444 68.50555583159657
177.89513727936443 214.1390198957831
106.46514923078756 227.6055103272642
57.96426638606714 74.65231600967603
54.07300018147693 46.97122985522867
86.36110703636184 22.143390819282597
220.73666774902955 118.02774348629607
122.08332450414949 139.9081584343958
129.54122236495024 196.134466026
113.26983817330196 168.8383486965522
33.958975620192646 22.68862938314306
72.61837927077482 220.70631459524597
186.87750769950517 249.68300965672734
88.63013096348321 40.78354297969261
189.5663293941852 6.692693009324096
158.43195934593834 184.04946752998782
27.76980433014467 143.61175969708066
195.4314151601258 100.63716565798111
114.74612128709136 88.75383930175718
190.85790036893073 25.383822932077916
72.630493356169 229.28978805631235
161.21700257757584 192.461942149409
6.379093056032042 136.20692221882058
133.4614636720365 125.4002945691936
89.09780978377738 95.19452350007978
121.99913831295633 218.3646939910656
58.19502130501725 38.31544410362323
134.13593988329927 197.8476268406461
29.345619529625 239.26329414304018
67.20892753189128 215.73609838576644
112.3991863092221 119.98145918350875
96.23047454165476 22.21611076279592
140.91464244776776 55.67680961852578
92.76562476833195 4.28003662849305
213.33280107659976 228.36628778597168
127.81121975994733 131.36725398540273
7.04033830530787 29.584576483969784
138.59323731737578 49.616340987288844
36.88697463100563 115.8403812803653
126.48877584798853 3.1172224449112496
206.59296712185255 244.69902894648325
26.098232550562678 34.06630232727739
211.66034070567542 134.67583527127505
235.09560489987695 29.514068912832396
10.932136017834743 65.59072005826727
235.32770184283277 37.40116098382914
72.8999290562182 66.66003286253199
54.30541503245373 249.81549542572222
136.09662201822607 169.80954745590054
238.8291519536227 182.61776575268908
243.11293156218792 108.70941768661133
237.45091826679902 127.53257645183396
239.36862249930488 233.9366533642746
242.14657947575915 116.35397293414687
39.147862993033186 82.36170099181153
61.96314234190795 224.40310548818
135.2651335991589 124.48768849137184
179.36273369323902 193.39596333472662
115.0862724058699 119.16452734635804
122.89968356233713 39.96905745013518
109.20949292864726 228.38557857850685
244.9911923361401 188.99912747598805
212.8188127791276 91.97785691982315
132.70997626169856 141.87313290260235
87.3110312500389 98.65308502237444
220.62445844773558 187.68831315388474
197.05882374045828 136.53012721592248
149.72725366395616 85.37092827099984
218.0225229427442 124.77192846705259
220.28026732243657 152.69107757804917
211.59559395360682 72.83480050991182
244.16979787123333 202.9866857796464
180.9318812433045 208.98895532457004
4.777523727459071 100.41071593446371
170.62313327843833 190.21284713834925
81.71639404339673 116.33521178699385
208.5845240571733 49.077202034972316
249.66510893623098 76.0023591805813
122.94188643187454 54.34071313428826
216.97733130947861 120.77394378592885
88.21027896186426 171.58069474557885
81.53471137613299 211.88962906539496
166.22336399569818 184.6686346566332
184.60341076905257 149.46462803183232
177.71874704119594 34.46435599104664
184.7279917870445 124.38678965317374
110.30154074969157 230.06569308713776
152.82449003884625 110.2396143053857
162.60575947384504 22.440678427795763
204.21038522061662 153.29199530505593
159.25119621765825 165.08797480121123
4.3015823153056685 209.39311008449025
142.02886810555944 64.46029961920527
122.5630671090952 136.6327194871551
89.7924140090745 241.09360759581182
182.32842336113475 163.26939019111424
123.68801248937336 213.06196537132047
64.53710555400188 90.37625617562462
248.4809136334253 18.294610560774917
148.13842645867987 235.43241929216788
127.1831379054428 114.98441186768548
159.07220440955453 77.37739988653752
208.5078969688473 160.91956738283142
163.3555807933006 72.96091093767656
242.86499006685406 27.853991515154107
81.96000043064497 246.42780510496212
114.65998578712119 226.02615308102398
154.44002171214782 3.9614421062449945
98.62916316971804 243.19984873183253
222.4891125348743 153.7458003184154
230.54464054227512 206.80480234950386
107.20253677169988 148.80394733392828
154.54123550158576 192.5205575203666
90.68443475789734 86.69532293041848
50.97189101773866 73.95408279619525
53.11304556194168 123.4082498309749
222.57506601461486 56.52100311298394
106.19257864255088 144.83736127591496
192.91492165246106 207.3577068276602
195.27547738240204 115.66812529911668
42.986464154461196 87.46356466301059
235.7818911378363 235.21449808306272
150.34762642589965 112.07313929716278
234.1759949419544 191.00137025106835
126.35449128495274 74.42138252291397
189.57318117033708 201.60268841832152
135.16031432128827 230.97529631406917
181.69273867536356 114.35609334672931
148.81202097889445 218.52453768750578
193.406054980261 119.81524891021117
194.81750203168386 64.56555357426502
19.486354423388004 122.92374407015042
182.45562374569818 15.988470109835479
194.20770852275385 61.651878730611955
7.0921619714662825 154.60994873724363
165.77660283840393 222.5896189580772
230.63132941070765 156.0998738486429
99.02354792367663 100.71534026263598
117.24395518680963 56.988371834270914
170.35185052667964 240.90693748043435
202.85522831677943 16.285008624768395
186.88098107415678 179.93299986261508
104.6379236201355 194.5944218438754
134.62820227687445 133.08160770456712
151.07236238683578 54.029483872122086
180.7969775981943 87.5077599207301
158.81697007581454 190.02901836700914
186.3774249262591 202.79757335915644
149.6513750655222 46.90824864218804
43.300993131540814 236.96511674287083
227.71762132738726 197.5705151883379
104.82454499951263 219.13565823923736
3.1470101927285885 37.06970563233977
228.76403159505367 84.68058738594861
123.58475573204173 245.43992728636647
223.16474653744876 84.80983687664123
59.132774631933835 15.71023527225368
146.6574905781158 163.1512060411173
98.26946228941635 201.24285155638145
59.85822774564548 168.86199245247332
242.09835091685727 208.30427841860018
29.15837203388788 94.01098571047723
20.38556476863493 84.55738356887777
71.38793765777469 195.3922845581504
241.66217837263721 189.31327474742557
132.33735877893145 241.06512128672534
239.01696003706354 174.20385431221302
94.60707515131944 10.319867672977823
195.54252401366455 200.86511448828276
123.87118337737496 80.57150006698663
235.40081996634174 193.3981403861547
70.22191455656937 222.86731964799765
104.02831042616215 145.30899744231786
229.0578346337685 239.05461433562255
15.337505345939833 106.83055038976491
244.0333111621543 243.03817553084306
158.60546301642322 62.191672763197595
223.95428664073575 125.88381811992724
205.90694451297836 223.6406838083402
29.03689805064577 238.26580627848978
1.7138177097823781 174.51003277588723
191.94900462016525 3.6550914159963757
42.41276857513498 71.62682830207903
205.5548738863278 40.88197768421717
46.89278540485603 22.575828790722564
197.8203963571703 219.70386972634282
11.757578392155105 126.5845386812642
83.22616252699777 244.85850457690168
64.29820167198777 135.08346502004906
9.488632669844593 40.3193657311689
75.14506494927146 107.10649279432225
199.0249985802915 57.41886193783286
65.66769604696765 159.09537267944813
7.0292668174495585 190.9429561825005
186.84994928198995 83.91865224319156
179.75114243710084 179.77552156315045
230.25362413090323 193.9080967672191
160.00113968619615 46.581438371605024
226.51291221085046 206.4918512562651
135.40141170991168 247.50088720821284
130.61134215934038 23.99278805533578
84.8043918199518 243.7196119721845
85.7897932165701 31.04118010088211
20.637241095296606 44.044560993157454
157.900739054777 25.533554018610932
3.7943922077993686 111.29272716464966
238.0719219363733 207.26316880236084
235.8155349954722 159.61774553877112
210.42751245972386 73.50823095763612
90.52461279585746 220.18169822415774
70.1320861960896 2.548653086394237
97.59481988814129 117.03909739587095
228.5393214074641 109.8051633276797
178.02477884461413 191.32660003080184
134.3700859614025 14.350198304121514
120.78293380575967 93.58588754601612
130.00135306689597 128.04681969802178
205.80611564630414 198.66125222648046
214.123830906016 71.20212410373455
196.12995889285907 195.4377356665478
184.16413685511498 161.41551738517646
154.75965666453678 79.42327784862697
18.016345496446622 161.7662090863681
60.391910642891986 221.97112889264673
44.10998098033439 159.16793944585027
238.656864713785 78.62974571705539
241.8819148350743 82.1271873044179
217.27116241559725 164.0870106288022
37.901168932664405 240.26961626051025
135.81749833825376 178.60200318479747
131.18235836324564 22.595319936995317
240.85682302027618 68.10982830546408
157.46565955629495 30.906904417623142
19.89652655881269 86.91857325857788
159.42058729687736 97.35498974233519
37.33973946508129 94.85050404036477
228.20622347850724 12.573985178965158
243.78886266965225 15.686690215249211
87.51469294076297 60.86376082099265
147.6057550213491 192.04689663463893
120.72682980885352 1.0686916047942807
79.10691131613679 21.230112674577363
123.66910779308438 171.6673131935734
58.53629057561246 221.5994618062082
242.65225423403476 46.99598013384865
240.87121813979314 90.56540554913795
138.8719534200919 217.77414931261382
228.2583238439462 202.01024601034717
50.83210819511866 109.58161062463894
211.4121387910245 163.58943055686683
163.43223448243194 154.58638672732874
121.52173221004308 137.2576063042462
108.79539421983323 10.016975168213927
175.40848181448277 10.731118363549562
114.5213910649942 96.00439572457228
208.01307492262163 202.1740714734609
74.51434389135878 114.00524049375369
136.17619358438537 217.8769954550294
165.23194657706108 73.39021462364987
56.79662982763481 43.66393497940965
242.516113450163 215.44364560874644
85.78365348180914 58.89941170989227
243.30142054386533 119.72950886063977
160.86454097614526 158.03131540143116
179.78349453927248 26.639777567041058
203.78445844974365 178.01152746405944
215.8016246253231 142.54367988859306
225.1141715152311 157.00175092601228
210.93139534758396 198.69488939562999
187.26480786752578 234.59118071599025
200.28336486763416 220.48880849372253
231.43122501337373 100.27559819514717
21.657375859054916 167.28910757926892
87.38726334076662 15.68308737430274
70.6639488210967 42.36638702062567
206.14361242485901 205.12777522359622
28.139442145859118 227.72632262179127
192.9086585071585 182.44169164137026
232.47101090510805 4.451623795707377
102.85551729974193 147.9592867667029
205.55432361448507 101.16254765666707
30.616626853037648 175.28134093789126
180.73300148193806 49.00388211701948
60.670882774756016 33.71257556642007
159.62278756259292 72.10612882538322
240.08195221291876 178.09716273160643
173.05781608741165 62.899410422206785
65.64980493358607 101.01874290938473
237.21574021094355 22.821809545326367
109.81690029691849 94.49136421250014
37.22159932476404 223.63622795809803
68.80367998331494 9.198275135225808
79.64712309227306 220.50307867639586
241.47134927960414 193.19510998666678
213.68899925674688 118.01916983176503
198.60273976001295 108.27865340061862
119.27474505370265 104.79125680687149
141.1163753490591 246.4230882280312
170.3987931821704 171.66388896409836
93.30428299853052 228.51136418310222
189.3658399801101 156.68869336469155
244.12050458050288 71.19806965871314
248.88182572721365 39.51855537455365
174.9975985037041 178.98375394348045
174.66719519364443 204.01233033784845
37.886292275680994 246.54663248606892
72.17654985256513 120.64849401466377
248.67050279938954 182.1768717040194
94.7999222253918 200.14240749846894
163.07743612251383 18.90645442894534
19.111886519583287 76.11452212456135
214.00517065706177 203.64620989754982
188.18713588191656 87.8061645596317
213.77894262643872 13.015363270093367
195.49883752604907 62.659485902305164
203.28770872599765 152.13708103886222
45.789868607107984 152.79628676072718
28.702716137178424 37.48579092739329
178.13765424354892 232.87444808488237
8.990808637381997 106.7519975913164
134.66244339909318 16.210758265180175
12.920457452829604 184.54613157207422
126.73941746788655 137.04315754410086
216.15249463042954 118.08896915044836
205.64487652511409 15.81255742210319
108.0223985759075 13.149842416134817
239.9372345507271 139.80270574274303
51.97768642711381 246.7042796413788
211.4665733088159 146.90388571826819
217.3814716292427 98.52508437003732
22.180289760897836 62.380147633305874
197.68491672911938 126.06724749080477
9.46159652027001 173.06412063414345
1.3859450149159847 20.727056727454507
118.20832573349061 77.11708308457077
130.18569246536947 123.90256465875282
198.86026702707335 32.19199265872405
112.86554139812478 78.86499516287027
226.2990145865995 150.73413414216301
52.83061257689587 164.7970885231388
73.02057733410705 6.394535084523756
25.680118177807078 59.36620208421764
198.8519397573633 164.2981625344846
230.142883463024 45.3479364151092
39.653803319644325 203.7342963169685
185.21461830635258 21.33306088641898
196.75696143792385 46.65686510253836
58.90634046851237 191.34760756788768
97.90811154929685 142.21121886270714
120.64209188745639 200.7325933583576
189.54812434666056 212.0503043860236
73.23331293545654 91.69276152599387
65.59344279811941 64.32803831692182
208.58594887616655 232.77453015845728
157.7336736300802 160.3998106754537
194.57834095611045 15.489549955083392
217.48695847167068 216.67854633657382
30.794369955529977 233.44940648531448
203.67164770107155 46.5433072589374
6.0685536534133 120.69699072199633
171.30708498447143 1.0681508373006077
31.850052346912765 139.34368115998234
153.29860333254928 183.76785570581478
26.339306870915262 132.17936380687598
229.40226959446386 210.03784585101963
156.3757611736313 206.5995821978769
114.79455651702347 8.979641211308092
18.32733269732789 96.0538450446777
162.175461627947 61.186276302901355
95.69465786673787 90.73835024589455
48.25699180449039 33.38238049729272
176.98846098171947 25.395569518631532
134.31353970460145 158.58456068863384
101.56455600739065 206.35743409212253
33.44839597778076 81.7357894173826
222.062079269562 211.19594141591472
58.17199673046028 196.72681008584837
126.14721609043097 45.247587818738
114.43705709331509 89.00366116262393
9.042185048870637 43.140138167404665
149.18795240531028 170.23417035188106
139.31477642030353 156.46962186425
47.74009788096692 222.26948304533616
127.32247338134128 171.95794405751658
232.65178052763414 81.42654665745432
183.35532994520915 53.548346260830186
70.83092568726696 58.86575288426024
43.33704796979604 60.95494642088081
168.31314151089464 127.4017816117034
58.489395045018874 190.9818944429745
164.01234050709135 176.12973938192965
35.7199325605288 177.11022028974097
50.81475402942795 205.88039673138238
178.4086531265793 42.263581422240456
214.11024482007699 116.20056921533158
9.026880453474467 83.80976714033864
38.566079862852185 164.42165176528601
146.58020128567358 149.44291938875665
182.9922168099266 80.08480207459188
92.38694008998758 246.33661598210364
153.41479741700172 44.03193697328864
205.1549409994408 200.63346947214643
62.79034849888501 96.58593994525863
129.27901130025236 206.08467852079593
69.17355991417625 138.57959079798042
43.58209681025918 107.63073036403115
2.536783936004344 179.68584381267442
87.74979256755574 30.121533286143837
125.29304767685286 27.94469148251061
145.80756869920515 102.87852764018618
69.04418975993492 96.93491278886768
157.98837767337426 6.7880558937580275
63.25889631861328 243.94585781632247
171.55174613204517 166.86142959272308
30.49450784696972 66.91207539528176
204.41810929383738 194.2075185102298
231.52532912919517 132.1439544247985
26.980688118660918 58.406710207871356
38.16304667513423 164.52513156298818
114.08365621750718 235.28380858410878
210.9827678818226 210.2127737913051
56.61396458953871 91.35174508301428
79.18660691026317 145.09308604808936
31.10539581524316 61.38154651304431
89.75270969483981 232.91059720781055
106.04920334026727 61.71609817835197
158.4729062379424 91.87322938350862
50.84843439320294 131.99600491251402
28.302923899929777 181.0996903647393
46.70695137410264 145.6429278363263
88.72120656322335 231.22715419420737
119.40543175734014 6.354300897720044
201.24987069308065 122.80143969433227
210.5410209124195 65.0331635010574
236.122928098614 14.14534291235306
3.858059097664013 13.704304083802493
19.629281532774822 16.3313266366929
200.81945295039475 125.78789046816827
189.9556822469774 143.5270361255902
37.65464956710696 30.385949349356178
3.8049381560053828 35.642399324710055
83.58188592725979 219.29946410743625
152.74286443203448 148.52021683255256
185.54349487895485 116.79153441580777
175.0207575499613 184.8001029976801
70.05348225714265 234.440665576786
184.19334286865353 18.75686473964408
121.22589457914896 209.40137451754325
54.31581386031981 132.2422697812423
116.35337647388855 31.360121385282767
80.28805500142482 69.0908757838613
107.58973628170249 58.74734382727245
71.37813475962004 8.987884391516292
83.25339815341115 225.9755654644345
82.61115452919896 92.74605979871903
125.52925470243298 216.73047731713896
145.7721767868012 227.24609349946743
227.72496571885554 35.83793112442801
83.92709157934777 159.00579685420638
186.2138345196458 199.75602591028482
168.3988995807904 155.8374120008106
27.076960496615843 1.8002737442828487
171.791334715967 56.63166312882994
171.60068993781132 148.60236308491582
49.61053212547362 142.83951879672028
193.7941012792451 216.35564233781946
53.97768850226467 221.18548279467583
104.80685823400975 55.24871879524498
221.60694799991782 20.949884804370406
133.36262011206063 160.2998828629364
233.08993362522563 8.088365748716075
169.63123242022974 43.11200745589594
24.92978965163778 218.00404014323192
229.5599775529639 70.35787758287626
227.62573270436408 45.577400690718946
187.74534154499622 218.33498280450485
117.96683789225854 2.804916755524273
236.212302226896 223.82438635820725
162.28719075537606 154.25849412069147
220.31071103899313 199.50145034805547
105.79321761871377 89.25326021698801
60.20296066067093 45.009408581273085
202.6916173735505 118.68307052338264
27.775946888323354 48.66553702731183
118.87704374918034 7.107876731455354
181.4065278958923 27.559188701183984
44.05116258937444 5.566653316151915
221.33580206993005 222.13934626167878
146.14051984494895 36.470704147971404
58.59398279950606 194.64123021796627
140.62807824001936 92.60328989404462
33.90755791349911 29.93345982571849
132.17581821083033 118.941640584817
66.57442671511085 219.44243653486194
146.03709132070864 137.68125481177228
125.97740943684704 165.9726689474061
26.430945899322793 128.30362075752333
32.729925024034294 44.0785921540362
182.74154538096448 111.67959855501603
184.58642670754625 128.43269697984869
208.39155563183175 185.01542836002466
207.66784810592182 176.07956063559448
117.4554356126638 147.37837613696476
158.39285817855344 128.8779117758687
51.28638441059311 174.76960229520662
165.02481964775853 137.89546676064398
152.108895741766 28.339149064027986
211.67769500307728 87.46524434865525
150.66168137476728 14.279763024372699
155.9646401651076 167.43436680067353
159.30617804686065 161.71391771598937
128.46088228562556 66.33756977906208
80.40924068848818 19.845167763701376
185.87051687463247 171.1118196699939
123.04824284302079 125.38717831777305
138.1234285451597 206.44968208555434
2.5042165190947707 193.06900448740478
188.91786068418318 233.84070809746194
136.2285218952975 203.07142403988323
5.513807923001157 105.55806910016489
3.8753770873306834 186.90710142855147
82.52671985056203 164.8491821562003
9.626318260132827 161.23816119350846
101.11935328440686 204.88044951148805
64.85059245090582 156.30345012189986
73.10138495295226 169.97200645086699
63.27163243859357 30.389581728337724
247.0992231608453 199.06404635632168
60.11131289143376 152.37399144779548
33.809888736138745 219.1388984437213
130.42083653248199 99.72698312895295
145.3231511275009 48.87268339245704
172.38439044986538 47.18570427276181
163.21648306921244 145.02318416762333
90.66120815294343 6.908125513983926
130.52140208002402 166.29223133634795
49.999101401495935 30.763758552245392
84.29075175692488 42.12767293772387
132.4458759372829 182.09611253041263
54.02509034481953 193.60666317924992
58.85307282083696 125.30505338936665
214.0657235598089 107.6797034721815
0.49531674031133566 85.91578119323177
188.3336195463276 53.939777649331475
88.4515891189708 33.30769281596793
228.37471928037726 51.145974284973526
190.6952968797169 104.56883026612168
107.96795842651858 74.28091899769667
124.33762090332002 237.6259067227501
210.1172886368392 133.19662835014418
158.82888418812593 78.69690948351304
184.5388884078715 19.489723127993493
59.207051857982194 126.06350456575908
174.33171270919703 213.2227813294692
13.979269720285764 16.608254796252663
213.82657942613355 225.37611534344737
1.098243877679761 137.4749180390578
190.92423473179582 235.06065721321613
75.28616555667766 73.97960612977452
132.5615023778107 242.17097686610433
204.52195863809496 216.72958791755428
26.14645763498913 180.88263394654382
57.4627929847619 138.06474043464453
80.24991704386738 230.72613465127057
137.3925221141243 98.05537226548033
208.9848048837071 221.62940097801885
240.72827561381294 47.26713872234212
81.26721843062961 54.70439561315532
16.719806880201887 137.98782710393945
203.83685742514405 160.30680498614214
248.50368290255366 195.86661046453312
243.6921290068413 135.50311499100528
187.2807325382909 103.97081738140243
110.71838025596128 67.19981787696014
223.62368001472106 210.83081893254314
159.8613822797859 162.30143189805037
14.872707075118369 79.92273925236476
59.28103477695029 136.43860821199814
75.27764058690364 234.0216700291861
24.32102412141937 193.18502059971263
223.00744536517135 101.77223595975182
76.75623427686543 211.87481045978933
21.887270183677142 93.33042017665328
91.75067135849416 227.23114922641216
127.94098463071144 48.434443385703325
106.09733876336055 52.930286876059135
136.01940495964436 138.57691728926363
200.57969164728468 58.30344050922859
74.64712698673348 201.33764064730735
106.63327571616868 27.670959589074396
239.09422799991017 29.930469213838823
23.146305063866002 200.6480907774738
22.469971517548508 150.56164092626224
21.624545971866027 68.20602850409362
154.3044093308753 45.740419209027856
24.47462907559586 152.0529992039031
158.512552955778 61.61452096940792
123.72645298224 144.5135910627368
208.39948077062436 90.71338561400056
188.99842230966274 67.35121402658825
10.966426121225087 62.46745050580882
77.53381694551558 231.98565284231339
133.8074496943018 4.461477097402355
194.67050072195948 9.403368449353632
103.16315159572181 112.93679077790574
200.7292903099977 17.086858552164212
72.17276812140751 175.1221271751284
210.6403463267705 7.141654987240259
215.0470024611328 115.96335912863815
84.62966385202353 186.24813783189904
199.85206183725498 216.3689501481766
183.3627623231486 50.67680173705511
166.12359256657814 140.04503973976256
105.81135326813448 0.10042608524671315
82.20990524001587 207.3793434293407
145.79678833486963 57.42730615545569
96.22018507314704 56.03825246359578
180.23563800950348 22.638637485096787
14.276000438766562 233.13105956886895
246.42082050373955 249.6167667857208
196.10399297879343 90.77198580724152
208.34726067910452 216.97745099330572
14.193494679390934 61.229017703354785
207.51992033402132 40.51633702900548
130.14206004606277 132.23409418145232
65.8366564559921 12.269426069831557
14.979478012731139 53.446201833035694
60.74209574265457 234.40989656150398
212.85885269486428 13.039434210946139
195.78489040029584 12.042462162937223
48.52036163697593 113.83251442348147
132.10398176391305 103.33414354080817
50.74785389024061 160.94237958082385
66.6970162848844 226.51256383152634
214.78892623286148 50.6528593088971
168.26315777281033 150.01758377919973
242.8963871326969 220.16894481303856
119.53709456919489 217.23320664071863
164.35706220688596 124.95030748410265
66.52832417242122 136.26329856353553
243.7744233154179 109.9100804280022
230.0264589735764 76.05894497810623
132.20184537379282 239.6602101393788
61.34967425944679 75.02374269725188
49.239511794144406 56.60652431281718
199.3347550819431 9.31529659075614
13.973160304140114 220.49939299183487
126.39122471385677 90.52829648114182
65.92681466865328 129.39243270265348
203.48182896498582 97.67513983695078
204.31328534351107 133.88799943193018
199.5391976331734 249.47597829942112
43.77843241589222 232.1224665817845
174.72873231319562 182.11774254101508
11.457630897308391 111.47108247037585
203.397454094496 147.760645212122
179.86790541915656 18.604594161786558
144.1088527797053 20.262516385564865
233.2123436569032 26.694464475144898
218.86767688750464 50.186765064485414
75.89961678535347 131.22621932000976
154.89745313191057 118.02619896762891
136.55248669958993 49.24292457158075
83.85929728383859 35.98632353261111
32.36094243744478 3.5177206056999366
120.56144728026439 169.32551473782604
212.06340262442535 230.2834669017709
88.35357355354809 239.70464977538538
95.91100875566705 8.580176160804005
142.93575306292036 172.20281517699664
138.47440782145154 51.69478583639689
3.647501501432143 130.5517118752514
54.22329793829795 3.3439812923093393
81.38537527106674 176.71331975933145
178.9113091561104 101.96990702847386
110.98802032070093 75.72988842215167
217.91430368950208 120.72224529334657
83.79051159201892 10.171468653362131
103.09280548439745 239.30639176867876
205.42078989870737 193.27719557743114
158.62116932669622 125.0761647288365
132.13482125839232 227.6017498886876
230.62507619394844 235.95631884487372
34.49968621271102 124.54308677452653
30.34796032989287 33.264371005234885
231.8779812418851 230.2438160768721
61.07917848422739 106.73735741120494
129.58678535925628 183.91627607550933
27.89904512103239 48.06968235235487
201.17420240950077 76.44294411437089
76.07835706126708 18.19522490561859
87.3265725592568 147.98081732280383
65.02364114193531 46.823722624103084
166.23280097421133 39.884314399286744
123.32351970179795 122.88988788808535
114.4397293029678 138.02827882356422
106.61242726907847 209.76026735483632
147.74876273260634 99.86238269008324
70.43034029982334 103.33225412227259
129.21550105933258 78.30271594286647
43.08686470122772 197.82889083801672
146.14937108477002 107.31689921256756
193.77281220545245 135.24883555781977
86.99396736378235 112.44479054822426
202.91696397476113 109.28260275655077
16.46053012114218 155.58941545510643
14.13189832979625 176.4134138593056
50.84819819602885 132.18099661663436
162.4095089974886 221.0862617750216
138.7780582735112 94.11439810237796
78.49072007597005 9.170173087055423
98.45586921816707 95.0608805900153
48.11608498793674 65.86212189330756
83.60086299946073 102.10860417395803
164.07984236841833 161.9914172698346
47.079500653798014 84.9680308052948
125.82505534086236 84.11999434488519
185.941765017897 76.85035705804322
219.79802733902739 115.25780530169
244.06487220862977 113.94496796998538
192.1136827663535 142.67281434620986
245.51012195507235 187.31161273267656
38.28073390923553 83.22781787244645
221.20574230432277 32.84399222855319
47.188247263203976 233.38610306045584
212.22683988290572 243.97475785925465
47.31199234173794 239.9324447652221
136.13706632385768 218.1526278450594
60.46814981998061 93.46157642196293
98.02974211502918 234.12065085490633
157.4668037615833 163.97879501711648
13.789445525815069 28.800085721621514
84.8239807627903 242.32532411733996
233.98101386744673 169.7783608880445
233.0402239543251 26.303388824673675
191.6914508497873 17.614555098450364
132.17099358078187 63.06710152872819
29.540502607065395 18.965135584631447
125.09542114589098 182.50654236377588
218.49532283403533 113.06754499791444
64.18349483125138 62.547173537390286
22.610265777816107 93.45077963590681
10.122844610566617 70.74831824899283
173.24080898094104 8.005726964460253
240.74073953844342 56.99200477794711
205.59710779023308 60.23087395928542
137.7023411084683 36.87431785483813
184.75026526436176 2.0613794826847
233.24118476126395 121.55366543177226
203.25219711905393 224.55839755328952
19.242911433511534 210.60868069311394
162.2563473860306 42.280262560283724
200.18281646840066 163.1366017659051
242.76593250794602 45.45792554782405
33.00377061707224 241.44601022309706
174.27320797199076 138.50455404657185
148.61710442677725 50.43137223967045
199.89011996125245 57.583926154055945
92.21842165943822 135.65910343229748
122.58475297485604 156.60728650467075
168.03315514251895 106.11839712668336
21.154731154666788 226.66112135137152
217.01778105486576 106.99060436575746
84.20807772706432 4.5496228414415025
107.7076230226152 55.95106228585298
50.8395264695492 238.78030871772722
73.23545600774656 14.59493119507696
180.56573057046805 193.42855641666787
91.97002980567265 61.13511622326692
98.8472908153707 155.1619635882101
237.0089266925559 91.01023077785467
203.59540719456956 112.82251217436745
232.40513767165945 222.44293522916126
150.49983963230937 153.75734281578943
72.35645199650223 249.3003566207774
188.64963751383144 34.347611457883644
182.63149160070208 211.03909262125129
234.9353288625877 159.45386184438286
18.063835723254346 52.64904069958748
54.20188764859221 165.9073382750628
168.85868728663982 142.82185921662787
191.8021710308914 129.38584933012658
57.49655273550056 94.90305351199326
26.98367515397415 129.7193551181395
18.087552409204566 240.3284182651864
51.97584015640441 141.7704485756044
95.8044108601907 134.17386015725026
89.54762278615972 16.94787924618446
166.01364102663362 95.33913092114801
2.4223061355345408 25.73592603396227
46.16351058140864 198.70226758986723
24.631535667676204 138.72062044622285
32.69909155983947 60.385697177531696
145.8522077987044 236.94844205942167
110.81681819670034 128.343204389287
180.14504525611085 117.15268172608978
171.9065452982126 47.95539242384492
25.82521386077144 174.07904103841506
37.93413995741393 83.89821923754539
231.1719130240725 161.86510253626392
76.93117950077618 12.808050854982378
88.5557293444646 103.58511434709366
227.33446639061975 167.51107527866648
112.84812334726472 23.776440968041186
62.83771056910764 209.79959478379678
56.9117411475421 200.09704690109348
91.27254010321981 152.32926804877803
201.97543439103788 81.03190561674833
115.08563030500338 54.31991577664108
236.1829545386071 176.49168823523019
1.8051083785758926 214.6951334219599
114.86484742007042 27.045035635118232
234.1472268970357 152.40492104802541
157.04844293647184 246.1510005979065
0.6405011100046876 198.1118126214107
59.69137122627497 81.26340624572495
77.6055241715398 192.642302104065
206.54741485587627 40.130021851127104
139.9220638897665 93.36004888059584
240.9251588360751 153.5735125197563
123.8846696914317 64.74588374642524
212.70242841114796 12.524862609777255
213.24231231861523 190.06145989006353
120.48961016022885 166.99567079490444
93.6967208564502 139.14174724679515
83.03388968623723 169.47113120567315
121.28273083930732 164.17054090391306
70.67815632151387 4.5271278989245936
101.56623336793807 202.59227311418618
73.93709377132657 59.5392621534675
26.425938597477383 100.69558230515705
150.46191063299213 75.7159896543158
192.12690633552933 21.734427796098743
166.83802562706825 193.32836477403475
3.637958674329256 35.87576507112544
228.135101600734 44.01948123162286
80.87979419565752 147.6222561971972
134.76461195984157 218.537383299496
85.61474345565853 129.42142237453697
47.10055074197966 31.984716376743744
200.4342038783192 147.13666856447438
106.60925048034619 44.55364759725816
119.92143824231974 3.823354831138298
164.3997931451371 7.908867891232157
38.61372076741038 210.41332143061518
81.866066616124 210.72515204034312
239.80143953075526 104.43797622577206
111.01012304158961 13.281545085306796
7.570006864180634 49.16032218616825
199.38475900865984 248.27052348623542
249.87097272591765 112.44593476094322
45.44936615876699 92.28903730407929
239.31900830991125 40.31118327361335
79.23087403157677 241.78393564299662
150.30532980091317 168.76301056870824
210.61472841027464 0.9062643890775934
102.30120028484457 105.1114710801273
93.10571508270365 135.6991770201356
146.2544229873443 123.68644364718199
231.1607750307742 71.94511510280921
207.67936965031433 241.61453439693972
147.7786416452737 21.44448306386354
156.8484098541436 82.811831563677
30.049357675273473 12.385523047646895
181.78405053630829 248.6935953917511
129.88923036334444 156.50908437755626
130.11010940594753 21.837081285612904
190.3738760554586 183.84779034277076
215.10619439948223 218.49271240644717
122.62672344296405 207.8597562026656
242.4109506877974 227.63758749088032
220.89602817017246 124.655656360983
18.25179943401939 236.97328150980206
194.6518077301476 159.0964749489388
134.2432002594099 17.5025917941235
225.38588377897074 40.347919030957385
91.55704127943807 146.6655280393947
109.0479363728751 217.993285721814
4.055663622746314 1.1413803124536992
204.50072623309322 189.7270962101485
167.0365314212826 215.48860241473218
29.52369243283945 198.3165352493783
145.74909941706093 220.06506248137026
52.367249577422946 3.216596859215187
98.23737145588134 14.96463902107134
6.034769674974933 40.107517762436345
225.53142451716803 19.571834617488097
176.88352984018258 218.3748883091271
82.35426395230022 28.432575626867713
0.1860390944067869 59.995139350540654
7.299484347823876 40.95674559357959
139.41377864542602 192.6591376295969
91.03631491555078 71.37937208533496
192.28470317543614 53.415279045862604
3.0419811890543547 10.783199265907928
45.76497889713338 244.73128305855923
216.19044629596357 185.60613740361632
36.02586281589862 223.8614792106292
216.44209226002354 232.06184290282866
223.0460847416813 235.91052894031154
116.06695175430647 10.270914878208165
20.350044798634087 195.51693227277744
42.56169321224601 24.076735637644674
165.3745318094523 222.5024722879279
79.50901409766062 170.21553715954505
22.538165145797596 145.82058150235298
127.66237671308095 194.20501668365756
247.87715364683703 50.58617173106411
202.5165700641241 41.725704276404876
189.93368016821012 42.38626144764179
92.52952992576712 53.48619955415726
118.34607534242714 15.878656421198373
172.75084766165435 95.16277545142948
118.1372134963175 18.855152364024324
182.69663381727418 25.99662731634411
61.73566710454564 228.4232807122456
52.67323396361079 119.65875038609252
83.90265006595537 91.72236400410338

222.59657715994112 83.72332668804106
82.11964030332403 114.35717415082583
18.50145236560255 189.43511821314942
136.7064542696207 89.98445314541043
172.28772667219152 45.57622161505231
94.26689337816919 100.65094040385053
201.36372565469293 34.3228227135913
242.8913416215307 174.1080244380869
6.96380376203204 74.77419759793099
207.01604904242825 157.02755615449976
132.7567225094747 130.5439847212265
223.21826036012246 121.52925364953046
168.75109490617928 235.7630306801665
26.332738474428602 72.85460072678774
10.521570424148031 30.375992793304523
217.33038833725556 2.9665800447636057
11.06129320890989 67.45604277590242
33.40706182781025 69.4964673035903
70.51681053609585 5.260912445221005
62.489929902584976 238.74384600471566
147.88611359468325 238.208161994216
212.7734017302556 180.49686642638449
207.07045904623436 228.90098369521576
103.95970283201835 51.046927013956854
100.4427867267138 64.8971312292248
137.33194397391003 82.43220724256444
95.80859598273194 77.19620589968521
109.36772534691933 159.90643948521907
241.66779288513501 13.2389101316088
95.12134266806201 190.3174167081372
99.92636506378194 86.69072436921729
89.93651468602648 76.80927808746819
227.52615114890523 170.337067517592
203.5004337313008 85.92388992194653
182.97736601865978 108.64757388805926
168.91138764388518 211.3485770758964
43.507946713358116 125.51719564131037
169.62645223924582 243.1666266966818
13.680440509463459 86.1825863076931
99.95341825968431 192.5523323032657
131.01630791800312 33.155527020681085
130.8395835654407 89.82622211548971
19.40377309498334 161.25193274751643
187.06040010370492 199.11312426239923
161.62046811721072 30.458791940496692
127.73131775414393 64.61775419786598
241.81109759930206 190.77553680689707
223.69941539494286 169.17303015945794
119.53257229101455 214.46067486294706
163.27663740122082 137.9378709124565
89.97370511164857 240.3006105499094
24.102198471148416 159.5383234417302
102.74088433369324 39.057826023170875
104.7359893050735 158.62413848992145
103.77081568912142 62.63447910348307
67.43104094649658 242.74646957723843
248.78609394494487 185.61939923265405
228.6583983596479 177.11524290979597
45.21994675307972 207.565950774613
66.05231509784196 61.21588273172176
202.20246501048118 164.28080514742888
51.97407458216277 35.542071155372724
67.26230829587159 110.2723042915777
151.2552460939915 69.85600334379954
191.10148806418917 11.261076755837957
128.81188843695267 71.00976486799266
92.93659603819631 40.94143820618404
221.2873207907515 135.07558315807708
135.0264973273352 229.73205058402505
156.7052863974765 225.94332982357565
232.79615367504866 118.32327573906102
156.67324643529295 101.43688004556701
49.628419538742754 89.3165163736647
119.0191171003914 72.8174432643233
161.39615622719504 52.37409459126774
99.38311001938705 126.86568047852373
247.13075974923052 49.2631082330621
9.203947251718414 83.21244790433013
124.93777200518579 137.3472076867824
38.59193191249205 76.10694616322797
40.41528651961049 229.22877883583786
228.86749083630053 32.505490898207476
226.27410064397833 221.0306696917494
175.67836235405488 210.1689835267603
86.33299472496431 183.59429028487327
82.16371071013693 67.14875757826921
87.10514507117605 112.8967165350879
103.5684817941688 123.49875043719491
66.24697762635323 111.57337293234679
109.94124830718289 193.15133159555666
157.9251001643007 246.50107523417307
151.99522154118353 239.86767084284685
151.24312688553593 211.3467597780256
216.26671454107426 227.93549865543702
205.7920171461255 167.69836930128528
55.36963007093168 143.35027859308445
54.64710855280144 96.78947735829723
163.18140468243166 117.82056528164131
163.3558288813291 26.348913223680825
232.38110764155982 128.92467681772467
76.72588142338537 24.60958213477113
27.830715207890265 79.58215757692629
74.65989118969166 115.26546195773435
207.26581709905523 211.70832791316974
150.08510715546782 39.00665720413235
111.65833072638168 47.93031402763553
122.96302586197253 70.17121378281746
175.56805977105648 216.01394984004367
107.70914426079304 225.03875275765319
54.263088528563124 75.28890121054735
60.95955016801186 49.04541090457062
84.55033874509807 23.192945878426517
220.04414637848467 113.77603038696968
121.15248309379508 131.5262265984958
124.37397223082675 195.48245833384183
112.20024685961904 175.61192012938113
30.611643125320832 29.050680780652314
69.76062661121834 227.47969295967602
182.23363808370857 247.09430495149232
96.37755198897152 43.00845832039321
196.23874186732175 5.423442151100799
159.8141960905616 192.16916185772288
27.370887947448242 141.20577667675457
200.56361653144646 106.3113246421383
114.22467071293585 89.6973783093025
187.74425101946727 28.348095424732435
78.12733493327315 226.11836853161049
163.8495149189156 196.27256777486795
6.347616377570891 142.9991489295397
126.1410491425235 128.28475839259863
94.84316991401381 94.3929589121092
118.3646738255387 216.8965615165515
54.305672076426504 44.24494731423265
133.98750608091308 198.10435209612106
24.501393640237122 242.22993705721458
66.17719303565028 219.35736452985887
111.40926740674587 122.56776255066498
98.91127243243628 20.389147527007324
139.83687284204152 54.863539101037084
88.23358156946558 4.170153390168741
213.28884857385998 228.0041383185979
129.34039441648181 125.5104762659462
1.8963387099937556 36.27064327627938
144.01903995561548 51.89430047226462
43.10026300570857 110.31866622432513
131.19386018783845 8.877918772294407
211.56737117638855 241.96499407605864
18.018085339802344 35.98336576111566
216.64345853714673 132.6679378922733
230.75157556611916 35.92041948114829
16.784596083081638 65.5602290518105
242.10336829803845 35.3520537976473
67.45119022751051 62.0441217225835
55.602582782909224 244.73189775413994
135.50075471980955 175.14978373416332
238.07748283545953 182.47600865507744
246.75358171044033 111.31860747998357
239.6679257120914 125.57846332588157
244.18267737751796 240.04452473575327
241.382815543803 108.44083560202105
34.900708799465384 82.48831825824496
64.3789188266439 219.18063788355528
130.67557543929215 128.10682281887483
187.39840912964337 193.78446725666862
116.50117995658185 111.24633212553786
120.38623090542391 45.723862249533845
116.27935800934766 229.97446690959478
238.42264390487156 185.4288798717235
217.96205123187946 91.34121625717349
128.94434734580003 135.83250919639443
85.22991374341596 92.09446197736979
225.75117150380183 192.11822625770066
200.82972649593495 134.74822103434514
148.0914105706428 92.92405113480586
210.0208918556616 122.91049949962569
215.31259571134487 152.97855750313806
216.28723771276194 69.27704816272478
248.291394381285 204.0093460149442
185.80117062871366 202.9846339958934
4.836011834001091 101.71869686805901
165.2620248814358 186.25205204627838
81.65885751084784 117.16683572880713
210.75433325211637 41.655818804366
246.04210071416773 71.96589826742539
120.60368839733684 58.99319722000956
214.85724565460046 115.46087695875772
93.58727737551617 169.6709392892866
76.75500509237648 207.6331934918224
161.74245726923513 184.0629644214519
185.3899436641721 153.79702680584623
174.7472680344896 27.910892970917896
183.4356574980914 124.6659361130014
113.58069738368873 230.43420224109965
153.6267109798846 104.51155831146541
168.19368418002844 26.71384695322443
199.29854719489308 149.3134747366687
167.1318833235341 165.17278053911585
1.3598597963800918 211.20862967808046
146.03705683296346 70.93475335640528
128.67851679499736 132.51877978453146
93.97486015416426 234.21440629664062
180.78813770543505 170.02649515901828
126.65374453075651 206.54033273378565
63.90136629298077 89.14339800377488
244.9475263717841 21.818056862237313
148.19067293854218 238.27158493825684
125.86528879142772 122.52135419946661
160.5269620187444 85.28187563579695
214.75336562981897 166.27231138163773
164.51763488264692 68.26951372962719
244.74723441912195 30.781206399310395
81.77161829109889 244.60288558448195
116.48521851139412 226.3627487190813
156.59007225356916 12.046922544424577
102.62354317681319 247.78613347234315
225.00102034633554 160.50200387762837
227.40267623626661 202.0280918794121
99.32368421433458 151.73224546384319
157.70257089785554 195.91130715455444
86.31998003681076 89.81996841987697
54.44536192155006 73.24183269071554
55.3504638159184 122.30929696600684
220.69831630023398 53.11137664214005
111.09339122470172 147.19198111515516
189.95587800889544 206.0637923817324
190.22552337416712 114.31657871296663
45.553157100095085 86.73483303252524
230.71351629974856 230.12178233177565
144.96086336478598 112.22044036408657
237.59215887385056 194.879692160824
121.10427993172785 77.02822693605616
185.11253335674675 199.69845716111513
127.94513478338735 233.41067209202484
180.92750009213165 108.84275362692037
145.0225014542199 220.22979430144346
193.58496347896323 122.3866728086765
188.4760957970771 66.46872345949143
18.022880677681126 123.38116616513368
190.15106021889048 18.271001374339292
190.41340011674492 60.15588504140751
14.973257676492214 156.2067166102789
172.02532828667307 226.0210323185953
228.38670709335634 153.97868995791916
94.80074081512002 103.11322483720845
115.16007621249943 54.95832078922841
165.9442946953353 238.3062304615054
203.51400585480988 10.589161211677355
179.47553335523006 181.920420619723
106.75773974308727 195.84569718198657
139.405728522747 126.76567142537876
153.73485293737315 56.7328996272255
181.1654128854533 80.6621564128479
156.5058747711993 197.5729199038813
183.56698513110533 209.99915374006383
146.0167947938876 49.33448776388927
42.17345830161201 230.63156202249687
230.21985610652018 200.446882824535
101.953003973134 219.05486655424903
8.320192516068275 42.91984870127197
232.18073337991345 79.77321606946636
124.71607726349227 244.68959601791323
218.76199159122856 91.97960621421872
53.14511339135891 16.955543072947414
153.75040308723453 159.57034673824066
95.9499474969647 206.9321881236249
58.23160651585038 166.49872686534687
242.74267238498487 206.4739502033475
23.063998840466894 97.7369466456974
13.580343625100493 88.19279855441317
76.0918224321303 189.94582943685626
242.02828922344605 187.50869186418663
134.75093055418935 241.25426045954967
235.37337391289037 170.2401529767889
87.41364804553648 13.736650573697744
194.65747844039353 205.89720646222528
122.26563987655078 80.0416475159452
235.46736261062617 189.75061419471479
65.05530758864091 220.6430091865082
103.1287998162673 149.54309070572077
233.80249167814873 244.2709605782816
17.005139517986574 101.80202761495319
243.19946401176614 239.16881891649797
155.41489909939457 58.3902996088016
222.86828229817837 131.6095585738697
209.2547120332885 228.59704059228002
30.498147606398213 231.56318923932824
9.784625289927323 176.1499114274442
199.19042134865714 5.512297628268437
39.05911097012049 64.84910986584968
202.90961290712238 48.58573848607545
42.36295365640763 27.942507498822295
203.32156994957128 218.94958224152592
14.942650367476107 127.0884825526398
77.12974946268103 243.2309894273885
57.98529802268121 134.2864288133271
5.76391199550999 44.138545508487645
80.12904334305898 108.50953327800671
202.6544949592765 63.43816529955512
69.8445140551803 164.82680184883617
5.07806557859658 188.72480070591527
180.26326488518288 86.3219440938617
186.48698541541998 182.59588855366502
231.15980848754666 189.84014418730862
166.1761203834999 40.76794532065628
230.82409403961773 212.17257438221708
132.56047715381806 241.06439019603317
125.38084098554073 22.517501585226057
82.8425781446939 239.3282387875335
92.37593514402798 28.541368223835796
14.156181438956944 47.583253682750154
158.3444623413525 23.01505314151195
9.74135314546981 111.66717990259423
241.10370868914228 211.88877325022727
237.9701357673766 166.06092270298407
204.0807463408007 72.2131930979521
94.55723150641379 219.8864632185662
70.12564815106612 4.535874373113785
94.25781336067884 123.6189082076001
230.8680705737219 112.09027749316522
184.40636665659355 192.16512696042295
135.07342923000377 9.026659249810997
120.75812532513397 97.24036021461593
134.72570117801473 128.61568692408923
204.40774740970895 206.74280337285293
214.59267254430748 76.35356579411162
199.06090399139808 194.63275436151935
186.78350675898545 168.02168878293799
154.98592411939964 82.85164841278144
16.56971048235928 163.55321226312086
59.60758776152833 220.3342706016631
43.67094021759063 153.27198251293288
240.08717297565744 81.4858719565415
246.65781063813003 80.8134438506724
217.26144273444748 164.48710941967195
35.290077340003776 243.18390359898498
139.62262786042098 183.00346616226474
126.59699875936373 23.389761563053558
244.9747228180861 61.82769841245686
153.84775884667528 29.162404167679153
24.091171164155572 88.08539982634633
161.74453432085107 96.66283077370358
30.452660132054778 96.9031719969074
226.9716163885751 8.889619773270462
244.1156146285039 21.075171261215914
83.92865675186367 65.26004217409981
146.02081365308894 185.07078741329292
127.84127820538124 2.827805897692354
82.43994932136437 20.891378760792556
130.40172398046818 174.9199064230558
59.480144768528696 214.27316410186663
239.60926281200096 51.74073117567321
240.64737930171043 99.0058971945901
130.933086888494 215.56528622096374
229.78685708076242 199.42917357207082
48.52459519387434 107.9027016172564
206.34589482475366 163.92816106536486
167.72134487863175 149.88906731017082
122.47637776015019 142.4766542874159
111.97242563422193 7.69028541331454
177.8990477137415 4.848209947964143
121.352892226188 96.42855373084069
201.05348032052854 203.0883201123163
75.29001546180355 121.01056627974516
140.82182634998338 216.05406175155352
160.21147353403018 70.29050398373265
58.6024700394748 49.28445303794868
238.96577045294524 213.95523440666392
83.1671103317822 55.21375712531049
244.66437266154009 120.20149633998129
157.19631651263913 158.84590293204178
184.52714573442466 31.409311203026203
205.2877451969716 176.34391567287076
217.40959738255373 147.93421271150712
221.65973098887184 153.72970567649688
213.7269443108893 191.86647353882876
189.50123419478712 229.05701012822814
192.18906743984746 222.08609859045467
229.03355684271835 108.14679270428987
16.08339890326782 164.4930556787273
84.20117151824097 16.289665047931003
73.57928309936618 41.44943813456884
207.30121596253193 212.74341838822104
33.975645071163605 224.52159186882918
190.74163297667567 189.70170316015543
231.201747381639 3.200245380313299
110.17661168892582 147.59544407355742
207.24807805263583 109.32425739523651
31.998368731039147 172.02004997861283
181.56511836852377 49.39405588753651
59.252923908167304 36.295695773065376
154.47578095352185 72.9328986536597
246.66758820654243 175.34564862537093
171.4445054247381 66.20536964538188
62.405931104075385 104.92963883658201
232.91739440015874 26.215733690978404
107.15429274853119 93.3268917363243
34.20991224157988 228.08877848947853
72.56518334620976 2.7025270446067173
84.36287515904766 227.22903717269753
240.65503401976707 189.85792781156147
214.39333429200911 123.63001190378014
201.42010261570144 112.39439775870572
115.2230519508607 111.81450124345608
137.64602082172436 246.84171456075632
173.02120059246863 168.82319322490306
96.15280372464096 235.85326992160242
196.45987487514486 156.9316960787639
244.41161648285498 73.56733883156838
248.44580075517283 38.836539403796195
176.60780143720322 172.0606424742683
180.40073878747117 208.85662104690957
30.234699263458868 243.67744071405897
67.53822045226293 119.08708990180564
249.91452987632195 189.48953682562242
91.46138725733424 196.38012456863257
158.06949623084523 19.80370584744065
22.54408756929735 80.06837605404829
219.65133788849622 209.72262538016656
184.97990912980077 81.5515659155649
220.33711502155663 16.91318752941212
196.52398176434113 65.18935409853421
209.86924675389884 147.12045458167498
40.6666912625048 149.47266599296165
28.557985644476787 38.62423414435723
184.2571734329264 237.52258300792897
0.9642249060514696 107.20503660606882
137.32643619890692 21.936179362285564
15.128830658583919 187.9294748276665
121.42575836614361 140.66490420614576
215.79985610334217 115.87055032499354
206.73303608399002 24.09536118843958
112.70485991563595 15.885111930413837
245.5787011961222 137.77797704883477
48.767579376457704 249.62080187161888
218.2805061166496 146.61661080596286
223.36407310848975 104.0982306399037
23.017803578628925 62.476579296040754
193.98659617696725 120.52079051028947
5.302617443704888 172.29706998630536
7.523721407013573 24.55165412333696
124.9369842402634 77.86399928786814
134.7842966045172 122.85054592692023
192.8409008134062 28.06427429867675
106.80055442809395 83.36532136582889
230.45061576413968 147.18215184007522
51.68230298994184 164.57466390285438
72.71445053863302 6.097764535753559
25.367371419922733 63.21292920457497
197.7086200995771 163.78102092905274
231.54917726182313 42.22848102492255
43.66127670390671 198.51798098531094
185.26284619944994 17.950224665644665
197.27446370996716 44.728770010948494
63.49808101072679 195.11092558045138
106.05482629055685 143.86972335751324
121.65623414818997 199.90075122388347
192.12433249963803 210.09601130373548
71.61632956023244 92.88071268326121
63.36029732162432 65.30079497472543
215.84007482302138 231.4329376876865
155.29643997616532 155.9130940249873
198.13435853473183 22.06605222771693
216.3019301925803 218.6420778421631
32.96178301392075 228.5848567815016
204.49090944364136 51.884915188129405
9.668264936654985 113.71740012703651
172.58745164022943 4.154457004248963
32.402436786688554 143.48059409083172
159.2363629188654 187.53334846633985
23.89643545813225 135.7898540929063
223.9305421842298 212.12384778011784
153.3657345930122 214.39397786625494
110.19404570509256 9.906946998213789
20.745780698224 101.40215730298435
157.436356174873 65.6566055765955
99.21629365190387 84.14887000543
55.97861810606966 32.09307277846107
181.92165216298176 18.517365391382878
137.48590894296558 163.3342648988581
99.5121682697793 211.50531295422422
36.732022633484824 77.18574052899615
225.71132008507777 207.86559663384702
59.952898762242604 201.4608494032418
132.20010430760885 50.19181040151061
113.59601404577455 89.20441657627579
3.4631157933430465 36.82963615543883
143.33095275104898 166.25288811239338
137.3913490302953 164.32261066190773
46.2269288877993 226.9695747974446
124.62043537365581 178.84413737134625
235.85594601606317 88.44447027460828
184.28185842569795 60.212839578591996
70.11828303835819 60.297933751200986
44.22289114475977 60.001216484014435
173.4133030754621 127.47472297755621
59.54729017885319 182.68031175545346
165.7413317816496 180.36976486981166
33.85627279871384 181.52526524797375
55.84246386286695 210.43144902199268
182.68980710750682 36.41073654044702
212.8825779412715 117.9054665293017
6.930451873129878 83.77219891488247
33.47158045066836 165.13924750453248
154.15293047992535 146.94353838947737
177.72401875866439 85.40436732237342
88.55115524496394 239.97246965275028
158.10810206703403 38.434393858205354
207.41347998549676 201.64099461085317
58.29701159892811 100.94193996518422
133.30214705190716 201.77016824169365
72.76797136684424 143.2990217440905
42.20372906513561 104.81765337525611
1.0622091924169796 182.14430138844492
89.097933427955 28.672424047610058
123.743677022837 23.40573713971755
144.68732086268062 103.65353904958887
66.89198914052972 104.86460493878752
161.77903805243542 1.4841723164896459
65.7516269972985 246.5997855222748
165.05464606105346 169.4294476297243
36.55371569762892 72.35790483615651
200.21057146582262 195.38815590221859
232.2953061559799 127.95537987801592
20.30338240422738 54.21893988115612
41.07560814939129 172.04796979614935
109.14689857390017 237.51467981831811
211.8300498848982 208.18850751556366
59.65717067090787 87.52601756135093
84.1473796917902 140.56842094333518
27.936571224308455 62.53038852831108
97.45164200540512 233.71207978323588
104.03346959467127 60.783986619697224
156.43253882712747 95.07787608045045
46.18314653943861 127.51199711770886
26.059968589451337 187.9805007571655
45.25915148546253 139.773809618097
87.70361097708529 227.55566903311097
113.43137761022143 2.1494733211319392
206.41311500923246 120.65688802589753
210.90077878803766 59.21828175623836
230.39187928751016 9.134458867699369
7.261487552260776 6.871117008187544
13.927077304883351 18.131020349205247
197.92957407503997 130.62159114735002
183.10628873887666 146.08718294952172
43.52453829110639 34.489475557954506
3.833849260058475 39.26394440524436
85.34891046224772 222.04745592365884
155.62206741229687 149.97793508020828
182.2562634971379 115.63421998865728
171.010512946145 179.83795866390534
67.14174051085675 234.946766346896
186.06717002293794 26.613604258735073
128.51296208425882 210.62636951888717
52.93038808650474 129.37765760448517
112.37434782496517 31.285597487045735
77.83963400212768 65.70254637678391
113.8223596023899 56.485873406995566
68.38237369748765 2.2421226384707893
84.75909397596814 223.87682099707467
81.15684888484179 99.80482704853608
127.31252799175785 209.445765224904
149.86217780862 228.1139098002023
224.39366631254444 35.457663425534165
84.47593605243873 151.74585401323586
190.93786054578163 198.23760861678835
166.53264496997966 163.85054493216174
21.87617870765543 6.659513707526626
169.3331645591001 62.637816918364955
164.4300716094525 146.47934603757543
47.68021222656929 135.44367190424785
194.3463558937831 224.60799259598565
55.90533206654486 223.71645950869257
100.18633623371315 53.83663356970217
226.83444051518492 16.597108237491305
132.87950986151495 159.89184602637738
239.65464431507397 4.0891734232448576
170.62582864157474 45.73713055154971
27.68511552368502 219.02973270220784
230.70669201149667 66.73419927125262
221.10722871295468 42.57985901951869
184.4492261416018 215.16010375648082
120.07460153142263 4.996715986427313
231.56024390576556 219.6206768943911
160.4536052805988 147.24685971351758
214.97595780745624 195.48307506416833
109.186907089503 84.0733825140829
67.10125700131158 48.32208919017536
196.91465328108512 119.66529230365708
31.509768146725737 47.75235874788025
125.13241498698574 3.642971698325809
180.8822494662536 30.684681444791973
49.056797717524276 11.512703680829933
220.589808641449 218.6426409853253
143.15930006324854 29.9031038725274
58.903894728684655 196.0612437612711
141.06829916093545 96.30928304742392
39.277145766473424 23.39851250397415
138.16793387770076 116.45262346408481
68.00929039222167 222.4849631684928
149.01994331351307 140.68622864262835
133.65273595783196 169.25903508201782
22.351207513459592 127.65143339729606
38.21923411947253 43.07780133808531
182.52752668190288 106.31362282917591
183.38314151424996 129.15932023726472
213.2894857695164 180.68426854886852
210.72163305508974 177.30810900210562
122.84260658845709 147.43569141782024
154.96795472066836 135.56488452431032
47.229379971399226 172.40948806463444
163.08552632014363 139.65863920502298
156.48144709323842 27.77487748452842
208.54197112755364 80.30703897205125
153.47345145674043 11.351883699198567
160.6097337374104 164.87735811135224
159.60410712773282 161.5608490726301
133.03321487097173 69.12314228554675
85.63673644715692 23.6542331144175
186.08186088816777 171.09028043947265
118.05952035641116 127.03309662371518
132.62604907484365 204.1955641653996
0.04758377091163002 201.08883598744765
185.85476604480337 240.9757685652647
137.43068289195034 205.66324117750676
9.609053677428259 106.77527079871679
9.477940691875409 181.2049598672993
77.63016214793963 170.5084337923449
11.359549338528064 164.11838497733814
102.12387181320429 200.10873780737853
65.13049775561375 158.24107012314994
72.08806629043005 177.44580822173074
66.29146065449054 24.679341868276666
245.5277824052107 198.94680046066287
63.85495028387481 151.4099893489895
32.188887335815295 211.47019797670663
134.3510033961357 102.23334237606771
145.90859755079995 46.83163840614355
164.37119636737262 49.756608603820226
166.74560246781888 141.73628730009878
97.09134368268258 8.567643106415307
134.2825998764921 171.45244672564488
57.14765209843461 31.5462909414444
84.65910178229625 44.89968004063263
130.46481635335778 183.26694314141506
51.29656828342455 188.41469660330966
64.53569761828709 129.6735953611074
213.5403823606834 113.42239588469921
5.394075294337053 92.06784145087433
185.83713031791774 58.28845484522374
90.25150174844651 29.251759781335707
220.22756435227413 51.13449745013926
193.57308777080104 107.4118585976539
110.31388960737354 81.18225394305284
129.39769800982202 238.2220986967072
206.56251348257496 129.67313135669335
154.31043994628988 83.84845228516694
180.87547081512096 24.690884836620768
57.005025634983994 120.02023174576325
170.4922685773071 206.30494015767474
11.164525853384733 20.211593126134048
210.72810292524514 223.996814899196
7.862115630181632 139.87365755947206
193.61779929640102 238.22497328463407
80.85899697197915 79.23257509307955
129.66763401050005 247.89904302544633
198.45165841094763 217.49991552107144
23.14524438075122 178.94988633462097
49.86605801887284 141.69476454877196
77.21080317810788 234.64049708387788
141.33347720868892 102.22568576533597
203.1166811285567 222.43846189514295
244.20993730246488 49.5359713076714
85.73246793416561 56.70426405156601
10.877208277327632 139.95345801375132
209.2606432379037 165.26022223386897
246.50460982951265 191.17114310945087
238.3864632439413 140.05885601044983
187.52130060606825 109.19143646065419
104.60199765064986 63.84641276483932
224.601671492122 204.94895130250794
158.33280899419816 160.96961516772774
10.890981800539961 86.49373118381651
59.493851800385855 135.72209187915212
82.49446992576337 235.93072900016912
28.686329684267708 187.36874779581805
225.96009859553857 105.08053522097902
73.4552404078154 209.26729666204363
26.187402542102443 89.20990438885984
93.14312522301304 221.04133855277902
126.47799445906114 51.41080556570121
111.0085912448435 57.91939592357884
132.20266927676377 136.06109983422775
205.35371406881728 62.45648601345305
76.01851419209841 208.03103959669806
105.09988187321333 31.489339128356082
238.68270294493064 21.832062320035288
21.609826232085155 195.46824128701434
18.491721684461282 143.3958416212355
21.408264646463948 66.51374070922417
148.51626555624603 48.19598110594883
23.44818179706601 160.32274860827286
151.82824560904785 63.7834789736646
126.20867060168145 138.28282847568914
202.23929011936252 85.86277294606262
188.6653620125358 62.23949029246775
4.207542007899273 60.38559357440174
72.5233431310256 232.454384876221
140.47830422429737 2.935531250034651
201.62833983666494 7.74481105685354
100.798682360043 119.34502408502262
207.42746278267686 14.918483498172124
67.65745243860665 170.22433506326024
217.17169573336312 11.994786895744374
218.48429351113987 115.57297700148983
90.70370726060034 191.70481975555873
197.57103708214188 215.54560903020177
176.1545095472368 51.85972522350943
169.65859315557177 143.3049772474061
106.21279797514832 7.131545777238152
77.56947088421914 206.95203747822927
140.8382659993168 51.06100525158214
99.30068454447583 63.903196144375066
175.8882708545822 21.77861377080978
18.124898100572327 240.28394765984976
241.69149281119624 246.4898167398157
189.75679961255167 92.85096336928441
205.51899560972248 221.80771935730453
21.07405111083399 60.462227557275675
208.60837047455365 34.961674231650754
121.86262365054853 132.71204230361107
70.77693807323632 12.206615118529523
14.962423553933956 45.55894031506358
64.9809868560739 228.85627121642904
211.4445825140142 9.630044676359194
196.77114564139384 10.95572047253382
55.49605389084941 111.10258926808308
127.02376134015314 97.07531342682016
51.44036767536525 164.5995190590479
64.10292902387398 220.4556392916422
212.10620094058973 49.55415940873109
161.52882382598273 145.6988092797328
244.14894790945124 227.5441664899821
124.31558959368549 214.19235483738552
165.59352009869045 125.77748337899672
62.20512508940576 136.9424885908723
238.7912603933582 108.51050477303801
228.22842787905446 80.51746501066448
130.3835526495 246.86157665821509
61.523804581745196 69.86563660783749
51.86668433966879 57.06583608913865
207.31331119237467 8.351231188621938
8.657328935047005 222.12899725495552
120.73017060480854 91.4026250769492
69.66145523806713 122.37250101942921
208.22689966801542 96.33035683902035
209.9962306435973 130.88119997469445
207.20953056982114 248.67590256052387
43.20800238421146 229.07804714623387
172.9403488092024 189.30578456389938
14.783394669903332 118.74504892105467
197.60431529419947 150.17801898692144
172.4882485729374 21.486281764234477
139.05756040471212 25.300919669067834
235.6573524966715 22.891654033878133
222.19445015295636 45.30498657930537
76.55021746922236 125.53185363766511
159.13508606962912 112.69044432339079
128.3837996957173 50.33757170004225
88.47378829733285 37.20882383853944
37.99733175126654 4.008415736063253
122.80067052926604 173.5402160700817
205.96509935986086 230.71245057148903
83.30302257999561 240.23815150012763
90.33304519924809 5.066269730955031
142.8342199510613 167.84721046698343
133.8763252909943 47.07102870615465
1.6303001484140045 133.2595141637202
57.694800829419776 5.034380520592463
87.56015826137633 176.25585422802834
172.450791164354 103.46010506961326
105.15781577010355 73.24998619881659
217.30255331046357 128.52552495993928
81.00587885007631 12.212150275616008
96.7942581324639 244.47330572277
205.3808794608808 189.59464564143815
160.9805913746114 124.91625991007574
139.46858069899636 227.79222869815308
236.0396407964402 237.62565990363126
31.58016411979886 122.95634518558806
34.449336008069515 35.19643043660639
234.66044635293602 222.7807430069141
60.39529928910598 109.68509100305019
128.30236328614933 187.06881005966463
33.903641883298945 43.49382576064542
197.07184721531092 75.3131198145259
79.32360560923816 12.86559781111929
79.67481255935935 144.40990063253247
61.099442299478696 49.227370746872054
163.4876842092002 43.4604703259002
127.75251006335606 121.56725021177046
106.87387522393313 134.6885060598495
110.94484074919447 214.71621270926823
147.12050038504762 94.32250948625229
76.99678241511984 107.74979655671602
131.10391185418283 82.54448244974027
37.41694277119375 199.54766994000238
138.7912140695883 104.3773067444608
192.33372669151936 134.70122846889106
94.68418453709485 110.38037425784086
197.4172028161391 110.35218379101889
22.15757163754531 151.13478486753382
9.988132970801617 175.50943065822898
52.276667008653604 135.59744029147438
156.94726105277365 224.79276332093517
134.94294835469918 93.47593144881827
81.38669342542215 1.7646520538943944
92.16038894432765 99.63860958776549
53.58300150341985 68.74500171481307
81.80317723596062 109.31991313899076
163.12993497836965 170.32756459497887
51.132640964062226 87.93404608932597
132.1825233985891 82.32099305657914
182.101468862514 78.40734396726423
215.66826562993185 116.30386682468414
239.12909287875016 118.30406277037417
192.25751395355607 147.75542049329826
239.14589999014137 186.90100796530214
31.028653561682802 85.12454069965833
222.11449075754987 40.820543124880345
43.005817367794215 240.22623960458105
217.75801746173843 241.8024521820527
45.91998136930747 233.3132619840725
137.79461354719547 211.6829525175005
55.19256876045403 91.52251290710566
95.03951953590847 238.90776135056046
160.58009891318767 162.76782356361053
17.53055339668208 36.07166011270557
85.52003030018426 238.55029028121467
232.185380825796 164.80852320606314
240.03921834374367 26.20491980251752
195.84276140492472 12.292518099196458
136.4776051292472 59.9083812489081
29.036304678721898 21.353033492613
117.55692929044682 183.91059794948526
214.3851667377642 116.31586079763213
58.61601440458186 64.58495899543715
18.538513761420045 95.32109004532077
11.07115701578082 65.7861156758264
173.66619835512407 6.88858378180085
237.33581045690934 49.25136235456507
209.3239378791045 59.51979585144188
139.81961378129958 40.397431182279256
186.07810662588972 7.967057287737278
233.05698233802258 125.18177747478046
198.11223744235969 228.8780693672066
24.806981797525857 212.10439497311003
169.06126926654434 46.547950180206826
195.7512980364959 156.48880184755654
242.66165901556357 52.266185982406924
39.40565050623579 243.94363853924432
180.54803867798037 136.82479499230524
149.69101775038317 58.331715058425104
199.85108065312411 58.01972565211908
93.17052507913007 132.13271888575605
117.03562741149508 155.00051153448788
168.80241704792664 98.04934595711057
19.648757853316074 229.32321094715547
220.53153870111404 110.04544097190353
76.995874323005 6.11278218185754
110.11803234686626 62.79921761748708
44.89067231963162 233.8836939404489
69.90277257470814 18.57380143439677
180.11956766596109 190.33265592501374
87.75059834602646 67.697913769514
96.96749892955081 163.40079371099378
234.8984489697368 92.72866806883675
202.146882367625 113.74299753548055
232.9502688856818 216.2291129596718
148.05078063112077 158.06311494467397
67.04254241727115 247.85404267809156
190.15312879973786 41.0784575416891
186.68859951631813 214.6699642870231
239.440415593017 156.55599931210065
24.093978539110132 57.16847797699678
59.0076345680326 169.81028690174648
173.17475871519895 143.46569952586177
186.51829472104015 134.37205256246946
57.82126130379939 95.71111303673341
27.1163702430503 126.88963264225828
12.574520337787554 242.68058139690413
47.225024157193815 137.0861382907419
101.4602091986957 137.8857404063673
92.83234540484558 11.656298507212892
172.93890795178734 92.0294661430687
4.25983993341389 30.224064797843592
51.54100200838766 198.41909049677446
28.623764766165543 137.50388433245664
26.418328845771473 58.08975155184018
146.20452652011147 242.98971365559038
114.60711761774034 128.38057580095574
178.7452327421516 123.2045601613168
177.89136790720366 48.92356440250143
23.361567489000063 179.9779428079702
39.66726618310515 88.59869581945645
231.59921798550536 162.10271931493548
71.57805515502544 17.51278910027007
90.99204748080969 102.4275281286621
222.71264658026033 172.55344634730264
116.25660818266392 26.895640700219133
56.4743334377664 209.3477865257664
60.11703308093927 202.14574175644927
90.56873984379796 144.0584623019735
207.71492825732813 86.04840563716806
119.69385181695927 49.329424009781604
239.20776633230867 182.35406764400966
3.8550816420941936 213.62298046091496
114.81537567937761 28.319616348566583
237.26008308037993 150.8966810502751
161.2560301439416 247.79196252816806
5.531224692289255 205.04517153572093
61.92125322537787 86.87743133958008
77.75094852341353 199.65057875795762
203.73887100588396 33.86795913976825
133.79423505785996 96.27078120748244
243.08020606329964 151.24207215181153
126.42248410866222 71.03491399491458
219.16735309994047 10.717254640776414
215.85747508086465 197.26420932833162
115.10432135752441 171.03049756547713
95.5525998697945 141.06325875548976
83.19038032261297 173.46860288778515
113.26511431238528 165.69681104326406
75.92045091884802 8.647729212419547
105.05636767685105 203.32544005395786
72.03541682919123 59.132765763679124
24.536819730757276 108.51983028751636
144.00733872100724 70.66848971278647
187.99339117046873 25.575901215267262
163.45553405329838 190.33101583638074
8.10379077479645 32.47822335254022
224.80354947634464 49.46859403152626
78.26922390229768 153.16515798513709
135.90293780474843 221.39903082381105
86.7852710687636 129.17989670772886
53.44407120828756 29.711483394206596
200.65573153444367 145.82210574375594
105.7802897218959 46.53064157637654
113.68101589943585 6.460031570081181
170.11575100826167 7.52063109589543
44.17139613114068 216.42317884906805
82.98837129551877 218.0538890930749
245.46426754548116 108.6108285927637
104.91334918269362 18.32311820058799
12.08488361829968 49.937612702202095
197.38221668540285 247.01690659697405
248.5576575404384 104.70212660216983
41.221577963167086 94.96319122947041
242.37035847612023 37.69964274187163
85.5367585484827 236.8161954268203
145.8099610967349 172.9441997305182
214.86375749976153 6.545619754062038
105.08082374702433 111.21265259244772
90.00809992774778 135.08747465499584
146.57491462513556 127.3603435828502
233.40160958483992 72.97794127162143
200.97676501788166 245.4469616563824
146.44512167258932 26.564892924816203
152.43444256245473 86.67991662864644
29.902614526633148 5.028916632772856
180.2627122783619 246.68782547184875
130.39239752240044 164.44031917209685
136.70613519678471 20.065057841329946
189.31387267716585 178.96582544221533
213.83183817224972 216.87991247312578
129.19504204620634 206.70449851514283
240.32401722939866 231.99167339411716
223.01944202607717 118.01331205597424
21.421149800145283 244.3516764768001
197.15759898036683 161.31740263057068
138.50385230785878 22.94593322692681
225.53288049797592 33.11953317631527
92.51658769671761 139.4989287535499
102.68381370959615 219.56303789781143
4.241408556319993 1.786227814596919
202.72571084529937 195.63438324106772
164.05199593182883 210.80415751730152
25.134187460673417 204.18679404183078
140.1536682932008 220.46728898409526
55.81775449347426 9.138857431092024
104.63502635185742 13.320542618085184
6.6962279592311935 32.6892324721971
226.0870886066157 24.51299350123859
182.53795517757453 224.36112217388686
82.29595128869374 23.9124660756187
6.6529112385037 58.2261502715265
10.43051685512858 33.1253529625381
137.4276899381045 193.88943628534543
84.96805136975732 67.25699167760574
195.239757047454 46.87053992673168
0.8563162185220574 15.887996967198864
43.342203937627666 237.345392460912
216.10569833657277 189.91382063188422
33.47255359772655 219.18800719920813
220.09170259955923 227.2586826810726
226.87786409756745 238.41285244672565
121.28616481379495 7.772096334786732
19.83694600358346 202.58830416626301
36.56432975042673 20.990745692957475
157.00601828869478 223.40763413930964
80.04211595495478 164.50899188545347
19.56146752828458 151.59731837159475
130.85235760017545 201.24556771713762
245.96749272682393 52.76847821218949
197.2635457216736 40.594413983761264
188.3600385400332 34.57920435402814
95.22402387970457 52.518960415204624
117.46489406869968 23.113848012864647
166.9871508131654 97.8659061047897
123.68346881161341 17.25924491519781
189.08890958298926 23.96918049686503
69.91786202171768 226.91679917740328
56.27417290582587 124.18085602928419
81.38584107034788 93.10760313153169

51.6
34.4
648.5
72.1
258.1
216.2
72.1
114.7
144.1
108.1
103.2
25.8
540.4
648.5
216.2
68.8
154.9
432.4
258.1
576.5
36.0
154.9
72.1
68.8
17.2
216.2
72.1
51.6
154.9
172.1
137.6
216.2
144.1
86.0
34.4
143.4
288.2
72.1
86.0
17.2
25.8
143.4
432.4
720.6
216.2
17.2
1080.9
216.2
258.1
103.2
1201
288.2
480.4
216.2
960.8
114.7
864.7
216.2
324.3
540.4
103.2
172.1
108.1
144.1
216.2
34.4
864.7
154.9
540.4
206.5
17.2
864.7
144.1
51.6
103.2
286.8
576.5
17.2
143.4
108.1
288.2
17.2
154.9
51.6
648.5
432.4
432.4
36.0
137.6
229.4
720.6
229.4
216.2
206.5
216.2
72.1
137.6
432.4
144.1
576.5
51.6
108.1
108.1
960.8
144.1
68.8
34.4
288.2
480.4
68.8
576.5
114.7
432.4
720.6
68.8
103.2
77.4
25.8
154.9
108.1
216.2
648.5
1080.9
432.4
432.4
258.1
144.1
34.4
258.1
172.1
51.6
600.5
286.8
72.1
206.5
72.1
216.2
288.2
114.7
324.3
206.5
114.7
480.4
206.5
540.4
288.2
288.2
229.4
144.1
960.8
144.1
51.6
600.5
72.1
286.8
720.6
17.2
1080.9
154.9
864.7
480.4
34.4
72.1
8.6
34.4
108.1
143.4
114.7
480.4
103.2
8.6
68.8
258.1
25.8
17.2
260.3
103.2
137.6
216.2
51.6
960.8
229.4
77.4
600.5
288.2
286.8
154.9
72.1
960.8
72.1
960.8
154.9
1080.9
17.2
1080.9
258.1
114.7
432.4
36.0
260.3
17.2
1201
206.5
34.4
600.5
600.5
144.1
72.1
68.8
137.6
648.5
143.4
600.5
129.0
68.8
720.6
68.8
36.0
129.0
480.4
8.6
229.4
600.5
480.4
51.6
432.4
25.8
129.0
324.3
258.1
51.6
144.1
216.2
144.1
36.0
72.1
103.2
144.1
288.2
86.0
68.8
25.8
36.0
144.1
143.4
432.4
1201
260.3
17.2
25.8
72.1
8.6
172.1
154.9
34.4
17.2
17.2
540.4
206.5
216.2
229.4
72.1
960.8
288.2
144.1
1201
480.4
480.4
77.4
480.4
51.6
17.2
286.8
154.9
17.2
51.6
8.6
229.4
648.5
17.2
144.1
114.7
960.8
576.5
720.6
144.1
137.6
720.6
206.5
103.2
68.8
324.3
864.7
206.5
144.1
129.0
34.4
143.4
648.5
103.2
648.5
229.4
720.6
432.4
286.8
1201
86.0
480.4
86.0
648.5
86.0
17.2
114.7
864.7
51.6
324.3
540.4
229.4
720.6
260.3
17.2
540.4
34.4
229.4
648.5
51.6
648.5
103.2
36.0
8.6
1080.9
68.8
143.4
36.0
36.0
600.5
51.6
77.4
864.7
260.3
144.1
34.4
229.4
720.6
51.6
229.4
1080.9
72.1
216.2
143.4
72.1
720.6
25.8
154.9
432.4
51.6
288.2
229.4
103.2
86.0
432.4
137.6
432.4
260.3
286.8
172.1
103.2
576.5
1080.9
34.4
540.4
206.5
68.8
17.2
103.2
103.2
324.3
720.6
480.4
103.2
1201
36.0
68.8
8.6
103.2
216.2
864.7
432.4
144.1
68.8
72.1
600.5
129.0
51.6
68.8
229.4
576.5
480.4
216.2
143.4
68.8
1201
25.8
1080.9
540.4
144.1
206.5
206.5
143.4
229.4
144.1
129.0
36.0
114.7
229.4
206.5
480.4
286.8
600.5
72.1
288.2
432.4
286.8
114.7
51.6
648.5
286.8
154.9
432.4
36.0
540.4
103.2
480.4
1080.9
72.1
720.6
143.4
103.2
114.7
68.8
72.1
288.2
480.4
286.8
17.2
8.6
68.8
143.4
108.1
216.2
480.4
143.4
86.0
72.1
286.8
206.5
432.4
144.1
68.8
34.4
260.3
1080.9
34.4
1201
1201
576.5
206.5
540.4
103.2
72.1
206.5
258.1
216.2
1080.9
216.2
103.2
288.2
324.3
1201
864.7
206.5
229.4
17.2
51.6
258.1
8.6
206.5
480.4
108.1
36.0
51.6
432.4
432.4
36.0
432.4
8.6
216.2
258.1
72.1
68.8
17.2
34.4
143.4
258.1
144.1
540.4
480.4
720.6
286.8
68.8
288.2
720.6
144.1
172.1
1080.9
540.4
648.5
216.2
51.6
720.6
172.1
480.4
17.2
720.6
720.6
229.4
144.1
72.1
154.9
540.4
108.1
108.1
229.4
960.8
34.4
129.0
720.6
68.8
77.4
720.6
25.8
114.7
36.0
216.2
288.2
576.5
103.2
72.1
288.2
108.1
720.6
8.6
600.5
144.1
1201
480.4
34.4
258.1
540.4
324.3
34.4
103.2
137.6
143.4
34.4
540.4
137.6
540.4
25.8
960.8
86.0
1080.9
216.2
432.4
68.8
432.4
432.4
34.4
137.6
540.4
288.2
1080.9
206.5
600.5
229.4
432.4
51.6
576.5
72.1
576.5
206.5
103.2
576.5
108.1
432.4
260.3
77.4
144.1
8.6
51.6
34.4
720.6
229.4
432.4
1080.9
144.1
324.3
86.0
286.8
258.1
114.7
576.5
206.5
51.6
172.1
648.5
34.4
108.1
864.7
25.8
1080.9
103.2
68.8
143.4
324.3
258.1
17.2
103.2
103.2
144.1
216.2
172.1
258.1
172.1
36.0
51.6
206.5
34.4
480.4
51.6
648.5
72.1
108.1
72.1
51.6
172.1
103.2
216.2
144.1
229.4
288.2
17.2
288.2
51.6
288.2
86.0
432.4
172.1
600.5
68.8
286.8
72.1
172.1
480.4
137.6
77.4
216.2
258.1
480.4
137.6
286.8
72.1
216.2
103.2
144.1
114.7
172.1
432.4
720.6
960.8
108.1
154.9
432.4
103.2
36.0
17.2
17.2
480.4
17.2
172.1
206.5
34.4
324.3
432.4
129.0
216.2
34.4
260.3
51.6
144.1
172.1
8.6
72.1
172.1
103.2
36.0
25.8
137.6
172.1
206.5
206.5
68.8
8.6
648.5
1080.9
17.2
154.9
129.0
25.8
480.4
108.1
86.0
51.6
8.6
864.7
36.0
68.8
432.4
144.1
576.5
432.4
8.6
34.4
8.6
129.0
144.1
144.1
103.2
114.7
34.4
432.4
8.6
34.4
86.0
86.0
103.2
17.2
258.1
8.6
129.0
648.5
600.5
68.8
68.8
143.4
8.6
17.2
8.6
17.2
25.8
648.5
432.4
77.4
260.3
216.2
720.6
144.1
68.8
17.2
576.5
432.4
720.6
51.6
720.6
103.2
51.6
1080.9
51.6
216.2
864.7
288.2
258.1
51.6
86.0
288.2
25.8
648.5
34.4
216.2
17.2
432.4
260.3
51.6
36.0
216.2
51.6
51.6
143.4
72.1
114.7
864.7
154.9
258.1
17.2
17.2
34.4
206.5
1080.9
77.4
864.7
432.4
34.4
25.8
258.1
51.6
648.5
86.0
72.1
720.6
68.8
576.5
108.1
17.2
68.8
432.4
114.7
68.8
154.9
51.6
648.5
36.0
480.4
143.4
288.2
17.2
1201
17.2
1080.9
144.1
68.8
108.1
17.2
77.4
8.6
229.4
68.8
432.4
1201
324.3
72.1
172.1
154.9
51.6
216.2
137.6
36.0
72.1
143.4
34.4
114.7
216.2
648.5
172.1
34.4
68.8
229.4
68.8
103.2
576.5
77.4
72.1
129.0
960.8
8.6
17.2
154.9
324.3
143.4
206.5
8.6
103.2
108.1
288.2
648.5
34.4
648.5
68.8
432.4
77.4
8.6
51.6
51.6
143.4
1201
216.2
114.7
154.9
86.0
288.2
206.5
77.4
51.6
143.4
77.4
34.4
17.2
172.1
103.2
1080.9
288.2
36.0
206.5
77.4
286.8
216.2
137.6
260.3
288.2
143.4
1080.9
216.2
36.0
72.1
77.4
51.6
172.1
72.1
432.4
144.1
103.2
229.4
129.0
137.6
648.5
114.7
1201
51.6
114.7
86.0
108.1
960.8
51.6
864.7
258.1
114.7
172.1
114.7
288.2
229.4
36.0
540.4
286.8
864.7
1080.9
51.6
51.6
324.3
960.8
172.1
154.9
1201
144.1
216.2
576.5
77.4
36.0
229.4
114.7
288.2
51.6
600.5
143.4
600.5
172.1
229.4
1201
960.8
129.0
129.0
137.6
648.5
260.3
1201
576.5
68.8
144.1
129.0
72.1
51.6
540.4
25.8
137.6
216.2
1201
258.1
144.1
286.8
34.4
108.1
600.5
36.0
51.6
960.8
432.4
540.4
288.2
480.4
288.2
600.5
206.5
143.4
960.8
143.4
288.2
480.4
17.2
34.4
432.4
229.4
103.2
34.4
480.4
229.4
540.4

8.6 17.2 36.0 72.1
17.2 34.4 72.1 144.1
25.8 51.6 108.1 216.2
34.4 68.8 144.1 288.2
51.6 103.2 216.2 432.4
68.8 137.6 288.2 576.5
77.4 154.9 324.3 648.5
86.0 172.1 360.3 720.6
103.2 206.5 432.4 864.7
114.7 229.4 480.4 960.8
129.0 258.1 540.4 1080.9
143.4 286.8 600.5 1201.0

2 5 8 11
5 8 11 14
7 10 13 16
10 13 16 19
14 17 20 23
18 21 24 27
19 22 25 28
20 23 26 29
25 19 31 34
27 30 33 36
30 33 36 39
32 35 38 41

