1024 3.0 0.0 1000.0 3 160 240 100

117.72612781978594 47.96150282318792
206.18067852218266 186.1577788387568
143.25398273681378 246.76738544505054
231.99420081993887 88.00831077269908
192.90149262602338 174.33255114352963
248.95712878855542 48.4477138336889
179.58201853987066 243.87281907378997
210.1627243220742 50.89201307782734
77.7924676058647 115.01039362125603
71.62464404047394 152.26978411414106
176.75359127219343 197.62979080114337
124.8733280732039 171.30602875593897
45.980545392125926 37.06603098797698
90.24026285332486 97.30602580367501
182.93870367275773 107.59905257020161
189.9885985949443 234.37091939206974
58.807255954901606 168.83357754414294
187.10209195231351 128.63816282000914
25.626468482403826 155.72992806060063
43.50383050588164 103.90159904118599
33.45523397420788 113.92725583228261
83.2374648898693 220.19067860886122
147.6772864791018 40.278424208274515
158.0860642491808 190.60590760729582
175.4017087243874 0.279359512618621
18.098428388354375 188.61047392583154
42.17563062296398 3.08605732054712
88.69821090483546 112.20162149795021
160.10378152328326 134.47077889527372
81.79888592002699 217.62650978263855
211.97653906206034 205.897952158
122.49526437715345 67.21824464626374
110.08279380801494 157.54053967002756
123.4088952663204 44.49777980353636
0.6476022238189327 199.79936386211375
92.86620072801583 243.26799767903003
34.04019266705085 100.77718376951219
92.29045877689335 63.44505148185947
113.52542572942929 66.94944155711643
245.01027001315612 174.87304113170444
247.0259127125341 181.8056082735576
193.14503993375587 0.20537278103194279
48.92544321074321 69.9841646660079
97.6501796780542 62.628097905752604
3.9659359897012134 67.86671413831716
197.66235225651948 168.20641761583784
61.38554648347333 153.84175387142932
124.0776914170644 121.39824685251484
152.62680326038728 166.33965592127672
234.74080198196995 47.29053898754798
50.77978713049313 194.51260003901982
55.92699268463491 153.59215154344076
71.96712239395389 94.84673428638172
232.581375582721 145.0446091756126
170.20768648616524 164.11440396120767
9.456144751815277 81.9965794745667
145.15856095089396 84.0426601868053
202.57488676722767 179.72699015466696
134.663609938926 4.01459108000779
28.799039949099324 43.7765969416172
61.04136636903401 209.72723633927188
148.92672973734184 233.09590584065802
170.22210928050634 107.37797939294097
88.2759108846384 147.0370288424193
42.71910662094225 62.40593089303001
77.19763079457687 135.87589066058555
118.6202138745651 57.81940560507429
192.78865720670058 175.7019776254756
46.28445467813469 72.33641349596459
131.64802307234504 73.61750121555829
5.745150318461789 21.61894482591076
192.5337189624875 25.38698355547081
174.74058807009052 215.26332712858346
114.15029138047095 149.056815711871
238.47551213352148 99.5814692227685
137.2150727683167 148.56717386810712
131.929542748623 80.45255351010624
111.32160616642783 178.05737803990596
152.64714699161834 200.31599217568933
227.74092852591482 128.2994091590802
106.39778052442453 124.70489758545006
154.7291195557481 174.00804195815078
30.58321883831061 45.2158344785685
233.11829019539238 186.79598147781527
132.2058534909312 121.54193362437252
182.97163764200928 104.64210572846608
102.62389724265758 5.287981035480005
245.43554388872255 81.88182471503033
121.33816081642937 127.07594740047912
156.055605037563 45.18815902704801
196.2575297712689 87.57579673539759
104.8770900842374 49.53652814935583
18.35379709550844 51.51883001716595
114.08807355532191 36.85917750185205
87.86623658476836 213.33530089302357
196.34173103859004 14.30479851974989
38.02500588227001 194.75624190655162
8.203984330564657 124.9907130885619
28.991791652461075 176.9848503784304
144.72911372515642 181.725491281448
107.68944384913156 201.03024654620253
38.682926474026104 155.5737272863907
102.75549923915747 11.503951165510367
196.82372850434953 173.08240549650893
170.82996692727875 214.32347135695733
82.85757669410779 125.97795291108854
221.14698911682908 72.91065156248582
64.09091541393703 84.49122722771193
39.00521977363916 14.95158113412695
247.26396342439153 132.36375211258593
81.98269811860884 98.02852939320414
55.627331442593935 34.869024748125064
193.67475650767048 142.01259493814274
198.46447422900866 190.08560868869912
83.14620582149648 205.63454824900018
82.57770004290835 150.1541423512193
145.40099352922925 173.1553419084925
163.56453395120107 230.31292551958398
140.61047769923326 225.54636165735693
39.26934138172136 15.949656227425807
183.27115401337286 231.10569523385797
5.327996321106504 114.0370129954159
87.23396099879221 248.966077487564
154.1242333566292 138.69090630763006
242.4512886444149 115.43612187711389
99.61155051155437 8.457997942870914
196.2447000028134 127.28671841222433
124.51845417467544 66.5266736225423
76.99348666437533 166.38569526650107
97.9602471410829 109.632218993227
232.01208654211788 126.94068593674295
70.43145117381172 91.54155427544222
4.158424520072618 1.6501098577281492
85.89132926946894 71.84717566307845
8.560515367236816 103.29938249659185
215.11377424353367 52.97894266546463
44.45030575075548 42.816617883087574
46.25672205343476 196.19692037794445
194.60359975241985 115.60444907451017
239.3089000438547 35.61796816881671
149.74715209919623 230.34163834692907
186.21821071452095 182.55175544995936
121.20749664265088 68.55602065361774
249.25470847951487 237.17433539642778
161.34908091055078 176.56520499286628
50.077514191274155 50.63354982338811
188.02158301092112 237.18461822859547
159.31043466971028 116.6463398159174
64.71012172899371 202.54949555823328
136.21342838095683 64.92000566396288
155.44449561115954 160.64632460226468
33.78036862969902 207.8940832740462
71.18689343996573 53.815851442631235
30.336966299131102 233.78492294389784
25.017106105672344 109.7400303865273
176.05518527431707 93.92040421690301
4.323659447057926 81.04730198608209
124.31489569415635 26.326382645817297
208.70493297855074 12.978469647735857
47.858690812754844 94.44100777748667
199.618731921011 246.84128542037803
192.12957870634412 199.71944405063718
150.19336664298152 84.87654005255321
195.5628416151103 189.805567926268
12.008957664397663 17.595267839276453
143.86050376103168 194.64243451335867
193.52945661755606 58.88504917674789
247.90630648752406 73.84909398592868
206.98891418921323 61.904918772245104
166.6137199909135 13.787478205021436
19.737438366771915 57.40483869380328
198.88453294462093 68.03553984005045
224.53160692208644 158.99465832338257
65.53922969436468 210.3566543821432
203.22244618437233 7.343461215399777
145.69513666922734 198.10745589515284
50.89709108780191 84.65942776870675
19.42113900948869 161.2141735385202
58.83852910162462 97.29032885359695
134.14884038080498 133.44796555517095
170.5602828202751 23.298205653592085
66.52581577172056 59.18163740196139
71.26284719266387 183.62734180187792
192.54786746914556 188.31191052920548
61.35195504935476 26.33600074111414
232.45162310569827 27.04710387677109
22.88570852403682 140.39195666773986
86.39751223464398 56.95416747513232
70.29313738125964 228.13147414878915
234.10001688431296 83.7814394631353
35.61450550348835 198.02959148865503
52.42819379604718 73.3059140789925
144.63806034995503 157.8515234984242
107.68494538593474 193.85925274185328
173.85664164275957 190.03963638181767
145.81326876342803 106.79084101584627
237.21405697135614 40.098822171284795
90.47942083487939 170.3245669107778
158.59909020381443 172.59390907402596
37.82185903881155 93.2206608114447
29.18659159079945 128.75708717806242
207.30085446779077 152.24031488709235
240.91308475071054 182.5783072292488
24.67043294825752 15.40648178446477
12.080128878550173 88.11212140464761
119.9378346524676 179.75814332527597
68.29931407516531 94.7623712359226
171.47606660456836 52.2576513183802
207.27099714239674 148.6547025331524
135.8908018551928 6.750415251163516
29.427196381664356 86.2281887131706
35.662840199787546 186.15297152079
186.24535821576438 235.81287032735517
231.96807094659079 33.80859432495928
128.32513528895853 71.5827897786189
149.24844090982847 94.5672483333558
100.53807164485393 120.35364141816879
83.97270853060176 191.0319651171623
162.71940172109925 72.59271806038292
161.02192513386183 163.71152414737594
16.40207044898115 45.60891502204345
236.38290509552508 201.7847802202041
170.14916137715068 83.26585595784275
93.94461389362974 74.98699884470591
230.14981382192707 69.63023683806821
219.56767127131226 144.3735287913638
104.98693924482106 159.5979030505741
200.62661226188726 55.31608523605447
50.26636024946582 169.43592362468124
58.854773233491144 131.074833484368
4.246579175015586 59.2866547735279
77.86098246041392 10.73021669140431
207.7287035508929 55.85654887196873
6.057431883418812 117.99190659768493
54.85136010959318 108.75491000941325
120.69329273791813 90.50773236273177
244.0562062890257 166.16188163890115
177.32886107952726 47.2342116364623
222.9751913436813 85.07619448719112
242.78132935557193 187.11981970921056
7.668941400921531 196.04178940474128
97.97246933938716 108.84494092977931
106.79488164678446 97.91573805720824
36.445838530572566 223.46244406073365
102.94123613629155 115.83326519270307
81.30106461902086 174.4295854679772
227.11997074121993 39.644376982105186
120.12568354359746 176.70328851169717
242.45902312664091 249.49508477743743
227.37365498809655 168.8502027551672
208.26589346313574 81.54313105233533
75.31813217715977 119.49629126799132
245.98165806129145 63.00639084212622
43.8470492265258 203.90987296078043
20.425271495366548 66.69048072814974
134.09881744019984 24.26151014203684
180.31466026373755 111.98990914109208
11.44882334981237 106.76143475603725
34.23550956184015 76.94563231714643
87.28159759803545 29.257679356708422
75.6143602337078 187.07380264158385
89.6553806886658 117.02493844148614
186.9046151987194 44.324887235294874
148.84361179694494 227.98962071644806
5.619600424771331 241.57672675386277
169.8489114898882 54.24920117418386
45.51288407133419 5.9030482954895716
242.85352278940414 101.43893725620414
37.028037501008775 208.65402912053761
107.65479230538178 62.92339816061826
176.12463731509 85.04672521860881
43.000220934741094 124.788924077356
128.5507897187525 14.86768841829575
71.52407182039516 154.62316763235302
76.00161913845602 43.39664141687785
122.9411562213208 234.05215137934906
40.22046507813229 178.64487378198308
243.4981898421084 223.1541258199225
234.4671324254341 166.50451497501484
107.08282163870356 19.991412680519264
70.26362346611167 31.975396306667488
10.836918930841295 33.9756516409456
52.80251993712132 132.78204629548532
114.44621414713377 132.4448750796152
228.38016553229454 187.2520079791982
237.91780721374514 171.09548856379027
48.12038741462041 151.1803155512524
244.93159741101337 155.31257220521468
12.613621435903527 196.75711459321056
204.1715317943164 164.59392203620772
88.94183119052354 41.03971002731635
139.16434618769475 38.68981111633721
153.1633304854522 6.052970732522228
59.648418652483855 92.20703770877897
140.89188769621308 52.53925847426391
237.72058951790868 184.79106754127426
206.98334106280572 179.76613811437838
222.00774222401085 216.0217556555463
236.829346631697 249.33635520733523
106.91704232182924 133.95712436223292
45.110981478978545 49.07575413887585
158.9079599635586 150.34841296802
96.47444423191922 151.28948968966694
193.85664644171672 128.66348214855518
3.651610541774264 153.07866678657652
41.696831973744715 232.84571009515236
245.61017989024606 215.93303215510613
170.17071065695455 29.480929136905143
71.10775289949612 139.92113122553923
1.658067550881992 150.53438540260672
56.715122060039924 95.01813720263833
57.768363997789365 37.31928230555911
10.44178084316344 190.14421905790638
157.70777418089466 206.52777038562905
11.706194538552845 85.7170507777883
89.78214142682909 88.54725619409514
84.83781786566713 209.23744838335818
74.88001230645256 234.07472075432634
98.5683076186486 21.871757735762916
208.06186953857522 16.729555218214454
167.70694595843867 10.648477610031959
188.52174479797708 145.253836320378
164.62324313083533 240.84950711099228
151.26613591836605 157.24140927354682
59.761304093080696 43.538260683274075
224.117759569471 91.22541481834953
187.71584349142594 210.1730777447477
73.02518515618605 216.34424484319766
223.95975975483262 175.70251580268484
235.17002336564838 69.29176136267556
97.46004968764377 39.06969643057498
34.74082484262356 37.08019863738765
121.05766788776415 30.712566080820373
64.16565581166279 140.69792676392427
134.35990401735094 180.78235829503595
30.74524130852374 126.79801775381547
232.26149677029392 187.2740086263624
57.63445176941306 131.54971471018206
199.24775442923757 68.80902102915593
130.48612846257024 168.03754367151214
191.21989372390107 214.04232180710423
56.09559679219547 109.330027948639
101.28903271590326 214.53105618862745
226.77889077291263 186.316181836
120.47605000095277 32.45313539952688
148.19524242115997 7.571847780947771
114.80914444245872 122.8027791126406
16.26103126562528 60.29919207450452
203.31222162418675 2.0663392914506695
193.0924530191298 139.87610649886975
111.92920694450312 61.009299072889824
55.232505833892134 168.6869398801348
41.8804039050005 4.415627678135442
223.81973111667742 12.645855176824455
167.2329015708316 8.138927033168791
192.95377725899905 17.007090413295288
118.92703241852942 80.36029031044589
204.51723858685006 5.933880937247615
121.67688941280963 24.1555112227283
2.17995508321947 228.23229556298475
227.07427915969453 155.38127053510397
75.36315471363761 228.51687430834536
236.60980847307457 58.604300552391884
90.98205336070073 245.43522637861764
213.34818348885804 137.18346835458942
219.77160244994232 92.13757614419293
90.96770866620793 142.7922594358605
112.89512621654069 197.46211752462636
153.39067537190078 8.508898924508983
168.67697644720764 37.24912986153961
246.38469548161507 116.91326673210892
37.4034948114563 191.837800573878
228.94619796955993 95.9854452320136
242.1986102313151 208.0603498427951
68.5721062714284 77.38637131272253
85.38530082871276 26.26854560235975
163.93335860609156 62.79255431354533
164.28128757298367 210.99108290504745
189.97988596504962 221.93043970427792
135.54530679724763 38.15617042954708
195.74220742540166 32.19285796111013
14.716263337069213 48.143452601619344
97.0576257755693 107.69243275016349
138.28971344989017 136.06018640880552
50.11393716190632 227.5230561488273
11.590690028651512 63.556658086012376
239.33402675877582 73.24894710101124
198.0139076701945 65.93425297572597
201.47214852990842 17.000636085574783
28.38821464129748 80.13859331185364
31.16568068205358 159.04491819688275
118.1996574053337 180.46863511490943
197.11831512756075 190.40104548921954
202.28824967466156 93.39095439476871
216.4172525988021 117.40836428881646
225.13730975899318 91.31223259966426
156.65872242608933 165.49674121004966
205.54827975461805 68.37373571777647
71.81014483196205 62.767034680998954
134.44147790843502 240.89582903716337
49.811554221948164 193.901091680656
243.06165760024808 241.33021804296328
143.4361817252381 165.4493626598522
132.8406092615452 9.26390186557921
180.7436426720954 122.86293441334637
89.20309381033705 8.640608501737063
215.4537126896078 215.07907085478809
39.16800788598107 215.64851873925866
67.9347374468969 203.6781236766408
48.70112620730605 194.22705915014464
186.3618770036607 59.09853378053811
188.34485569495186 41.192684292474105
243.567362233242 106.80213991202724
148.33851874797062 244.4697379054577
38.268920713122185 113.15367524800898
128.35600599192415 30.20452213859756
47.67136804212576 243.8312719547549
20.89820468060305 3.7606720030257113
160.1562628181163 27.841730531506126
142.74925449174523 95.40870348230834
43.417232444496825 239.88239891645276
64.75329582868719 193.52097937530718
30.725423647032347 125.59214744417888
14.484595505391912 153.41490803258458
55.10897222890432 55.46426685677711
80.37497257185039 240.5744328463454
3.249496685184483 102.10964537895964
31.626186510158803 151.172958869853
207.3747776286871 0.9946741734047915
243.0448531205943 69.4399398225221
224.215750370381 65.2987443735037
172.77373325128372 64.2124761901088
164.20157405727522 89.50000571002728
117.64349193504763 246.81313674516966
190.67962745447312 130.31730540557137
53.34342413166071 169.82199530417233
87.03348203236672 47.18119353846969
240.13422453287205 9.996963898979999
42.99370179682443 207.9664873296532
243.173136507348 56.20387789425582
127.96624733204312 220.13408980936237
99.36571500416805 81.79409687895576
154.9641817728985 49.039677716254424
109.6031823605495 233.23383053503994
93.60147978749045 75.61604465570414
159.12407327652124 147.3755536858193
78.17706707477312 50.50707737421062
249.1820175290705 50.23781965875401
144.2026188383135 145.75061848861844
55.91092767431668 59.48013548428499
107.53595797738969 177.64936386057477
235.79589378898362 119.8064844426036
46.068122886294304 76.21219210304686
88.6032863871199 224.97769916207992
119.75896951231982 181.04657948448775
30.24020553056103 163.59466372530957
175.89584008644837 161.70769422302416
25.441092954602922 50.37206002307279
130.79555626562293 19.653362305363963
85.6699738251756 72.30381632658982
180.9461285935265 104.38605220367734
17.12471819257208 62.20821622354508
150.414964267493 167.26628291612744
240.28603645107702 204.58711743830472
11.734027757132532 244.62960264952116
208.80060825415586 6.714393864866997
100.68575504212946 225.81568367046805
6.116193816716741 47.38785499310963
103.6913257428863 230.92658351361763
110.07338132753142 234.72034037111135
201.73591892115374 8.594872787269836
183.59105791662765 189.41482428692214
238.0817039834543 172.2502718304791
165.6926456747113 192.82798736176284
6.874140747514357 54.68009196904555
217.03326852139722 106.38555361874558
145.39923201160596 147.20613177300706
128.6585133537799 45.67554486644482
218.50531842910868 174.5878398690699
193.73836283895739 46.40153640984046
99.80217234226146 18.20387460247411
167.31795193721388 94.0577294828755
65.69918931198393 222.80914866409987
239.13590805081722 48.64937824523435
13.932307441619802 239.6353243702407
31.75144382158532 71.38781942408237
51.006574934485016 119.16993081618816
60.61796328094041 47.13916447744809
209.31851994748382 53.40944434410186
1.4894525434871742 49.625455595865034
220.57536097399506 156.4579776721187
91.30488495178432 138.93438700905654
45.78244410696172 249.01534749112645
116.03808501154906 220.68425134431084
139.14990287420184 187.05034714174488
7.839428714519869 228.88572002608413
98.30770543414802 187.24943250201986
38.1592701084327 76.27024836920509
4.787441121711478 29.914790657569995
56.570658199132204 112.27635804311176
88.81348592071441 11.019300590098007
164.6578242283684 179.75438274962633
225.10280957651102 18.626722416963617
180.30550593619435 212.2710262084202
39.38970003628536 208.89269200599654
22.670914463059272 248.61667234585215
152.33082670440032 144.24620848075992
59.93948625261439 236.51123963350716
247.4291629173001 227.38077938411482
130.36445920855382 157.06072457282534
84.45133015022114 166.53700660493737
122.81537099123821 48.363205845998905
19.2698002653989 176.56625384578828
37.024030625342654 76.63592940053144
176.42567632894017 9.148062485126951
230.15351921273168 233.87505241356996
240.60706413642166 108.14807563765488
177.05984121541763 183.08082630155224
37.47620729560863 159.94404731147785
107.82200901314232 17.462594702446044
108.21231829247144 214.5130691306881
138.4198903092368 111.07576502844321
195.19136417230854 12.299923780077354
207.20754497005123 52.9216006411449
56.17550354657766 181.42967342224085
143.70069797814097 246.79090556973873
234.55039270670457 136.3185454180133
43.07409661476741 77.4534314651891
28.691273295322674 171.49217634821915
160.05738699475975 178.24483549439665
239.16350369545796 45.71377301938673
228.0045536874531 65.8334766868629
35.25473835832935 236.73939020276626
126.01633263392354 186.6076014428798
185.16839662379292 6.360528666654652
157.6721598174893 157.03820061042904
12.56959223142562 116.61648324187753
249.34218431877468 216.03197715192928
6.16635773069707 0.2022382434850034
42.106433975647896 64.81753146838992
152.3611276379362 166.42338164075903
78.4976526958972 165.04810556773523
63.69354619129264 103.75414155941642
34.67584243953426 212.1621309066181
114.86603706994251 237.87682657886563
64.6194753782757 20.630052758226046
150.4137797774004 93.19922264172631
185.25209538383734 156.2094680128228
192.10386623487233 167.35925409800623
160.0641541976995 21.1888087160097
210.49931960138682 219.86558468856543
233.76332387814116 74.94477812009822
59.18215560463963 19.863863756916622
2.0385976383996143 242.67864083406528
50.797331194191194 180.88659848331346
127.1587313869905 74.47370724392103
48.42767147238658 81.84225561428867
175.10379686406355 131.73571208805512
191.14209434166503 72.03070055166191
46.665154426081045 52.7258280431574
3.578310245471367 78.64351444444628
24.146332794605847 222.28743245412045
138.74528201063077 183.69237565441375
51.45732032998543 67.43973576455193
189.57875641697754 186.86757479334196
129.83531878955165 109.62962075264299
183.8409204110231 238.0122994138111
130.10415603655989 205.431592469771
172.22605193527656 244.22372465565408
10.7894477490125 175.59922195498953
33.6089994332415 155.35806169906263
37.35579041211176 191.3306212498747
124.5802794940822 75.93858365603043
232.73390398717768 35.62691962126363
91.11737845308227 126.2323641945599
15.792428334781173 127.47937667681656
110.55711928873546 37.96265821450196
0.45267384346125983 148.79420949589175
158.86032721992115 190.47612428135176
166.784558931675 59.765364497403965
155.5600996046495 141.23313358692002
67.99692014921979 92.29270144380259
136.74624378721637 164.19350546266202
24.170703706476086 151.44088849536732
4.169292362625088 61.977385628183114
10.120047249183251 144.1196981059888
137.3551185267653 180.92134473677564
205.12042580399847 21.113756128936288
176.81783612504483 121.88078351704323
39.63454865091426 104.23885418896236
52.17877157636161 170.80424923993274
4.376838985455656 234.22709267501676
57.745915169544446 74.67160742276701
27.8616493144708 120.59433713252693
149.91968084713557 208.58033389876428
46.79764763976946 28.28923360145766
237.76733440681204 158.29199680300405
168.7211682855627 92.5598248122131
37.215394215749264 209.63965901665685
176.63698365300152 199.63685260550255
205.67905790749253 173.03524322990168
27.15030903374091 177.5950490918712
235.76722868715493 158.63745233630962
93.98123873683758 102.32257963103497
46.555164696636844 2.68762767430869
97.05864639953981 16.042398037553195
236.30390395831873 139.47706579547685
39.37187812411075 36.11319788697265
99.36427187697683 193.92499854152246
243.17920186210787 44.599680240204805
187.13492608218957 104.185693591801
115.66449996360892 211.58688645721955
243.60608457739795 131.96530766083436
239.75104377648375 132.29625625115062
80.85731789626894 60.12378964173093
101.46069280415674 121.47372062674327
204.5386425977662 231.16621738771914
199.43123160080532 31.67144593184787
47.58355849401916 1.6446639825808684
82.83688557717939 110.73822100015416
166.79968675896112 206.89115835601336
232.42514454961668 186.6646976772927
58.435587632230224 163.30791839039424
167.20022935907522 86.3747469519252
177.4100441564464 235.57060982317518
52.40038573711045 179.22393711792242
179.85057319608737 246.6022870583395
111.64030187927817 56.78493690773262
211.65095635327336 131.48192205394528
15.469013745184668 151.685418852777
47.50105639435684 70.10545502840526
124.96193408989761 192.56856340751384
157.0951979646851 175.0448004163281
61.845687657270666 29.053498191061287
238.80692241773679 249.10387660838686
218.40175539720676 64.0064637345418
28.21816410612313 219.76383367674077
118.29760375138792 203.84893283590992
231.0193717915989 228.8812570554346
115.80631420311016 38.44012757951562
200.1621662050038 75.38387358815885
48.20041201437883 165.171272175022
247.96441468320944 248.71075764299817
181.82684583468 85.40861595049002
98.62043141080767 227.97322692081207
101.63707034336511 178.97889305134368
193.66133331953716 42.935616684543156
205.4089693253953 20.321265786837685
135.89645392083733 111.89170942919138
16.85884726883813 200.67933363002902
161.69496151392255 205.97047278564173
38.918689659977304 109.58611115748629
188.12858935796478 217.2906273757867
65.42760167477388 92.19929820859151
48.89339634181644 98.16712361988394
70.33548487834904 112.31669063824657
120.48214198845439 0.9315151857178794
247.03624818032085 91.63583122187535
241.9802883601421 38.2934098028587
86.00339242605712 70.01133517845182
203.13797382948286 6.184204733455295
159.2303268871371 113.99993812678147
105.17296412764173 109.38708032978681
196.8326106243981 87.91607430561915
212.4429772755642 133.68996966003553
45.357811934535505 196.23548621655524
200.41391232927097 48.044722613827
28.518321326716556 249.47652844642357
219.89605179488584 34.23125104552543
174.48886592314489 149.33924880523847
191.94825748315372 64.53439325599572
194.05996230939752 205.26532395799634
151.5494657075063 248.2364164077969
4.05149315014211 146.64569873970441
166.447982285545 198.5338262703833
142.9678562020107 58.801738464822314
164.507651509387 93.18773464624044
167.68741125919217 39.82671130818596
187.255540310109 111.38364857748284
71.32717134555449 233.07461153445948
196.1015342439539 229.8780075976771
55.96728504680051 210.26595197645688
17.00192664701461 28.572560320325486
246.25369641081087 87.31361532444501
196.46692487040787 180.24513335381536
96.99435149344573 110.28108450847101
90.73013599636076 100.10798239713232
134.02821882751837 56.66983265554138
211.82612799362536 195.67980719111313
98.17572447239387 230.44713346579232
169.5416448921772 174.4615232542886
159.68139026536863 206.94707539925344
68.0949631199155 133.07682262399894
51.156195326625856 189.4008097802681
30.43634211628729 242.6910506270266
217.20656343644222 184.21784359052623
164.79373151007394 53.92203176402715
234.72693338015586 107.26759035841471
230.0152734888806 68.16419222421027
94.24142405126868 243.00791635009773
48.485631132516275 3.048191689002527
157.36515592763425 61.13749712700309
40.18693788103481 65.42715245803963
86.80111615255848 86.47645174159241
123.13441899123043 175.44086955212958
209.72476703815522 49.27029997040944
71.2122441960235 90.16408466135466
157.64383292884057 71.54805194562594
196.51105264028178 5.866265941557897
6.185950525474077 23.520098287686643
22.456033320914614 145.93208283391047
188.320017622663 49.19951676706763
45.698473818849365 13.254407474861202
232.73025632241357 153.70295436749112
192.9603104048254 28.572004320216255
200.05366123584378 152.83875880567095
141.7758825426514 170.07804846505454
156.23617913783912 33.21181514225358
93.92403011216082 77.867596988851
226.12803773641548 126.35349557937614
172.50347118919356 222.24661757821147
4.298403301917331 238.5086048297076
200.1939713753481 138.12998359984448
80.14025395456834 184.9159487750643
118.03405455061893 184.03722905794623
8.991630028515802 236.9199872301024
115.14337554611271 114.60459345577479
0.03522908481459752 212.69068057982557
185.47549541695918 13.399397568627652
191.59870494319637 14.460757123783392
110.56362338259653 42.21195967357588
177.52973225509467 91.14108997551904
204.60992436504455 35.01597178911137
44.364342647358804 123.32535206851824
153.80761934560567 14.064558627720047
148.93689816509618 189.66579109226035
126.40710123198993 106.56017315455013
137.76755923081294 126.87981021865524
28.409632143841456 53.77331140923228
97.60971286458448 25.194324285139512
204.57628049188887 72.1973337926928
135.43712716956048 107.25328598276398
25.63974931679652 200.46634537157485
107.66955747773666 61.277875774703894
140.89473584770704 86.57381982290485
249.38404035812755 35.821704715048256
225.92043560224528 47.47603231728309
54.461389965245715 70.30017413663539
195.06361756409981 144.56466799544748
45.76614908654095 134.51922436572812
57.60344484468896 108.5427880232305
71.87461179104426 63.28510464142539
104.91978375250568 117.14124698017645
138.04773425881717 3.263607912402988
150.99895348648852 190.796496184354
156.10874204661104 179.4029545133463
100.96088590376276 245.25066244718545
39.866418358049216 238.93509544156439
120.93481612355613 7.465162076563531
88.37558765402225 222.36201450687653
70.86207121358548 147.85109734184232
105.65976729092735 142.5742124257099
58.22572139724097 32.472200364947135
154.82905231532325 80.89965941190414
19.332257905492394 50.80527532198409
120.93793688185941 93.78714025897791
239.05001608330159 136.17192237698035
185.3783444869899 153.75501205429055
80.4685711129666 148.27137546602341
23.973633711831894 40.55258090461009
228.3973025162848 2.344134096657402
160.83058809299334 145.38569982931094
215.63356743909122 161.30020086904383
66.42466929574256 27.228662679314287
192.44696025862652 240.66200341995165
176.0784068009911 227.05318249737525
77.36900294736346 106.86277886172654
143.27796992107776 37.64664589153377
161.82741673696145 84.26700669186332
15.565073582759409 238.51099770189367
110.12097738603765 41.1617125603535
79.62647255212718 132.18684200843379
211.51485575553716 185.53320735160855
71.93023949016015 40.808129311274286
126.30146710952106 213.3585701804676
246.0930912318334 98.01634028009329
6.274061906654999 118.22377079698315
207.93896329732783 56.574059708589864
197.35354011453938 116.33851880001222
1.2714559370467227 151.47363416302719
248.26129692647456 183.46810108944663
246.4571646858568 118.52824382430776
94.40086804008402 194.26584938700535
81.78555320861744 82.5647014201748
64.66067041772736 243.19689792229096
161.28026056358487 174.760241479053
48.26832278247181 162.14680682099797
224.12306972439757 213.33547366294474
87.77615466497915 78.6182064426386
222.22485934631115 137.27719763347167
104.16457170335408 5.40273356303203
174.1808690968844 102.93161381681767
233.10865214779687 112.83869967852402
198.97545332504902 123.62714540014419
2.330341654874779 235.59796579229024
36.086833384592346 183.64419471511468
58.906918251125425 197.17977490213983
81.77529614946727 153.60864809903595
89.44738736894558 184.90838633654172
229.52757464231203 133.09278283891874
23.367467284362203 116.45896808860817
203.98189160174564 32.54294340833477
244.58000569296493 70.0291754446365
28.12372998874396 197.94102422007444
106.08413649650252 72.69397482407655
23.602105640977506 161.49721816782787
83.55259138028795 120.32282955089502
208.23861326425657 241.7728039243549
207.05520218221022 180.2953535371034
204.8479183378711 118.34145015508676
202.30191910777333 69.4646094529808
113.05077486162749 219.20377190640812
38.492891462227455 11.142824038861326
77.04320194618516 147.6196965723013
221.1866669031916 71.6008678297419
34.21263646310302 54.73433569866501
61.54150718052903 68.52230728365211
61.155852481868614 236.64658688644818
129.95090506317555 182.0333176474176
22.871780704752265 17.194645160902688
143.31825440049897 28.674976509382667
184.49901290635017 28.49047963208062
54.07860669005144 242.27842562283908
91.94688813337382 50.84691113794151
84.365478127957 179.5042547809292
133.877709760338 113.17689169060874
139.0939004973197 154.9583671766982
150.66355632072427 48.01225090604935
126.49381285142563 219.06356515163858
21.58689104549133 79.55717375772251
14.181624671214033 168.18838767586016
203.2358668546592 44.30125661061449
140.9714233364362 9.356421608255976
235.18053047691046 77.31092916344484
134.85066636170666 240.76604063874112
37.06947521896225 136.94430210468911
225.02306720225636 193.01269457960095
99.24184653041809 10.81787714293453
183.6708806445638 164.09668229205926
237.1686132932899 156.4689810048779
189.2155395603812 85.30296343090538
185.805501975105 96.19900420054903
121.65566676471748 57.59038395759794
218.16377499223748 193.29808400087185
74.18404725937222 183.06436788734328
19.675879716625627 203.63591120660004
39.97543237167955 233.30842919816544
106.34210870845295 80.8927550559092
170.22879668567785 25.278073655565837
50.07743675051638 222.49227859408933
185.92810269062952 108.63256407494984
30.26711117883013 75.35001245989086
20.492304260391254 119.91959395811041
54.5977601421071 80.13279215753968
47.02183011263716 123.01033910129914
63.14674054746472 129.28363755581958
92.94251730870026 179.70955637002598
39.51207728197717 57.40761472758204
210.07552558448006 99.31365691613588
0.8718657227261839 53.93604546407168
24.37640971919078 6.654684066766336
228.1899347710315 105.38593640328209
93.17821647150032 49.418865451555135
60.42510147344693 185.75532534606418
37.75963723824483 64.19699094891945
144.58716825304103 207.36321732911205
137.37539697142617 158.86286202873788
245.6337958506734 100.39574245903385
228.16361410808156 40.630798590334
110.45956670203186 75.05125747673011
152.2943400635623 176.46910937306959
47.15166288931621 63.132997581663766
208.30484094198403 148.77522378933793
175.42626636532603 152.5894249539549
195.6489715869411 187.48280991435283
186.955885615676 41.47966814567516
77.82508383435413 29.847939583607708
225.45271493886975 61.851488325226136
68.37247606128838 175.61035070732737
124.31537698385387 213.8961629631167
11.980405321952325 93.82345289469043
49.779092394960564 40.07580419303788
105.10994513459299 41.09971283855643
1.7542649339908067 215.30746571083574
93.56845850901307 79.8816821301781
40.289507221338724 225.87407763330862
205.36510226463062 230.13673141551996
200.96458858951434 207.6019194407789
75.19305999161955 68.40889247689807
120.05115734421423 58.826652448027566
174.22402905958853 195.07164615676874
6.218932144643308 169.16457180257495
200.05463242815313 208.34988308023947
108.44451616133915 200.43503562915254
12.205827706893935 139.22032195600605
165.18481777970453 81.98616225436054
213.50635421986524 113.69228511450704
179.45591891754225 52.35044631328636
12.01127487600906 201.30090451604062
202.44462014420827 113.93373424746517
129.29831199272942 242.9183390377207
96.10950472958332 162.30033577743814
10.871565243410735 235.21028980570787
196.2801316428737 129.66417408887494
64.78156701091245 67.93883046415131
53.46180961600705 152.7532475245942
98.11825712688838 194.29958492380533
72.82138008150596 164.43332100171008
165.08632091949178 209.27052202644174
126.43459787077809 35.68162228456695
177.19786816489074 3.0246644492945007
110.24211126714764 72.12298331882563
191.96146520716482 215.66262637834302
47.330600274453936 50.29419774348962
99.94069635090699 228.7219799655243
155.16925779947732 239.38539320057015
174.88557080665205 183.6582215889179
102.67788235860829 17.392057292003244
141.98093036296171 162.63631120240606
224.95038494587212 34.234638958167444
18.199294109594256 188.15971524896074
189.63908380883316 135.0371935100778
4.9842154390793425 142.50610470994826
180.23164250495694 112.1315415878274
85.44577388024297 175.84318089354645
162.81812081256706 164.56284264737923
153.85696246761722 57.413025756678834
90.22344896311516 15.710315891343086
11.776163202253276 39.413053729745265
6.148630481944695 190.36155675105758
60.19140287723937 204.74643186700501
4.145966668260614 218.76609247066173
185.33065090262136 192.0761427309508
172.95903743640676 102.68598101769163
53.3370544788864 238.70249366354471
203.7629182203913 56.165949305028576
34.69084789486621 71.67815658427983
117.88570701926828 119.51748756218628
215.22286531240385 220.17394958830948
187.7394960216345 106.5900926082936
125.4334390044817 60.72939631084972
162.38499680339137 119.71003155994872
220.95981435564175 59.7148550889377
185.49397078959598 72.72705302738588
20.819647223631332 207.5831614766219
235.644757411333 16.54197188149964
218.76370678292983 70.77424619105899
34.53728194432409 152.86197317954384
61.51140900876626 170.9676555751465
53.03443183161855 235.01314887603942
191.50226536340037 54.402050688044326
142.6066083021884 70.70664033141219
66.31262373613522 175.96321917920997
68.94097151676526 147.69900327161022
179.05662077980563 30.987480410639535
170.72961231897352 35.582583109855456
13.490178327203672 133.91808014574968
209.70564427042592 45.397961036244496
18.04212552276563 70.47617077451288
153.02023183102142 119.28959043676049
70.53309534054122 26.069910749949578
1.6674155801709445 196.5892416593068
11.22546595011048 164.07449281194067
58.6939286074874 248.8618883657783
103.13796732245851 100.61481623905169
128.55809760961372 167.62516323664917
58.45830505745034 43.250238974095524
218.6459382825545 161.47995683373236
24.68932401491497 186.69990855451746
141.32961812765083 139.97618738377128
187.80019557045398 166.15669408185656
153.7425969535592 120.62133490526453
37.40022434869916 104.18325941951697
157.32530125474224 83.79920614022704
27.832505882200376 64.49584274682648
33.99484876748732 217.31680947662971
20.85968555643544 25.013214695358165
60.75381422274537 199.81480242172117
109.84766050572817 89.49722971327407
41.43953773544673 180.70198023705845
248.38152315464217 167.7795553512008
11.823435370021146 220.22131360520842
114.93428677519202 129.92466285777564
9.713555563845706 178.32541749683674
50.98608110267364 228.29847685466518
178.3209793319471 246.29253230224253
47.74635106707911 201.79555302263492
137.40881539321262 188.87137346364534
178.61400435917355 55.10559439199817
20.03454238891403 193.51931468534534
2.6664352350338483 2.7224667567864733
91.81256300025792 222.87233101377174
88.18139379321511 145.30280504853351
234.50222504003142 95.19642088348265
205.92451240226467 232.1308900435799
54.54080234199943 18.388511614320173
162.09478498365948 230.9763300800234
50.481642798694686 59.03775550883472
67.18895361965599 68.11298057391387
32.54715970829641 126.90638585021394
234.55539549398208 80.03294440031789
222.51523685910294 110.17138984889036
149.7098765382399 17.291909296016843
156.54673682626301 141.09858555525446
242.86568612893117 99.23463930486356
218.91555448343516 195.76481046857268
204.29794008998982 116.515362091132
143.21254119185258 227.69861986762461
195.51581682122827 202.90821759387347
155.0364571505862 2.544326175041828
157.21234702433458 68.26621940452371
228.64048786084163 56.80998050105643
127.36998191487429 24.55351766949715
249.86067649772318 222.7678076244279

115.81394180555881 53.234218514533694
203.3514126746656 178.18864056536214
141.6930022840834 242.02815241140104
232.062407910144 83.3152453237129
197.41050308010787 173.30395274931575
247.91392946727402 56.590668594410865
172.5410882831515 247.59522179796912
210.8603339977687 55.63881259398967
73.87977731989925 118.89246424844363
75.02702859914508 158.11844809460632
173.23896143777728 204.55280478557236
123.54251098338037 167.4386576290979
47.720714647707965 37.06171863867283
91.10965404683836 97.86721517589378
187.39869048502112 107.21650220367873
192.8446108294683 227.23619737055412
58.10935601634051 171.79176117018395
183.1338040845073 127.34926257025822
28.04882080616028 147.81142423428702
44.50900262561225 107.01657352340376
38.67536851110648 120.32176898693575
88.35980501753541 214.01136041309164
149.6123440472812 43.97373803496416
162.54057917454585 189.4937747645115
167.82304814538674 1.7864219231805978
12.470878128813922 184.86922755863293
38.511740832410794 0.613334867133275
89.45997746008261 111.36036255987469
164.0162394525523 129.3659199645324
80.31345123700645 218.5355246474607
207.7821485155756 206.61206846384948
121.67084489849981 74.54695417781748
107.33216659351666 163.23595779161556
126.95324150537901 50.78899957159755
4.408523383742424 203.11663479483002
95.47876998671956 240.72621950334803
31.18104275257394 94.9728147511461
85.52773800694682 63.081654543081235
117.76812401858066 67.70268250332647
238.05540248552214 174.39957812764942
249.69253729163614 181.10374331476865
191.36819868065078 1.1070435390940214
56.45512479659131 71.13095402454317
99.35159154373571 62.796587323537935
10.218348535044635 62.13788678431226
190.58935718984836 171.20746820482537
65.34915600856914 160.54918620943084
121.64962175688002 121.5973400024932
155.56389768012636 171.0026890965895
236.03684155722448 49.45112468198553
53.08520604521894 186.83373105578454
59.74715469199579 153.40618724540607
75.71569601090178 90.28363051698452
230.0046606078424 149.7726271220057
167.61078785557262 156.51126883099647
15.02399561300996 82.416781119728
137.887581954571 86.55495102339547
206.3702639355782 181.87990945744636
135.55412749383407 8.19715030935822
25.032666894001522 48.531694679015885
61.61341349130694 209.27963919713704
149.0382758226681 239.44230746349766
165.72754179771349 111.82745088007978
91.80516988068527 150.59913271488867
44.32433514339501 65.46298553758481
75.99706138921664 131.42399604857724
120.40768523280879 60.78978016956702
195.99381461030103 181.43669346097852
51.11338551908873 74.4665860082758
130.00163396945774 76.4380529893178
10.749993248600681 24.174527809870977
194.43822632895606 32.339947641814085
172.00986685791761 213.10827623403674
113.07549260887534 148.2559917686239
234.30098129188573 96.36669136468603
131.63784882182958 143.54379553382697
129.75864323962207 75.16103710163188
107.80178618320576 178.79222285952457
152.31498268610534 197.44574322967273
234.05724417933655 125.9992739671879
107.22432487797848 129.44199438243783
159.7348817525941 175.58852702299197
27.27684879906886 40.427976172769526
239.19944711497808 184.40686616574047
137.60264125510494 116.5806240860095
182.20037620834424 103.35672527226671
99.84169274768686 9.776201321764654
242.5617891551297 81.35088298876563
127.4719242425763 123.17302107538308
150.93298348344328 50.07594030117821
202.84051597619214 86.35389778639457
102.36506768829368 47.72707463331927
18.39710316541715 47.14553452689324
116.09998376478345 41.12118218017866
92.97260454840713 218.8610209914984
198.7422997729152 17.290632563137205
29.80150466784387 193.45121290679887
7.2158694406432575 126.72811529603148
32.83236590501601 181.1506879741778
141.8413101713744 184.85289076684242
110.025345179073 200.02357147040863
40.642978049364174 161.26938665099297
104.68107904167948 13.769323617544654
201.47454950265833 166.85753902667693
174.60227244472367 216.32583726893944
78.11269377085561 122.59253594298475
220.61714201692226 70.8500566474749
62.40273635142546 77.42378589352592
34.817274078223406 15.353534952445901
244.5688781202682 133.6179264906435
82.31849013217598 94.28934204524444
51.65877017963697 38.1192306120095
194.21354121319314 140.93394548893116
202.63416891122017 190.7001811169493
85.49906331856062 207.0995012240531
80.6659224234276 143.6858136811989
143.26762386950134 176.17715842595928
163.16010158027575 224.5332185124443
140.89463091198763 217.9988253697725
31.861011160444512 16.013263848203728
184.50076716648232 238.68986921844024
12.879506242832516 113.72722847758341
93.57240811689336 245.09711084736713
156.92960413270464 145.50741142401114
236.42123923422238 110.04981468522804
103.30191867019431 6.378331823255035
189.95266619900383 128.53948846944272
122.22919432111817 60.52214133198838
77.9585589476513 170.56480003909317
92.74009834031091 109.10264921227852
233.4638054447606 130.8618573691595
68.83094305263494 88.7378373473237
4.515683891362449 6.106633487221346
89.164138425497 79.23141259794711
3.108180904718955 105.72400684466982
210.79795433286714 51.28854145166281
40.31069652813041 41.48465734209436
49.39861623793687 198.56881317044082
186.3385159151333 116.68653660031613
237.9072812070636 39.66635948467209
155.22913776426037 235.42396679647896
187.56374003566881 186.09651169785593
118.67166696765847 73.83732021768799
248.85534214622996 228.99104241948586
163.5114833219602 173.65910933685092
43.756652234210826 47.01813661329599
185.12092187553375 237.69964742278623
158.94476888565862 113.00116802701726
62.29656057494365 207.42422294235638
140.06035820849536 57.46074105030635
162.5408807376382 159.22456049002616
32.55392062760154 209.38986812513875
65.75105493518838 55.7310495890791
31.051154464503156 237.16530566502516
24.799855424445905 106.17889414243947
173.16003542681233 94.3195119424515
5.432024697511778 80.70095957829592
120.78284759900768 26.470551191718318
208.8652513038883 13.350520190517829
41.27269626728838 89.62024097974306
194.21822499059127 247.50103032682267
193.1620619130737 200.10519579820766
148.48439765070427 82.11495297368634
202.33298454261637 187.24104069166992
11.259887472175766 15.250517561573169
141.79762093381242 195.71451648633203
190.02452264143605 51.90214319862582
242.28342330504952 78.28031054433008
206.50624853436108 68.5375328767657
170.76799751783417 6.678653241993432
12.360272358411223 55.18052692286038
193.52928010922034 61.465254376491615
222.9020152935655 160.49922583743063
64.95905058146087 210.13948811168433
204.08590118182352 12.164475455161472
140.2673829067669 195.67796521947486
55.95592794481188 86.46733248376229
23.24316423928363 167.4193199113834
56.812499707586426 90.67372402183943
127.08402021006148 136.45348351458964
165.15477592627957 27.53891290575447
63.84496397214795 64.4274471037948
78.21589066258299 186.60839484603824
186.66035240057636 185.64338677299625
58.41852489238231 21.49808910777276
239.1096364764152 24.478481692344428
26.481128775787926 143.7977175930896
88.94833816022404 62.2488371016616
70.3151379087768 222.4369417211406
238.18937501162912 82.90844809193112
36.60394922227778 202.25092762193168
51.87967082387648 77.22973508971239
147.47486075242546 160.2318743565556
114.49770306780485 196.73168398908535
171.95656398917103 185.83834129314437
144.81999604504847 104.01753318956311
235.7620201923352 41.719614319910086
87.94575079892795 163.10083005237726
163.28960830788324 168.353175381635
37.44537155622993 96.73600288630904
37.24921337652909 126.19544506533339
213.87294818156897 149.31205389829188
241.8672410764861 178.06195274376975
32.08839794961823 11.373313963451427
16.146325754293006 85.68433086330471
115.53846635483738 183.14210898529979
68.5478021127337 99.29993272577501
173.32437832874368 60.21353276964139
201.8931838960762 144.91713741744223
137.54234478706573 10.638056964789921
35.39827598539902 90.8269416668633
42.09163020120229 181.24994807615596
180.2502510068753 230.01147873111555
226.51123429824446 37.6928322639285
122.35398298562065 66.51308211156542
153.09936833601174 92.52442759358831
96.90385240339965 113.66022849582116
84.25889873984174 197.1654941479844
168.21202198566732 66.7739453121256
160.62563732780083 170.83196796641025
19.553880150837255 46.90195115714277
231.84174955326603 195.18214420270056
161.9033585318915 84.37106127847203
92.25033666058097 68.06766655901644
228.73253433063167 68.35552658567204
224.37179533116185 138.40391672022264
98.78587386445334 161.89061627706025
206.98276576302948 50.811260953335406
53.56253531597693 164.0638116754375
54.33619335574727 129.12788676624209
3.803898606330125 65.09146016022893
73.84887348050803 4.846933399289766
205.65923240285267 59.87748546554969
9.386335730295043 114.79294002050399
61.07778495044275 112.54587690025284
124.79194235689836 89.74012681137103
245.56993296574643 170.29158168629206
183.02251493968978 47.66865017195096
218.80961810653173 89.06300920160773
236.71928126538586 188.2337245406175
7.117208170196287 202.850047842098
97.76763414693664 105.86646113151821
103.64135221264296 97.71892810230808
34.34549121324906 224.08169123690422
103.73472285803123 109.4933572292014
82.65940211085457 180.7099294310754
222.02310458432476 41.872816893014644
115.66248655304948 174.54942458536084
241.65326904780886 244.73858496476296
228.26598497440375 162.95259269526306
211.91234883139148 75.73373999649729
73.48375328914686 122.0410686452034
247.6770773591911 58.281804038397695
38.14755805036152 197.97742792373273
15.897701231086913 72.86735666845193
128.72238300881398 20.85904927138296
176.73129142674406 108.36845756699154
9.648646018836832 112.44114441464151
29.543068027986564 76.00586691733501
89.03516642612335 34.64871912655307
80.17852932309461 190.61970646301035
84.55942515167763 116.37344678307198
190.38955105207944 43.538041837696525
146.31721320728835 226.22435533645535
4.8011665596282835 234.6483690770279
169.70390222637118 58.77954711684102
49.35115805735557 8.448313317229172
245.76694805603506 96.13150284048218
38.58742678681451 212.95946112299833
100.50731739676507 66.39991627477615
170.0510539002648 79.21909731451649
47.03659149780334 131.73316165248082
123.94016736913785 7.908683667645327
75.17648627876042 159.5747925401585
71.22484158752968 48.60545083462997
126.60425097879404 235.9792531130111
33.83293235713145 179.95417650196813
249.26985092245755 227.37947982905425
233.651474231003 169.17483487837714
103.19053159657932 21.49292257795607
78.08682044085583 33.90242085400438
14.135449876918143 39.5206044631094
53.750533454499624 135.23484514066612
118.65541719566205 128.75676829871563
226.1857419773439 193.39593000918242
230.1547187736428 173.89803864369824
47.27095217897268 154.14358399802165
245.88178053419557 151.60136910383977
16.983749264110394 198.6144260106461
198.45998416854795 166.81770685432372
91.25601407372969 47.50439888079383
140.98102848591145 37.30624784293835
149.5261180580113 7.613926010946237
59.89738179934423 97.04028885682153
141.07381246569523 59.10566171267498
243.2059795983239 190.11403091325133
199.59514969528072 179.89998503585653
219.74468770978254 223.67258890261144
238.77812024210033 244.45517048773323
104.36725964663077 129.42036336050197
41.9323662335514 42.692127043375436
161.96949956971056 142.63535893461778
93.74755059459517 151.06673559201096
190.14436409995403 135.94454444037729
1.7829728278460633 160.4810234475247
39.50576017659946 227.6061928272409
245.33849113506258 221.83687048956196
171.78153831410106 29.211134204436746
67.66378927066668 135.14999170130505
0.24610364652330463 156.4252915053901
55.70882893075499 92.2678750322714
63.728274154550625 40.758786103780444
5.369011196194457 192.2875784795878
155.59944080803552 201.8753626423409
15.393665450191635 80.44941786269472
87.68217142743833 89.96874825901816
80.41808401232811 202.02190104144452
73.63840600028703 230.53961309755576
98.21330269215566 18.402345440122648
208.7351231600414 18.739701879958492
169.01353207044752 11.507059795179215
185.60799957447267 152.86678873922392
165.82039111075406 239.85314303602345
150.3626989622472 152.83193927932464
54.98205051922894 45.25543727451642
225.3018258431462 98.71581930560805
191.61407781050306 211.33853117054014
68.11445638654729 213.91908084500827
219.33997350707682 170.90225712822644
239.18259274306075 75.20176114245916
92.93333545950291 44.76542007574125
33.37833976866869 45.01536092264527
120.50059021947895 24.026484018391304
65.82416859282131 145.08155924624583
133.0115633562119 185.57076340954845
36.69986900225855 124.78821341255392
232.9686599101471 194.83244984558985
58.057846388676865 127.95086844682183
198.20967804558387 67.08969674322093
129.50493682968832 170.5166893508741
192.6880098131967 209.1455377139868
55.81733066323646 106.25038420933164
106.11598817799262 217.20370937842216
222.4014437862075 181.90105533996584
121.96303494223457 34.97403805564703
148.20381735584618 1.9699373701151102
118.31913360545207 128.49509881395605
18.634708959128165 53.136788869507846
205.64483060217637 7.022069997848601
193.68366736337003 141.55154361006123
113.64709309848273 59.94991893654486
56.72153990373066 163.17119253565767
41.85398578865057 1.2107363631043977
226.23014690821128 19.835230779631924
162.26347204863592 5.767105599127353
199.70922905387775 20.763396041486388
124.04678692584625 83.29159440643771
204.1327371426463 14.172188925177965
115.85536514096925 20.860696678233065
5.583271517142524 220.62910790557834
226.9819212912592 160.48542216968107
71.44670257293748 234.4665488719524
234.6453193939519 53.27134341063086
91.59494554401665 248.45609144093322
210.8505762708735 130.5935866263933
220.00848176760414 98.68283514246221
96.87245154452113 141.15017533390153
112.38415339983906 195.85606948776072
148.3949977915158 13.00060469542963
163.00812898986342 42.07346405119197
247.7368350429816 122.47792111801853
44.263094124480624 193.45876465273548
231.7792368846535 98.10187256681868
248.2067139239625 210.69606862375872
66.56698643690542 77.70940894847894
90.58983902938681 23.913590980826598
159.19642460479818 65.83872416536293
169.4034166239022 215.55908782718316
185.6648545087733 228.7147954170588
132.09247317141754 44.54009875076731
188.5435258020246 29.815536039708075
13.56925022829525 46.09912108830586
97.19803995816747 100.0255312838599
137.34616188380457 141.8061684630377
55.81444519218912 228.20778740575284
18.264772476808744 61.673937375833546
245.64125219912842 78.48849903231628
192.04134345375022 70.39701371294655
200.97334792895555 20.475166365250764
31.710736488433504 77.53143538651922
30.861849465937368 167.44915763690992
116.66316081797534 178.15387830830844
197.88102274909446 187.43293131616053
208.6557975959024 95.81535189575993
219.28508128840966 117.78601995603688
217.38637629094433 92.013368716555
156.57158868172436 173.88496370060122
207.39268707813764 71.8845203503016
79.4960882406164 61.185707558414904
131.25511319128023 244.76655657983477
55.61822366905192 194.28932969423147
244.1328351796618 245.79928813120452
146.44305533498576 170.8760797264097
125.99678930054684 7.506231023026055
175.03030933161352 123.57027973156175
89.15397523238126 8.700389995449282
216.72092474194417 212.313208040964
39.01740180435612 218.72248037521805
72.81011412372179 206.34065879507517
45.59719791499356 189.47439308212537
184.19364629754529 61.22420743851689
185.54719621238178 42.248742400803394
235.91871625663893 107.98195625497847
148.9698687894197 242.4633680810113
36.10329335180998 111.76112763435914
128.94399565830744 35.854793857770126
50.10034105566435 249.26211140196912
22.8246463485722 2.7119313155383464
153.54616858686785 28.595511369561706
142.02885127756278 97.15573095389146
41.58998090791474 231.6441320751834
60.744126215814184 189.1522816811702
32.82215215438358 123.36430463564541
11.879269161158751 154.04352095532647
57.732166068154484 49.417133639315324
83.10908144506234 247.42525418212577
6.60623814866057 101.83891100967149
32.849792336098474 146.52537911539105
203.51908069078397 5.69289295298403
237.59636473795726 64.77714836953535
225.6845143339817 67.32574950470539
165.7360759186149 65.98496294964653
169.29084126931772 85.96747207645782
124.41165767113516 248.2283256987381
182.8296629239266 130.1273334941845
50.98162138952844 173.6856840516464
92.38173669535502 40.98212774433643
237.13438324379155 11.7121935808073
42.43644540136896 203.81088826468434
247.49127836672128 56.82178230416224
131.51273605632986 220.97363669072942
99.40112591545389 83.370534119009
157.92266730127776 48.57604794269785
114.83554442153704 230.56800018733915
92.87215100116016 75.18621206505111
157.3237913371849 143.85867323440414
77.54208268016455 49.60599405562563
242.22379985459918 52.678810490732474
141.7184695615051 144.48540019865814
56.34471415276818 64.78704532323789
100.63119816917964 181.84212298756003
229.45383800850652 119.08221929012814
52.25868140459183 77.17769590548268
89.50472194640918 222.93192397151236
122.01529151560602 179.10784171188587
34.95208466297506 169.8112128544254
172.1761807447656 168.13970715612962
25.571019152690805 48.58356238448419
128.35122557941258 21.198104819703744
91.32661009794946 76.47833883840399
174.56602270762096 103.372082710838
12.615699881616843 57.361343805393844
152.36617992975508 170.0059120484124
243.13781251915182 199.37551923138386
15.676292094879003 247.63456620994612
215.447702616214 8.474387421155221
102.3430306781746 230.7687163020934
2.7914325711520247 46.651376627430686
109.60953733253686 226.4529940206652
110.33276590856184 233.09743070207
196.5536446828102 8.509635621758104
185.16102602307723 185.86403556925487
234.62685815184415 170.069590500348
161.97475244738547 193.21785648879202
10.321515050952247 54.594114959857166
212.78497955885226 107.34638210782133
142.54009609387802 142.40884817749748
126.50886297157848 42.95541877588219
215.7806787825882 176.21671659078453
193.6890325403492 54.55868879645431
93.66065631643686 13.895500244326453
168.69989173671166 96.37576429127328
67.01215692639528 222.78602353809876
238.98950352762452 45.55310558554299
15.003982615893975 244.803192432749
29.519860765590185 76.27200255193972
55.107103130759036 116.70741613287913
63.876689531733696 51.01289502546541
217.45001809266168 52.23098453133157
4.774955638146422 45.216845741154785
217.0116515014605 155.48792441501277
99.54412453263129 137.96563979992666
40.58125935170584 242.57860224922248
109.54613744530944 225.4033497656079
133.82780324402555 180.64964666451613
2.6538814620863937 231.55320747401814
98.21583064510448 188.74648952778804
39.242964817587655 82.68101395267158
12.977294407647971 27.70318329784241
55.401990060080536 106.9709093597194
83.72619515441315 17.256860472442014
167.5479384358661 180.9565643813477
226.68886427674556 22.057092772387737
185.70123637684074 215.39225729468333
36.426555634962135 203.2265649950196
26.283605107037143 244.99003593285914
148.78951876085878 136.74511772601738
53.94426194175575 233.1816130130796
243.3704837530194 224.77368237275684
127.6754112363451 152.89059911457284
83.8930770212567 173.33637860696757
117.21561738352234 52.89995268477413
13.289457788321885 176.1183482957995
38.35290302201466 84.64270228023463
182.43881689469714 13.729277868835544
235.53763302257934 228.12985806369133
246.12261581371172 106.59288789222862
175.92160681277304 175.7115227789769
38.46678729851891 160.17574383094328
111.87078151664356 22.89511690937665
102.95759239036218 217.948077946712
141.1920014650842 111.78881611570735
197.4769449693497 19.44057457826956
210.89254323562784 49.10193222136344
63.25020356367445 182.724431956551
151.07213211691786 242.61458757624456
228.55256969578923 130.60321668649163
46.34639585094344 79.08419751495802
24.794633249814208 178.2881507885354
167.93843336024574 177.26611553329974
233.2090154496619 43.30822601567874
232.00720786031874 58.94774848272957
30.151433166053454 238.7706959863043
131.57400698432585 190.89508324838488
181.84736162091698 4.658779414757203
160.47901148072566 156.21649602988347
12.623296211983659 116.67977546017767
247.66837612839828 211.6159959709967
7.003186662161154 2.8306313959141907
34.78158566510553 67.12557227578736
153.8709983824146 163.75134056140783
79.80013725087245 162.49495941526794
71.31646590446547 102.80080705391936
28.67375733877653 212.67533927773005
115.06723356185559 240.72273810642497
71.9287033537068 23.587519183207146
154.50124068783654 96.40120433168708
184.4459779183854 160.6534063762731
193.0294234810103 164.51532776353906
163.74016950938912 25.52917771624269
211.6719706480507 213.55935788871076
227.76173169999558 74.64501653194911
56.61204849305462 27.176825409621188
2.302025427683013 239.53016854165296
53.94878622908506 181.73684408537713
122.3698594270666 81.3804333663131
49.70309740134862 73.50435094096599
167.89911050350628 129.4874860696389
187.73334807999694 75.53961225613138
50.442261165608016 52.221550893502226
8.970750494068453 80.46092590192421
29.62712098366213 217.6902880483176
143.47523796308514 180.4696926284787
58.42040245415192 65.25702306353243
197.58610571612 184.4690679023246
130.27981433902792 107.61047465629136
185.84316702715768 236.89819964764027
131.4637674030707 212.87750279810433
174.46866834493608 241.3084129721757
15.131535928315925 178.54918261612187
27.470361259024273 156.15169871186416
32.23977493739796 189.67484703805195
124.03946086844212 73.56203354318886
232.73373156334685 30.317996401676872
85.26207444370284 126.77441185002891
13.752584639293325 130.08270863635897
117.69618241441925 40.77169593363475
1.1782335526133447 147.5822639897044
163.2555927904574 183.48449825438956
174.05249505251388 61.07180301269288
160.0954059924893 139.07642637745957
67.32207459869622 93.882092113703
136.785198025758 167.5036212473472
26.421054041719017 145.2261572504961
3.899608513872277 69.51442901690038
9.14539243394627 141.4992400562288
133.3292935339665 175.23953698431296
204.68967830853234 18.800615357320417
177.28695649201873 123.69313444845764
35.70998505112274 98.66543552769724
48.60507831182417 170.09961905496402
1.4804523052373841 231.72063088294973
62.021369332735944 80.3321087952297
31.719368493492578 124.68949894388851
146.76105191209388 212.55605173154186
49.44649687100089 24.770818991048632
234.63308041260183 156.4198049317669
170.9325322495415 98.34933863255152
39.16278498773637 207.3676124896153
178.80802969005003 206.5086973419538
201.02707740652656 170.628274236872
33.66951218505609 181.10492555525488
229.16021379191469 161.80445155739878
94.15190903000739 94.79409965406171
48.5372879360334 4.3435547625980675
96.93868079020274 18.112366276795022
237.67881455294338 147.23288892450032
42.46998697326093 38.8281524110321
96.6087421476026 189.71827539587153
238.7593859597599 38.348691076581815
186.80058955547827 97.9033048546237
122.58122971992955 208.66321296712377
248.9112172001456 125.96779235507069
242.912427547408 132.4297043452573
77.89543205626667 54.26835552634002
99.49359927430886 114.46338354360924
207.8038154814436 230.6610987526058
196.3236555660415 32.189880268832546
51.841919399988306 3.87936004708489
90.42225256473799 113.27693177827022
168.7150553810428 210.8448353491859
230.251650757119 179.08359759276587
62.81954350567054 169.1148898066409
169.2923264890149 84.94059226653056
178.7461187732987 228.76352265421906
45.68761432800789 183.35419932270074
180.51261004042806 244.471139783011
104.00329405044151 55.3903623012601
211.47540168447983 137.0705511262802
11.69905063028151 144.481437537092
41.80105472066536 70.95455917886143
118.6405094757653 187.31987321322157
155.43974378661346 167.19284461019154
58.658352451755356 25.277736812195112
241.43431926881902 246.50746896018381
218.90451840072046 69.49839725986557
26.31319172818006 225.4547366854371
116.16443093249731 200.33187048860708
227.10428550810673 226.14691126450307
121.14406160306754 42.43978817239283
197.7151826760391 80.44334003360653
55.13705466373692 168.31582855812965
246.22839205946522 241.78780008235776
179.7704995132376 82.33997176491101
104.84752527190768 229.85838634666788
95.37032249214028 174.73300948006587
192.19281645680024 40.51391288371095
203.8453359600713 12.246245203363316
128.37691933999793 115.77493604027752
17.073796648918144 192.9223070444263
154.85633769906968 208.8628245240042
37.492840897454414 117.24466679841308
187.8872419817556 217.5620262363106
66.65390854430167 92.82060204679738
45.73170664390544 97.17172810750243
65.51018390895175 112.2821064439803
120.9590022276186 4.713253366570719
240.7116542185852 89.01917650876095
248.0821377328583 40.38115363498143
89.7902856870042 67.52427187720141
199.92358295178224 9.28769508506172
161.38953252860293 115.08351232174677
104.57768517869675 106.99105756799645
199.60787215786328 93.5062954095717
206.10999011674878 134.49025565719631
37.80955787106372 196.37355236794673
196.49723455968007 46.722501973697206
35.12431774699159 249.03077059200993
219.69147031048482 35.02898082618439
174.32236662415204 152.48746899319502
192.87392976494016 65.08135186051459
193.30576584803816 204.4850903897826
150.94557419118075 243.73859105250182
0.08891985021161619 148.3916955873311
169.5825067083653 190.75215525516452
136.37591085305698 62.32166016625085
156.9370933446103 95.34522458834068
163.200100142455 43.86069378132909
184.8504575672068 114.60872647305317
73.60540087807959 234.87256179544093
193.48774094432758 221.86919073962764
52.311381351525604 205.7529653130497
18.089363801134823 25.02411901879073
244.7359813367309 89.66593803465148
188.33227202696474 179.25689749140798
103.11893177126456 109.86771723485658
90.67918670392156 104.28287852051827
134.4015457471819 51.43667922015091
205.65646107172515 196.53247932082388
97.73960045496737 230.25857261436514
165.7899260474395 174.4749264715964
167.5647222468962 208.09712866370634
69.87262571021971 128.05583091162234
49.82369907591067 183.22212694273745
29.372014382677254 248.4651097165667
216.72380943695012 188.4251045187842
168.42547115647983 57.44983370966311
237.20708625091189 108.1453395420357
228.00748798100653 65.73594756590643
92.20195337893955 234.947581931239
52.1213631411736 6.045635951859197
163.98973531945285 66.20628521477911
37.03394071240126 65.10838326669196
79.93651237653684 84.0338481832669
124.44389146773266 180.6155817816994
215.5998795486963 44.262746645699345
71.01635515363868 91.70722839497323
162.8938713610218 77.39005105839448
190.30101221285744 1.1202461831642252
5.862596838069889 23.620241080412857
24.04944068900988 142.8624102924185
189.58127195058455 55.36823120690393
42.6007832813716 19.008344621995967
225.83498728186726 151.16077765291837
198.50309877945682 31.717525835456062
203.91410719048142 160.0750836187475
139.4491437112568 172.43696278354858
155.87179700283428 32.24326692582927
98.09369182895026 74.09135262798743
226.44179952114754 131.4213588727681
175.39691814311743 218.30979483088825
10.037645854031329 235.11333273515768
207.53662520312938 135.15258092681066
72.13532530494476 182.4042574366884
120.95470037286937 190.48991984869582
13.550051616793985 235.40563281737244
117.82647035547781 110.44515270220087
2.9653846057688393 208.34454053467496
191.19905810090214 13.951870460087529
196.82315683813383 9.441746267326051
113.89064067101864 41.960435757760514
175.13387176450334 92.64574801767981
209.72160407012714 38.17891388153555
44.59669118810844 121.51840669042919
147.67393403460045 13.914493703397286
145.82711836553554 195.7220308156503
132.25840731130006 111.06173798013386
140.7473253914618 122.64100144176169
27.485512136360608 53.72675808033139
90.52855781096835 20.90650293645899
208.59030305842782 67.05962754987365
143.51521836765278 106.47013463473168
21.812938550055783 194.78850208938596
113.72467991284535 67.14556901067536
140.24426458249818 90.84677556660517
242.9139835277322 37.277455233096056
225.0208154647832 40.29615914157811
62.08144613906016 69.61926405694888
196.89817828837 147.03375569926388
46.899708191062565 130.51354995056766
59.603177683570344 115.462886611329
71.46963059274405 67.03462435756823
107.64332559313446 111.48917367492633
142.580404591987 7.953495114590481
146.8323233029581 185.58248159076933
160.13163935309893 180.41328852056188
94.18423101365181 245.1378856695694
43.728412349456875 241.45450339888316
121.91958378554085 14.259209793354543
92.7973668233717 220.95730999991437
73.78644303664791 148.83786997110258
103.57697136445925 135.5944070226714
57.75305380711579 37.928507696828426
161.7784245238169 83.4030046569113
14.247006076750612 53.985052645921684
119.57622660202027 92.04002942052503
235.5780810868871 136.67035885497128
180.22307451260775 150.65588219825796
77.2092403304479 144.76854119140023
21.98901528285657 41.57947750783953
233.98887534420422 1.8185777389274904
160.15871239274242 146.5960706145004
212.6878407396568 153.54709136512125
58.37484741592178 28.807316687122942
188.43207439958346 248.03131557749737
171.39184211680563 228.75827075172802
75.66788282841792 114.32575556537746
140.7493782935509 34.00518624241136
163.3353748433351 89.05915367250958
16.985947992312315 235.290426346845
104.90775288156972 36.186048388357314
84.66722176186941 138.3279462601232
216.84434840544256 185.3558972678675
68.9088330945302 45.652621975198954
128.1099794756049 219.2405257819196
241.64756412104344 101.67461506759373
9.029685080660126 113.65166622827248
205.23892907187928 53.072224716935956
201.8949367828537 110.42557443448777
5.599072131164035 153.37181105375075
244.00609653455894 186.62756983220092
244.39161586952306 123.59993935536522
96.09559646334401 193.65676965850648
81.83043662820899 76.01905094510997
62.841411315542 248.13673611311035
167.28685844859453 174.749570798421
42.85150183136125 166.85216763478516
226.08682145259485 216.91561254021792
92.5075303274146 75.04898226642898
217.48519311274646 135.36786398495718
103.6100657546671 10.800182294905897
173.72465773268067 104.33435421040099
239.04242375515216 110.54822579196247
200.3022715132018 124.58656432862853
2.430238781696209 227.36646703191653
35.20296039928195 184.08993339382448
61.762819867540145 200.00310005302154
76.57543949692369 148.3851544108723
95.06977677883549 182.66480306583378
230.16011611011675 132.19926058669273
19.841003593781714 122.08248917648754
205.08726191968645 31.25353806339959
238.17298281338904 67.09435359774842
29.035588952706554 203.44749394230422
107.26368867050509 80.07799122217943
21.898831223343436 160.2111015058292
87.83465631211345 114.57657973184995
209.06037336028862 249.6238183433692
211.16740562642062 180.47255977165946
212.60969348465557 120.92260460880414
199.8236677763926 61.74119197511016
111.05527072305615 215.84143203551542
32.60800584451787 14.54393389209907
76.46705558224745 146.64941062782316
226.656359547623 72.35951135706142
36.55728923915752 51.12725349643796
58.74124740243197 65.58819530341334
52.97811497603988 237.19447347525983
124.7004659538995 179.34845427508643
15.472635917222782 17.653245016528317
150.44102167300025 31.62755717685445
182.52256666311126 23.997629164805634
50.15680948107748 235.70654921427004
87.11336313875442 47.858159935909335
84.8880376466799 178.7624629237627
138.21962338924232 106.27104175356766
140.91120805487378 153.55529386458738
145.027388363065 48.887239695444755
129.02492776729585 213.98070213173295
27.49507836214346 80.40672458937964
14.413022462764353 170.97549451903407
204.93544264775028 50.558782624628904
140.60133082920086 17.265980486114024
234.637723018362 80.70396203138853
132.05515102931278 248.27300211263116
40.356788344304476 137.11650109513653
227.52771907259336 185.63137826137748
91.58138311964004 12.839462904499332
189.59625788490578 161.6410100398129
235.7874064828451 149.66025231683832
184.5039677438248 84.80237417144772
181.76514734502692 98.73391114679741
118.82270550092817 52.44224683575313
217.9432905820975 190.3029637128836
69.1955596514823 185.7343172078653
25.728567043735552 207.13255653168918
35.98701961434697 233.36816755468286
106.39970722363017 74.29530367758258
168.39862565194284 20.401660371810017
43.23013845580037 226.0128760881126
180.83246295058152 102.80045727951806
33.73009164163926 69.45007486392096
26.553487303286467 120.26301262098349
54.188044170251885 81.22742230330965
49.54179851019336 125.67196660655041
66.66662499841527 124.24037019623746
90.97402378541305 180.81739980988468
40.087242955518185 56.41917299309282
215.165280034125 99.15881391764081
4.75783219477735 54.1778828395883
17.021842806267035 10.258504704247272
226.25006596351952 105.39234319539537
94.27525260874967 56.27702985181443
62.956962433926286 193.26474235702148
31.58282700315629 62.02490332279792
151.10502130878194 205.6808113479224
143.9107725757674 155.27249489502432
244.48589637528477 105.54743777686606
225.47423939942516 43.291490497982394
106.28219883128934 80.28162091837582
145.58485329703666 172.00577063411959
45.01645045065933 66.36187366256543
209.67215437408143 155.9114035589582
175.55474024648933 149.0741922573579
197.44461049674172 181.9322180838184
182.26735798393307 46.4238089539378
71.96541783652971 27.703554326644507
222.38346176929704 56.55536122787625
62.555701437533614 179.35322129102863
123.20634152160673 215.24898008763319
19.79592131772334 93.03169836085515
50.91005969720508 41.1957810549543
109.41578258655731 40.563545035693814
3.5519753714308155 221.46500792943453
91.16992008956554 79.24163592724508
34.89149627763138 223.68789593395587
198.82002345027178 229.77193281079678
202.15408902114865 208.34954136626573
67.4348726941268 69.23352339217328
119.70634840316494 57.750203859303575
166.53634190641972 198.20031507286893
3.8751213736026857 171.31162652995073
194.65215277954564 202.2471542697839
108.22619063678034 198.3059814188246
13.091935101044088 136.17097984718635
170.09761734390128 79.13264757101396
213.69621732076962 113.30688821951085
172.41770272766507 52.938717152246404
5.836188632165701 206.1927356664965
201.75401570052065 107.1693106282823
122.39992562299945 241.21280802340348
92.66573960922445 160.8207114301859
9.07645040555738 238.05962110924665
192.01681595314466 129.1069769583602
60.28601146172563 61.7970305795516
52.65031306032092 148.50994399510284
98.36478272867278 197.5926083998124
73.31047957627207 159.8449369896744
169.71155264951972 215.28540917906412
119.42330854297134 38.98757237055975
176.7970753400039 7.474078990419297
110.1251618644048 76.63213465384334
198.53486959827876 218.01300790597134
49.30406872377516 42.14404976982527
92.9326533214472 233.0997397566144
151.87548284776832 233.86336849290043
176.70770874974042 191.67924712680008
107.1810513874544 18.315572001139564
138.19085660245833 164.546407371353
232.4549571173325 31.91878550103386
15.441227002183421 188.292028250274
188.32281778398652 127.28581250004397
12.42644671552881 138.9721729737729
186.81081043021217 115.55708643862658
79.58349543941252 181.0066967641927
163.73998618344248 171.36727843119291
156.39389958203995 54.917265147411605
83.65558387402771 13.681140259564767
14.454753711991925 32.618424705564365
4.378815749948389 196.22695410549008
53.69270195939968 204.851372671048
2.28925863192711 223.2896687247512
189.59952138541428 187.48261954111246
176.2098551363235 108.19419715189737
53.77067077593803 239.25032448341568
210.63670395648373 51.842512979874996
41.31200599500179 72.25806060506484
115.20782091481117 112.38055683368742
223.40911280625792 220.34683016143512
183.62099904735 101.6579576240757
131.2510990651813 65.59356583375254
168.5554054768554 122.94413031160789
220.72788297335953 61.015539735245845
193.59780853978273 75.09819368478402
18.60998351770271 204.87892990086667
232.614357916852 19.123929320772863
220.11095331457204 63.22668789715408
38.326843692979864 147.7043903003816
57.30003607936934 177.44342401608236
52.40033446253267 236.02237599027018
190.30732261026432 48.40332808406295
139.00934557290327 77.0056421539567
66.40668778002556 176.46436326102273
64.7448842392428 154.16220232549944
173.99519219313353 32.57832758156062
176.8728754955539 35.611106124621735
16.35789306727134 140.871584983129
212.85056685249788 52.43418684318227
12.15849621745177 66.38866945593108
145.37987418274676 122.59458412500379
63.893215043175275 29.72336384539026
1.413463068137305 197.6217239292202
14.886387305425464 160.55596592311147
52.86809969423537 249.2849592831648
105.09744684923811 108.21699026119825
127.27511753003412 174.3339430045405
60.41931113567978 37.57551208168455
222.2266214049321 159.7359299181078
25.124425471651584 187.0276621050591
140.86038896598566 137.50053625438971
185.0743311075126 159.9250042661013
158.5485719193951 127.41456862992217
36.74717519029469 106.49224728323235
156.95981351790212 91.04769534207247
33.21496101766874 67.95793283765705
33.93161988599286 214.46121326826525
19.51865179442544 33.37966764161921
54.29450136471198 205.27779110055053
110.36453824741379 97.78706255113163
41.37510712138221 175.64058762225488
247.5942710631271 163.45229819951152
14.301460024033542 224.63123951092717
113.89030888843807 128.83443023280793
3.4135809870788902 174.4183729755792
51.727954304311346 236.5340786381572
180.27591631399014 243.53094752567952
43.45194914273992 198.93489951838768
130.37798425136887 191.69016348636447
185.6358976619984 56.92353855316795
20.538984345782442 193.77626606951273
2.2725537948257433 1.5947234868961269
93.19893924163466 228.26577451328265
92.12312060508445 146.34408404694543
232.3177118401093 95.38919523961151
203.6700743869027 236.87704582894926
56.02042743394142 19.351226720687286
155.0021654122568 226.97504627939372
49.913587197441686 63.18568530381219
72.64812927686897 67.4647613744653
31.22840125907736 123.02415395908805
242.15292845956736 82.41129194579285
221.38975051062326 115.6486458860072
151.7031671047183 13.069193599880514
149.08959539267656 140.31548162286643
248.788216991901 93.88343974220165
217.68705933732008 190.64535261829187
207.17135076603702 114.19573653746218
140.42823189315337 229.86552178609213
195.55410044009773 202.18385605568415
158.30907778883991 3.796339383585118
152.82680678667026 62.0192623363878
233.66244566438436 60.58457818270363
127.22931379471908 22.352267770355706
244.26240367714897 224.6247385391839

288.2
288.2
600.5
68.8
648.5
229.4
51.6
480.4
480.4
86.0
720.6
34.4
36.0
108.1
864.7
17.2
68.8
600.5
648.5
108.1
576.5
51.6
143.4
68.8
600.5
648.5
72.1
17.2
540.4
540.4
51.6
72.1
600.5
576.5
129.0
286.8
34.4
72.1
72.1
1201
36.0
258.1
144.1
864.7
648.5
154.9
72.1
68.8
432.4
229.4
288.2
36.0
576.5
51.6
258.1
288.2
36.0
864.7
288.2
960.8
480.4
137.6
216.2
17.2
77.4
540.4
432.4
25.8
144.1
77.4
34.4
86.0
144.1
480.4
77.4
960.8
8.6
77.4
576.5
72.1
103.2
103.2
432.4
1080.9
288.2
68.8
51.6
600.5
103.2
17.2
144.1
114.7
17.2
144.1
8.6
108.1
36.0
216.2
286.8
288.2
1201
258.1
576.5
576.5
600.5
260.3
36.0
36.0
648.5
25.8
8.6
324.3
288.2
286.8
103.2
86.0
216.2
720.6
137.6
260.3
540.4
172.1
648.5
720.6
216.2
960.8
51.6
576.5
51.6
8.6
286.8
206.5
1201
600.5
288.2
25.8
216.2
258.1
480.4
258.1
286.8
286.8
68.8
137.6
216.2
324.3
143.4
25.8
286.8
648.5
144.1
432.4
1080.9
1201
260.3
25.8
1080.9
720.6
68.8
600.5
36.0
480.4
68.8
51.6
216.2
86.0
68.8
576.5
1080.9
258.1
286.8
648.5
17.2
324.3
129.0
720.6
216.2
432.4
288.2
103.2
137.6
1201
103.2
129.0
1201
260.3
68.8
8.6
864.7
960.8
540.4
36.0
25.8
206.5
1080.9
8.6
432.4
540.4
600.5
648.5
600.5
576.5
8.6
216.2
1080.9
77.4
25.8
137.6
1080.9
36.0
129.0
216.2
17.2
864.7
720.6
258.1
229.4
34.4
72.1
258.1
17.2
34.4
206.5
260.3
864.7
8.6
51.6
114.7
324.3
108.1
143.4
25.8
51.6
720.6
324.3
68.8
34.4
1201
206.5
172.1
960.8
260.3
288.2
25.8
34.4
324.3
36.0
72.1
1201
72.1
288.2
51.6
540.4
8.6
1080.9
103.2
480.4
51.6
103.2
432.4
600.5
154.9
288.2
72.1
288.2
51.6
68.8
648.5
51.6
34.4
137.6
258.1
720.6
72.1
324.3
286.8
51.6
324.3
36.0
216.2
103.2
286.8
540.4
172.1
216.2
72.1
25.8
720.6
103.2
1080.9
154.9
648.5
154.9
72.1
144.1
1201
129.0
68.8
600.5
576.5
260.3
432.4
154.9
129.0
288.2
143.4
143.4
68.8
129.0
258.1
77.4
137.6
216.2
648.5
144.1
51.6
34.4
1080.9
288.2
72.1
103.2
286.8
432.4
34.4
600.5
77.4
103.2
600.5
36.0
864.7
258.1
137.6
68.8
229.4
77.4
720.6
229.4
172.1
103.2
216.2
144.1
144.1
68.8
137.6
114.7
114.7
25.8
103.2
600.5
34.4
103.2
864.7
51.6
720.6
17.2
1080.9
51.6
432.4
68.8
432.4
1201
72.1
51.6
432.4
25.8
432.4
36.0
172.1
216.2
432.4
1080.9
540.4
17.2
144.1
25.8
72.1
103.2
86.0
216.2
288.2
129.0
51.6
154.9
68.8
154.9
480.4
1080.9
68.8
68.8
72.1
103.2
34.4
216.2
1201
576.5
51.6
36.0
1080.9
432.4
129.0
1201
36.0
17.2
960.8
864.7
143.4
8.6
432.4
103.2
72.1
68.8
216.2
72.1
216.2
258.1
1080.9
72.1
25.8
432.4
144.1
960.8
576.5
432.4
216.2
68.8
288.2
144.1
77.4
144.1
144.1
77.4
260.3
103.2
108.1
77.4
720.6
51.6
229.4
286.8
86.0
17.2
258.1
648.5
86.0
103.2
154.9
144.1
51.6
432.4
114.7
103.2
86.0
68.8
25.8
114.7
68.8
86.0
114.7
72.1
108.1
103.2
288.2
51.6
260.3
72.1
72.1
72.1
288.2
34.4
1080.9
260.3
229.4
34.4
540.4
103.2
172.1
216.2
51.6
143.4
720.6
86.0
288.2
216.2
86.0
36.0
17.2
68.8
137.6
144.1
17.2
25.8
286.8
25.8
172.1
432.4
206.5
206.5
36.0
260.3
1201
103.2
648.5
229.4
8.6
144.1
103.2
206.5
1201
129.0
286.8
286.8
144.1
720.6
600.5
51.6
288.2
288.2
480.4
144.1
720.6
103.2
480.4
600.5
432.4
72.1
144.1
1201
172.1
432.4
144.1
8.6
17.2
77.4
8.6
143.4
51.6
108.1
144.1
137.6
51.6
540.4
229.4
51.6
960.8
144.1
258.1
324.3
72.1
114.7
68.8
77.4
72.1
288.2
68.8
864.7
286.8
34.4
960.8
720.6
258.1
137.6
229.4
108.1
1080.9
1201
480.4
108.1
258.1
216.2
288.2
216.2
51.6
432.4
288.2
260.3
25.8
86.0
8.6
260.3
480.4
137.6
258.1
960.8
68.8
229.4
432.4
51.6
258.1
172.1
68.8
8.6
103.2
36.0
288.2
154.9
144.1
286.8
172.1
480.4
480.4
34.4
72.1
36.0
103.2
129.0
540.4
864.7
129.0
143.4
17.2
216.2
154.9
960.8
129.0
103.2
25.8
8.6
216.2
172.1
324.3
51.6
137.6
154.9
540.4
144.1
114.7
144.1
432.4
324.3
154.9
960.8
51.6
1080.9
77.4
137.6
25.8
960.8
114.7
129.0
72.1
36.0
172.1
288.2
103.2
540.4
229.4
576.5
432.4
77.4
72.1
144.1
144.1
17.2
72.1
864.7
258.1
648.5
260.3
86.0
114.7
324.3
137.6
144.1
576.5
206.5
72.1
258.1
103.2
103.2
288.2
108.1
25.8
540.4
72.1
288.2
432.4
576.5
154.9
600.5
25.8
108.1
864.7
864.7
51.6
648.5
288.2
51.6
34.4
258.1
576.5
1201
432.4
137.6
144.1
432.4
51.6
86.0
51.6
72.1
8.6
129.0
86.0
25.8
216.2
68.8
480.4
77.4
51.6
229.4
648.5
144.1
286.8
34.4
206.5
540.4
260.3
324.3
720.6
600.5
51.6
34.4
286.8
1080.9
288.2
17.2
86.0
324.3
432.4
77.4
36.0
720.6
86.0
103.2
143.4
576.5
288.2
288.2
720.6
17.2
68.8
720.6
216.2
108.1
258.1
34.4
77.4
600.5
72.1
432.4
86.0
960.8
286.8
137.6
103.2
258.1
144.1
129.0
51.6
68.8
17.2
432.4
480.4
216.2
720.6
432.4
143.4
648.5
77.4
480.4
286.8
143.4
144.1
720.6
216.2
432.4
144.1
648.5
960.8
144.1
960.8
576.5
114.7
8.6
72.1
103.2
144.1
34.4
129.0
600.5
143.4
216.2
216.2
143.4
288.2
172.1
17.2
17.2
260.3
1080.9
286.8
114.7
1080.9
288.2
72.1
258.1
68.8
480.4
143.4
216.2
1080.9
288.2
1080.9
258.1
172.1
8.6
129.0
960.8
206.5
103.2
72.1
864.7
34.4
51.6
51.6
144.1
8.6
206.5
229.4
34.4
288.2
206.5
288.2
260.3
864.7
86.0
600.5
324.3
286.8
103.2
108.1
172.1
68.8
51.6
864.7
17.2
36.0
34.4
72.1
172.1
960.8
229.4
154.9
8.6
258.1
17.2
144.1
103.2
86.0
8.6
51.6
77.4
114.7
216.2
260.3
1080.9
154.9
540.4
864.7
648.5
288.2
137.6
288.2
114.7
154.9
324.3
286.8
432.4
576.5
1080.9
286.8
432.4
258.1
51.6
216.2
86.0
324.3
51.6
114.7
540.4
1080.9
960.8
25.8
216.2
286.8
1201
864.7
324.3
206.5
648.5
77.4
864.7
154.9
540.4
34.4
34.4
68.8
103.2
432.4
34.4
154.9
324.3
77.4
103.2
324.3
34.4
576.5
144.1
960.8
68.8
143.4
286.8
229.4
288.2
720.6
432.4
864.7
108.1
144.1
960.8
864.7
144.1
137.6
34.4
432.4
288.2
17.2
480.4
286.8
206.5
72.1
103.2
114.7
51.6
960.8
17.2
216.2
25.8
260.3
600.5
1080.9
143.4
288.2
129.0
34.4
286.8
260.3
143.4
68.8
324.3
288.2
432.4
1201
172.1
103.2
960.8
51.6
144.1
17.2
432.4
216.2
114.7
288.2
206.5
540.4
72.1
25.8
288.2
260.3
480.4
864.7
103.2
129.0
260.3
324.3
1201
258.1
216.2
206.5
17.2
260.3
288.2
34.4
137.6
432.4
143.4
68.8
144.1
1080.9
260.3
17.2
8.6
68.8
51.6
103.2
288.2
68.8
103.2
576.5
206.5
432.4
72.1
86.0
720.6
34.4
432.4
144.1
540.4
8.6
72.1
216.2
286.8
432.4
17.2
129.0

8.6 17.2 36.0 72.1
17.2 34.4 72.1 144.1
25.8 51.6 108.1 216.2
34.4 68.8 144.1 288.2
51.6 103.2 216.2 432.4
68.8 137.6 288.2 576.5
77.4 154.9 324.3 648.5
86.0 172.1 360.3 720.6
103.2 206.5 432.4 864.7
114.7 229.4 480.4 960.8
129.0 258.1 540.4 1080.9
143.4 286.8 600.5 1201.0

2 5 8 11
5 8 11 14
7 10 13 16
10 13 16 19
14 17 20 23
18 21 24 27
19 22 25 28
20 23 26 29
25 19 31 34
27 30 33 36
30 33 36 39
32 35 38 41

