1024 3.0 0.0 1000.0 3 160 240 100

129.16619324703115 157.1759784850156
180.4504757181273 217.88166194708762
88.99083582338314 13.579797868414067
231.19898123076788 125.22283110198035
122.63496425716627 6.619791816427884
74.17013929947602 106.50153472443085
230.03136580155385 31.720993802684227
243.60600964660617 60.72054478435707
23.757407547745053 107.10512235994277
64.56800229371889 75.9866935019124
229.3259176384353 216.7783661017875
81.88887551206415 135.54546188162956
77.89721888300025 148.58568313420926
78.27679834078283 57.35668437267272
144.96071285887075 140.83763364298497
110.94839563503844 224.40561148610232
221.94919204448018 27.89091371513258
119.15156104796351 198.55332125532505
168.72091686727018 120.54726066471153
242.7075049497226 132.30431298000076
235.38105551397558 1.6720053222000486
169.27562951035978 217.0159517648092
185.7997371905092 96.59334084251398
93.64192134140198 55.41593913941187
84.79599676724692 74.4518698303525
172.92910649455774 160.45911246670806
132.52045949970875 143.40115748336197
141.09708212694002 58.28348838339628
38.253618376591966 97.52743365343186
27.91628102689028 117.61451357953415
196.30177258279505 59.68386474981954
80.58064490200731 157.20684135075444
129.18623551731847 205.87815773928116
195.60310032671956 59.56633717895543
47.91928563455172 25.239147304244952
2.336268066102265 209.44328709296437
59.01342652020253 152.95603295089037
97.01994328637475 148.66970651011752
8.387963014088978 8.805932686827417
17.174493073656926 34.7481800459139
81.99938653261263 169.62307305226568
37.10017700874735 31.426832625447155
116.47799846405185 28.45361971723259
240.03083816793125 54.90922410252488
241.0677680996507 215.2041437279281
38.6640152902305 158.78928862400164
69.26764197245133 106.58299144062438
101.42494048774564 182.9722389612831
243.2727463184502 170.74802932834586
209.47690644319957 86.3122428779949
5.700982254561948 232.22119629395152
214.57161539711532 142.077035565217
219.12668941626393 0.8141803486042265
197.4002654965534 243.6124836329799
148.90547149071492 247.20021372765925
37.44640449459957 56.03891978493733
82.5232438815833 26.743074673873934
68.06716624407039 186.98985956745972
61.16630117299174 47.51843330757985
88.13437968149901 219.87746425384876
107.38478117819244 227.34515499362067
121.92653854783153 143.25585868968068
180.2979029906495 186.4144113871087
45.345031343829724 183.73367178272034
87.74034777478923 124.05001146649222
163.5176388509534 174.57401080114758
244.13112262734126 62.92662376658761
66.81996609172255 226.18394675382174
213.5795589061669 184.62873254823427
28.609323938700193 125.1911915702692
172.8410638150167 230.07798996718572
178.63979592451173 89.89025494587783
73.32897918025111 28.93925918169274
11.395271801294015 65.06656464164567
74.24870020986285 191.96034758473834
220.08185076346686 222.9892307174454
20.30617004745436 22.643903620457902
238.2346105118075 233.1848992291456
64.3903418917772 193.89300460186882
220.94331995859818 177.62895241984933
186.20166449021968 224.42711894159183
76.46838382440107 232.97726610799293
158.86355032167003 20.158373876518365
158.19260427150314 99.63028920838421
117.04008475991101 52.64248964045829
22.479462237620957 13.861259615635946
199.18953903696135 168.40210295807245
74.52472340218175 187.85483999707236
12.002492037185398 198.7098217973567
28.7988037015946 175.59229513867834
171.91011987244 141.97703951647802
120.5146590189618 214.9538783843358
23.416313937623833 238.44896240585098
136.3009266235838 164.8555548059709
153.43919799266803 164.43883437243102
177.27981968083688 49.11608133657924
122.27647558018315 190.7945681839685
8.706971460503949 116.95418410372143
243.44630110319082 117.26488529460205
241.84232840259114 30.457775016213496
108.42839911321394 95.38561898551984
75.8106087187963 149.18581513607717
173.5513128098937 104.47217742848439
6.092154067763339 227.2044870151243
46.41042396255282 222.48084706033384
201.53571911336311 51.86611536526215
215.60322944743442 214.7529720183007
55.55979295512278 7.981038075238395
84.28849837443767 20.051803895725197
106.94399986544565 13.056087905150726
73.40528720763734 158.70646114337333
9.578807270537476 215.45166141485578
21.103457109256762 245.44877500873497
84.15322939768782 32.70927274530614
23.40224672305005 101.8221047765186
239.917287959602 4.9868343832580875
164.8336805148715 134.11280378268492
9.838574986622135 106.44871003205175
245.26121659196585 220.37563192991092
12.71521071194448 107.93843425673604
234.351765243758 243.91331608283417
45.49830655298537 157.4756569433751
240.62659834899372 159.62825281225304
53.46082082892617 46.8476458562144
176.2473709594552 88.24160778093987
83.99722947277155 198.84898971223467
189.69922842353566 200.51223821123347
133.21003009759045 44.40952921769867
59.201652405868835 8.189402634299903
54.962209619368565 156.77777531618577
99.15779309509435 124.34950361474931
85.24858602622184 33.46158041519779
138.82032517027744 72.6933161068758
162.29263716008938 155.2109950133026
55.75555597245677 28.716203396591727
207.50864385597993 110.1471360098458
46.9106883981526 4.526448144759332
72.13098914875377 137.49300669336992
221.76264940458864 139.9776758781804
223.89481420937813 211.40408874493932
64.01701289159698 82.98858912731278
104.81607419956227 119.58620339614035
157.86624540188123 116.01542869944315
198.82893903162986 159.74538311484955
137.13879072580232 202.12090385810055
4.461224057602409 31.235313601981616
91.24072721683324 69.2955829448419
11.32129533615725 232.25282123294764
186.30758318313283 43.705070587591734
161.2992119235427 24.547917957548904
219.91310361987985 176.75956867997016
20.674027832949164 106.72332170443106
192.85540335306416 208.8866772388589
39.40910028678019 58.50523824118592
217.6833896119531 243.25293768381079
237.0864038945677 80.68538914504612
184.6556502367528 110.4701583064154
98.21046620243062 233.60594574380025
109.70495011318393 218.69764890284557
39.81091379506141 228.63381121966023
69.16754229281266 74.42566511570492
18.73332562497265 116.1516947647874
79.49125798202047 5.882838212568547
10.353088139234135 235.67710491984033
234.68547264990792 148.2359104140423
127.43817415983588 164.90175129290796
129.08006393600562 236.0323717346294
189.70181738655495 41.646490491933555
204.49459032834093 178.11958724111227
138.76821632412666 136.2391276292196
209.08837705001784 243.0118856514468
32.80129753258826 203.12241379555795
172.04552425646403 7.348475659137516
240.3914404310622 156.71300259100425
227.73814195658636 131.0310431569358
242.05583035597633 228.7940306687808
114.86867766563056 83.66193344371247
60.69265450800568 44.94308241855449
7.105493091045273 16.239298943301506
84.51302183537221 123.66553756233547
172.08609111381082 239.2107969559775
59.241737745144185 32.833669994983936
119.04392103205328 249.6407108849449
59.125216283909765 38.59388061186844
55.77559202317073 54.03195135457753
101.93315624247545 37.43276279730334
205.65261627756132 233.2083526547164
146.30378565518862 96.1146395244411
82.55816573630176 63.05099055553964
61.41441070203319 239.66857680400634
68.63117491739281 57.838821701108515
184.19228164555403 138.76893928601655
180.14805369515756 125.5290117273514
162.5299732095393 82.6368585977964
19.974895174518004 100.79643401066934
24.3076868840294 74.77033820109754
195.34593828598642 93.37572162301122
149.6437360184698 109.3550896190118
18.505885470054633 45.258441387859115
133.85641846629179 28.339425020307868
42.18444100614424 18.057734861223224
99.05233287551057 127.30304575235161
217.05778679976777 38.691976026760805
103.63128246734237 189.8302904265782
232.1799295982562 59.41413037710211
144.9686599752669 138.51235791528546
24.374320334851372 79.10841021446274
231.21069788642234 202.59356712091704
89.34264302355258 28.273500580493828
138.8266980202935 6.13414498942752
27.536877318639352 75.51108894920309
164.0787968621718 245.34304097961967
227.92150194046715 103.75930249291798
173.7816850424683 222.78472617122046
10.920244044040434 61.567853510249684
35.76883171681289 31.90294336265062
232.36991640581044 188.73427002668495
13.433961013468387 110.47420690408336
39.919559259807585 50.405267254973936
122.3003567397446 138.25781726043957
77.31844666042159 125.55289247581558
57.996361260377995 235.43130017105074
209.96015428510208 217.13234922383606
225.06010317521404 143.1525682160013
3.4750061232954597 131.3302907097853
165.14279304014673 125.12917716476058
47.965822541908956 113.83008885941123
202.3143593013836 83.59974395781097
80.93964161867042 56.72948022433766
15.994439661149384 111.6115440148962
56.98992461109953 194.3917601801322
79.96202673485767 75.5736025271285
201.62425951559038 147.02293845797394
113.52757909683739 87.704281516597
73.06282241974176 243.98733161725056
141.80131642054175 153.33858050155393
239.54095605229102 183.60468653175747
163.76089713122533 151.2117689541289
17.352184846623846 154.8486112562706
185.9177434673094 72.43277813709942
151.50835289175893 63.39088587244421
59.95810648545058 179.84144314300133
230.29506258722503 8.100481968285361
211.27413674036572 100.73739146347874
137.3234226918321 67.17097923668064
155.32361180252317 168.30458333196543
207.90024474481373 229.19984799836914
119.63554195207685 208.62671714347465
75.00904845889184 209.93080029976318
159.6214971039102 130.10565533261686
215.5800080883069 106.44688372582725
81.0881269247755 121.15347003616358
87.60107290653993 127.28281386869116
72.13162114107848 100.15439106682314
182.33371931623688 215.58626480456806
210.35306929607222 58.111942704242885
166.22031135481743 99.76592420366701
48.87390755789195 222.89657079119672
168.59889876262525 224.49978028200027
24.344370703914457 194.64545978337497
40.512989385803166 235.7138469383673
104.75214236570307 126.6661003053074
206.84141010451648 121.07836851994858
87.80896947743577 61.07711720459802
6.053880841424858 73.74517366476452
149.2149206460607 200.5657161768144
159.0256359455629 134.2246626363467
31.483622657154708 224.740963121581
55.75337285714455 157.36768894130657
191.29907091169088 10.96627438025813
97.20677450997265 87.94922514731357
183.82272963107883 118.60888472474551
156.87853272380318 46.30172869096283
143.56987684806603 69.96354102586658
65.0733940514967 137.1460415612474
176.16244015402455 203.35389095258725
0.6931399228584656 103.51023106210472
75.78519574668114 129.92106329732073
136.01320676880715 40.84645729564993
149.43469715212584 55.943804011198885
95.27035296511008 195.70638488904004
61.28765735822525 246.87804863212645
183.35381237661707 74.74100574905756
209.24771556704633 92.98032521210243
230.45382913704245 69.3471377499581
194.8754996612924 122.0762330155555
109.05819608029257 3.6198286164427773
92.14787776868476 243.5626107847722
135.73928593769804 211.17875905468546
34.12392253494631 58.88096927854844
133.1941605206221 142.30038594543367
27.78421584473384 107.26871914397965
203.32728982582015 73.1354120315365
237.52059548503678 202.55501222354084
6.034379596433631 228.10972251973632
76.1148214055778 202.79601570759903
179.43206374905816 180.64411998271993
15.345092548236849 170.74113344926997
95.0072255828012 156.88510786231532
67.68573843088971 203.53921853177184
103.59687895655418 236.77754152754824
243.65815321491667 1.9786913403033457
25.66163106374822 35.724240684041426
35.19194324159641 240.6157373143539
2.745785128906525 46.39699096842759
168.40106328456721 128.10281465065316
106.94750316572282 8.73175444379412
87.76265406082331 66.81543187294773
241.40237932763367 222.0897543742669
41.53448190275713 230.11205497602495
219.91650562892173 134.27799305682024
229.87012029124827 0.7617844075239188
201.78623510359657 4.1881756498183265
42.82560075151376 137.53275389578502
201.3894612727332 89.79121502639157
177.87104088632043 38.284430106040126
163.24140937801923 84.48478743440216
126.76513649645965 136.04880376280695
16.892701271005507 194.08931024730484
95.98377836970079 132.35246014482644
154.77383186771377 152.10952601296538
48.57518815543801 241.56531563683757
232.6038672812307 92.07165146808022
113.86564026873089 68.84191047402157
45.63662812892289 206.56541405964387
193.02364757956485 138.6936766871656
201.78881994359577 127.71476983940086
15.639619487417654 87.35912958931594
85.25525436531817 12.202975947031847
142.21317768026574 116.8399698977872
244.98717500654618 68.52666980660416
112.7926876415507 39.11268500545381
33.55029014540584 122.84765864020372
26.126204448187888 50.902132324195605
136.69276035918978 171.59948688212876
90.32152374648855 245.07007058645738
70.28293179492351 11.694710633209315
196.85925163807295 247.18689093188524
58.10764666335455 157.65797481223242
208.43619425102526 120.56203396970608
172.04067682214514 199.53528151907372
54.454714552877284 169.5208769115579
169.44034378216912 222.87528030358155
61.54268426519102 172.9141433653452
167.51805993202095 74.40903346398778
124.70879074843863 170.9079354254394
197.14763856578185 36.45871845361997
53.93515709900559 94.49186667271586
161.52987892191632 46.41588600196692
234.50904703468808 188.2792626635828
92.28379650005388 183.73753498423207
160.0948765430583 42.93609189778713
238.821088199365 70.51413327030104
165.58134925469741 143.13701656419997
3.6741971781218687 229.47135524498108
191.083116702208 122.93027158512466
105.9177780335046 177.11239448830798
211.27852768995498 9.028995000729706
198.0453553150126 6.479936176957107
59.0332559752009 231.73826706148353
132.64888048181984 83.92737241650966
96.96993621517663 110.92268552797755
86.6769330425005 99.11388187905348
234.94452178413684 15.171959030596927
47.97426466738103 142.1658308718434
47.76129344493096 199.3525989158127
111.78343281326094 72.45773050886797
10.210052680403258 19.226404818634606
106.23324833610157 60.35577391669244
174.23298473060007 131.51782499974541
9.447424152283334 121.56682822211116
34.41805111020374 217.27951153039345
34.93389964268956 32.97223173630315
238.5186380439522 8.962041819596338
139.47200090619774 209.04779949478555
124.81117757447946 53.98607740114211
211.11755640547852 164.9110613773022
200.98617444854736 223.5684922351021
69.24511847940104 201.64063243989793
30.58331343732798 43.50625179298559
148.87654676677016 100.95577746479923
73.0187539977703 18.429674135967133
101.02546443786045 248.25344110238336
229.2008128473239 107.63409359940876
52.954201436184235 41.67715342145065
207.22361083110985 12.203839392992077
93.42770810483151 104.07094491415356
18.44959888338524 2.4283082133439438
218.92843596489186 87.80852950397794
155.32013990434248 176.60526997637442
65.47167702338282 72.87860677971894
129.59018547472286 180.18525705031018
28.62430000171065 59.42126353782928
187.9652956240949 148.86055859402296
31.44948897153288 9.684452504150842
107.42180773183004 210.35722175783866
36.91640536786672 207.86780583129962
99.9862211920474 181.93611200318185
234.5664208763628 195.49321741320554
126.49434967450743 163.68904329866422
46.42379930141197 157.90925800895988
183.14971192627107 217.08976057220286
17.55742222041193 172.92492638025155
32.01701137278576 215.19628260999554
44.34842813552256 184.77959964478325
192.05963893808436 56.19424588633845
48.36996524930365 144.66678986228737
170.66494623844767 46.25103894614666
168.96674346336368 161.85723422437826
223.57717391251472 201.33311689178316
42.22430194007981 64.6935355649188
45.27223437858777 179.4662441907264
175.57687209106447 236.05219775860047
55.2076913690415 103.0199683004665
51.826702879008536 174.4403108823278
186.56380585958897 148.99855872553752
218.83842574412478 88.80494187584351
196.57093341584545 131.16191260256292
88.81236645831639 133.67443528649744
240.29441734824456 181.41550559025993
123.99806075034897 123.1202737986899
235.36092662727734 94.01988608766872
57.833300880622716 193.8297034415009
218.28971110121722 114.16765004775765
178.09193547849105 92.47943782128931
165.1147996306297 66.05287492950241
186.39617904715755 12.965032754563039
42.113784789055394 179.02606684269486
104.62429546218935 186.46134870690858
124.87834362737402 8.394219345604137
144.0746918511485 134.99533568635403
51.30264856139469 128.1034293783841
77.58293093097454 218.24352713859528
60.22397292902537 68.0197874218362
171.32682834928028 138.66915500293345
94.48041439131138 201.836469928459
113.83199012725167 4.264016009608601
178.24679771264795 37.23880793400006
193.54944602976366 103.97368037990465
228.04033659306845 212.72093064564487
94.63290912117827 235.69557559386067
32.017340186094 201.72370651060322
85.2346614765167 240.6153183705303
170.6846486736473 102.52207684201495
91.18274216828969 189.50424796245258
62.412233757720095 217.57794543044395
139.66749591847025 181.93757977963236
172.8712934548211 223.59165464455145
89.94262409675669 65.98552897377408
25.50799292231706 108.32347174224105
3.525621677827023 151.31716970731864
154.56625764880002 223.19428786697944
197.6959429435228 25.12187752896064
115.33769805884167 209.15809367365557
149.98209433973489 205.85970765597796
53.79498014539111 194.04916736849773
119.35604519094927 244.69491355226887
26.373513572943597 206.82301971133515
172.8731834906911 201.69035007857224
20.898213382868153 10.319720214301414
200.87581158844003 108.67920480737578
35.435907570207895 143.31722007009114
232.86227409796896 163.96507062674866
160.39971511153962 0.9788094982249862
61.726710683132815 21.280541610991357
68.29724128996384 212.27032367876453
237.4252844900952 138.5466517245572
157.68288155967383 62.47424880452229
219.96294258200638 28.195645744770655
100.39658263301286 138.92006722231864
208.85156605066564 108.56367904416709
201.94203761872453 47.900042004970004
72.69781090021088 106.43720935928616
168.8730768298529 177.3294207411057
161.88986603057958 50.12423267702573
178.89573787096325 19.572902508914915
248.02688475964774 111.42063723744677
222.4683330544018 146.87178810677165
114.81081308859167 86.6541205415852
86.70966051134576 192.3844320224661
160.23364876265876 37.08182015195396
249.70359650287762 106.65012295147389
198.59239523872634 64.11269525795088
151.75474557958836 3.795250004891587
2.3907288721336792 114.33449093586687
3.7879586447395197 172.8761303383528
15.524227604059638 29.69830646621807
52.368331758973156 175.45983204529418
28.004596523556526 64.85001665458486
150.62221977371902 12.321729804936925
228.00802088809561 80.32933269007889
68.78119798111682 79.1356261069715
235.3776467039617 153.76817208065714
220.71986653246583 198.81024010342892
150.39882750941652 196.9500372624512
218.86776043336894 163.1148654088542
149.45088214713954 52.17785983851189
177.00146793425031 210.19117955678746
211.69729774356782 245.09958950600847
151.13373587137292 147.7874025468379
166.08968761332974 169.0010016573013
38.93366713194757 176.6527586366116
175.3361783903335 193.91057823465323
212.83810813952422 126.67472189761087
109.04245808332308 159.18714684206674
209.39949545301772 17.304184424971837
68.4243533001461 233.24069129067558
146.36638613511565 52.86636121209068
71.36483221168113 242.33416963903898
94.3925926909038 64.34545489569393
59.68256718120826 143.46610693917205
81.31253381800275 154.4407365801859
94.64959179138287 44.14118640889847
135.68791134862994 150.71435076903995
52.34754477114939 244.84582266500314
12.438109958338718 68.65051136014422
97.31679720803906 3.486676517293369
189.05726852896154 222.39014104140594
165.50579033346065 204.29825178223476
89.81569264778574 130.33996678362035
63.49214860929073 240.31824507274283
42.98912430352084 26.206594137344
222.28722577979713 67.42218253743582
196.2363856252103 16.714552802858577
67.40922950651549 154.7278515253897
167.11790364555782 203.6631388449918
45.0932428828249 84.37918813850808
33.85298647499038 96.05077581547935
86.02959920013627 26.886712600375812
4.905561596036473 144.69192586642345
47.886394083309774 25.012354860839082
159.67184890589687 97.93013152590424
200.37654147915492 247.8382127414221
161.21636722065128 132.88487820699953
139.70057154164428 177.13204768213612
178.50937242040598 34.066266370167156
163.70531194760946 82.31993104323443
101.65088066930403 168.79231795458156
124.87614142593503 112.22697263761464
141.04677364722346 127.51685626627834
241.1787311335676 231.1608349120145
249.95361078332297 155.31828484102132
136.85763171008256 217.06298816216074
19.290998991669888 229.3314786140064
70.11466179550676 206.46539935910445
213.35320584540153 126.72928682382737
95.9506690736573 88.66135209738269
188.01770295380106 118.63419230750827
167.4485145627853 158.77209241484363
17.79083103456064 198.03717757433193
154.55489706422435 89.82227530898112
90.35394319095532 202.20584648720248
15.043846678633537 158.87346800154285
227.484707961381 115.42439748932625
51.77241039053154 224.8695619538861
131.1666051829424 58.82250955075119
43.032533410146264 134.42783846784323
73.6449337947909 45.59668092291078
73.77536274168725 75.53635314816185
56.65562547421538 132.4240131821105
183.94584826294022 16.376512018157346
159.06150310189486 58.913289507117774
41.21672675807112 46.7406133842411
171.30562465408963 161.6556603008569
22.750577068749696 49.65785363481723
145.9719489529038 32.86732637255932
186.9767689274034 2.8753292868335945
27.87732867965645 113.27283494142806
209.41227049868994 112.2544495040747
138.62192511734875 12.635512061255378
137.96806280744275 61.49941083096944
126.78822836519096 20.233702518351354
101.18370056774117 31.112184979791234
182.9567035046465 221.59040237000107
102.0752112076398 165.29849779280383
32.035287099242886 147.92420317225972
39.04970024591281 19.752424261065215
113.17796587364903 225.48097256061482
70.28896880204555 169.6701683584981
23.95071986388575 84.37148401004258
219.56806341397365 11.977791684823963
108.48492757717406 193.39746938380856
215.68146884206897 242.8567972435788
158.33848265312804 51.48328355546231
233.93329074876456 105.02372962722384
13.707267601182432 29.279333945268494
133.3901202007559 105.48508156859221
178.08941636274713 207.64691289802073
71.1042850748043 196.02320028260814
52.49998813236994 102.91742636954932
159.5504919612442 104.57552695506247
6.421357106131342 238.39849226388307
88.40714766458818 193.89536317793446
189.49222499563442 59.34190732027134
145.85607167497497 164.42730763750308
235.3177321032493 119.57378804990412
237.59883777396408 243.85629523841706
176.63581411231263 104.13798148739342
119.54971181587848 160.39573683873087
24.389043850840007 90.56207607331557
65.11767393721726 32.86035215910893
31.6222048345072 16.114638655803454
210.46290970574512 244.43017253309242
174.52070930144885 39.690327613598754
214.94372820727605 222.8112775927987
183.78787425234597 104.97235656962451
16.051568799546335 16.944876384056258
36.7313283985774 65.3704330378998
183.07493104335614 49.79214212780972
124.6753152957745 51.75630460027103
5.276947470660459 166.99775255136078
162.5199644330232 211.2504144054671
46.17396809679633 204.981751554833
31.927128411659787 141.63380068837353
42.034982191700514 76.53661213725144
202.45600185204466 22.778998676378336
56.566290678917355 210.04375549157027
248.20257406360224 182.29947042622072
146.00382308470446 184.47615385640268
128.8468527886565 130.73537396314924
84.64936826874306 196.5196804446999
169.69432187033493 0.05548796641910436
48.49078418789598 144.8258448312832
160.09610425886333 161.56364617896227
211.52928280139525 76.24676190124435
15.367995892035996 101.78030299533017
6.131888828592724 248.6512345956336
155.69252277368565 179.13867031941638
122.86608583571412 212.88742474421463
36.34286119680627 75.34172413074411
243.067125333846 242.0913934431165
244.69301408146848 174.2229890918584
243.84850648772718 71.94332677995958
221.4762084405925 85.77293382334
157.45837702552066 55.8639382599008
240.1540070859505 212.6300448124371
128.34794462955554 161.0470343099399
240.479101706958 47.722982246883234
205.19991412666107 220.26774733947352
98.35674276443248 152.1223751190878
192.16127054968322 4.307597329941015
215.524444865208 70.86761359753433
17.24446491646417 166.26338992028596
166.84788615337018 219.90491216876168
242.45974195303933 170.7715531661469
39.24096884871411 159.50069473034748
138.72758139642184 231.02588569907897
23.491087120481314 174.80640476786348
199.91899798631727 134.34707057608463
15.973714623927854 113.33633669946686
139.19116489653308 155.99866159796343
44.23492042846669 23.806206029531456
88.96432998173958 123.77663742938546
166.0328480085777 48.97766617627003
66.3777899783948 156.92506889558717
66.46282029471448 121.54075713231529
72.07933456983385 75.71936662455408
50.03404991142049 145.14378001671997
69.20817320963627 58.8730816931684
53.2560560535664 129.26458516051824
55.13027185922592 192.8123853050762
98.78053951189334 140.68402152312484
164.7804409471315 10.008105263377336
5.418266307420288 63.16798275913921
38.28019658965212 249.97406822496086
43.775209516773245 22.19327832423809
74.79114370698373 92.87218427991422
36.22446980937188 48.88006891781807
83.27596692387974 164.59308288711347
38.845653050257475 35.94295585316098
117.62602399755347 111.82130454515368
110.04048024083731 225.81848983686112
155.90788335899535 232.54887240527904
17.4918589818793 231.45781630532304
20.291399166029482 150.47873710567114
144.14382786046266 227.91586912994188
212.53416901801208 6.798039483882857
3.721991944325709 189.00432161382494
105.04926325093409 172.09444084164727
92.44589106665337 177.23443828436348
241.72769533951876 8.755476444299164
139.92706812969885 156.30991044864018
117.62674777330248 149.74898285288455
247.63898121478422 204.98872036327208
61.66251559255609 83.93106742821571
168.92174780893575 246.64409191340724
203.5558088776489 74.82369305915249
146.35909173317077 19.481645107755853
114.81819709788965 192.0136658318335
221.45581718438004 166.1961412501465
219.41882377838587 57.41045096048158
174.9789601741466 218.15406765643434
200.37435651028142 22.156870352623315
210.56251296390843 127.80313204752564
164.72762669349694 3.410888739651785
58.28102631224366 158.47049107864623
229.12142202389813 53.11805057692445
188.6232791534055 34.95728611820684
106.03732927347647 212.14528010934674
37.73101135862114 102.76236288534824
141.86968404137644 20.586284160484304
153.7225591790768 185.65086323151272
4.699591874130271 246.41432478991717
206.3636563148858 92.20489813373054
60.29405743016983 103.5065002443599
104.7375679017549 106.38703835642171
71.79851810642649 20.68844755915397
14.495185546580553 17.73217124183865
174.6839504394057 76.4016956428312
54.2484585617852 203.0941392013042
11.659145508341378 216.94172161814146
182.77881936539112 69.23601140226818
6.880169244945583 5.465771140663628
176.61946689364308 17.883444838033473
116.25468251821883 132.190096755835
237.74794019698592 117.69383755105811
28.862794996179414 33.18432696113641
94.44688775435861 117.00666090345688
30.983439526512917 37.683445962558935
160.18622138100574 57.73250009661485
166.63781299043515 41.58163405757373
213.70588140765432 115.24523748680132
132.16075727874687 138.4530557976524
200.69988748550512 111.43078115171393
178.21117133201702 39.00742301872307
226.98798371812848 216.12752238598546
138.63077968087416 248.7795199735309
43.63367794669992 175.53732098551987
194.17579599585272 69.75776542518646
54.17808010093047 26.82413766820138
222.55541502409594 69.13586304917901
49.65994233518906 134.22020232476493
240.66793080949486 234.68660228015708
41.06708358978961 189.2545597710676
220.50223032286058 29.996588436215333
237.22125416983266 206.8264271801864
2.1400000259658434 105.18097752519124
200.56604204295502 95.89689811293253
60.26619839659511 209.80699633943317
236.39396121729732 6.372849362284827
160.19479868270645 33.81273456592876
30.14328639339106 161.54148440997423
77.69441778663233 30.18406182831074
232.05998840018083 101.96520132176298
219.43420053692034 68.14508303664165
248.05523093589284 154.27357106874746
113.27966301687414 135.97814521942826
229.13958311053352 35.1032942602133
41.53996692889223 156.31783413553896
224.70793279554582 166.86130508883295
52.76328343857298 101.84648851076103
7.601218777356783 27.091198037602098
133.08062551110095 8.488326312370093
97.94591747384287 153.18747983607082
184.5384740897837 4.9763682583807975
114.09173436764067 31.907679352171815
86.75390642917542 11.081451067684323
13.426528345759554 44.71277583742322
186.7236399962325 216.5268748571779
125.22978841775331 199.75374355438578
1.620385638498062 211.5267913924613
46.32139680490938 47.221698342222865
11.42314972683381 42.616795662069855
166.41775232329132 192.94137136381474
53.43357619025943 19.28929553289954
102.26355309894244 144.1404350793871
1.0093166209245996 37.56311945393504
176.83103848624586 120.27492996678993
92.45264862376817 13.288151225657602
23.797271969853597 73.42917256161161
156.34569646599027 106.01656487636002
110.36076610172191 142.68477922029163
77.09200741184463 159.02777580857793
45.16302761919766 207.46258668270565
113.36177683857915 13.612493602987941
133.9175922390266 239.73041030686355
112.59784277387935 114.3447061793974
229.7897969936878 91.87966778223029
248.4353118529199 21.00372598309444
9.705273050164331 57.593978003270344
236.5608762418727 129.97949084329485
169.99456586937933 145.58630977624233
178.21332713253693 173.7999260953799
79.12391230533919 131.11882738406865
122.50286420497136 70.99929919310632
53.700505531856955 216.69041528824607
219.86844635890787 196.40855781567316
165.92691240024877 33.797036168614184
130.62908398805112 30.767260670567232
151.20834697681389 75.47015871725301
186.7816279166584 15.918502167702242
119.76293221085976 26.70213437177124
106.12400305137207 138.93253767851357
93.60700441884673 165.67029038160885
169.5178324445432 114.31583917605157
153.42542865659104 138.7196133773212
88.65017871237735 7.998484786064547
10.688608406390687 188.1996114128549
38.46421682254944 42.76881281417477
181.65320238956255 85.9157256710927
230.5999327508295 73.64701725937087
241.7711041408003 228.87559007482915
27.041479136173272 178.90522223919567
197.2348426489113 122.9742290022019
215.99853993064698 196.36627267137786
164.5464742084004 153.56670462683437
37.147177931108224 159.15027243772698
82.18697562347313 236.864721702914
34.7160975398777 235.00707838548396
69.3891786232706 7.36104988835079
204.89034323601152 166.6878834523884
32.45124303702418 91.27554779576342
173.3457789867561 249.66290023795014
26.87742698088977 127.83967857914728
123.76563021358614 191.92679434720358
237.75197889398927 108.31752829256861
22.940492929012095 126.520220425996
180.88730789381123 187.4725972962934
85.37642577399838 119.44768860779831
96.0486280524001 7.387572661763181
164.48598389862593 207.53240994256342
206.64862090822427 75.81236863951003
48.79564357987784 50.30083715576911
209.6254367878825 86.42845667621494
105.0112006811224 113.20157849137865
198.44969881994896 60.103177888896546
247.2643765096651 207.3571546869896
6.107180576510412 216.58039200886765
232.14126934581975 155.35331914669717
122.2161933251275 228.19718157104276
41.39607068897833 225.47440534367516
140.41106344113265 60.20824843714667
3.3560381211454606 157.8836391530571
118.52189656512041 134.47306770198446
24.541262129880476 116.30170836265718
184.14624300247834 139.70245131122752
141.1619856841654 23.606325503056635
84.41784500232663 58.9018024173619
232.42634549166164 23.301430424359836
4.556296554926703 174.74129111061347
244.17983243233655 23.816232279720545
124.07541081252444 111.99208897895757
146.77328184549904 143.76103317867427
116.01713804016143 238.32693059870928
155.20211574446083 233.3938566394181
171.35842386573432 43.41874742958418
87.43815858731833 188.34129422802647
88.09895963121703 242.23118058678725
120.57621080422723 65.4950645474335
23.27907674768176 236.2983776835261
100.71348329769073 180.83918788174034
73.80653434081009 165.14391503985345
20.727459049614122 48.48713101154145
86.508542212929 39.711295815815255
204.9727634152174 164.97003589644302
186.09116774697569 207.63631187108007
46.610123131322844 224.32546994535554
70.80252637309175 45.54366059256504
69.85351040698868 225.9604691137816
151.03198714794092 203.83075944107807
24.482295469603095 208.60939141474387
31.407505937231516 184.4615963256118
111.89708542880358 64.6433880216123
230.94576383009638 200.18170492498857
31.92566990821569 37.562421707890316
93.8264545438246 221.10963150312853
214.07933843670287 99.87790212632386
154.47119347207692 227.67886368192282
180.52761226499803 144.7759452212922
6.415407602587075 89.46910486909975
174.40516627558208 243.1274071505354
237.51551997756576 91.70629951018
137.7820545183321 126.48896250747141
90.21754740244478 101.45627715485189
201.01230371474674 151.57623732179147
146.35366468846215 85.67445962485517
124.31319909227886 192.04276970231865
131.0745382359944 233.74778571631091
147.2396214982358 203.1974181958373
156.40504880122913 4.9350645785861955
57.942480966241995 232.7884204672982
1.3164952737310942 156.9548577869798
191.59296603437545 66.04666559991642
116.58887317019054 248.52965990590508
150.96305805939141 47.08702438420179
31.811879323448007 6.985365616251543
225.2076321001395 157.88092771926958
83.31725606325128 93.36695354153134
187.3280623301624 217.95525766154964
155.02444520211333 132.57358750790357
149.42055854847482 45.29748778674736
5.710876975154072 180.05622942508325
33.94616808991943 129.66809534449175
245.93871809320635 213.6456915298772
74.77654653398089 73.85050906076215
244.5314095376338 177.99004711987683
235.5311175398444 232.2603888828123
219.70918284142417 211.03346150669333
237.9078777211716 55.92892490978368
96.66756775739054 132.54530681644124
210.89881187834342 156.70869720540827
235.48352674126443 211.0931561011816
61.39363800435355 240.5421412788266
224.85292607265083 125.01349535656456
248.6482728288708 187.7954152597912
79.5188120121605 173.3049829859702
156.1867485008148 14.869570321196568
5.327916596086474 173.4586758612909
113.29880341714666 42.467683567496195
247.9271118494898 84.25315131291875
218.16225268284214 95.71677959853092
189.51664713084986 21.451971436891093
111.35489355888326 16.233400976509493
155.15854511757604 169.09405199556412
115.1058314774574 189.0368059247945
124.94722061772399 187.3093459317879
145.2379940321537 91.59698642065656
101.40223146471153 249.33733614588468
69.53827190569694 66.12424834301267
137.83489507662625 127.87639604719384
165.28155104116433 218.4549873425985
116.70766753307088 79.30422817744909
84.79464504614414 28.034028551118862
115.16256445881112 104.00676401628067
78.21770615020324 241.29049019017816
52.88399670150376 194.149581294393
248.35116175620047 246.12486105899262
213.4907150228762 183.4450867907495
47.11657936090632 69.31220707735316
170.37558996579418 174.69436565908185
204.72353223538477 54.0974034494518
166.16009343937944 4.75199354000519
15.72360286650798 48.046394252717256
246.3021510412246 42.73882145892097
153.69581415924614 229.69591494384207
16.328944236321195 42.81508248844065
53.18191252177628 190.74985868304756
111.19153108028918 101.23620777300243
87.60513824725847 246.94023845878667
33.16323628625312 223.6915452829639
238.41391150519513 162.2875568438537
48.094586577707794 100.40069875918131
234.2319879806757 122.53083352117802
49.67839525265019 111.96818945628611
42.87474706047906 181.31423730746116
168.99484198381185 107.93301084517817
136.96506373962612 2.225185913943273
246.79998292809535 195.2577792194445
219.3171997710188 193.16783240001286
163.81828955443456 120.51530496068605
21.995472308945608 122.15482834479613
58.91710820876389 49.96271344295711
11.813443680491725 81.6683372630088
237.00928566664467 2.0456045784663646
198.8114195273415 28.356723531027583
119.9403213005659 158.573147209692
220.9660224550957 100.01191280121363
98.30829787949794 110.22183143224245
41.140210056762385 73.08093794294251
78.2693940511405 163.5968298156635
13.825066418946985 35.94127638003475
193.84004284810794 162.33637194742718
88.1653580344561 114.3374970959651
25.000734276165364 83.83285623379119
121.57207061588366 232.42969386921726
77.09858719605029 201.12378996944292
186.68389928184746 220.71073858986574
149.85319124561946 100.24067140938006
186.52990313446458 169.2915058786425
225.13406742836466 242.699796497313
214.55523811210392 197.3504063785626
40.41923726212032 78.81108162566045
84.92474597482504 49.61982661505457
45.76133992203527 225.38446646326287
135.1382320033582 89.23858552241903
133.49560426775534 218.2861851381343
110.32466958232403 223.69911020299827
41.21290509014327 177.70988730874805
10.629300055949532 91.30763107461054
160.70687309400833 77.7046923631286
114.06038345902755 15.707322156912811
194.74888881930448 204.04560583297385
17.281002984338738 119.34951828058368
101.29999282649665 4.843123110980452
149.4295802703416 189.2229601695298
161.64954879061605 52.43924369343547
171.77164073784618 147.5395739247462
97.10749953052064 166.6287208297468
143.84933567571292 3.47643021014668
233.58668330796706 129.3542677266202
14.571555970699091 1.046188002538112
240.2494485289083 161.73208772098508
183.6677179286114 204.6157925086055
101.49953775983802 126.95748432024345
242.89692977260296 61.48320244954297
242.92344047951687 20.509674736629208
205.07892520837444 81.20606953622203
145.14011688151933 194.385051136456
172.21723515168875 41.37285289429985
28.10528158957207 141.56237016682323
152.16110540546825 220.83932952892155
226.8968783127719 126.02535893296671
69.79588830650269 37.53101216587651
83.5726901138227 54.06281808368033
153.8680956677317 158.27867145997948
13.493157280722311 230.9374801826604
2.9682472594419194 168.47748083732338
216.74955226819134 225.04678376372487
18.608950998720342 12.40900124102165
111.20047844615962 113.52106698068914
249.72111467169972 26.08800279082535
26.181920668445656 215.0823598992912
15.418965259549584 181.82220336622464
224.19035578906775 226.9362349769966
147.69530467980047 225.40490035270003
55.209188776777715 166.9966520894641
50.319896311899285 75.82089530837195
163.10313863232608 74.33864371644192
26.915043464411564 186.02104038658666
177.78821052208505 6.291880797772293
232.70160207851137 192.12581037295195
187.1627233353014 50.292237969354616
157.60354733641034 1.5198610989604344
249.77944775777377 90.31005219534025

128.7635104784379 164.5503383387413
188.12175322021037 217.70706878351479
87.1144023901568 9.544649889862477
237.24483658435955 130.03026601829413
123.01328112292833 12.251136922105498
76.13066452053779 110.82802094566082
230.65312142019098 23.787251302128887
246.64024948565668 65.94600824346436
17.303640950244613 107.18496076673381
66.34850390476788 78.27795100321414
226.17421234457007 216.13526834721117
89.36690905567951 133.7073112772496
79.40452700177723 153.07362747748152
79.28006027221868 63.91328815396122
149.52456197421674 134.28376401166537
111.13818840047881 230.45060877207771
225.2580219227787 27.337835140698097
124.65353179903806 196.00246372106554
164.43714233346145 122.89495518430135
237.32232618614046 138.30950139016286
233.0671120213194 9.689748727086029
165.88599768135657 214.85183751005306
189.69035098917027 104.12577873531897
97.20525463704557 54.387009461117714
80.35032319202776 72.03407254529856
174.2349505039018 157.79882599508773
128.20440883595407 147.12779722440533
135.87317989153794 63.446660107110006
37.7870636470527 90.55658348509857
30.35997866682727 117.41169064341538
199.24134664461891 54.094624762365875
76.70167273235897 152.40810037597842
130.7976933563984 202.4262261821208
198.27182826335283 55.03328197432092
47.277163632346245 26.485607215138984
2.4036209164698397 213.90154868368015
54.441267573438175 153.6870150264804
92.01573273700048 150.26792437490883
9.478776666146715 3.7132287634490115
18.610256764345717 41.78127697028211
82.5488344726345 170.7537100188535
34.47636820642394 27.71368706284008
114.29185973193506 22.49956810328049
236.97389750942136 59.86747950723245
239.24089543093223 212.3736940839485
40.67071736967878 154.52626130168247
68.66963934953232 112.98585445192991
97.35857510850957 190.17755949065878
235.2913697159766 170.90881423729897
213.39108763201892 79.4115077839192
5.214917916003925 229.95636177239504
208.17184788303834 145.50048254941473
217.2139836213904 6.801432728756524
197.654630954326 248.09538132981916
151.68502658482072 244.91090083510764
34.79161276600026 48.603914395334705
82.5433534013819 32.39798781143166
71.91491784853024 193.35923032376243
68.48512571483518 45.600989849993226
86.06651830150294 225.7466277377618
109.78712223723825 226.11809984210382
120.82979399868162 140.55264683985894
186.56389559616414 183.66148545022833
47.005002132390004 182.3929977212547
89.53912491601237 124.78613979817627
165.14575959327513 174.68597080398968
244.18007076018893 71.19809684397185
67.96387797359735 222.53898039492577
217.69042837205473 183.962019619559
22.89171751707236 130.05260322425622
166.88169890745118 232.8883580264945
178.72494266857368 91.27795470083349
81.71454553760879 30.194152538771725
16.11870137160054 67.13608161380239
72.78613883944007 195.29715955994192
227.05639599401846 220.58945210355355
15.167055147079445 18.898980471133335
231.03058874712812 236.08876543332798
64.26857880541303 191.4366149966647
212.94229266735206 178.55182889806042
187.60250294384468 226.4513511639582
82.5303500760628 229.69230518341288
161.68493145138626 25.223571118358713
159.7073552525865 105.36207514902875
117.49275995407308 61.1115948731287
15.128392206456065 17.253672804429243
200.5234361879261 164.80501244843236
77.00763485337455 184.86263816827295
13.873345507938396 204.69313472296827
28.543012162942695 171.75463600539058
168.8710723664335 141.53444147565392
125.73514282925896 209.44005297424368
18.808236870227923 239.3475206126037
131.4557123022803 169.16438522148766
160.18629691990836 160.0892980720452
176.83468254559713 52.19672963600866
114.0162210939269 192.67521587490887
4.424711420627114 118.85764039110184
249.4162712680561 121.0875266056564
243.1620057849612 37.471429400354836
110.46725808503203 88.41723593681411
74.75373921200986 147.85042954226603
166.48133057672618 105.56874074458287
7.772330614745443 224.72156492150884
44.424092839682324 230.63160836257273
195.12394542085127 55.231748082486845
212.54551023222893 209.91357395664943
53.20499807401885 15.688477338603207
82.07525390911103 25.64757193071815
109.09543290783836 19.230571934119478
74.70977699571834 159.4320797730177
6.251121288188111 216.51132178660234
27.98553185109329 241.5641750804491
91.74113787365143 32.54339478080628
27.043964681026072 103.11365770959236
245.17064026285348 0.43588723445939226
161.2249586820036 140.24622433546574
13.303869129013963 104.56057365902019
247.6162653282788 213.85002826808437
10.036399774987242 100.69625341873528
240.84987566257 245.39633887063408
47.173242177007495 151.64308166363875
241.0178560312946 158.6634990195812
52.11870852214115 54.32637610231061
176.27869605074903 81.08073643639652
77.33373809755747 199.23041554650015
189.1812381889263 207.84765909346004
130.87733920704048 37.66184816406823
59.83672397239403 0.8269623187913966
61.24386826591813 162.446490696113
100.5006022510381 120.86440953760078
79.04495933709893 29.19519804762416
132.08718931541569 70.08443647876946
159.65843750130156 158.7717022290557
49.342724213875286 24.74890163401805
201.44053888047532 111.56576489428704
50.35170195013458 9.34331627355267
65.51374704611531 132.29245922511498
227.26282028161523 135.5510918555679
220.2405182928759 205.98736436953035
64.9677302988514 80.56922776118661
97.6367337147516 115.82505961760839
156.1816321873243 118.57448978233745
202.02046384013298 167.29935539123818
136.14344347648105 196.67648804079676
5.4890701796231065 39.26894669252437
89.8082271003209 71.96175558490714
12.967299530468019 234.79777221695858
190.2286659105212 49.72853690350587
156.59487927145068 17.533997556858942
218.867402119561 175.39019469865005
21.640561436346406 104.72115990464059
190.1304092665218 200.90049444136946
39.67532119304365 63.78829112462764
214.9844906844287 249.93726514969325
241.1304777015239 78.34025913775741
182.1055243460467 108.87635380637184
102.49140405373156 232.06823056980028
115.55666767131618 216.93380625309922
40.737809083612134 225.97421163815372
68.6031798521238 74.03774819785863
21.20835417666733 120.47955079387319
74.23498108056093 12.094884263864596
16.205876883946175 233.38101075500035
234.19655736214827 144.35114239296993
123.76777093698504 169.6919157975931
126.61380180219062 235.36454536264165
196.06286646906557 39.45469861989295
202.66372359214455 182.94720851835794
134.51350942061327 136.71380992306754
210.47144308606232 249.27065092971847
36.14065682760553 200.86331615845077
166.17154203367394 3.698916791213702
237.68543656981038 149.04722637921304
225.41505258980544 125.12899646960476
246.8301715426069 226.04543351639876
108.75353340037763 82.80284279822764
67.41575740630562 44.98088406953171
11.100910383102347 11.39736272176875
82.45259575137248 117.85876578073758
171.743074642628 243.24483143015917
61.027452542454505 28.012508059090113
117.57912898575049 249.5943796286914
61.940163470280254 33.979353865521034
61.35450111377175 52.47375355729492
98.83882098557686 32.59283613881353
203.27487759845695 235.69944680796928
146.60286272121766 101.64531167090776
83.10382423273593 67.58847458645175
62.704178128120404 233.4834159559631
75.64295571769325 61.683596688380746
177.89704115243256 135.09579020695548
178.39358477763855 123.62655178713536
170.27027724104929 81.56077819987634
17.766351060602037 95.93841329922309
30.995270527848145 77.58339845357712
188.32326101953592 95.42541380574713
149.98136214110804 117.6519118140359
17.41854672531165 45.07723914147435
133.35336950254415 34.55513307898564
47.03200483182798 13.419770877986847
93.85451002797885 126.65185767441805
221.03504263941082 39.88177197683979
106.84181761988853 193.72331245673138
227.77993048601033 54.66453055070847
138.70677377126714 140.1854168175868
30.6212902032314 80.27715873415009
235.98188443718215 203.43755506734846
86.66699207353592 35.62410942510302
134.31238989285237 11.70610438418787
34.63167667035036 72.48572816390786
164.80551476956782 245.78286143823297
224.71775259365347 104.63613128385671
167.7431295988048 220.01030474218874
7.437051208234596 59.66044050250541
30.476135573913155 33.017986248150635
228.9318710689951 189.5574574796513
17.492320151374614 108.40436082285518
47.88583637245217 49.664054908935526
123.25738854384338 141.2422703653376
80.40299953182367 126.70511115909223
52.22520315898299 237.85001503992478
212.76261884982088 215.66628117667278
233.2515185132262 143.76352963439854
8.159002729030835 129.88330797899198
160.24724818325615 120.42090956805288
42.0010337414782 112.24942341947042
197.40551491057664 84.07483206650848
81.14211161188534 54.561483734627714
22.8879312776446 107.55784530944015
55.8793148162049 189.39876130202703
81.89290685121792 79.07629054284115
199.15028378161523 155.10767858065714
113.74378920343398 81.64413343695733
66.66366216666387 246.28857728772232
136.3881783791884 155.12985309768638
231.98070936675947 182.69997066209447
159.40697790817498 145.53372492000824
15.812624202236087 148.16805915830045
190.21580190519768 77.24087552070863
148.59020367157018 62.02187634055867
64.73279035059763 180.52444942350726
230.05989157233364 13.531209329931542
209.7009021844262 105.80635718752987
131.74251326580497 68.53114812691314
151.3929122874102 171.578094382599
214.19629542497265 231.55399127652728
116.24184333558671 215.22822674627466
73.86138793421995 215.74189794701923
162.14499506528378 127.71760790069806
208.57737159129383 108.58994785809715
74.68235470380161 123.11088806137738
93.56422611079194 127.22697863020066
66.90273414187575 96.73532399996674
176.97598963355335 210.58755010396672
211.02459423307752 54.84294053472258
168.5050490945707 103.28118278963098
48.47625616977972 229.51153991258545
169.45550554980548 227.17756504426725
30.2631367070417 191.20125304727344
38.65304289137567 236.25286743077726
101.12628990912582 127.89967471866157
211.69410800192333 119.9924812094407
88.13488783518645 63.68373999808988
2.163699029197913 68.60238686888495
147.26293721888592 197.72655374990674
153.95313272528014 131.2314528277192
38.399550452565464 228.2553211686847
55.355515159330544 160.6896789769746
195.76766891229482 11.683541412610355
100.59381047935895 81.17184771215075
191.13680772365504 114.85870678682619
157.3699512608737 50.39704470141954
142.2361677296183 63.46867995852462
58.60643293017767 138.0988789185304
173.39887326538582 199.53129693608545
0.6602183768215641 98.7896253683359
74.85226680990701 133.35706122498635
132.18855855869555 43.894466641727334
157.24418667810025 57.881948958166674
98.21470071154349 199.85770637533537
55.278746522508804 247.40252834413388
183.34055150614458 76.66532034344387
202.6828285389302 88.06090585946963
229.7584770900259 75.77263978953103
193.38748880958696 124.20028421450169
104.26003200656139 3.931876723087202
93.29483013621324 239.8143534386396
136.88001164615736 216.89956455074048
32.14444360120258 57.016712899121444
127.3742276027687 147.95851640566613
26.577620435669303 106.70297478340471
200.32905482225428 68.37257335270311
241.6893825812343 204.83852334401402
3.373467937126229 223.95348553722104
68.1235671607618 204.51442976692994
176.67156396285992 180.74511809207465
21.7138433677411 167.94047258491082
92.67138738066343 154.15947941100853
66.2147288505291 203.11128561709313
106.36544806105147 233.01691741978206
237.3578556235843 5.486602799750301
19.93547284341146 31.503036949542455
40.100093924347405 246.4787433839707
0.024855634301990115 42.97190377178625
167.22267567022033 120.57971522150227
108.62720477674192 14.476379271379514
83.9040478794694 70.67135409626218
245.60485514542103 221.1293732694193
38.74772019627551 226.66829628054688
218.61233771042404 134.38593674891038
224.47391633536245 6.028915011415697
203.6265546324112 3.627456829472436
45.558316120224376 130.17141733252333
207.68115944202242 89.96465538377154
173.17973221400706 41.080154706486184
163.79272541450797 92.5530047672756
128.74770060460773 132.19003977787108
18.210381219735726 198.94547869487923
103.53234313238627 129.06713313492747
152.1311840294471 153.98219160784495
48.41471003464265 237.61119727492766
228.6905111815518 96.12878528138316
116.15065577744926 61.731126334107486
50.4913096845542 200.66824515062223
198.4635953060876 133.90065536289381
206.4382193581509 125.44611588439247
11.955378788022692 82.84403127331235
85.19680317037903 13.448893448342519
144.97728067589347 122.97751978048849
244.01052394136673 74.8251640622023
111.62890918442258 43.471239210247674
30.52024790711394 122.23510421108688
22.96503300419331 50.14423236470572
133.45004540057607 171.0591443384325
84.1195883050527 247.6664906453713
64.91664564044045 5.832536283724766
195.56027732493658 238.8690427266759
52.28527460789442 161.18064197191956
210.537516239655 126.24072980167492
175.33152554718993 197.59334214119207
49.20004939757497 175.54692182203343
170.99048256221258 230.21087973485263
54.870304702361175 169.15363649617575
169.59997230097548 67.3225198832658
119.0480908018594 167.4198691276341
197.08588360679437 40.18335304917803
52.23470630441174 88.65892208741441
157.43954668292164 46.40693681492128
239.60007454524623 183.39923343800115
95.06599993731119 191.50425900974705
158.11621564814587 51.164258791562226
245.69518341187447 68.58573496091186
167.6181362347491 135.8296433064883
3.6214526134302485 225.88589353306335
186.73427920714357 127.05940397132476
110.60326716011282 177.5481885149279
216.78784956241296 11.631979357239114
200.74129322911446 1.4424888801137237
51.6612476878088 228.65766527378943
135.91731465790673 86.58881575386133
101.75854215193384 115.67333920635373
85.99650877904227 102.32035088574146
234.94115505696743 14.144263975089194
53.649143651425256 141.94623180503464
54.33676010017441 201.00664569104006
108.96334302277003 78.19481988339089
10.076437092349261 20.7302624096774
102.92673235918285 63.41703573899332
165.87447886351248 131.77163434328816
14.183618852692204 126.44397856554929
29.476415427767133 215.48789537980494
38.69726306144727 25.713964551299345
238.01171606764416 13.930712464003319
132.64326056612893 207.38126929674183
118.39391948629213 55.45121359334307
210.77641424576169 162.59358492262848
207.68634923162782 228.61954529206082
76.1319137783954 206.21711565445872
28.19425698653466 49.470475686537284
148.5797518375772 107.4089245647108
73.44374220549238 24.81815501305484
106.8327673513004 247.36868147208932
230.61881725579056 106.60856201146187
53.86819334060303 45.153187255985024
205.91432805820307 11.247612104900718
87.151773073349 109.30682057221938
22.573264341821886 3.9178608822082737
224.96912889694022 84.17564329705016
156.35779455165604 177.92028229623548
67.71486237973812 68.26029488150687
134.3403015222227 175.5446553444194
34.644585790831684 61.34030285935438
181.3374350583319 146.78139653117424
34.91697980630068 9.924248098231365
102.15437551197768 205.98567513388807
29.217536906450874 206.31639625659068
100.64593369997013 175.5425841661739
231.53221585038355 192.2688952426667
130.1499877431517 164.55195739966325
40.56704363144031 156.6342151853594
181.28681097106852 209.0951689870141
12.470967568795343 169.69473459057892
36.40157717675929 212.82171109382668
45.68786761924315 190.93462561571008
186.3147973899601 52.31645446494845
44.3819421784592 137.5120523120429
166.93682270203502 47.35511727557232
166.6849990515518 162.43109732450392
230.61626831364077 204.51982132274966
37.58794579355892 58.37161501936639
45.259643640322814 176.09144114988842
174.4831892896597 231.62989276640064
55.02613697228312 100.23736218692753
52.462397672031145 170.07723108604358
186.37632470219657 140.97865946766197
219.09069071818186 87.22207728386763
194.05405836102034 124.93509124998256
88.43103615933559 128.38090969831504
241.11985797116932 186.87982168085233
130.33521590276337 123.17449440294665
229.07977185483983 91.0388357918788
57.16037666349996 192.67419663932245
219.21740228777028 111.29774865642447
178.63100863119604 92.7370353955257
164.4488015833203 59.74739655434666
189.49891963714458 9.230089104857258
47.819483009287815 174.78826599038246
102.45490696658929 183.60231670495583
128.06047211766122 11.840837063263804
152.22648121465394 134.79628698743068
47.19164900570746 131.7249643248649
79.7920118764158 219.60347874483924
59.057818458753495 69.08280934034069
177.6413284281367 134.09180973824732
101.46287270593254 206.0427648770518
119.92464486581977 6.568431976132494
178.88044841922846 45.37997752669221
191.24748527591058 108.01275982481818
224.44783679828774 213.42273981211292
100.3624194235865 240.38459960779872
29.33780167292102 208.18821858811899
92.57628925873645 244.68531232313535
174.0043793060998 98.67385184346661
95.51239274577428 186.54978818949988
67.99256388542999 223.0069240405365
143.5034832054076 175.71919544970655
179.8298223362422 223.91291244553213
95.0009459387386 59.79553331373033
25.582479796193464 110.26390947008139
7.073241138111724 152.36432399984193
162.00746799033598 222.6536548144529
197.70907157832892 17.304684230139145
111.48764824042354 209.88551195941216
148.7052542324159 206.19205946523758
61.23215355809411 192.18579576096556
124.94973398363426 245.16658400415452
29.646665970259555 213.59446249357075
177.97214592927602 203.6701202366624
23.70953223029068 5.86256663143922
205.24645807874208 107.25315502581948
40.90764695687815 145.1285668142722
240.56912944798785 162.63049500861754
157.20549035270923 1.0631088576051606
55.15616777412913 17.694704758858954
61.143777559055394 212.35944663519072
237.63400454408958 130.56259815679752
156.78863999254511 54.41349045512073
213.31847544018643 32.768932613706085
97.64690211382846 131.0917215120687
203.4753692750778 106.00127097392084
200.38908763272724 42.068988881189206
73.95098445438894 103.07541251243526
172.0145790869911 177.3789124547504
163.5240400392623 55.25526210960846
178.045676131156 11.480930282358248
245.655290479919 104.03642729643032
215.9839108518686 151.94296680703778
117.00880762165453 81.92802471692703
90.90535182669309 187.3345779453032
165.48162955870967 31.979347179964616
247.902332172511 99.75675778018505
191.8396727755556 60.44572457681474
153.11330410398625 4.418229947195651
5.110091025791186 106.73183921453675
2.8378941288179638 174.30749941899634
13.791533033938514 25.089372633091607
47.76094704751843 169.3657560245017
31.37586975450915 63.06192601913688
150.2333195116573 5.467930287904793
230.43904949354695 82.80404840868974
71.36115176345662 84.85027982363094
229.14436429368627 150.86553021782217
225.19337623091948 193.41136576293067
150.22134083372467 188.99574711491215
216.71976273862867 161.71876059400242
148.84716429024587 58.61040999454612
179.49840123584212 206.60351438176073
212.7553550811873 244.17455511628592
152.9102285613053 139.9808293299315
170.87413763851401 163.18313695472452
37.929439775200805 177.36207651563856
175.767105940279 196.61240755731396
205.88973604215673 122.37600679276525
113.22024859835136 157.9948415910331
211.29852955266537 19.36297625496694
69.04364919944608 225.00910830277994
148.13924856932655 58.92975374988679
68.12887552021036 238.5068631221164
89.74084156818432 62.08414477362217
57.836690114060644 139.3757865506946
84.58257978456064 154.40239150226924
89.85590741234542 40.145137456482956
136.36721944021622 156.23577808738844
47.702798914417585 246.20594248355
16.37861308756855 67.65798289043113
90.35187710013199 7.4120452132223065
186.10723271825515 220.09708705108108
163.7148688364874 210.24943509649685
81.87792807017169 127.56018140449568
66.2545543650964 234.774989650935
39.34184268237245 19.465408616844677
217.15806830175757 66.75603849660686
196.6438925242605 21.242188480733393
73.25531271583927 156.11731623594613
162.05408703566607 201.6153972711849
49.34853896795277 82.53265721610286
34.21462503203043 96.30567313100902
89.6893027308462 24.806428251165386
7.014919682673037 137.23456500482828
44.754978691189855 28.395741975888235
165.53592654653434 98.01406230759166
199.5182596698683 246.208047194585
165.44220309174844 133.04603199273143
131.53621075853874 179.0543225690487
173.1646605479652 27.55391141729388
168.6803761541259 82.73663431670022
100.10778414707433 172.04543559779196
122.13299228867838 104.82219940315754
143.87601793667065 135.14652943217752
244.46859137632873 235.4791709674267
245.5837173472893 152.419513339095
134.46273889902787 208.98140212258963
21.829714682655126 228.72625131628263
73.36586865994308 211.75389557858352
206.8922375453605 126.29563475693409
94.39745649499021 95.76197724923274
187.81413962021128 118.55454915177435
162.71539251692857 165.21216322243018
12.134834983540205 195.37750119563117
157.75596601426545 94.0132602024226
96.76803070684461 198.89342462927044
12.388589284595714 165.27579984282093
231.76645371456982 109.48090304775803
49.30078322387379 228.09882421576867
137.60904504681628 54.64692390099621
37.82199157465213 137.2173180266461
73.99508341860175 49.796239730479
80.92975485931794 76.05044713284256
50.571659104211655 133.1876694303582
182.9460578747894 23.2845789024142
151.01751173355967 59.74331919695025
47.1618031523941 52.758507241577576
178.6223090986246 162.64563888232254
27.408240988622516 47.165844107019375
144.59440419227454 25.416362062559482
180.32645488434446 1.5154103701691124
27.689628851632953 108.45182482338367
212.19610816539014 111.01561692685432
137.47515279676347 14.566246105382625
132.68763931377651 59.62745578194964
125.6308286014404 13.236276297942801
103.55820493408896 36.70123695253694
186.3639806342334 220.05978623712437
97.25485373825587 171.0750087512751
27.941490138468637 149.60876634201898
36.9031182363522 11.789516389147186
111.45681957494841 219.02483103286266
70.87378338608642 174.34866557601168
31.15808553080479 87.32556396491867
219.4841264841891 18.534248997988556
102.9394061870241 197.6559362451049
208.8721791820032 247.84762124822242
155.2290036037887 45.433056606350554
238.16618331153924 100.60347447618362
19.827103871189134 34.98734475143281
133.10522035989607 103.40623434957982
172.52778471396664 211.05417140834686
66.87804869435473 202.33342968113467
54.79073325212003 100.54636481477691
151.91989573952694 103.56450541373671
0.3156962132474239 234.76671313271598
85.30728411721614 201.64743381761713
192.685917060422 57.37714419871948
142.0383996259431 159.2805211482265
236.63368344443634 119.89673374017632
232.03732558716575 249.93271075926805
181.59001932387423 108.56928959542803
118.30647704289157 159.60299278550025
20.624715919883712 95.96963234347052
68.57608226925579 32.717479255286754
35.669628671310235 14.246095611880726
210.21005836262668 241.93666585062437
181.51122146788933 38.569320011026306
211.15908559562294 224.00244547795103
182.25647007230617 108.36150148247764
12.608300119784449 23.806229278051234
41.928687134396846 61.399278186977604
180.34857313620878 54.92608929740433
125.07657308204645 54.376111481761775
4.617899625264293 169.8861537105664
160.85333363884672 204.9017122795069
53.238209921444984 204.29940809273413
38.47225836023968 143.71047314505302
48.63381190536631 76.24124578411055
196.81186135911884 19.163776117840342
56.82126169420895 203.47263698458184
244.57406933035836 178.12000524738505
143.9952276870284 186.56846704814228
128.46606455647074 125.19455507102822
89.99364126561765 190.56849309979754
169.41812128197122 4.31059252436733
44.41065054111434 145.5385399444528
159.47013895185813 166.9786097089174
216.03419282543646 73.35952833395292
12.715938712165393 99.8285192804553
4.470720955766727 245.7900830700654
156.5570797193159 182.92847474836597
128.59731333024996 215.40505070254144
36.33521094939038 82.3096208155834
239.52773080571512 236.84477942349122
244.90323867398146 169.4113110801351
247.51017738593828 68.17795577106772
222.03983483323682 78.01772397394721
158.00897793649858 50.90943139217446
241.5565167718536 220.8643268918356
128.0324191017407 152.8337601946373
234.88780629616616 45.30744212349061
208.65831505591942 223.01028776281188
92.9410154758388 157.6817688850477
199.0793631706295 3.397570802963296
215.13056136969547 78.23451517019802
11.363750772617198 168.65775709104167
158.98300561999716 223.00236433897055
240.9685423913331 166.3909073317886
35.522973901262354 158.80253759705082
136.157095801565 234.01513304134141
23.68917024239556 177.24923169439487
204.88428781885543 128.10319072688318
17.40237235380604 108.02998996059162
137.75257072141517 153.7061800119011
44.66141891272887 28.754401950007864
95.35076443617912 124.26403226748106
164.5875335611766 42.07574249141188
66.80431114605028 159.84591215705152
63.94454219636517 116.88495078355818
75.99814118948703 79.98584447443916
49.280838395296236 146.36574475187086
72.02039853577199 55.020579696158975
47.065771402841015 127.18251793906596
50.852829622942494 195.0136112399444
102.8758495370792 142.13287949842794
170.20659989817372 16.499251273911746
1.0053070963910449 61.71171544096299
39.70602452072416 248.68349275532034
39.62643135778832 20.785767658308917
74.86521599993792 89.92235733005185
38.9767523173124 46.534844210182115
76.76445068785212 164.54068264953074
36.451158931553095 30.160459706629283
117.86171889330424 109.63430494481038
106.25152333305834 224.80647878496728
153.72183270654494 236.96270681862572
22.865225074506583 232.49388216043897
28.378474048988938 148.1600374160475
143.8820208852955 227.91945882530965
214.53466381361048 9.420959730542661
10.317746509425213 190.20238257683707
101.25388393668474 168.72314384088943
94.94120595824165 170.76299243915994
247.75643027563223 10.233534375621467
141.53576800429684 148.0266662812228
110.91770215784038 144.92193019733338
247.6183548295936 211.20239212658805
67.52295832456409 86.13446573844752
164.44282425553604 246.01072989660835
197.00237357708448 79.23723072896513
144.3292596277812 15.135229604667677
114.74194484688077 194.7789375619996
220.16987961818836 168.85557122988183
214.0561641052161 63.16380181882558
174.09043261310464 226.03708080797998
202.35509476014758 26.890622387626074
215.84888907653811 130.96362804683412
166.81107470937323 10.351564543935709
64.8569495724082 161.7445647764869
230.260952925295 58.500990792851674
194.06689930474462 28.69356615056956
102.84218487980093 217.28972897658863
35.45425576510255 96.47076641085458
139.45988549221363 27.894863297020873
158.56883381332557 190.5986434472866
0.41476173208537803 240.74877652078956
208.97662814487765 92.57344664198975
63.480678624718315 110.40413622457434
104.3372866810591 112.57139791701348
73.37153567582943 17.74713582940818
22.148027190598025 20.08917310383307
178.73844014912962 81.47351204217001
53.77427227298986 201.94685071456436
11.989797195240431 215.56631050566637
177.87254172052175 64.88448015350632
14.126021779106434 9.383765700946567
171.84383637795273 21.78793266972076
116.05405210497437 126.87190420329283
239.02208845074054 110.94010589528538
23.59099160964509 26.79627586715469
99.82758309921977 113.74683420997184
29.173220011897925 34.63957277769211
160.97341832508067 59.050606010023124
167.00036332626735 48.5258182640349
212.3785330294512 108.8467120136763
134.7892101632806 136.78134056089254
197.0495678628964 105.06701184180639
174.98029746362687 39.740185988342446
230.49791775756032 218.75869020312578
142.95599437450696 242.82631598392942
51.585625329022804 175.8062562553897
189.11101448560945 76.21944324126511
50.737438870913 29.077444374987632
221.9329417979913 66.94353938544667
46.27093771060451 141.99244426703316
235.0322665102459 237.22425862802183
45.208852320588385 192.67759723048107
221.76678931118988 34.95642487715314
229.3633603908773 206.80530580045996
5.697326760610244 107.68910114479405
205.43330405271266 93.51837492724214
62.756195976372695 217.7862590968002
243.90707959465436 5.8333413718746066
158.10935068122944 26.585764206693508
26.785667983288853 165.59647971348585
83.72572671741777 33.432267090442835
234.52475203609353 95.55269845833617
213.4422556692295 68.21580104066896
247.86270554374912 147.8501915181673
108.38173336399026 136.87685782922395
232.71769211506756 32.654441414985165
45.513814933027085 159.87014680827215
225.19311026667452 174.96815415324414
47.42192962728994 105.64195525449477
9.400687121023378 30.967603380541277
132.432760058877 11.26101222117315
97.2964931082578 148.9272417729491
187.07785359409434 9.513058032291882
108.13665399604139 29.920944835125447
81.09565434390237 12.32516888952498
13.41305613518784 52.22941880807031
183.1234253698167 221.97302225670018
119.61402266008741 203.7128381853851
1.1913488237587089 216.3752023654461
51.31960064881044 53.35526128167281
13.532049085399567 47.47521152706638
163.7388111922516 188.2188006108712
50.255322231626735 19.926593534188186
103.28662655311263 150.72113096389597
6.13846413894481 37.286617634009616
184.75846464211577 121.11748745082603
93.21591388891522 18.77773965668153
28.218587637096476 71.52064609398742
156.20519701885266 97.83804838594149
111.8942227081866 149.50700462071342
69.96798155477812 158.3407749914808
42.575393544324854 207.73729881447397
116.82800726924187 19.146351286053605
132.34488467643166 232.71306223467602
112.17038959405862 108.5106033234505
223.08143680387096 95.20571621434948
242.36970599251404 25.596226220358258
9.630567282786107 51.9851080407138
241.2596524807576 129.83202388966498
165.96671567594527 151.37633536008286
174.81354562870484 170.30413209480136
79.49390777698368 134.08724472143155
118.51456593100026 77.84322140222396
56.65967545176365 209.86529666135812
218.12077194607286 188.35545132998598
166.6726008901187 37.230054162667365
128.76326741715891 31.96162289645399
148.07514537732408 70.69891252313487
192.25050196535946 21.72831920520349
112.35440221283515 24.48219754755887
101.76656775548454 145.24552698519022
101.30700538566228 166.24518041981534
167.65490922583936 120.45925382161232
152.5761057956353 133.98816100570997
86.9437400151395 15.942280205529874
15.177532000768268 182.46348272036394
37.06065800778971 49.36706361789373
179.12285777654066 90.04240114203779
224.77105264555345 71.60266949907191
238.35974023221715 225.2539173733245
29.08784895419861 183.5201412931601
193.48293306384983 120.85524052869532
219.30891263556302 196.55538126530809
169.80000514866572 156.06278230617175
38.39719646767664 162.62343107060127
80.73309787664016 237.39629290132024
28.777364032461588 231.7168813799003
64.63053509680219 7.1246934088746166
210.14701223426135 171.22180265975567
27.984284309945735 88.27471148959626
168.2334476018348 249.18613909745568
21.193481062760615 133.9897873749306
118.81015307728731 192.29756178787432
234.5522837394316 104.27747635173378
25.379237169333628 131.50170581351244
185.65066083545102 185.8572791169997
79.08760481222346 120.0959048328869
89.90443810923898 7.122494726138489
170.9626942314371 205.75181479901525
214.1038678691168 78.26535714559377
43.19782173378239 44.75746066829417
216.15743122256526 89.09022000529774
108.4704155108499 115.51900840075142
196.34272550913371 67.6541491927773
249.04755157612271 212.398459080727
10.889691320786433 218.98675989816869
226.83452707664927 149.7699310417838
117.59602992519217 225.76723926500216
40.39849645353544 221.57695801552683
143.97721120264393 57.18535331668564
8.177246135365717 160.4394691268102
116.36305350755649 126.46826580906989
18.978551376303777 110.83101684289592
178.787973210486 137.05343159205128
144.43708995018306 20.2284436880813
90.9101292053291 56.81597254385018
236.22000087757996 22.73406799812694
5.271713960924018 176.94433064598923
239.9663113325434 28.704603758551382
126.50354781725703 111.74697391577456
142.6920591594226 144.24769008138824
116.68022109349235 244.58315677150784
160.69636821119514 231.04074717375798
171.24999422308284 50.93824446470488
84.20234876563293 187.64759483228278
91.10402357953312 237.16491562378974
125.96563576372688 67.7141554357164
29.754061941342226 233.75737702560025
96.56976491323871 183.08655496638892
74.97320846462327 162.67882313953214
24.517225172250022 52.46035901559082
82.21763495026526 43.99669602054834
199.98690505639323 161.24265071786604
184.33150049216778 215.0917319287794
48.95022637047908 231.54401809975312
66.13339185929031 47.25995341842282
66.14768671635842 224.84708768899057
153.57406388423937 206.02373482433885
27.321872791094215 206.39494224959023
33.03831994030934 191.69953648557183
113.06778083381286 59.894410554461764
231.6664139124726 196.8127183891202
27.581869481103972 39.93726926406327
101.1918608808883 217.25879348080733
217.9357014944159 104.48681138677807
150.19591320980066 222.64585133846933
177.9322983840428 147.38168582229105
6.52242671928252 96.53715320767157
170.4949387841995 248.65676233911296
239.56514829853867 99.11922127389664
135.0405866772817 132.74566440862145
83.62603291106574 97.29424588273486
200.52839186245546 154.7015077481073
152.36449087527674 81.2328862580431
130.70022843174763 192.33313401643855
129.82876125466478 229.60709421445375
144.94677096445687 195.43217902125414
156.10549645135407 10.363821437547188
63.08223928720594 238.8807981083223
4.729998056678008 155.29286775896358
188.7158984982407 72.25515555890067
121.53822661782415 244.30135700427957
145.5778720223261 53.107765793742075
32.953335612531944 5.464511899390678
222.92252223573428 158.00444790916237
79.88475673686222 95.64975863506375
179.9618415494665 216.4502996422222
159.6575679555584 135.51945251651676
148.9638432341166 44.55287444830938
8.862364587209598 182.36458957534512
40.077998743516666 127.46544499262424
249.21188365794185 209.65613017249012
75.050333889773 66.35268376276684
249.45197999831436 183.67206450863623
241.85039159174664 227.29499802970508
222.0312836152319 205.72286124725474
231.10200489170893 58.457992783535914
93.7262982475918 129.11843678783598
211.50009979382074 161.33054317045602
238.82100662403647 214.92467671172895
54.14455033431278 241.47130240584622
231.23165521077945 120.90557538923399
246.22888409826083 183.03537378165123
71.2008115412082 173.78289791640822
153.5565589431913 9.894116347684944
9.107839696573528 179.12697635819566
119.72937861603769 47.24293111500588
243.93953270325093 91.22144704371287
222.9850966348208 93.4172024224793
191.75643854987936 27.31872168374716
105.70718169986176 16.932131825323467
158.3790263650461 168.34576662659293
114.02980465767354 187.70208893999597
120.28330232990864 186.98324396375375
144.16050075696654 96.60897278139183
105.54560253415721 249.51132280378107
65.56452437581858 59.437913096887144
145.4987507200486 125.34033671860703
172.65579484832557 216.46548009324437
121.10337448479267 76.9002672163088
91.25438874591244 28.47858294763575
116.5566962366224 103.60837149861341
74.44043186398844 238.85040688628328
58.53281981496461 187.90719048503067
243.7016953614028 244.77390139229078
212.80052654465896 179.7035595118632
41.74521934498113 71.09662567492364
172.6235369271848 180.99264712014872
200.45784305278946 59.81656068507588
168.43219544220383 10.553993328460438
10.30160464872143 42.26715709387746
248.62286523022135 38.17638236442378
152.03872867289763 229.57776081396554
18.921352787945654 44.62503213160354
46.68849298737257 190.18837671850508
108.23940185017241 103.67807769116571
87.94709926981714 238.9582943289648
36.81654921575151 222.21836664487668
236.90264607882753 157.89599324432004
52.002097423729964 94.92549752229473
236.40533091686174 119.96760420595507
50.638904120824 117.0140813087551
34.66903208980879 179.20136606970215
163.69277860686185 102.1914917027028
136.85800498887218 5.363789009555115
247.40146142225518 194.13557191157827
214.46020721104466 199.3359154325508
165.09185294403872 119.90972552476397
17.818937815430257 121.40074896784489
53.424980721510366 54.96707573400389
12.025013028626269 86.91889192027614
230.71221021581883 3.4054308813915855
192.5451368318667 23.359759688365067
119.47822180993984 163.78346879135066
225.92980986593565 102.40375018301101
101.33984125557276 102.74764580942808
33.99093975331899 68.82129339008935
76.44743093604775 167.28640790974623
11.828831555764113 31.221456280907166
198.42384392037974 158.8966200842831
81.72002391717528 113.05047535510576
20.305653119527477 84.15334763434376
115.6276619689059 228.55901380607528
80.74765009293824 203.93373835000895
185.12289404527817 228.43835802417024
153.69908181498536 100.98520487907325
190.6148981600024 170.55196967031816
220.59567294001852 244.00655210827756
217.19509712427075 189.51749690644988
46.65058986471238 81.70542266158728
89.02018964679631 56.45654866014732
49.840620380612464 227.58155682456487
141.617818204531 90.31326435257012
135.7080101663607 220.43864500153242
114.70848705402531 229.75271680191128
36.586689088691784 184.19847605974326
10.918273769170122 99.54461164621314
161.85751132578164 80.96153283621693
112.36075353209097 23.600802761069794
197.5519314653983 201.26950453903854
13.417762437881814 114.2035812928833
104.12222040952781 12.273731904693497
144.6614811224922 192.0715280542439
159.64604050786943 59.29707678999752
170.5895497776034 152.7054209216622
92.65818920759308 163.97577423191953
144.42710567212342 7.526920674536253
235.67784387968894 133.11639461959987
10.72331642977009 6.9307352012782095
243.10162505249258 154.0268014344051
180.6945334859864 197.8720791880775
104.32701262988803 132.8665649888691
242.52022462332144 54.02755276527571
239.02324685934548 24.985537961770333
204.51771065469114 79.04635866701115
139.576918426039 199.89524043832475
170.38720739022136 49.29507080232298
32.174467375558955 138.71289272699858
151.28507936318897 225.12906773540476
227.069653447235 127.00177015802235
63.59875657495628 40.18720859770183
83.4414268164991 60.81701629685052
153.56955086734428 161.3856933574462
7.718465498041949 231.41508368744056
9.424553060621733 167.3858214856385
220.84536231591838 225.99321357555522
20.750311854746073 17.005307624632565
111.34891340446055 112.20664030226912
248.6841387888142 20.71718892697391
21.084273707533267 220.2696505987748
23.579996162470085 182.56988227131546
230.83690267002115 231.39864574958673
151.427585640164 227.61317057420018
60.331057274089886 166.19055514423704
50.07239517763348 73.65814472992069
160.55688242624615 69.93062855307336
19.549060775878065 184.74040539373996
181.89480467062174 12.873978703391325
231.29238946673755 199.3407648182055
188.024564284113 55.83318966619347
163.1409532355793 1.259363502998545
246.59272458335695 88.66943480992653

36.0
103.2
648.5
288.2
1201
68.8
480.4
206.5
432.4
286.8
86.0
129.0
34.4
137.6
34.4
108.1
206.5
25.8
720.6
960.8
229.4
720.6
86.0
25.8
72.1
288.2
129.0
25.8
1080.9
229.4
324.3
172.1
25.8
103.2
540.4
432.4
34.4
1080.9
8.6
129.0
1201
288.2
34.4
72.1
480.4
103.2
34.4
72.1
51.6
864.7
216.2
144.1
34.4
25.8
258.1
108.1
260.3
103.2
137.6
25.8
172.1
216.2
72.1
17.2
540.4
172.1
17.2
68.8
34.4
25.8
720.6
720.6
288.2
540.4
216.2
154.9
17.2
34.4
17.2
229.4
206.5
108.1
103.2
34.4
216.2
144.1
576.5
129.0
576.5
720.6
114.7
17.2
25.8
1080.9
25.8
108.1
36.0
720.6
258.1
103.2
17.2
864.7
103.2
103.2
51.6
288.2
34.4
51.6
103.2
68.8
34.4
258.1
36.0
260.3
600.5
600.5
260.3
1201
103.2
288.2
864.7
260.3
432.4
86.0
72.1
8.6
258.1
600.5
229.4
137.6
540.4
540.4
17.2
432.4
864.7
17.2
206.5
288.2
286.8
1080.9
206.5
540.4
86.0
103.2
68.8
432.4
86.0
51.6
143.4
286.8
432.4
216.2
72.1
432.4
229.4
216.2
576.5
206.5
229.4
288.2
288.2
144.1
34.4
144.1
154.9
51.6
258.1
72.1
114.7
540.4
51.6
129.0
432.4
103.2
480.4
720.6
129.0
103.2
648.5
103.2
86.0
51.6
600.5
103.2
288.2
324.3
216.2
72.1
288.2
288.2
36.0
108.1
108.1
324.3
36.0
137.6
864.7
34.4
68.8
8.6
288.2
144.1
51.6
144.1
216.2
286.8
1080.9
648.5
72.1
72.1
137.6
648.5
143.4
77.4
103.2
103.2
144.1
103.2
143.4
51.6
17.2
68.8
144.1
172.1
17.2
600.5
480.4
108.1
72.1
8.6
77.4
77.4
114.7
8.6
86.0
206.5
206.5
864.7
51.6
576.5
480.4
72.1
172.1
72.1
114.7
576.5
216.2
72.1
600.5
324.3
72.1
154.9
68.8
72.1
137.6
432.4
432.4
77.4
206.5
172.1
960.8
960.8
108.1
108.1
258.1
600.5
68.8
72.1
34.4
576.5
540.4
1201
432.4
540.4
72.1
144.1
206.5
288.2
144.1
129.0
72.1
540.4
216.2
216.2
229.4
432.4
960.8
108.1
108.1
216.2
51.6
8.6
260.3
432.4
8.6
72.1
258.1
288.2
34.4
864.7
137.6
576.5
103.2
286.8
1201
216.2
216.2
286.8
1080.9
25.8
258.1
172.1
68.8
1201
72.1
77.4
480.4
288.2
17.2
288.2
86.0
86.0
260.3
260.3
216.2
34.4
216.2
480.4
114.7
960.8
144.1
144.1
258.1
68.8
72.1
432.4
648.5
432.4
540.4
206.5
144.1
216.2
260.3
288.2
540.4
260.3
216.2
288.2
51.6
17.2
17.2
34.4
576.5
216.2
960.8
648.5
51.6
72.1
51.6
432.4
86.0
1080.9
324.3
260.3
34.4
36.0
1080.9
51.6
1080.9
720.6
34.4
17.2
103.2
129.0
1080.9
34.4
600.5
72.1
216.2
34.4
1201
68.8
114.7
51.6
143.4
25.8
68.8
864.7
17.2
258.1
288.2
216.2
216.2
172.1
51.6
864.7
17.2
108.1
17.2
137.6
143.4
25.8
288.2
432.4
258.1
86.0
129.0
143.4
432.4
17.2
216.2
154.9
68.8
103.2
286.8
8.6
51.6
114.7
172.1
1080.9
103.2
288.2
154.9
17.2
480.4
103.2
960.8
137.6
114.7
540.4
720.6
68.8
77.4
114.7
154.9
432.4
576.5
154.9
288.2
17.2
68.8
648.5
51.6
34.4
648.5
36.0
432.4
51.6
68.8
36.0
51.6
216.2
206.5
600.5
144.1
206.5
258.1
576.5
864.7
432.4
480.4
72.1
72.1
72.1
144.1
324.3
51.6
288.2
103.2
68.8
960.8
206.5
68.8
216.2
144.1
154.9
8.6
17.2
108.1
34.4
600.5
864.7
86.0
68.8
34.4
286.8
72.1
600.5
143.4
143.4
720.6
229.4
25.8
143.4
1201
51.6
72.1
8.6
260.3
68.8
286.8
288.2
72.1
34.4
103.2
36.0
68.8
648.5
540.4
720.6
36.0
25.8
229.4
34.4
1080.9
258.1
34.4
143.4
216.2
36.0
103.2
143.4
288.2
172.1
143.4
229.4
432.4
72.1
576.5
25.8
34.4
86.0
260.3
960.8
1080.9
288.2
129.0
86.0
260.3
72.1
260.3
432.4
288.2
260.3
68.8
172.1
206.5
103.2
286.8
129.0
72.1
286.8
206.5
51.6
324.3
260.3
25.8
144.1
72.1
36.0
72.1
206.5
68.8
432.4
86.0
36.0
216.2
172.1
324.3
143.4
68.8
34.4
260.3
34.4
720.6
72.1
34.4
68.8
129.0
288.2
258.1
34.4
286.8
216.2
36.0
17.2
206.5
72.1
103.2
129.0
17.2
34.4
576.5
8.6
206.5
72.1
288.2
648.5
8.6
34.4
77.4
8.6
144.1
480.4
1080.9
34.4
432.4
51.6
34.4
86.0
576.5
540.4
324.3
1201
258.1
17.2
172.1
1080.9
8.6
17.2
480.4
144.1
286.8
144.1
68.8
108.1
77.4
114.7
72.1
17.2
68.8
600.5
576.5
144.1
34.4
172.1
229.4
432.4
216.2
51.6
229.4
324.3
1201
286.8
324.3
17.2
144.1
216.2
286.8
143.4
229.4
103.2
103.2
34.4
1080.9
17.2
1201
540.4
72.1
72.1
648.5
172.1
260.3
260.3
154.9
103.2
34.4
288.2
229.4
286.8
17.2
288.2
137.6
108.1
1201
72.1
103.2
288.2
72.1
154.9
51.6
229.4
114.7
17.2
288.2
143.4
68.8
17.2
137.6
480.4
86.0
154.9
288.2
8.6
36.0
68.8
600.5
68.8
432.4
34.4
103.2
154.9
216.2
1201
51.6
17.2
34.4
34.4
108.1
1201
720.6
36.0
648.5
114.7
86.0
154.9
68.8
17.2
77.4
720.6
600.5
17.2
36.0
77.4
432.4
108.1
154.9
960.8
324.3
108.1
114.7
68.8
36.0
540.4
288.2
103.2
229.4
600.5
576.5
25.8
36.0
288.2
25.8
8.6
648.5
432.4
25.8
960.8
108.1
600.5
108.1
206.5
1201
172.1
103.2
216.2
51.6
8.6
960.8
260.3
36.0
143.4
77.4
206.5
206.5
1201
17.2
720.6
51.6
172.1
77.4
86.0
154.9
288.2
34.4
36.0
51.6
144.1
36.0
288.2
77.4
480.4
576.5
34.4
648.5
114.7
144.1
576.5
34.4
144.1
72.1
260.3
1080.9
216.2
540.4
648.5
1201
36.0
143.4
216.2
77.4
864.7
324.3
25.8
1080.9
260.3
34.4
114.7
206.5
480.4
103.2
1080.9
68.8
432.4
137.6
720.6
960.8
260.3
68.8
960.8
600.5
432.4
216.2
86.0
216.2
324.3
260.3
68.8
229.4
864.7
576.5
108.1
137.6
480.4
576.5
68.8
114.7
216.2
288.2
51.6
1080.9
260.3
68.8
288.2
114.7
77.4
77.4
36.0
288.2
288.2
103.2
229.4
68.8
8.6
432.4
143.4
25.8
144.1
144.1
114.7
86.0
103.2
72.1
144.1
72.1
286.8
576.5
206.5
144.1
143.4
34.4
216.2
144.1
576.5
72.1
324.3
288.2
1201
1201
68.8
72.1
480.4
51.6
288.2
144.1
480.4
72.1
540.4
25.8
258.1
34.4
129.0
17.2
720.6
172.1
114.7
229.4
25.8
216.2
86.0
432.4
108.1
648.5
720.6
137.6
324.3
432.4
216.2
51.6
36.0
960.8
34.4
648.5
1080.9
286.8
720.6
648.5
25.8
288.2
34.4
260.3
68.8
229.4
72.1
114.7
960.8
34.4
51.6
103.2
286.8
864.7
172.1
216.2
143.4
114.7
17.2
286.8
36.0
720.6
51.6
260.3
103.2
258.1
576.5
34.4
108.1
229.4
17.2
286.8
216.2
720.6
960.8
103.2
114.7
258.1
137.6
288.2
8.6
36.0
8.6
960.8
720.6
144.1
540.4
8.6
480.4
51.6
36.0
260.3
34.4
129.0
216.2
103.2
576.5
540.4
103.2
129.0
17.2
68.8
540.4
51.6
103.2
144.1
108.1
432.4
576.5
51.6
86.0
114.7
72.1
600.5
216.2
1080.9
86.0
51.6
576.5
86.0
17.2
51.6
864.7
206.5
432.4
648.5
17.2
480.4
229.4
114.7
540.4
129.0
576.5
51.6
34.4
260.3
216.2
154.9
114.7
77.4
68.8
137.6
540.4
129.0
260.3
72.1
432.4

8.6 17.2 36.0 72.1
17.2 34.4 72.1 144.1
25.8 51.6 108.1 216.2
34.4 68.8 144.1 288.2
51.6 103.2 216.2 432.4
68.8 137.6 288.2 576.5
77.4 154.9 324.3 648.5
86.0 172.1 360.3 720.6
103.2 206.5 432.4 864.7
114.7 229.4 480.4 960.8
129.0 258.1 540.4 1080.9
143.4 286.8 600.5 1201.0

2 5 8 11
5 8 11 14
7 10 13 16
10 13 16 19
14 17 20 23
18 21 24 27
19 22 25 28
20 23 26 29
25 19 31 34
27 30 33 36
30 33 36 39
32 35 38 41

